18385331 4.0
91530 3.0
97488 3.5
18252191 3.5
18172949 3.0
92583 3.5
90422 3.5
18234165 4.0
18423521 3.0
97080 3.0
18260951 3.5
95594 3.5
93670 4.0
30476438 3.0
18531696 3.0
18207447 3.5
18291182 3.5
18427306 3.5
90132 4.0
92704 3.5
18470505 3.0
90058 3.5
41992891 4.0
18228823 4.0
18241288 3.5
96701 3.5
90896 2.5
96996 3.5
90903 4.0
96743 3.0
18402114 4.0
93688 2.5
97285 3.0
96913 3.0
18307210 3.0
18443529 5.0
90194 4.0
94823 3.0
93891 4.0
90517 2.5
97219 3.0
18252189 3.0
93714 3.5
96423 3.5
18128395 3.0
18313054 3.0
90620 3.0
96575 3.0
91012 3.0
97395 3.5
96556 3.5
91739 3.5
6503490 3.0
90346 3.5
90227 2.5
90610 3.0
18307239 3.5
12499771 3.0
93521 3.0
41835202 3.5
95999 3.5
90461 4.0
18172978 3.0
97276 3.5
97150 4.0
90491 4.0
97189 4.0
96388 4.0
92471 3.0
97510 4.0
17984703 5.0
93782 3.5
93572 2.5
93380 4.0
96858 3.5
32191068 3.0
1019396 4.0
32191068 3.5
91904 3.5
92593 4.0
94659 3.5
97861 4.0
96038 3.0
90201 4.5
96069 5.0
91852 4.0
95871 3.5
94038 3.5
90614 3.0
97303 3.5
96814 4.0
537217 3.5
94454 3.5
94938 3.0
90297 3.5
18097695 4.5
90012 4.5
96572 4.5
90038 3.0
96641 3.0
92263 3.5
91587 3.5
90416 4.0
