18545945 4.5
18260063 4.5
18370504 4.0
18254597 4.5
59638 5.0
18504956 5.0
38025824 5.0
18398387 5.0
18369808 5.0
50053 3.5
18313542 5.0
58450 4.5
18333407 5.0
18439634 5.0
18395175 3.5
18353121 5.0
18323630 4.0
18380831 4.5
18323623 5.0
56619 3.5
58349 4.0
18494056 4.0
18305659 4.0
57833 5.0
50548 4.0
18148977 5.0
54127 4.5
18275048 5.0
18422604 4.5
50474 5.0
18389006 1.0
18522967 1.5
18412431 4.0
51705 5.0
18221544 5.0
52504 4.5
18160121 4.0
54044 4.0
53211 2.5
58882 5.0
18305628 5.0
18503731 5.0
59612 4.5
59139 5.0
18333597 2.5
18246518 3.5
54097 4.5
18270251 4.0
790102 4.5
1071516 5.0
