3000292 4.5
89 4.0
52615 4.0
6075 4.5
18208388 4.5
50663 4.0
3000969 4.0
18350485 4.0
3000048 4.0
18287473 4.5
3000996 4.5
30892021 4.5
73157 4.5
67388 5.0
18260777 4.5
3000955 4.5
12410691 3.5
2277254 4.0
2277254 2.5
65306 2.5
71664 4.5
72669 3.5
68471 4.0
18226378 4.0
66428 4.0
70497 4.0
69035 5.0
67551 3.5
66204 5.0
29317665 3.5
12410691 4.0
73168 4.0
3000240 4.5
3000644 3.0
3000107 5.0
3000094 3.5
3000095 2.5
3001353 4.0
3000014 5.0
3000002 4.5
68125 4.5
65903 3.5
67436 3.0
67174 1.5
65361 4.5
67399 4.0
69422 3.5
65923 4.5
66359 2.5
65268 2.5
66874 3.0
190933 2.5
12410691 4.5
66564 5.0
68908 5.0
66533 4.5
70393 5.0
2138190 4.0
12410691 5.0
73072 5.0
65124 4.5
66213 4.5
67478 5.0
66996 4.5
66457 5.0
70332 5.0
66412 4.0
66138 3.5
67403 4.0
68215 5.0
65508 4.0
66095 4.0
67370 5.0
