46881 4.5
18527082 3.5
15615189 4.5
18541311 4.0
45144188 4.0
4887941 4.0
46995 1.0
45312 4.5
1369502 4.5
326105 4.0
314165 3.5
43961 4.0
48663 4.0
27968907 4.5
17830184 3.5
2399734 4.0
2399734 4.5
18477056 4.0
18140525 3.5
2400716 3.5
1471340 4.0
31937371 4.0
57166 3.0
18448448 4.0
18336756 4.0
18423389 4.5
18242576 4.5
1369502 3.5
18285908 4.0
48225 3.5
18378219 3.0
1369502 4.0
1369502 4.0
18394568 4.0
16527365 4.5
1369502 4.0
4801071 3.5
4801071 4.5
18307086 4.5
4801071 3.5
4801071 4.5
4801071 3.5
4801071 4.5
18354483 4.0
4801071 4.0
18357374 3.0
1369502 3.5
314165 3.5
48443 3.5
1369502 4.5
4887941 4.5
1369502 3.5
7090751 3.5
4801071 4.5
18133564 4.0
4801071 4.5
18205932 4.0
1369502 4.0
4801071 4.5
736954 4.0
2399734 4.0
1369502 4.5
4801071 3.5
16508766 4.0
4801071 4.0
18198719 4.0
49057 3.5
1369502 3.5
33636505 3.5
18224498 4.0
18253014 4.5
1369502 4.5
564018 3.5
18079790 4.0
18216881 4.0
215287 3.5
37057 3.5
18011728 5.0
4801071 4.5
1369502 4.0
18098231 3.5
1369502 4.0
4801071 4.5
1369502 4.5
18276572 4.0
1369502 5.0
4801071 4.0
754642 4.5
18242554 3.5
215287 4.0
1021785 4.5
49732 4.5
1369502 4.5
49976 4.0
7124161 4.5
110729 5.0
18219825 4.0
1369502 4.0
2399734 4.5
29663232 2.5
29663232 4.0
18264816 3.5
4801071 5.0
46595 4.5
2399734 4.0
1369502 3.5
18205920 4.0
2848102 3.5
4917281 4.0
18205912 3.5
4801071 3.5
47197 3.5
4801071 3.0
36050 2.0
1369502 1.5
36419 2.5
1369502 3.5
1450689 4.5
18052325 3.5
564018 3.5
49486 4.0
1369502 4.5
2399734 4.5
1369502 2.5
2399734 4.5
1369502 4.0
1119727 2.5
35328 4.0
2034466 3.0
17935463 4.0
50974 3.0
50974 3.5
45582 4.0
1369502 4.0
18027900 3.0
17843874 4.5
1369502 4.5
36050 4.0
1369502 3.0
17803654 3.5
142455 3.0
1369502 2.0
43968 1.5
1223073 3.0
1369502 3.0
41394 3.0
4801071 2.0
1369502 2.0
49154 3.0
50974 4.0
1369502 3.0
34359 1.5
64577 4.0
48449 3.5
16503046 2.0
110729 1.0
110729 1.5
1369502 3.0
48540 3.0
142455 4.5
2399734 4.5
17808570 2.0
48376 4.5
868859 3.5
47532 5.0
34146 3.5
38251 4.5
37763 3.0
32795 5.0
1197258 4.5
142455 2.0
1197258 5.0
142455 3.5
