6507091 4.5
18413784 4.5
6507339 4.0
18555027 2.5
34800293 4.0
14094211 3.5
18413773 4.0
6504114 4.0
18304348 3.5
18490406 4.0
6507962 4.5
10943 3.0
3500483 4.0
18529572 4.0
18292672 3.5
18355934 4.5
18436001 1.5
18422340 4.0
6504880 3.5
3500517 3.5
6506586 3.5
3500059 4.5
14705631 3.5
36261589 4.5
14094211 4.5
3500466 4.0
33209158 2.5
3500077 4.0
3500078 4.0
17971273 3.5
3500193 3.5
6508183 3.5
10567 4.5
18310156 3.5
6506019 4.0
6507404 4.0
6504045 4.5
2350512 4.5
14094211 3.0
2350512 3.0
14094211 2.5
2350512 3.5
6505444 4.0
10889 3.5
11320 3.5
6505089 3.5
18312105 3.0
12009 3.5
2350512 4.5
14094211 4.0
2350512 4.5
14094211 3.0
2350512 4.0
6505925 3.5
6503083 4.0
6507287 3.5
6503080 4.0
6505684 3.0
6504315 3.5
6507704 4.0
6507578 3.5
12205 2.0
29637549 3.5
14094211 4.0
6503540 4.0
12041 2.0
3900033 4.0
3500401 4.5
3500459 4.5
734912 5.0
734912 4.0
14094211 4.5
14094211 3.0
14094211 3.5
18200059 2.5
3500458 3.0
3500465 3.0
3500471 2.5
31353411 4.0
18212267 3.5
3500298 3.5
2992884 3.5
14094211 4.5
2992884 3.5
14094211 4.5
3500155 4.0
3500299 5.0
31353411 3.5
31353411 4.5
3500462 4.0
31353411 4.0
14094211 3.5
31353411 3.0
16148425 3.0
3500424 4.5
31353411 3.0
14094211 3.0
31353411 2.0
14094211 3.5
3500345 3.5
31353411 4.0
31353411 4.5
31353411 4.0
14094211 3.5
3500399 1.5
