18443496 4.0
40747654 5.0
36610 3.5
18589481 4.5
18519226 3.0
18550077 3.0
18441619 4.5
34142 4.0
18307086 4.0
18580259 3.5
130021 3.5
18052290 5.0
41348 4.0
18561238 5.0
47203 4.5
18474582 4.0
16525450 4.5
18557431 4.5
49597 4.0
16508750 4.5
16505348 4.0
41749 4.5
16508741 4.5
32951 4.0
18140705 3.5
39630 3.5
37786 4.0
18198742 4.5
18181855 5.0
16540239 2.0
18378204 4.0
36403 4.0
18313584 5.0
32827 4.5
18453985 4.0
36295 4.5
18394584 3.0
39599 4.0
18424838 2.0
18451033 2.0
38826 5.0
14190 4.0
431282 3.0
431282 3.5
14190 3.5
431282 3.5
18443643 4.0
18425880 3.5
43193 4.5
17851934 4.5
17830184 4.5
18424828 5.0
34146 4.5
17803659 4.0
18374877 4.5
42251 3.5
35016 3.0
46229 1.0
37023570 4.0
37023570 4.5
35184 3.5
17843832 3.5
42008 3.0
39501 4.5
18365175 4.5
18426896 4.0
18349483 4.0
46330 3.5
48663 3.5
48854 3.5
34155 4.0
32961 3.5
37635170 5.0
32849 4.5
35139 4.5
37090 4.5
34016023 4.0
45312 4.0
38968 3.5
34372 2.5
38291 4.0
49511 4.0
10562801 4.5
32124 5.0
52622 3.5
32823 4.0
37229 4.5
32663 5.0
34417 3.0
40550 4.0
36395 4.0
43344 4.0
41613 4.0
37023570 4.0
14190 3.5
35309 3.5
21370 4.0
45961 4.0
32779 4.0
34150 3.0
17871374 3.0
18089641 3.5
16527348 4.5
130225 4.5
37810 4.0
37803 4.0
39054 4.0
37723 3.5
35775 2.5
39353 2.0
18392698 2.5
17754288 4.0
39312 4.0
35402 3.5
46227 2.5
35431 3.0
35346 4.5
34469 5.0
45050645 1.0
38512 5.0
35079 2.5
35351 1.0
45930 4.5
37091 5.0
38498 4.0
32813 3.0
49848 4.0
40623 2.0
46543 3.0
38601 4.0
38251 4.0
43396 4.0
42311 4.0
36438 4.0
34156 4.0
37568 2.0
45936 2.0
39545 2.0
35514 1.0
41215 4.0
35559 3.5
36349 5.0
16538508 4.0
34189 4.0
36619 3.5
41615 3.5
35269 4.5
16524178 4.0
34407 4.0
38378 4.0
18126393 4.0
130609 4.5
35073 5.0
45685 4.5
38758 4.0
36299 3.5
39352 5.0
36327 4.5
21381 3.5
20737 5.0
18166925 4.0
36215 4.0
45604 4.0
49850 4.5
21604 5.0
18250312 4.0
18294917 4.0
34135 4.0
50693 3.5
34209 4.0
37238 5.0
37237 3.0
38511 3.5
41972 4.5
45609 5.0
44133 3.5
34391 4.5
37903 2.0
46703 4.0
35290 4.5
16508751 3.5
45889 4.0
38031 4.0
34183 5.0
17846223 4.0
32795 4.5
20797 4.5
38076 4.0
42591 5.0
50085 4.0
39625 2.5
43478 5.0
35188 2.0
48933 3.0
25538 3.0
38921 4.0
37429 4.5
49248 5.0
16524182 4.5
16517498 3.0
46531 3.0
37895 4.5
36290 1.5
37388 4.0
38418 4.0
47111 3.5
16517532 5.0
34160 4.0
21424 4.0
45927 4.5
37964 4.0
32835 1.0
21212 3.5
24286 3.5
37823 5.0
34147 3.0
23805 5.0
17974952 3.5
34157 5.0
35456 4.0
36420 3.0
18079792 3.5
37423 4.5
21125 4.0
34191 4.5
43127 5.0
48995 4.5
32462 4.0
35110 1.5
45534 5.0
37102501 4.5
14190 4.5
37102501 5.0
42830 4.0
17846233 4.5
20404 4.5
37729 5.0
36139 3.5
49490 3.5
18237753 3.5
41755 3.5
40585 3.5
18203249 3.0
43181 5.0
35243 4.5
48063 3.5
37102501 5.0
32843 4.5
37430 5.0
35088 4.5
35592 2.0
43913 3.0
39240 5.0
40427 4.5
18126406 4.0
21520 4.0
18385443 3.0
17974908 3.5
18165920 3.5
22164 2.0
18264848 3.0
