16737816 4.0
18452512 3.0
17065792 4.5
17057925 4.5
16736431 4.0
16739159 4.5
16758417 4.0
17933719 4.5
16734461 4.5
16752844 4.5
16739839 4.5
16758066 4.0
17762974 5.0
16739543 3.5
16737802 4.5
18076369 3.5
16731897 3.5
16737404 4.0
16751850 4.0
16734865 4.0
16753241 4.5
16756913 3.5
16738316 4.0
16752629 4.5
16755368 2.5
1468638 5.0
34634392 4.5
34634392 4.5
16729424 4.0
16718098 5.0
16720696 5.0
16719173 4.0
18093666 4.5
17051782 5.0
16727907 5.0
16728638 4.5
16728487 4.5
16728702 5.0
16729914 4.5
16720700 4.5
16718075 5.0
18360183 4.5
16718965 5.0
16718162 4.5
18318436 4.0
16729950 3.5
17755508 5.0
16847948 4.0
16757946 5.0
17066675 4.5
16737523 4.0
16734669 4.5
