34582 4.0
18457702 1.0
17856822 4.5
18165906 4.5
18356458 4.5
18472449 4.0
300184 4.0
306464 1.0
16512168 3.5
312104 4.5
18312619 1.0
18398606 1.0
18371390 3.5
18371392 2.0
18014128 2.5
2825 3.5
18254541 3.5
3617 3.0
309466 2.5
18273605 4.0
3192 3.5
302608 4.0
305905 3.5
18237941 3.5
304599 3.5
310227 4.0
308022 1.0
17953945 4.5
33673234 4.0
306521 3.0
312995 1.0
14731311 5.0
14731311 1.0
20842 3.5
29066665 2.5
14731311 2.0
3528631 5.0
24537 3.5
23935 4.5
21371 2.5
23811 2.0
20941 3.0
24564 2.5
25128 3.5
127587 4.5
25501 5.0
21536 4.5
60670 2.5
38764 3.5
29140778 1.0
52228 5.0
50011 3.0
21496 4.0
24676 5.0
20910 4.0
11259521 3.5
14731311 1.0
24378 4.5
24670 3.0
21513 5.0
22947 4.5
20036 4.5
22186 5.0
20910 5.0
21212 5.0
20797 1.0
