12064 4.0
258579 4.0
15843638 4.0
6508267 4.0
155881 4.0
6505914 3.5
29103781 3.0
34692249 4.0
34692249 3.5
18273629 4.0
12723 3.0
155881 4.0
155881 3.5
155881 3.5
33325706 2.0
18542416 4.0
155881 3.5
18435979 3.5
18365212 4.5
57959 3.5
6507255 4.0
33619220 4.0
559874 3.5
34692249 3.5
34692249 3.5
34692249 4.0
34692249 3.5
155881 3.5
34692249 3.5
34692249 3.5
155881 4.0
559874 3.5
559874 4.0
34692249 3.5
34692249 4.0
155881 4.0
781268 3.5
155881 3.5
155881 4.0
34692249 4.0
34692249 4.5
155881 3.5
155881 4.0
155881 3.5
34692249 3.5
34692249 4.0
10982 4.0
1708760 4.0
15670102 4.0
15670102 4.0
31341607 4.0
18355939 4.0
18385831 4.5
34692249 3.5
11263 4.0
6507442 4.0
34692249 4.0
34692249 3.5
6504825 3.5
6508397 4.5
18413784 4.0
34692249 3.0
155881 3.5
18385852 4.5
10700 4.0
13929 3.0
34692249 4.0
155881 4.5
155881 3.5
31341607 4.5
18372114 4.0
1177316 4.0
18413523 4.0
18378852 3.5
155881 3.5
18378853 3.5
155881 4.0
18315725 3.0
18383095 3.5
18304310 3.5
33888773 4.0
155881 3.5
33888773 3.5
34412619 3.0
13418 1.5
21915986 1.0
6505564 4.5
60673 4.0
18238769 3.5
18355928 3.5
12900 4.5
10220 3.5
6507168 3.5
6507617 4.0
155881 3.5
155881 4.0
12810 4.0
6505649 4.5
155881 3.5
6505644 4.0
32842748 3.0
6508356 4.0
18273345 4.0
6508323 4.5
10504 4.0
6508367 4.0
11683 3.5
11080 3.5
6505274 4.5
6507355 4.0
305461 4.0
10506 3.5
6507906 4.5
6505066 4.0
6505089 3.5
6507039 4.0
12650 4.0
11882 3.5
6507388 4.5
10568 4.5
6504755 4.5
11276 4.0
6505127 3.5
47759 3.5
31431900 4.0
155881 3.5
6507607 4.0
50604 4.0
52636 3.5
31368703 3.5
1567032 3.5
1567032 3.0
155881 3.0
55544 4.0
6200659 4.0
1400457 3.0
1401162 3.5
1567032 4.0
10902 4.0
155881 1.0
155881 4.5
155881 3.5
6505607 4.0
155881 3.5
155881 3.5
155881 3.5
6505745 3.5
10217 3.5
6503930 3.5
155881 3.5
13775221 2.0
2946350 3.0
27616618 4.5
155881 3.0
6504041 3.5
10219 3.0
12184 3.5
11993 4.0
6506475 4.0
11703 4.5
155881 4.0
155881 3.5
6506140 3.0
6504356 3.5
10238 3.0
10047 4.5
11253 4.5
10710 3.5
10644 3.5
6503999 3.5
10751 4.0
12088 4.0
12122 3.5
13035 3.5
10981 4.0
10120 4.5
10077 3.5
6504248 4.0
6503691 3.0
10975 3.5
12712 4.0
13188 3.0
