204372 4.0
18435065 4.5
16501427 4.0
18555234 4.5
16502617 4.0
18565539 5.0
200615 4.0
208046 4.0
18453824 4.0
18135109 3.0
18013832 2.5
16158500 4.0
200228 4.5
18411331 4.0
18319323 4.5
16500953 4.5
16501351 4.5
18498338 5.0
16501657 3.5
16540772 4.0
18310312 3.0
18312072 3.5
18263274 4.5
18310349 5.0
16504959 4.0
18417183 4.0
16503260 4.5
16698262 4.0
18223346 4.5
16501050 4.5
200917 5.0
16501434 4.5
201561 4.0
18396831 4.5
208711 4.0
18342247 4.0
209517 3.0
18299017 4.5
16502962 3.5
16501664 3.0
16502872 4.5
16504690 4.5
18424768 4.5
18352627 4.0
16503344 3.5
16503359 4.0
16503329 4.0
16501573 4.5
16502490 4.0
16501257 5.0
206010 5.0
201897 4.5
203917 5.0
16503350 4.0
18276644 4.0
18310343 3.0
16501703 4.5
16501432 2.5
16501007 4.5
16503567 4.5
16504870 4.0
31113932 4.5
16504595 4.5
18364494 4.5
17714723 4.0
16501370 4.5
16501185 4.0
17759296 4.0
16502572 3.5
16504935 4.0
31498417 4.5
16501480 5.0
16501985 4.5
16502014 4.5
16504297 4.5
16504766 5.0
16502384 5.0
31113932 5.0
16504394 4.0
17874534 4.5
16503619 3.0
16503779 4.5
17809871 3.5
37036393 4.5
16502364 4.0
207734 4.0
18342290 4.5
16502336 4.5
16501229 5.0
16501215 4.5
17759309 4.5
5600713 4.0
5602589 5.0
208375 4.5
200171 4.0
5602642 4.0
18221874 4.5
16500980 5.0
207286 5.0
29230816 3.5
201389 3.0
205341 3.0
200137 4.5
203737 4.0
201147 4.0
201568 3.5
201229 3.5
206774 4.5
206008 5.0
200152 4.0
200824 4.0
200376 5.0
209327 4.5
200000 4.0
200197 4.0
202144 4.5
201340 3.0
201183 3.0
201640 5.0
205368 4.5
201643 4.5
205767 3.5
18288934 2.5
206069 4.0
201044 3.5
201328 5.0
34867080 4.0
201339 4.0
201122 4.0
202639 3.5
208504 4.0
206065 4.5
201430 4.0
201330 4.0
201442 4.0
206989 5.0
206072 3.0
205378 4.5
204612 5.0
206431 5.0
200818 4.5
207853 4.0
206598 4.0
202083 3.5
18223369 4.5
16501705 4.5
16502113 3.5
200301 5.0
205747 4.0
203950 4.0
200618 5.0
210380 4.0
16504881 5.0
16500968 3.0
200166 3.5
200825 3.5
200164 3.5
201376 4.5
200593 4.0
207200 3.5
16501270 4.5
201341 5.0
201329 4.5
5601736 5.0
5701753 4.5
5602273 4.5
210370 4.0
16501495 4.5
16502295 3.5
210331 4.0
208818 4.0
209631 5.0
209516 4.0
201322 5.0
201822 5.0
201286 3.0
208690 3.5
206933 3.0
201943 2.5
201531 4.5
16501987 5.0
32617033 3.0
201777 5.0
208372 4.5
16501364 5.0
200652 5.0
206556 4.5
200513 4.5
16502691 4.0
16501610 4.5
17848248 4.0
16502061 3.5
202094 4.5
203355 5.0
9716271 5.0
204254 4.5
208892 4.5
201553 4.0
209477 5.0
208691 2.5
201808 5.0
16501186 4.5
205592 5.0
31828858 4.0
202706 5.0
16502126 5.0
206669 5.0
201801 4.0
16501525 3.5
209434 2.5
16504804 4.5
16265011 4.0
16256005 5.0
16933271 5.0
16079848 4.5
16782983 5.0
16504958 4.5
206992 5.0
209828 4.5
16501671 4.5
16501398 4.5
15773226 3.5
16501047 5.0
209135 4.0
16540765 4.5
16771494 4.0
16502011 5.0
