16502667 4.5
16502061 4.0
16503946 4.0
16505124 4.0
16502957 4.0
18555886 4.0
18564589 4.0
18385590 4.0
16501395 4.5
16501503 3.5
18417183 4.0
18223326 4.0
16501573 4.0
17972791 5.0
18310342 4.0
18310344 4.0
18590817 4.5
18573262 4.0
16502730 3.5
16505138 3.5
16503981 3.5
16504324 3.5
18532495 3.5
18276611 3.5
16504790 4.0
16505020 4.0
16501008 4.0
18310326 3.5
18550425 4.0
16504537 3.0
16501312 3.5
16500957 3.5
16500997 4.5
16501066 4.0
16501031 3.5
16502424 3.5
202379 4.0
16540772 4.0
16504287 4.0
16542553 3.0
18364495 3.0
16504402 4.0
17805013 4.0
16505099 4.0
16502566 4.0
18352587 3.0
16500980 3.5
16501047 4.0
17874525 4.0
18548735 4.0
16501229 4.5
18342243 4.5
16502239 4.0
16503673 4.5
16501922 4.0
16503402 4.0
18310312 3.5
16502577 4.5
17978300 3.5
17858016 4.0
18177899 4.0
17848226 4.0
16502539 4.0
18352619 5.0
18527370 3.5
18527375 4.0
18357510 4.0
16504911 4.0
16503500 4.0
18310311 4.0
16501462 4.0
16501682 4.0
18237625 4.0
16504779 4.5
18532156 4.0
18299049 4.0
16502532 4.0
16503303 4.5
16503348 3.0
16505217 3.0
16505169 4.5
18537347 3.5
18385600 4.5
17759288 4.0
18527467 3.0
16501398 4.5
18364171 4.0
18263276 4.5
16503306 4.0
18525788 3.5
18013809 4.0
18379362 4.0
18319328 3.0
16501007 4.5
18013832 4.0
16501684 4.0
16502019 4.0
16503299 4.0
16502014 4.5
18206911 4.5
16502126 3.5
18364516 4.0
16502862 4.0
18427836 4.0
5913375 3.5
16501192 4.0
16501912 4.0
16502818 3.5
16502031 4.0
16502720 3.5
18013834 3.5
16502756 4.0
18478243 4.0
18397030 3.5
16503415 4.5
16503363 4.0
17858053 4.5
18479965 4.0
5912542 4.0
5913891 5.0
18338249 2.0
5902434 1.0
5904171 2.5
5904797 4.0
5915530 4.5
16501132 4.5
16503660 3.5
18357489 4.0
16504954 4.0
16505088 4.0
18286172 4.0
18319344 4.0
18511695 4.0
18511620 1.0
16503489 3.5
16501334 4.5
18385601 4.0
18417228 5.0
16540804 5.0
18560910 3.0
18488823 5.0
18532643 4.5
16540765 4.0
18536782 4.5
16698262 4.5
18013823 2.0
18560898 4.0
18342256 5.0
16504582 4.0
18223356 4.0
16501410 4.0
18454159 4.5
16503772 4.5
18392090 4.0
16503783 3.5
16501494 4.0
16502000 4.0
16505038 4.0
200538 4.5
16502521 2.5
18118399 3.0
16503568 4.5
16504804 4.5
205491 4.5
18550294 4.5
18548829 4.0
16501174 4.5
18541660 1.0
16503986 1.0
16501073 4.0
16540792 4.0
