311584 5.0
311617 1.0
18471283 5.0
33643756 3.0
308178 3.5
311425 3.0
18265419 3.5
18268706 4.5
9706 4.5
18273556 4.0
309820 4.0
566 3.5
18228863 3.0
3339 3.5
18241883 2.0
181 4.0
1614 4.0
844 3.5
4296 3.5
394 3.0
309738 3.5
18153532 3.5
311231 3.0
18254530 3.0
18268712 4.5
38681 3.0
301232 4.5
908 4.0
307309 4.5
308022 4.0
311531 3.0
3697 3.5
311661 3.5
18219562 4.0
4357 3.5
200025 4.5
200671 4.5
206069 4.5
200054 4.0
207765 3.5
203405 4.5
200059 4.0
209327 3.0
204497 4.5
18034045 4.5
205124 3.5
2004 3.5
304906 2.5
3782 3.0
1226 3.0
709 2.5
2763 3.0
309680 3.0
1401 3.0
308332 3.0
924 3.0
7686 3.0
1530 3.5
7715 3.5
1529 4.0
602 3.5
310470 3.5
799 3.0
8244 3.0
7712 3.5
2338 4.0
409 4.0
309477 3.5
4751 4.0
9671 3.5
2778 3.5
399 3.0
8395 4.0
1244 3.0
14323061 3.5
1651057 2.5
1396 3.5
267 3.0
820 3.5
556 3.0
427 2.5
303576 3.5
304855 3.5
9476 4.0
304910 3.5
304299 2.5
196 2.5
870 4.0
307802 3.5
1023 4.0
1324 4.0
3033 4.0
774 4.0
306554 3.5
3258 3.5
301281 3.5
1819 3.5
317 3.5
1440 3.0
1914 3.0
9095 3.0
7721 4.0
7720 5.0
239 4.5
2585 3.0
919 4.5
112 4.0
7731 2.5
300863 3.0
51008 4.5
51825 4.0
51441 4.0
57628 2.5
52700 4.0
51851 3.5
52447 4.0
54596 3.0
50405 3.5
57978 4.0
36909 3.5
1398925 1.0
32097 3.5
38409 3.5
38776 4.0
212 3.0
149 2.0
310078 4.0
929 4.0
1651057 5.0
306564 4.0
1651057 3.5
