18488312 4.5
5987751 5.0
1924516 4.0
39685 4.0
39297 4.5
36277 4.0
44133 3.5
42519 4.5
18559220 4.5
44060 5.0
16540444 4.5
18429245 4.5
13054 4.5
18203295 4.0
18257329 4.5
49520 4.5
32930 3.5
34270 4.5
37459 3.5
43432 3.5
32918 4.0
18368217 4.5
42799 3.5
48359 3.5
38305 3.5
17871389 4.5
47194 4.5
48851 4.5
298314 4.5
1924516 4.0
40275 4.0
39074 4.0
37237 4.0
18089622 3.5
47848 4.5
43215 4.0
18126395 3.5
16540978 5.0
40114 3.5
39018 5.0
35249 4.5
44277 4.5
46998 4.5
43653 5.0
16541559 4.5
35112072 4.5
1924516 5.0
35112072 5.0
1924516 4.5
40428 4.0
32223 5.0
39993 4.0
32854 4.0
17833332 4.0
45707 3.5
37823 4.0
37978 4.0
39443 3.5
18300416 4.5
35217 2.5
49003 4.5
18237764 4.0
34396 4.0
