18567741 3.0
18461745 4.5
21569 4.5
18398877 4.5
18325249 4.0
34120048 4.5
18398885 2.5
18325264 3.5
24929 3.5
18377112 4.5
25570 4.0
16106114 5.0
2009368 5.0
16106114 3.5
2009368 4.0
16106114 4.5
20894 3.5
20862 4.0
2009368 4.0
18259447 4.5
38116870 4.5
18325284 5.0
18343731 3.0
18420478 4.0
18346380 4.0
18414429 4.0
27462250 4.0
23042 3.5
27462250 4.0
23468 3.5
2009368 2.5
27462250 4.0
37323253 3.5
37323253 3.5
20615 4.0
2009368 4.5
18143265 3.5
2009368 2.0
24798 3.5
23553 3.0
23274 3.0
18296323 3.5
16693018 3.0
2009368 4.0
18166940 3.5
20028 4.0
39349466 3.5
18249144 4.0
2009368 3.5
30086939 4.0
2009368 4.0
2621356 3.0
18070806 4.0
25249 3.0
20172 3.5
24189 4.0
21221 4.0
25560 3.5
21391 4.0
20784 4.0
24841 4.0
33386031 4.0
20137 4.5
25412 3.5
2009368 4.0
20829 4.5
23597 4.0
18311124 4.5
2009368 4.0
18296346 4.0
34393093 3.0
34393093 4.0
34393093 4.5
18252405 3.5
2135434 4.0
2009368 4.0
1304639 3.5
2009368 4.0
18217475 3.5
2009368 4.0
2009368 4.0
1280077 4.5
2009368 4.0
2009368 3.5
18162656 4.0
2009368 3.0
2009368 2.0
1095896 4.5
1095896 4.0
20848 3.5
181052 3.5
2009368 3.5
18287252 4.5
18265462 4.0
73744 4.0
2009368 4.5
18213985 4.0
1169354 4.0
27462250 4.0
21636 4.0
2009368 4.0
23924 4.5
5119571 3.0
25722 1.5
627356 3.0
2009368 4.0
2009368 3.5
2009368 4.0
627356 3.5
18250360 4.0
2009368 4.0
627356 3.5
2009368 4.0
181052 3.5
2009368 3.5
20720 4.0
24543 3.5
25415 4.0
20782 3.5
23621 3.0
22130 3.5
25623 3.5
24547 3.5
25478 2.5
24587 3.5
24286 2.0
24548 4.0
18162694 5.0
18224030 4.5
24665 4.0
24690 4.0
22819 3.5
25122 4.5
25628 4.5
21530 4.0
24061 3.5
21594 4.0
21138 4.0
17983779 4.0
25145 3.5
15724187 3.5
2009368 4.0
15724187 3.5
24500 5.0
24003 4.0
24869 3.5
23227 3.5
23685 3.5
20657 5.0
20849 4.5
24803 4.5
23879 4.0
24892 4.0
24429 3.5
17983785 3.5
23307 4.5
24795 4.0
24487 3.5
21641 3.5
24727 4.0
20870 4.5
23803 3.0
24376 4.0
23864 4.5
23443 4.0
20789 4.0
21497 3.5
684637 4.0
2009368 3.5
24055 5.0
25198 3.5
23461 3.0
21461 3.5
29801032 3.5
2009368 3.0
29801032 3.5
21215 3.0
20933 4.0
25141 3.5
24372 3.0
24338 3.5
23399 5.0
21474 3.5
24667 4.0
1995082 4.0
2009368 2.5
1995082 3.5
2009368 2.5
