17839414 3.0
5700619 3.0
5603098 3.0
5600560 2.0
15574720 3.0
5602209 2.5
18310202 2.5
18462311 2.5
17741475 3.0
5602919 3.5
5603434 3.0
5600980 3.0
5602508 3.0
206886 3.0
202685 2.5
5600099 3.0
5602751 3.0
5602842 3.0
5600161 4.0
5603085 3.0
5601672 2.5
5602966 3.0
5602426 2.5
5600274 2.5
5601759 3.0
5603175 3.0
207568 2.5
5602900 2.5
5602604 2.5
5600486 3.0
5600032 4.0
5600477 2.5
5600778 2.5
5600185 2.5
5600076 3.5
5602482 3.0
5602580 2.5
202368 2.5
204244 2.5
5601622 2.0
34408561 2.0
5602166 2.5
5603441 1.5
5601267 2.0
5600437 2.5
5600955 3.5
5600438 3.0
208739 3.0
16591951 3.5
5600944 3.5
201608 3.0
207129 3.5
208772 3.5
18322763 3.0
5601340 2.5
206510 2.5
5602945 2.5
16524709 2.5
5600978 3.0
5602572 2.5
5602987 3.0
5600103 2.5
5600556 3.0
5600624 2.5
18312040 3.0
208487 3.0
206272 3.0
5603323 3.0
207572 2.5
5601019 2.5
5602778 3.0
5602593 3.0
5602248 3.0
209099 3.0
5602121 2.5
5600445 3.0
41810484 3.0
5601402 3.0
207483 3.0
208803 3.5
205841 3.0
18269401 3.0
203554 2.5
18420564 2.0
5601522 3.0
5600314 3.0
208200 3.0
210038 2.5
209239 2.5
5601779 3.0
5600207 3.0
5601031 2.5
5602920 3.0
205824 2.0
201477 3.0
209242 2.5
5600403 3.0
5602095 2.5
205206 3.0
5601308 3.0
5602100 3.0
18283257 3.0
5600832 3.5
20449939 3.5
5600474 3.5
5600527 3.5
5602298 2.5
202330 3.0
18289108 3.0
5601936 3.0
18348781 3.0
5600701 3.0
5600713 2.5
5602770 3.0
18289334 3.0
5601594 3.0
5600276 3.0
5602835 3.0
20449939 3.0
5602435 3.0
202168 2.5
205622 3.0
5601852 3.0
5600782 3.0
5600794 3.0
5602215 3.0
208637 3.0
5601952 3.5
205919 3.0
5600359 3.0
5602220 3.5
5602961 3.0
5601007 2.0
5600976 3.0
5600862 3.0
5602954 1.5
201823 2.5
203695 3.0
201469 3.0
18387341 3.5
201034 3.0
208249 3.0
203200 3.0
207078 3.5
18274917 3.0
202339 2.5
5600424 3.5
209287 3.0
208956 3.0
5601004 4.0
5601416 3.0
18371128 2.5
203762 3.0
203032 3.0
17714940 3.0
17753598 2.5
17754116 3.0
201824 4.5
204857 3.5
5602016 2.5
20449939 2.5
5601326 2.0
5600464 3.0
202147 3.0
210053 3.0
208364 3.0
18310201 3.0
5600889 2.5
5600986 3.0
37413433 3.0
202112 2.5
5600334 2.5
5600361 3.0
209558 2.5
5601812 3.5
5602002 3.0
5601619 2.5
206488 2.5
6108026 3.0
6100809 2.5
203988 3.0
32035011 3.0
210275 2.0
201395 1.0
18415776 2.0
5600114 3.5
208344 3.5
5600700 2.0
202536 3.0
209051 2.5
18264898 2.0
18420545 3.0
6106709 2.5
5600970 2.5
205980 3.0
209912 2.5
200644 2.5
207140 2.5
200428 3.0
206484 2.5
200225 2.5
5600519 2.5
5601401 2.0
5600412 2.5
5600586 1.5
5600455 3.0
5600796 2.5
5600418 3.0
207606 3.0
5701176 2.5
5700477 2.0
5700134 4.0
5700513 2.5
5700430 2.5
17741101 3.5
202655 3.5
204238 3.0
205005 3.0
208548 3.0
204433 2.5
205863 3.0
201764 3.0
201788 3.0
202305 3.0
5600609 3.0
208435 3.5
29639976 2.5
202649 3.0
202387 2.5
201869 3.5
201722 2.5
202251 3.0
205885 2.5
203103 2.5
207484 2.0
202872 3.5
31025805 3.0
5601033 2.0
5600630 3.0
5600468 2.5
5600776 3.5
5600715 2.5
5600705 3.0
5600576 3.0
5601413 3.0
5701201 2.0
5700427 2.0
205816 2.0
204594 3.5
204651 3.0
209354 3.5
204698 2.5
205945 2.5
5600504 3.5
5600961 3.0
5602273 3.0
202067 3.0
200635 1.5
203541 1.5
201686 4.0
202033 1.0
205212 2.5
202632 2.5
202627 3.0
203613 2.0
29967538 3.5
203780 3.5
203588 1.0
18279670 4.0
202710 3.5
203944 2.5
203039 2.0
203313 3.0
201862 3.0
202805 2.5
202884 2.0
202492 2.0
203197 5.0
202541 1.5
203772 3.5
204856 2.5
203585 2.0
202206 2.0
205670 2.0
