17245137 4.0
17244672 5.0
17243359 3.5
18378758 4.5
17243641 4.0
17246742 3.5
17242103 4.0
17242164 4.0
17246818 4.5
17244876 3.5
36830765 3.0
20855303 4.0
17247321 5.0
17243630 2.0
17244701 3.5
17246635 4.5
17243629 5.0
17246198 5.0
17244571 3.0
17246203 3.5
17244499 4.0
17246975 5.0
17243692 3.5
16775189 4.5
17246621 3.5
17242806 3.0
17245916 4.0
36390870 2.5
17242549 1.0
17244441 4.5
17245062 3.5
17242665 5.0
17243294 4.5
17246870 3.0
17244550 3.5
20855303 3.5
17242891 5.0
45207737 4.5
20855303 3.5
17242940 4.0
17242777 4.5
