17051616 4.0
21386617 3.0
17051120 1.0
17045867 4.0
16727162 1.0
17045976 4.0
18129078 2.5
18267504 3.5
17045779 1.5
17047144 1.0
18528205 2.5
18517397 1.5
18463848 2.0
17049646 3.0
17050746 1.5
17051776 2.5
17045759 3.0
17046800 3.0
17429850 3.5
17430576 2.5
17566256 3.5
17429937 3.5
17429923 3.0
17429932 1.0
17430319 1.5
17757756 3.0
18380387 2.5
28110359 2.5
17050952 2.0
17544507 2.0
17044557 3.0
17051866 2.0
16973287 2.5
17325121 2.5
16773187 2.5
16770719 3.0
16777135 3.0
16788684 2.0
16876511 3.0
16874520 3.0
17661219 1.5
21386617 3.5
18279534 1.0
17429929 2.0
17326054 1.5
17429998 2.0
17326360 2.0
17664230 3.0
17429956 4.5
17429859 3.0
17248166 3.5
17249489 2.0
18224978 2.0
17429758 2.5
17354980 2.5
17430029 3.5
17354935 3.5
17430344 3.5
17565248 4.5
21157065 4.5
17795760 4.5
17430749 2.5
900087 4.0
130002 3.0
17127101 1.0
16969734 3.0
17565315 3.5
17325263 4.5
17430085 1.0
17429792 1.0
17430712 2.5
17430624 4.0
17429902 3.5
17127676 3.0
17429853 4.5
17430619 2.0
17311382 3.5
17325669 3.5
17326430 4.0
17430112 1.0
17430471 1.0
17430204 3.0
17429764 2.0
17429832 2.0
17430344 1.5
17429892 1.5
17430022 3.0
17127962 4.0
17127894 3.5
17125563 3.5
