16580687 5.0
16573178 3.5
18567985 2.0
16579520 5.0
16577644 5.0
16584706 4.5
18314586 4.0
18365093 5.0
16578365 5.0
18435464 5.0
18529470 5.0
18449512 1.0
18253836 5.0
16582385 5.0
16860831 2.0
16844846 5.0
18461444 5.0
16573234 5.0
36833341 4.5
16712293 5.0
16712305 4.5
16571276 3.0
18449185 5.0
18263310 5.0
16574042 5.0
16574914 5.0
16836184 5.0
16819498 1.0
16573428 5.0
16572683 4.5
16572168 3.0
16712297 3.0
16571683 1.0
16712127 5.0
16571357 5.0
16575020 5.0
16579764 5.0
16574204 5.0
16571275 4.0
16571699 5.0
16577563 5.0
16585634 5.0
16577980 4.0
16572707 5.0
16578822 5.0
16585834 5.0
18088636 5.0
17849311 5.0
16607179 5.0
16575870 5.0
16577758 1.0
