10566 3.0
6504861 3.5
6503450 2.5
13060 2.0
12901 2.0
13532 3.5
13954 2.5
37424164 2.5
18502198 4.0
18526247 4.0
18417619 3.5
18350020 3.0
130104 4.0
16512333 4.0
6508321 4.5
10213 4.0
6504409 4.5
6508002 4.5
18304348 3.5
10570 2.0
12056 3.5
42280 3.5
8305961 4.0
11079 4.5
10132 4.5
18310163 3.5
18408356 3.5
18365582 4.0
2457130 4.5
2457130 4.5
35666128 3.5
6505539 3.0
18378836 2.5
18378821 2.5
1406545 4.5
18392642 2.0
50090 4.5
2457130 3.0
8305961 3.5
18429345 3.0
18367460 4.5
11211 4.5
13235 4.5
130935 3.5
130567 4.0
16512336 4.0
16519026 4.5
16512186 1.5
18233038 2.5
130830 3.0
16525598 3.5
16519168 3.5
130958 4.5
10100 2.5
18392661 4.5
6505182 3.0
10085 4.0
11662 4.5
12731 3.5
10693 4.5
10686 5.0
13408 4.0
13914 4.5
11317 4.5
10696 2.5
