18498301 4.5
207134 3.0
18319271 2.5
47066068 2.5
16526826 4.5
18360023 3.0
18254174 3.5
18289146 2.5
204795 2.0
207869 4.0
18178768 3.0
18217490 3.5
18264758 2.5
210198 4.0
1700681 1.0
18468149 3.0
38778379 3.0
203595 2.0
18269396 3.0
210396 4.0
201545 3.5
200209 3.0
208544 3.5
5601606 3.0
18219562 2.5
204396 2.5
200756 2.5
18289100 1.5
205005 2.0
18207678 4.0
200288 3.5
204833 3.0
210432 3.5
203666 3.0
4924 3.0
201592 4.5
2578 3.0
1676 2.5
307628 3.5
205372 2.5
207464 3.5
5600517 3.5
203730 4.0
18312049 4.0
210213 4.0
18325023 3.5
36487559 3.0
205017 3.5
16707283 3.5
18269401 3.0
208467 3.0
202031 4.5
209731 3.0
200082 4.5
5601363 2.0
100011 4.0
209448 2.5
18200555 3.0
3194605 3.5
207221 3.0
602 2.5
18282678 4.0
205588 3.5
210047 2.5
207793 3.5
204351 3.0
203008 3.5
202271 4.5
18200565 2.5
210200 4.5
207970 3.0
203437 3.0
204321 2.0
18274887 3.5
203395 3.0
203612 3.0
205165 3.5
5600327 3.0
5600979 2.5
201636 3.5
5600229 3.0
18181610 4.0
202181 2.5
200757 3.0
5600673 3.5
5600105 3.0
204228 4.0
200594 3.5
203409 3.0
204144 4.0
207806 4.0
16524419 3.0
200112 3.0
201811 3.5
201686 3.5
205111 4.0
203715 4.0
202559 4.5
203193 3.5
207850 3.0
205736 2.5
202483 3.0
200351 4.0
207228 4.5
205161 4.0
203198 3.5
5600026 3.5
5600058 4.0
5600076 3.5
5601351 3.5
41769 3.5
5600063 3.5
3001390 3.5
54159 3.0
203978 4.0
202140 3.5
200427 3.5
203988 4.5
32035011 4.0
201833 3.5
204358 4.0
30593186 4.0
202098 3.5
29175841 2.5
5600796 4.0
5601744 3.5
5600093 3.5
5600757 3.5
5601405 3.5
5600457 4.0
5600657 4.0
204933 4.0
204367 3.5
202846 2.5
205432 4.0
201847 4.0
200093 4.5
203549 3.0
30914073 2.0
203594 3.5
209521 4.0
200792 3.0
200031 3.0
203562 4.5
200436 2.5
203563 4.0
201753 3.5
203393 4.0
205753 3.0
208476 3.5
203614 4.0
18168114 1.5
202542 4.0
