5800100 3.5
5800291 3.5
5800409 3.0
5800303 3.0
5800589 3.0
5800295 3.0
17844918 3.5
17847143 3.5
6900254 3.5
6118581 3.0
6115913 3.5
6114165 4.5
73307 4.0
6113140 4.0
17809142 4.5
6110461 4.0
6114364 4.0
6114761 4.0
6100511 4.0
6127976 4.0
6127212 3.5
5800480 4.0
71709 3.5
65687 3.5
66047 4.5
65688 4.5
65689 4.5
65690 5.0
67193 4.0
71788 3.5
5800553 3.5
5800354 4.0
5800043 3.0
5800149 3.5
5801970 4.0
5800580 3.5
5800711 3.0
5800709 3.0
5800587 3.0
5801197 3.5
5801856 3.0
5800768 3.0
5800548 3.0
5800506 3.0
5800484 3.0
5800572 3.0
5800751 3.5
5800229 3.0
5800598 3.0
5800612 3.5
5800246 3.0
5801151 4.0
5800063 3.5
5800248 4.5
5800634 2.5
5800289 3.0
5800590 3.5
5800592 2.5
5800207 3.5
5800804 3.0
6101445 3.5
6101692 4.0
6116783 4.0
17809147 4.0
6110574 3.5
6111471 3.5
6110705 3.5
6105020 3.0
17809143 4.0
6117218 3.5
6113420 3.5
17847151 3.0
17846803 3.5
6121045 3.0
5801147 3.0
5801815 3.5
5801332 3.0
5800025 3.5
5800009 3.5
5800403 3.0
5800144 4.0
5800066 3.5
5800704 3.0
5800899 3.5
5800599 2.0
5800746 3.5
18308566 4.0
5801098 3.5
5800946 4.0
5800212 4.5
5800727 3.5
5800552 3.5
5800415 3.0
5800150 3.5
5800490 4.0
5801805 3.5
5801477 4.5
5801471 3.0
5801485 3.0
5801070 3.5
39318940 3.5
29506966 4.0
5801067 4.0
5800863 4.0
5801506 3.5
5800049 3.5
5800265 3.5
5800664 3.0
5800777 3.5
5800163 3.0
5801715 4.5
5801115 3.0
5800466 4.0
5800205 3.5
5801814 2.5
5801316 4.0
5801811 2.5
5800541 3.5
5800442 3.5
5800433 4.0
5801870 4.0
5800736 3.5
5800624 3.5
5801149 3.5
5800699 3.0
5800153 4.0
18237145 3.5
5800309 4.5
5800351 3.5
5800272 4.5
5800316 4.0
158824 4.5
29506966 4.0
5801806 3.5
5800641 3.5
5800538 3.5
5800224 3.0
18226067 4.0
5800871 3.5
5801839 3.5
5800710 3.5
5800695 4.5
5800204 2.5
5801679 3.5
5800564 3.5
70685 3.0
68972 3.5
5801497 3.0
5800569 3.5
5800167 3.5
5801096 3.5
5800588 3.5
5800016 2.5
5801721 3.0
5800324 3.0
5800562 3.5
5801085 3.5
5800527 2.5
5800648 4.0
5800620 3.5
34364104 4.0
5800637 3.5
72333 3.5
72093 4.0
5800715 3.0
5800011 2.5
5800757 4.0
5801975 4.0
5800536 4.0
5800075 4.0
5800755 4.5
5800593 4.0
5800981 4.0
5800640 3.0
5800775 3.0
5800531 3.5
5800651 3.0
5800656 3.0
40472575 2.5
5800803 2.5
5800601 3.0
5800017 3.5
5800557 2.5
5801462 2.5
5801809 3.5
5801810 3.5
5801092 4.5
15988842 4.0
15988842 3.0
5800754 4.5
5800887 4.5
5800947 4.5
71420 4.0
71024 3.0
66389 4.0
70609 4.0
3000317 1.5
3000155 3.0
3000109 4.5
3000111 4.0
3000107 3.5
31852246 3.5
3000946 4.0
3000293 4.5
31852246 4.0
3000013 4.5
3000665 3.5
3000311 3.0
3000195 3.0
5800650 4.0
5800630 4.5
5800668 4.5
5800582 2.5
5800618 2.0
