18452889 4.5
18415598 5.0
18313014 4.5
35025218 4.5
18340510 3.5
18418746 3.5
20404 4.0
18470512 4.5
18234146 3.5
18434979 4.5
97500 4.0
90298 4.5
18306045 3.0
18172955 4.5
18382171 3.0
90499 5.0
18385291 4.5
97503 3.5
18276596 4.5
18241279 1.5
18356469 4.5
18260951 3.5
90869 4.5
92583 4.5
18397692 4.5
18373330 5.0
90022 3.0
97415 4.0
18276594 4.0
49557 4.5
15563231 4.5
95608 2.0
94689 4.0
97010 1.5
90886 3.5
31810001 4.0
311505 3.5
95529 4.0
18252191 4.5
18228815 3.5
18138649 4.5
95962 1.0
92754 2.5
96394 2.0
93489 3.5
93095 3.0
18207418 3.5
18125656 4.0
90709 5.0
96838 3.0
92009 3.5
96858 4.5
90034 4.5
34009097 4.5
311505 4.5
34009097 3.5
97426 4.5
96441 4.0
92558 4.5
94243 3.5
97494 4.0
69152 4.0
93156 4.0
95062 3.5
56870 3.0
90744 1.5
94878 2.5
90896 1.0
94938 4.0
219505 4.0
900533 4.5
13694101 4.5
311505 4.5
13694101 4.0
900241 4.0
900472 3.5
900459 4.0
95323 4.5
91711 4.0
90889 5.0
94705 4.5
91607 4.5
219505 3.5
311505 4.0
90517 4.0
90606 3.5
94814 3.0
311505 4.0
2673246 3.5
92961 4.0
4631 1.5
3033 2.0
1703 2.5
304968 3.5
94904 4.0
5467 3.5
301141 4.0
7303461 4.5
305222 4.0
2909 4.0
301134 4.0
9797 3.0
1892 3.0
171 4.0
65994 4.0
7855 4.0
