10464741 4.5
18017612 2.5
23811 5.0
18214001 5.0
21805 4.5
20090 4.5
20950 4.0
38934359 4.0
44813314 3.5
44813314 4.0
21055 4.0
18471920 4.5
25339 4.0
18204257 3.5
18204094 4.0
21942 4.0
18420506 4.5
21574 5.0
24564 4.0
31649667 4.5
11652921 5.0
1565110 4.5
18224079 4.5
44502790 4.5
24429 4.5
23923 4.5
25654 5.0
20930 5.0
18162656 5.0
7876411 3.5
18217474 3.5
25148 3.5
31649667 5.0
20279 4.5
21308 4.5
24188 3.5
23614 4.0
22984 3.5
22847 4.5
22853 3.5
23820 3.0
21064 3.0
18398899 3.5
24804 3.5
18414392 3.0
18213977 3.5
20956 3.5
22869 4.0
18335908 2.5
21583 3.0
23847 3.5
23568 4.0
25011 4.0
21251 3.5
20193 4.0
21207 3.0
23006 3.5
18368674 3.5
24792 3.5
23750 4.0
24851 2.5
21761 2.5
18248980 3.5
18162655 3.5
22378 3.5
23644 4.0
22017 3.5
37943867 3.5
24681 3.5
18166925 3.5
17983787 3.5
24543 3.0
18368667 3.5
23557 3.5
22612 3.5
22460 3.5
23718 4.0
22056 3.0
20784 3.0
984705 3.5
21901 3.5
25617 3.5
21548 3.5
25651 3.5
24016 3.0
25329 3.5
23672 3.5
21296 3.5
18134889 4.5
23233 2.5
22067 3.5
21635 3.5
25497 3.5
25454 3.0
25452 3.5
22649 3.5
21147 3.0
20867 3.5
22429 3.5
21149 3.5
20601 3.5
18431475 4.0
37562491 4.0
31649667 4.0
37606952 4.0
37606952 4.0
18259449 4.5
20083 3.5
23699 3.5
20828 4.0
21642 3.5
18420508 4.0
31649667 4.5
21986 4.0
18388058 3.0
18198678 3.5
21694 3.5
18070806 3.5
27277084 4.0
21721 4.0
23114 4.0
25270 4.0
25177 3.5
21728 4.5
989836 3.0
1095896 4.0
262121 4.0
1737273 4.0
21197 4.0
23228 4.0
25315 3.5
23834 2.5
18368682 4.0
18420403 3.5
18414421 4.0
23280 4.5
20931 4.0
25513 4.0
21618 3.0
36601517 1.5
31649667 4.0
36601517 4.0
31649667 2.5
21118 3.5
18420386 4.0
37123750 4.0
25364 4.0
23967 4.5
20780 4.0
24055 4.0
21854 4.0
18249177 2.5
18386794 4.0
23452 4.5
21349 3.5
10887981 4.0
31649667 3.5
31649667 3.5
10887981 4.0
10887981 3.5
22809 4.0
24961 4.0
22825 4.0
23051 4.0
25138 4.0
18134901 4.0
18431448 4.0
22538 4.0
23179 4.0
23722 4.0
18380248 4.0
37230188 4.0
21399 4.0
22063 4.0
23271 3.5
18217480 4.0
37230188 4.0
31649667 4.0
1737273 3.5
31649667 3.5
21202 3.5
25345 4.5
25289 3.5
22435 4.5
18354579 4.0
21159 4.0
25286 3.5
22116 4.5
259848 4.0
461599 4.0
22221 4.0
22979 4.0
18377107 4.0
21061 4.0
18420395 3.5
22548 3.0
21043 2.0
24565 4.5
18017643 4.5
21916 4.0
18435840 4.0
18337966 4.5
18017620 4.0
23805 4.0
21100 3.5
20630 4.5
21189 4.0
18287267 4.0
22769 4.0
25653 3.0
25220 3.5
20926 3.5
22764 2.5
192513 4.0
18388188 4.0
20959 5.0
21533 4.0
24981 3.0
20978 4.0
24056 4.5
20719 2.5
21996 3.0
22660 4.0
24419 4.5
25013 4.5
25331 4.0
17983779 4.0
18128504 3.5
22931 3.5
22604 4.0
21956 4.5
18313062 4.5
20002 4.0
15829036 4.0
141709 4.5
31649667 4.0
31649667 4.0
141709 4.5
22915 4.0
25730 4.0
25007 3.5
18213953 4.0
21915986 4.0
21710 4.0
22909 4.0
18404203 4.0
22076 4.5
23779 4.5
22090 4.0
20672 4.0
22905 3.0
22431 4.0
22824 4.0
18386813 3.0
22087 4.0
21540 5.0
25017 4.0
25234 4.0
29263585 4.0
23756 4.0
18325265 4.0
18398849 4.0
22072 4.0
21347 4.5
22927 4.5
23787 4.5
23227 4.0
20796 4.0
25169 4.0
18368688 3.0
33373523 4.0
31649667 4.0
25211 4.0
25247 4.0
18354610 3.5
25605 3.5
21950 4.0
23256 3.0
24174 4.0
20768 4.5
25081 4.5
24528 4.0
25154 4.0
21668 4.5
18398885 4.0
25455 4.5
21594 4.0
22165 4.0
18251913 4.0
21431 4.0
18377073 4.0
20756 4.0
21921 4.0
18377068 3.5
22590 4.0
21929 3.5
20602 4.0
20850 4.5
20287 3.5
21576 3.0
22998 4.0
23578 4.0
21538 4.0
25560 4.0
39288494 4.0
25330 4.0
20172 4.0
20881 4.5
20875 4.0
141709 4.5
31649667 3.5
141709 4.0
18017615 3.5
23079 4.5
21200 4.0
21492 3.0
23438 4.0
20737 4.0
20765 3.5
24592 4.5
25076 4.0
21060 3.0
20456 4.0
22016 3.5
20073 3.5
20074 4.0
20702 4.0
20928 4.0
1231070 4.0
25208 3.0
25429 3.5
22585 5.0
18414400 4.5
18414437 3.5
25037 4.0
24018 4.0
25265 3.0
24538 4.0
22008 4.5
23848 4.5
21329 3.5
21534 4.0
25744 4.0
21933 4.5
24623 4.0
21925 4.0
24781 3.0
18377087 4.0
18423742 4.0
18162649 4.5
20984 4.5
18017607 4.5
32731473 4.5
31649667 4.5
22540 4.5
21579 4.5
21824 4.5
21983 3.5
1575163 4.0
1575163 4.0
23835 4.0
23876 4.5
20062 5.0
18311142 3.0
21411 3.0
18414429 4.5
23522 4.5
22926 3.5
25570 4.0
36542609 3.5
36542609 4.5
31649667 5.0
34175885 4.0
36971868 3.5
21280 3.0
18166940 4.0
18361637 4.0
2739560 4.5
18368687 3.5
24311 2.5
18291241 4.0
463 4.5
23534 5.0
20665 4.5
20348 4.0
23836 4.0
20855 5.0
23359 4.0
18270258 4.0
23663 4.5
24459 3.5
22169 2.0
23788 3.0
