16526759 2.0
16526781 2.5
201753 4.0
16526922 3.0
202242 3.5
18255121 3.5
5600573 3.5
210139 4.0
202575 3.0
16524476 3.5
16526767 3.5
5602449 3.5
18363159 2.5
16524472 3.5
18387343 2.5
18264758 4.0
200639 3.0
18360023 2.5
16524938 3.5
201456 2.5
18214367 3.0
18322763 1.0
208792 2.5
16526949 2.5
204933 1.0
206412 3.5
201693 4.5
16526797 3.0
209912 3.0
207368 3.0
206639 3.0
3100196 3.0
5600162 3.5
203412 5.0
208858 4.0
16527069 1.0
27906110 4.5
32895425 2.5
27906110 4.0
205211 2.5
5601677 3.0
201682 1.5
16526778 3.5
202625 3.0
5600133 3.5
31040168 3.0
210380 2.0
18225755 3.5
16525685 3.0
201362 2.0
202367 3.5
202147 3.5
203594 3.0
205765 2.5
17753618 4.5
204945 2.5
200011 4.5
200706 1.5
16527029 2.5
16527048 2.5
16526939 1.5
202136 3.5
5701748 3.0
206946 3.5
208248 4.0
200669 4.5
206627 3.0
210134 3.5
204076 3.5
206815 3.5
16526409 3.5
34076908 3.5
208772 3.5
204059 4.0
5600128 4.0
16526356 4.0
16527065 3.5
203837 2.5
204452 3.0
204244 3.0
201824 3.5
16526946 3.5
5602024 3.5
201834 3.5
202181 3.0
207356 3.5
5600517 3.0
18214388 5.0
200562 4.0
209786 4.5
203219 3.5
5600933 3.5
205675 3.5
16526960 3.5
16526926 3.5
32932967 4.0
32895425 3.0
27906110 4.0
32895425 4.0
203750 1.0
205869 4.0
205749 2.5
203879 4.5
208132 4.0
203830 4.0
202706 4.0
16526930 4.0
32932967 1.5
16527027 4.0
5600657 4.5
16527021 3.5
201833 4.0
209051 3.5
