7005464 1.0
18354645 3.5
18381663 4.5
304915 1.0
304910 4.5
1286 5.0
7004020 3.5
7003779 5.0
7007083 1.0
7005952 1.0
7005559 1.0
7006472 2.0
7003458 1.0
7002234 1.0
41886053 1.0
18570713 5.0
7006086 5.0
7001458 1.0
7005599 1.5
18502929 5.0
7002220 1.5
7002377 5.0
7000834 5.0
7005582 1.0
7003498 1.0
18279452 3.5
910 4.5
3302363 5.0
306028 5.0
18319143 1.0
3302363 1.5
3302363 1.0
3302363 2.0
39388946 5.0
3302363 5.0
7009295 2.0
34241936 1.0
3302363 2.5
7000314 4.0
7000753 5.0
7003927 4.5
7006745 4.0
7002485 3.5
16107611 1.0
7006486 4.5
7001815 1.0
7002085 1.0
7004479 5.0
7005841 1.0
7000513 1.0
15317531 2.5
3302363 1.0
7006879 5.0
7005548 5.0
7006030 5.0
7000178 1.0
15317531 1.0
7003006 4.5
7004238 4.0
7009062 3.5
7002790 5.0
7002890 1.0
7002269 1.0
7003060 4.0
7003050 1.5
34827278 1.0
