18503727 2.5
35304154 4.5
58268 3.5
18541264 3.0
57736 3.5
18322528 4.0
9000144 2.5
9700762 4.0
9700765 4.0
14800417 4.0
7100275 3.5
9200149 4.0
7000420 3.5
7000524 3.0
7001533 4.0
22165 4.0
20875 3.5
21380 3.0
33449 4.0
21176 3.0
18430769 3.0
18472157 3.0
58725 3.0
18359124 4.0
53580 4.5
18237938 2.5
18323628 3.0
50046 4.5
18343994 3.5
122073 3.0
120006 3.5
3500078 2.5
120132 3.0
18298258 3.5
33449 4.0
33449 2.0
29182739 3.0
33449 3.5
54131 3.0
18162866 3.0
18263394 3.5
11514421 2.5
18231187 3.5
18173102 3.0
18011679 3.5
34270024 3.0
59448 4.0
59904 4.0
68822 1.5
65543 3.5
72384 3.5
71554 3.0
72279 3.5
18011665 3.5
18290061 2.5
240936 2.5
33449 3.0
59570 3.0
534766 3.5
60406 1.5
18290062 1.0
56886 4.0
59676 3.5
56516 3.0
59131 4.0
18232687 4.0
60723 4.0
18232644 3.0
50474 2.5
436144 3.5
18179208 3.5
18178307 1.5
18181533 4.0
18179109 3.0
18179369 2.5
18221559 3.5
6637591 2.0
3100036 3.5
59087 2.0
2399734 2.5
33449 4.0
71977 2.0
52913 3.0
1115734 2.5
17978361 3.5
31279313 4.0
31279313 2.5
31279313 3.5
92107 2.0
2200000 2.5
2200245 2.5
2200097 3.5
243072 2.0
243072 4.0
31903945 3.0
243072 3.0
100168 4.0
33449 2.5
475762 3.5
59095 2.0
60416 3.0
851105 4.0
851105 2.0
61486 4.0
61416 4.5
60404 3.0
60092 3.5
1698144 1.0
51847 3.0
53211 2.5
33449 4.0
61555 2.5
1115734 3.5
33449 3.0
60201 4.5
342579 3.0
1115734 3.5
61356 3.0
56847 4.5
53534 4.0
60330 2.5
51765 4.0
60187 3.0
52441 4.0
1444656 3.0
33449 3.0
16569283 2.0
59066 3.5
59795 2.5
475762 2.5
56004 2.5
59649 3.5
60962 2.5
16569283 3.0
33449 3.0
60434 3.5
593278 3.0
53696 4.0
59680 4.0
11335801 3.5
33449 3.5
58847 2.5
33449 3.5
60603 1.0
1542223 2.0
2457754 3.5
1301010 4.0
59777 4.0
33449 3.5
58619 3.5
90503 4.5
20434852 3.0
33449 3.0
56820 3.0
51067 3.5
51911 3.0
33449 2.5
335440 3.0
56033 2.5
51598 4.0
59897 3.5
59159 3.5
59119 4.0
1542223 2.0
59495 3.5
59067 4.0
57175 3.0
59110 3.0
95548 4.0
33449 3.5
51603 4.0
7252511 3.0
52721 2.0
190795 3.5
274097 3.5
52934 3.5
955613 3.0
190795 1.0
955613 4.0
173643 4.0
57085 3.0
33449 2.5
58486 3.5
59094 3.5
56646 2.5
65011 4.0
58488 3.0
3226152 2.5
643636 3.0
58271 2.0
643636 2.5
33449 3.5
907134 3.0
907134 3.5
33449 4.0
1077000 3.0
33449 3.0
57794 3.0
33449 4.0
58427 3.5
1733051 2.0
33449 2.5
52015 3.0
33449 2.0
55957 3.5
33449 4.0
33449 3.5
33449 4.0
53684 2.5
287687 4.0
342579 4.0
33449 2.5
56902 4.0
53122 3.0
56789 3.5
1659771 4.5
1659771 3.5
18369828 3.5
1324288 3.5
51146 3.0
168480 3.5
53590 3.0
190265 3.0
1089237 3.5
422995 2.0
33449 2.5
265567 4.0
1294572 2.0
1235689 3.0
439958 3.0
56947 4.5
547994 2.5
1444656 3.0
21519 3.0
55260 4.5
1151896 2.5
1131123 3.5
53397 4.0
1508153 4.0
52176 4.5
33449 3.5
33449 3.0
54715 3.5
240936 3.0
240936 3.0
95548 2.5
1324288 4.5
55538 3.5
33449 2.5
51506 4.5
33449 4.0
374316 2.5
110468 2.0
570985 2.0
33449 2.0
95548 4.5
33449 3.0
33449 2.5
240936 4.5
33449 2.5
55896 4.5
95548 3.0
50037 4.0
322644 2.5
52089 3.0
51077 1.5
52306 3.0
54319 2.0
50113 2.5
54713 2.5
54011 3.0
347751 5.0
352905 3.0
352905 2.0
54664 2.0
54988 3.0
902585 3.0
55062 3.0
53073 4.0
52061 2.0
55041 3.0
50004 3.0
53140 3.0
50844 4.0
51913 3.0
53924 3.0
12376 3.0
54840 2.0
50664 3.0
54159 2.0
1265735 2.0
33449 3.0
50275 3.0
51030 4.0
52437 4.0
53500 2.0
51363 2.0
53999 3.0
2751536 2.0
53688 2.0
50941 3.0
52590 3.0
50581 4.0
91752 4.0
52844 1.0
53784 3.0
50903 4.0
53489 2.0
51596 3.0
51600 4.0
112167 4.0
112167 2.0
