1851 4.0
18558920 5.0
18481300 4.5
18237324 3.5
121217 4.0
121791 4.0
18161587 4.0
310519 3.5
18435798 4.0
309883 4.0
18463965 5.0
18425759 4.5
18254529 4.5
7957 4.5
18382344 5.0
525697 4.0
303171 4.0
300863 3.5
575 3.5
3446 4.5
302455 4.5
18337897 3.5
6855 4.0
18244492 4.0
18456730 4.5
312603 4.0
313423 4.0
2303 3.5
4126 5.0
18336483 4.5
312464 4.0
3431 4.0
2760 4.0
4171 3.5
310737 4.5
310455 4.0
4290 4.0
496 3.5
18157413 4.0
305951 4.0
18241517 4.5
18204627 4.5
305281 4.0
18238267 5.0
18216912 4.5
335288 4.5
335288 4.0
33681928 4.5
335288 4.5
33681928 4.0
18153552 4.0
6921 4.0
313228 4.0
