18472414 5.0
18224536 4.5
9674 3.0
4055 3.5
8428 4.0
18138428 5.0
310453 4.0
18423890 5.0
312772 4.5
4256 4.5
18393697 3.5
18153541 5.0
731 4.0
853 4.0
4000030 4.5
38228693 4.0
303478 1.0
18161587 4.5
18369321 4.0
18241896 4.5
18157403 3.5
311196 5.0
4631 5.0
18289242 3.0
18254400 4.5
308269 3.0
18180068 5.0
309331 4.0
219 3.5
9524 4.5
8509 5.0
2436 4.5
32245 4.0
18258477 4.0
18383510 4.5
18265406 4.0
8214 4.0
2892 3.0
832 4.0
39030 5.0
37829 4.0
491 4.5
43344 4.0
9177 4.5
308697 3.5
327 5.0
307352 4.5
33015359 3.0
34520895 4.0
309267 5.0
17989120 4.5
717 4.0
5583 2.5
5229 4.5
33015359 3.5
34520895 4.0
925 3.0
312266 4.0
7595 5.0
313105 4.0
4000019 5.0
611 4.0
7768 5.0
37237 4.0
32403 4.0
36282 4.5
303716 4.0
306022 1.5
312782 5.0
300159 5.0
308322 1.0
4959 5.0
