36325 4.0
37959 4.0
18011728 3.5
35400 3.5
49453 3.5
37823 3.5
18222357 3.5
38031 3.5
38404 3.5
48854 3.5
35290 4.0
34368 3.5
36438 3.5
40911 4.0
18223173 3.5
48108 3.5
40603 3.5
49337 3.5
16503038 3.5
45600 3.5
48607 4.0
44338 4.0
18262353 3.5
43203 3.5
48482 4.0
41132 4.0
18313584 4.0
37329 4.0
18237753 3.5
18324082 3.5
35511 4.0
44934 4.0
37730 4.0
35658 4.0
35761 4.0
34093 4.0
48676 4.0
47875 4.0
18140758 3.5
35217 4.0
48128 3.5
16541538 4.0
38251 4.0
18075162 3.0
46275 3.5
46334 3.0
42129 4.0
17759829 4.0
44252 3.5
17754530 3.5
16540248 4.0
35778 3.5
35402 3.5
41108 3.0
18165897 3.5
18306469 3.5
36350 4.0
34383 4.0
49261 4.0
18228655 3.5
32971 4.0
18228644 3.5
37786 3.5
18203254 4.0
17715234 4.0
18223186 3.5
17759833 3.5
44008 4.0
17741756 3.5
48802 3.5
36960 3.0
43493 3.5
49444 3.5
46576 3.5
37814 4.0
48851 4.0
16542239 3.5
40519 3.5
36294 4.0
40201 3.5
49003 4.5
37238 4.0
18264627 3.5
39521 4.0
16557032 3.0
18228636 4.0
17754311 4.0
17846256 3.5
46317 4.5
43479 3.5
44205 4.0
16823680 4.5
18219849 4.5
