209962 3.0
18348783 2.5
37531158 4.0
18420573 3.5
17839464 4.0
18470987 4.0
18498326 4.0
200134 4.0
5601855 3.0
18536210 4.0
18360023 5.0
18387328 4.0
200676 3.5
5602868 4.0
18325009 4.0
29587764 3.5
12056 4.0
202219 4.0
18410872 3.5
5602773 2.5
5602105 4.5
5600590 3.0
18254174 3.5
5601600 4.0
6506755 4.0
6504768 5.0
12607 3.5
3800045 4.0
13280 4.0
6507130 4.0
5601054 3.5
5602215 3.5
5600457 4.5
41769 4.0
5600532 3.0
208034 4.0
200194 3.5
18165696 4.5
18289334 4.0
5602661 4.0
5600933 4.0
16527021 3.5
16527019 5.0
202846 3.0
201055 3.0
206586 4.0
5601405 4.0
5601791 3.5
207929 3.0
209761 4.0
208458 3.5
208814 3.0
210052 3.0
18233284 2.5
5601428 3.0
209050 4.0
18274882 3.0
210435 4.5
