18525047 5.0
16685248 3.0
35650744 5.0
18476991 4.0
7421665 5.0
7400727 5.0
7421666 3.0
18453233 5.0
7401935 4.0
18397524 4.0
17977513 5.0
7426031 5.0
39265790 2.5
7426077 5.0
7426119 5.0
18368090 5.0
18346269 3.5
7402500 5.0
7400404 5.0
37174009 1.5
7409852 5.0
7411454 5.0
7424058 3.0
7400669 4.0
7401931 4.0
7402123 4.5
18367537 4.0
18408381 4.0
7417907 3.0
7411523 4.5
7403285 4.0
7426222 3.0
7400899 5.0
18252302 4.0
7411591 4.0
7422512 5.0
7420978 4.0
7425026 4.0
7401260 4.0
7405302 2.5
7420434 5.0
7400332 1.5
18241959 3.0
7400783 5.0
7417980 1.5
7425748 5.0
7400587 4.0
18257269 5.0
7401469 5.0
7421163 2.0
