18566669 4.0
18471971 3.0
39354183 4.0
18529620 4.0
16519263 1.0
18557629 4.5
18372042 4.5
18447051 4.0
18443642 4.0
46501 4.0
18388644 4.5
36366462 4.0
18365171 4.0
36267591 3.0
18349464 4.0
16540225 5.0
18502038 1.0
16158500 5.0
18318077 5.0
32517 5.0
40038 3.5
44486 2.5
18502041 5.0
16525440 3.0
17758733 3.0
48589 3.5
18374838 3.0
47449 1.0
46359 4.5
18510822 3.5
18392725 4.0
18392712 5.0
18467930 4.5
18383022 3.0
38958 3.5
18429246 4.0
18354546 5.0
44018 4.0
18318113 4.0
44226 5.0
18140705 3.5
42758 3.0
16547408 3.0
16503229 3.5
34994192 3.0
18234177 1.0
41308 3.0
39208 3.5
18408299 3.5
31787305 3.0
18210396 3.0
18388659 2.5
18140750 3.0
42561 3.0
18257196 5.0
37269 2.0
