34569 5.0
42329 4.0
17803643 5.0
18423381 5.0
37228 5.0
32693 5.0
47572 4.5
18168367 4.0
18528361 4.0
18521607 5.0
18203282 3.5
35327 5.0
48520 5.0
46807 5.0
45714 5.0
113551 4.0
43507 3.5
39227 5.0
44335 5.0
47523 2.5
16505344 5.0
18165919 5.0
45652 5.0
18011710 5.0
44809 5.0
18126420 4.0
47483 5.0
18079789 5.0
37208 4.0
18408295 5.0
34726 5.0
254129 4.0
40400 5.0
43438 4.5
32025 4.0
36215 5.0
37824 2.5
45965 5.0
18358512 3.5
18300403 5.0
35989 5.0
18372026 4.0
39355 3.0
46783 4.0
37194 4.0
32201 5.0
32169 5.0
41725 4.0
34767 5.0
17810261 5.0
34757 5.0
