18237346 4.5
308572 4.5
18161723 4.5
18336480 4.0
18025114 4.5
18237323 5.0
18180080 4.5
18306547 4.5
390411 4.5
301045 4.5
18265393 4.5
18232098 4.5
18245274 5.0
18228867 4.5
390411 4.5
18218321 4.5
18216916 4.5
30335172 4.5
18241896 5.0
18222566 4.5
310406 4.5
18238267 5.0
18161584 4.0
390411 4.5
18216912 4.5
18233593 4.0
305518 4.5
312345 5.0
18198427 4.5
313153 5.0
310830 4.0
390411 4.5
7498 5.0
5963 4.5
101147 5.0
47960834 4.5
47960834 4.0
310203 5.0
307902 3.5
315219 4.5
305826 5.0
312482 4.5
309331 4.0
311634 3.5
