16502418 5.0
18553322 5.0
16503790 4.0
16505021 4.0
18319328 4.5
17832137 4.5
16503538 4.0
18491864 4.0
18528572 4.0
16505141 4.5
16504790 4.5
18352619 4.0
16502667 4.0
16502422 4.5
18249817 4.0
18080310 4.0
16542586 4.5
16502552 4.0
18534135 4.0
18424776 4.5
16504138 4.5
18463671 5.0
41921612 4.0
18177866 4.0
18299021 5.0
16503783 5.0
16502758 4.0
16503291 4.5
18446806 4.0
18555553 4.5
16502896 4.0
17804982 4.5
16542583 4.5
18357503 4.0
16503344 4.5
18352618 4.0
16503788 4.5
18566723 4.5
16503779 4.5
18488823 4.5
18162928 4.5
16505137 4.5
18364495 5.0
16504362 4.0
16503760 4.0
16503262 3.5
18402324 5.0
17874554 4.5
18540316 5.0
16502676 4.5
16502050 5.0
18319337 4.5
18532495 4.0
31460797 4.5
16502868 4.5
18364516 4.0
17846671 4.5
16503497 4.0
18017318 4.0
18364491 4.0
18299035 3.5
18489737 4.0
16504728 4.5
17759286 4.5
18434942 4.5
18310311 4.5
18446763 4.0
