100124 3.5
18562398 5.0
18580259 4.0
18548166 4.5
18408324 4.0
37311 4.5
1560878 4.0
18533597 4.0
18467897 5.0
18512290 4.5
18570369 5.0
18458445 4.5
18557656 4.0
31287719 4.5
31287719 4.0
48362 4.5
16524166 4.0
18520921 4.0
18541705 4.5
18544202 4.0
18511844 4.5
18523903 4.5
18368195 4.0
47770 4.0
18505345 5.0
1346677 4.5
1346677 4.5
18465817 4.5
18140525 4.0
18423390 4.5
18528912 4.5
37177316 4.0
18528526 4.5
100203 4.5
102001 4.0
6299361 4.0
31622964 4.5
31622964 5.0
102857 4.5
40551805 4.5
33695876 4.0
102119 4.5
102662 4.0
102869 5.0
102698 4.0
101806 4.0
47835 4.5
102436 4.0
102515 4.5
243072 4.0
18022675 4.5
41876026 4.5
18432400 4.0
18334478 3.0
18445271 2.0
18452322 3.5
18415164 4.5
18424819 3.0
35542 2.5
18419732 2.5
18419743 5.0
16138641 4.0
18336756 3.0
18432746 3.0
18419730 5.0
18426900 4.5
