6202919 2.5
6202897 4.0
6201242 2.5
6202045 3.0
6203034 4.0
6201309 3.5
34861825 3.0
34043362 4.0
34861825 3.0
6201232 4.0
6201565 4.5
6200129 3.0
18544113 2.0
6201354 3.0
18537064 4.0
6200460 3.0
18408295 4.5
17803653 3.5
36449254 3.0
830056 2.5
6201324 3.5
6201202 1.5
18177405 3.5
18295460 3.5
18381893 3.0
32640128 4.0
32640128 3.5
18527957 1.0
6203053 4.0
6203047 3.0
33834152 1.5
830056 2.5
830056 1.5
33593512 2.0
6201003 2.5
6201974 2.5
6201422 3.5
6201923 3.0
6201285 3.0
6201496 3.0
6200178 3.0
6202728 4.0
18504338 3.0
1410826 3.5
830056 3.5
6201334 3.0
36449254 3.5
830056 4.0
18144247 2.5
6202138 3.0
6201229 3.0
6201036 3.5
6202584 3.5
6200162 2.5
18318801 3.5
18070299 3.0
734156 3.0
18447170 3.5
33593512 4.5
830056 3.0
18311230 2.5
18449766 3.5
27883831 3.0
830056 2.5
6200006 3.5
6203051 3.0
18237279 3.0
18423826 4.0
6202043 3.5
6201059 3.0
6200972 4.0
18261224 3.0
6202219 3.5
6202211 4.0
6200839 3.0
6201336 3.5
18426024 3.5
130230 4.0
6201332 3.5
18357263 4.5
18446563 3.0
6202139 5.0
6201237 4.0
6200703 2.5
6201420 4.5
6201993 2.5
6202952 3.0
16920161 4.0
16935791 3.5
16922518 3.0
16922795 5.0
6200195 4.5
6201311 3.5
6200493 3.5
6201598 4.0
6201040 3.0
6200755 2.5
33834152 4.0
830056 4.5
33834152 4.0
6200153 2.5
18295560 3.0
6202247 3.0
18211191 2.5
1057471 4.5
830056 3.0
46352833 4.0
830056 4.0
18426014 3.0
6200967 3.0
18426037 4.0
18426578 4.5
6201233 3.5
6203114 3.0
6201949 3.0
6201225 4.5
18177409 4.5
6200336 3.5
36671636 3.0
830056 4.5
6200503 3.5
6200166 3.5
6200442 3.0
6201319 3.5
17957917 5.0
6200757 4.5
6201754 4.0
6202930 4.5
6200832 4.0
18187637 3.5
18237307 4.0
18261203 4.0
17957911 4.5
6202946 3.5
6201526 3.0
6201530 3.5
18258600 2.5
6200883 1.0
41297 1.0
