18352538 3.5
206944 4.0
207536 4.5
202745 4.5
18243812 4.5
47409331 4.0
5701164 4.0
5700697 4.0
5700855 4.5
6508330 3.0
6505414 2.0
12858 2.5
8425811 4.0
6505070 4.0
12329 4.0
6505416 3.5
18436000 4.0
18348977 4.0
13136 4.5
6503729 4.5
90369 4.5
18462200 3.5
12642 3.5
97790 4.0
91688 4.0
6507599 3.0
6505015 4.0
18352519 4.0
10709 2.0
6504858 3.5
18429343 3.5
39181 4.0
6505234 2.0
35894529 2.0
13462 2.5
12641 3.5
6505075 3.5
6503587 4.5
10864 3.0
6504326 3.0
6507225 3.5
12144 4.5
10021 3.5
10175 3.0
11850 4.0
12056 4.0
13306 3.5
6508325 4.5
10653 4.0
113354 4.0
113727 4.0
18231890 4.0
111988 4.0
18257730 1.5
6504559 4.5
10131 4.0
10860 3.5
11725 4.0
6507337 4.0
6508142 4.0
6507653 4.5
8425811 4.5
6506470 4.5
