45263298 5.0
18377112 2.0
18561423 4.0
852997 5.0
18414412 5.0
36601517 4.0
852997 4.5
852997 4.5
18431471 5.0
37670750 5.0
303192 4.0
852997 5.0
852997 5.0
18270247 4.5
24650 5.0
18440204 5.0
18471921 5.0
25654 5.0
21499 5.0
18368664 4.0
21927 5.0
18287249 5.0
21685 5.0
18235364 4.0
20193 5.0
20849 5.0
23597 5.0
24566 5.0
20833 5.0
24760 5.0
22165 5.0
93400 3.0
97872 5.0
24629 5.0
91034 4.0
95608 5.0
18172948 4.0
97561 4.0
95829 5.0
29583836 5.0
24605 5.0
25125 5.0
25664 5.0
38589396 2.5
20850 5.0
20706 3.5
23587 5.0
24533 2.5
24395 4.0
21881 5.0
27549166 5.0
1460432 5.0
852997 5.0
23831 4.0
15565726 4.5
852997 5.0
23636 3.5
23899 3.0
90171 5.0
24008 5.0
90706 4.0
852997 5.0
92869 5.0
