34923350
36523232
39140353
1013720
42501030
38678207
47663542
40574364
36413583
31478315
30348316
2621356
47389416
47749874
47176019
44070277
38299241
40439959
37273858
15988020
1642310
47651703
32016191
29777439
47338444
47477154
1495148
47411493
36772578
41576793
46208977
37124606
885936
30229260
47412419
40442860
16450480
35949017
20163223
45525248
47223195
37054377
16028388
16652077
34039531
45817609
33285919
33667720
30283038
16692985
1563881
37183393
744855
34664661
36473370
38273490
31926526
37835801
40903138
46928913
156376
29931219
45205418
46564196
833768
44775968
38504120
44165505
316755
46133173
38252875
46579728
32638739
954639
10441301
38538968
33012343
39688519
36863105
723052
45830718
1923328
35743322
37638400
40344160
46006290
45184976
32636782
13825821
6935141
46219823
588088
46012061
27476272
46132779
952584
37698826
36745623
36092519
31797942
44030022
45391268
44851715
45025761
45817836
31172140
38474152
35704433
31642395
1029377
31887466
45912388
1672546
43104337
45984961
39243483
44430385
37425820
45934715
45921150
45917637
40818502
37036907
502799
42938445
34232185
35241545
31560489
15231521
35621769
4098391
44248822
34595388
31887204
33028937
313488
42586385
43460079
44283738
42914761
41856164
36488471
42162600
2574908
20328433
29317550
44648586
35561457
20390872
36359674
29638879
39720820
44838960
31432310
43016837
2215016
45107432
8604821
45158155
34714895
43734740
45151235
45107850
29004482
37937240
41819191
3049907
31654607
43686943
31372272
41583566
44129259
15420311
14634791
289548
34884676
31525614
34176815
20329657
34844519
30491203
42056861
16158500
20505799
31172637
34308618
36466227
44717279
2785044
40008024
517072
16099995
34297224
36351009
32781955
1393684
44125296
32390084
33565098
33461345
44433327
29015921
44442114
33726771
38095687
8329381
33052341
40894369
33816330
1215755
1368322
39807286
36645695
2566714
37937293
37609810
37048405
38441833
43974325
39380507
41001452
38001692
33455400
2995484
37374584
44007420
43015805
1656484
36177229
33654851
1910430
36233947
32444603
37860989
37623667
5815311
1589279
43821616
34829884
27928495
35817341
39969276
37413241
43803536
32703125
33719411
175863
41587978
38209265
30849241
31766278
15754928
29226796
42993963
41591751
39101441
43492226
43455181
3157764
36200075
41128286
30026118
20201428
38099266
34725190
1146169
1477035
43273366
43357759
36824816
368046
34340446
42986642
40374533
38752297
43158835
350737
34202335
37978482
38182077
1460367
37921378
4255031
2852112
657789
40956110
32406594
36478175
42726156
2811256
42592435
32929368
39895988
30551173
41547182
36468700
41505538
37881385
42257680
35783624
37076221
757599
42536044
37855813
37871976
15603152
35857033
37216298
42413569
997522
8068871
6796441
39644011
38858875
41278898
37850681
42116343
37071754
37871689
29534878
20366986
34021836
39249006
35586471
37061663
35008493
36879805
32522574
326443
37474465
41290321
37619643
41905998
321102
41805046
35983367
41850586
39824396
37049902
36400299
41763343
1295513
41477852
33015800
37626759
39498303
39819713
41689901
40784818
16174613
7708711
41645642
356041
4993381
36838596
31916219
31140124
27453715
35497249
37859556
41398626
41589302
35917631
33618340
2944724
41444838
37545051
2538938
41250206
41281733
38823095
41280317
38572780
36002724
41244891
20314600
40865490
38838215
41063388
39683755
1619907
35640554
39926480
40856231
40328496
32718041
32779166
36253880
34168714
38424113
1648406
35322329
15671315
11277471
33796498
39139472
1255710
34268940
38069802
40613368
16103773
35830900
2630504
29131195
36625764
40304814
38630457
35191439
2178078
37756277
1310439
2050286
35580368
5658921
36479606
30514259
39764835
33232042
33432979
39890437
37282818
1167248
2616396
34903603
37234673
27966128
35244434
33235967
39826347
31819967
37516540
39237298
38873853
37809441
20347216
341734
16050617
35875426
37418291
33194995
38141683
37140982
6490561
34261097
33187551
2230652
38689323
775272
311546
1932870
39206715
37873266
38962779
35658308
38963248
31213066
38204030
33877176
2815434
38590644
38671921
20172814
24510306
35082686
37649718
596167
31070973
522830
511876
31009306
33292729
38669006
30444363
37580198
38640178
38003559
37930916
38421243
38594102
34934984
37055960
31120081
37516467
34281074
38537275
30161279
38250001
32426694
30101195
38424129
35944663
37516426
19456
38325697
2015776
35911395
38298290
3226353
37555318
37573495
34352584
29653756
38196894
3109509
38202997
38141504
31313419
37516400
672965
38107350
169492
34854916
37516337
37991224
24451259
33881532
15596225
29043098
38061995
37516194
37516255
33471284
37620851
38017095
35727758
36115816
13446
36742325
37992647
37962214
14962591
1322549
161326
35128978
37962948
37962701
37150861
20449939
37953347
16089037
32301946
37779628
37950741
24252121
37516167
36865090
37928050
37516117
24232080
27889049
37722812
37804293
31448101
37513675
29596609
36328735
6906571
33108783
37514126
1478550
37848908
33493428
34042846
34768668
35956760
31789456
35757014
37624508
36696017
37593386
5502861
37701161
37473991
36990448
37299366
36886397
34306039
36299528
29956289
37096
2189616
37563071
37576921
35450311
36674859
33738435
1480870
32775926
37054012
37506011
32185231
37488592
33596879
1737273
37322158
37311097
36152472
36583105
13797691
31649667
36666664
37332488
37230188
539692
37295891
33446198
36159250
37265652
37273877
33774277
37178043
37047665
37255335
37248556
29388434
37198784
36036876
33596861
29787255
37103393
37089585
10887981
37069775
36656233
37043900
37019903
35773220
32669976
36908867
35988329
36856328
1200306
36298704
36842978
36811176
25444690
32190247
36434583
1055997
36432575
35482588
31995113
16798735
36543182
32554504
36693787
32698748
34218848
33307638
35045608
34531197
422836
36655420
36637954
36304976
36628102
29902611
237544
35793405
36581096
36292045
34820068
25162422
36525623
36327691
36503942
36479005
29333654
36474119
36318098
31658370
36444626
33787992
35394195
36406535
36410813
36410007
36362831
36328847
155881
36368416
36305051
706303
2324336
36277240
36215514
25081374
33147620
15652765
30414756
600355
35106960
36159055
35390395
34085772
14788301
32306230
13999431
950759
36091583
7784011
35663466
20326693
35976180
32522806
35542288
33891926
34715872
34098622
1895100
32004730
29616322
1108016
6586301
1137769
2834712
29781680
29463754
35787273
1080527
33373146
35615031
35396230
35643370
35689932
34224765
15685351
35673111
29777884
378152
34174720
886367
24507988
559985
5377741
34212482
1340482
2257306
2670044
11229861
2817412
30007773
34385049
33849889
502382
34540481
14036451
32425797
25002804
628860
1940432
747739
31686476
35053786
7221621
34969295
34910235
1877530
34859173
15862074
1730685
34090270
16611022
34711755
34008691
33811255
497208
33940040
31328625
6880751
1397526
1085669
36050
30242089
34442237
34622597
1281687
29164309
1443249
73744
1078333
1179102
764211
31128614
31448506
29099432
27239512
32543426
1053903
353810
2988960
34194247
34198658
33687535
1110624
32614942
33158741
29056658
33946870
32764561
1612850
30587329
29876444
31341236
33510685
31423818
119376
11798
29085620
32355871
2987484
978714
33638900
181052
33213015
33342123
