40032237
359395
47997114
46950649
46312370
34935669
47177102
47619920
36413583
47389416
46226352
47799520
47871442
47823900
32602742
38296369
1701337
39410289
45525248
44519246
38065482
44536810
39827109
46659603
47571478
42286107
47470333
14505171
32561562
47478439
36775060
33860932
32784666
14522191
1313728
47433838
47448131
32676884
31781162
47448912
47366808
15706969
37942090
47408424
41436722
35704433
35949017
44599867
885936
40168236
30136276
41856164
38215952
47349661
41655905
47335870
32041576
38504120
1537283
32603445
41110482
34822783
47223195
33285919
47141319
20163223
47004168
29931219
41578923
16652077
43184223
596167
37183393
40259481
8329381
35959134
40903138
30283038
42173196
46923864
833768
36143876
42698273
2831258
38538968
40755081
31641561
42459643
46750391
34656089
42297858
38927846
27138115
46671544
31887466
46549382
36954591
16050617
41611890
46579728
34884676
16117522
39688519
514070
33298365
46219823
38273490
45303065
44412070
46465268
46213120
40344160
34714895
42046778
46395107
45450183
45830718
29777439
46006290
44909512
37321660
43413766
45184976
46212896
43078019
40940986
33741778
1008866
43104337
44451964
33052341
42162600
44459233
43295881
45850892
289548
42468526
1564659
43140368
20508721
39969276
45741333
33106804
41569682
38095687
1820663
45519278
32638739
44182551
44007420
45316213
43021651
35021150
44648586
38391762
41234612
43855044
29638879
42584673
45326163
45244552
30008136
5477351
36058595
20390872
43016837
31727017
2040840
15231521
40304817
40421756
44572569
42213061
45225367
43686943
698395
38845853
45107850
32133313
37114522
39290158
38012361
33015800
42279793
42200942
43610478
44902124
14046131
771064
44129259
36660866
34856429
2815594
37313925
38358689
34844519
43624441
36496295
35787021
41591751
15587234
32288681
42177082
1960400
31172637
34297224
31525614
33461345
29137284
37043833
33650487
32390084
44442114
33565098
44463811
38067335
37937293
31766278
37609810
34315187
37937240
41752041
38708605
42316209
36145887
36663285
27817105
37938416
44022426
36149962
32444603
36233947
1368322
33455400
3222393
35008493
351192
480783
33748078
37048405
44020514
37054012
36313076
43907326
38531018
41514691
38894847
41250206
35971388
6796441
43332102
43689599
31654607
38099266
175863
1589279
34725190
42993963
39604976
43172247
42986642
31759977
37474465
42235052
31883705
38494340
37061663
39406531
42592435
43070842
42499674
38285285
20201428
27799810
39931678
36725974
26105
42873992
38186614
31964599
37096030
2944724
2811256
32929368
42607828
37855813
2050286
42517300
15603152
38803386
35586471
42197749
40328496
37850681
36863247
42104489
37871689
34021836
36879805
34149973
422836
31555594
34313704
41689901
35497249
37545051
35640554
41459773
41278978
41099350
32764561
2816076
40005999
40183955
40714247
38872920
36809558
35322329
37573558
34268940
40627866
37794049
15558219
24728183
32713577
30514259
31677098
40347005
37610865
31560290
34752860
40251458
37174539
40152491
40135953
37076955
39910946
39907602
39893216
33471284
35376078
38785029
37154466
39814641
34099270
36409309
38409089
38233811
34261097
37836622
6490561
1634403
3065634
33194995
33292729
311546
39206715
37873266
36838004
38204030
38987674
35875426
31009306
20172814
38785498
33618340
36295327
36715986
36991232
30161279
38640178
38594102
37580198
29520899
38421243
31120081
38250001
15738598
35279376
38353535
38501671
30101195
1730685
30007773
36078619
2116326
38246013
3014848
3109509
655533
1582216
38141504
36376935
35310219
37516314
1948356
37991224
36625764
38061995
1593617
38033330
36559919
33152906
38018690
38017095
37992647
37212632
336159
33156596
37825261
37779628
31789456
35652243
37701161
37962948
37501878
37856806
37950741
34535980
37850322
36865090
33596879
32210694
32741784
35614066
6906571
33108783
36298704
1478550
37817928
34768668
36696017
35757014
35215496
1610948
30888881
37765017
27122866
37624508
31548792
32775926
37593386
37725674
32004730
659560
36299528
29071738
34306039
36566912
36886397
29956289
37108085
10887981
34689217
37631762
228748
34257553
31649667
34770777
37563071
1993354
37604289
20391718
5502861
37556425
1562952
1737273
2189616
35956760
37322158
33446198
37254757
16418911
36342850
36416159
37257065
37123750
33198042
13797691
36159250
28094275
15596225
37230080
37198383
37231747
35727758
29262487
35712214
37111418
37063210
36586573
34950087
7410461
36573533
32698748
36675191
31930341
33105457
32513129
36090835
34218848
32554504
33307638
36684811
36515770
32522806
3057643
36292045
36525623
36524997
36318098
34395806
36406535
35395714
29333654
30873155
35995509
155881
36336240
36224354
36060969
385838
36333354
34728637
2136142
36256814
16074236
35390395
36180975
31365702
36159055
36168433
33599119
35542573
36094459
29558332
1932870
35903176
30224280
33003093
35793405
35283128
7221621
34842004
34523776
34488307
11383191
32572509
24694309
35974135
35902329
35883137
29649316
30884061
73744
35792791
35744668
16039001
35757232
35706392
35665025
35662162
35654533
34027574
16083992
35643109
34154698
108944
35540768
20199352
35491857
35489079
27891641
34385049
35263013
34353186
31211237
34042846
33746346
32520555
33945504
34711755
35053786
35030928
35039651
33778662
31328625
33968532
2194976
2099736
33181286
6514991
1053903
34935671
16805836
30686173
33518125
30242089
2175706
33750074
373036
30064861
1464484
33158741
32722150
559985
33663611
33811255
34871048
11229861
8132501
497208
34301281
31686476
32709291
956295
34611842
32369536
16773895
32662280
27932982
29602231
31550078
34038754
34240269
32174075
1443249
1340482
31623338
2009368
1078333
627356
34404656
32515534
8697461
36050
27360718
34226890
15668079
29663232
29797764
32306979
4895061
33772719
10569401
1187496
34102508
34029319
2747108
130444
33080821
30407419
33429447
22410569
33923799
31081682
9855421
31448506
32355871
33426562
33725163
30262581
2623522
446295
3088745
2987484
1855976
978714
33607740
32789690
33843634
33139420
33714597
16709023
31100355
32092843
32585562
31789610
33159288
181052
33350682
31306461
33262802
1025717
29516175
33585723
32762093
1938856
31871659
33018396
32133675
15770397
2688970
33431512
8864041
15543988
15569913
10694991
33212772
165241
33228741
30704756
32809507
30680955
31810771
32659868
16212222
33119102
29154825
31820168
15811258
31812648
29126540
30851416
31932916
31195620
32090868
790656
31622540
32892341
29194068
24958915
32207333
31846940
562537
30167634
30308657
32676753
15788179
30664119
16091343
29253996
16758676
29622686
27513439
16224278
1198813
15592264
32324943
29047171
29099868
29330354
32037766
32142385
32596619
31208597
30230122
27285241
29636265
32492096
677269
2564482
32274112
32452281
20492716
16211694
32259356
31208581
32045153
31081680
27476845
29243407
29831504
29142102
32263125
32268260
20222842
11798
31854855
3239316
31372642
30610355
30249880
29110506
30537884
31242112
29266950
27298831
9285551
29061968
32217681
1179102
16110003
20387101
30450833
31589091
31655420
10754731
31128614
32119694
139713
29032871
1877530
30910169
29229734
29609227
29647881
310368
29311294
31895130
1088701
16256767
31570025
31637144
31448686
31006690
30308846
15582118
29099432
30591696
31117652
11699631
30253633
30886177
31018088
29591010
30591760
1167248
30595909
30504132
29946275
29819223
30281607
29811414
11406731
935189
16099517
1712001
16695088
12043861
27833914
15840538
51268
3234723
887471
486196
15838855
29213919
16781989
349648
15694581
3024110
16023177
3567841
3158603
15546038
16138057
15773226
13800251
9097291
12278231
15570420
12107951
4701891
1112852
8878971
8804861
