11798
18129
19401
26105
26563
36050
47858
56900
78348
122331
133392
139673
140997
178245
193832
197462
221406
241690
253770
261146
278131
315711
321102
322936
325529
351192
370157
429341
491617
514070
525572
559985
565984
569524
581737
594566
596167
597174
614738
644275
674097
695407
698009
700439
708023
715470
724802
746320
771064
773660
807131
813189
819850
833768
842663
843442
846904
872277
885936
904181
936547
954639
958236
959791
970797
980508
986514
987929
1002076
1003208
1005357
1051340
1076032
1084206
1102126
1158526
1185434
1215967
1235760
1286621
1293141
1313728
1354844
1368322
1388780
1404313
1440080
1460367
1465263
1480790
1511725
1532169
1556149
1564659
1566563
1574758
1598532
1634403
1634752
1643778
1647447
1647748
1688866
1690581
1819993
1826635
1832866
1833736
1842998
1853474
1871816
1877530
1918664
1946048
1964526
1971978
1994576
2010652
2013726
2046636
2050286
2122270
2145458
2213132
2238228
2312596
2382602
2395012
2536486
2588790
2617528
2630504
2635652
2691966
2723410
2725708
2811968
2825708
2831258
2836348
2895842
2911496
2946968
2952254
2961884
2961916
2988848
3039342
3048101
3055894
3063165
3105733
3116338
3136649
3205876
3219472
3240116
3500491
3563951
4671241
5016911
5389091
5815311
6981871
7010171
7305021
8380181
8431361
8903111
8992271
9494111
9706371
10255051
12128141
13797691
13999431
14046131
15596225
15671315
15839204
16050617
16073157
16174613
16354093
16372648
16458022
16459591
16611313
16652077
16655356
16692985
20172814
20201428
20314600
20406322
20472718
20476060
27175597
27234739
27759838
27898301
27931826
29584654
29637225
29638879
29777439
29929422
29931219
30136276
30144168
30161279
30229260
30394017
30446031
30458606
30896355
30915168
30936106
30982407
31101196
31172140
31287507
31421106
31432310
31437176
31448506
31471928
31498961
31641561
31660678
31695063
31759977
31867975
31887466
31923832
31933743
32182070
32244163
32406594
32444603
32546660
32800706
33012343
33052341
33178885
33182533
33250368
33298365
33471284
33531569
33532395
33565098
34228631
34288861
34297224
34310038
34310039
34460855
34570689
35065529
35356466
35421011
35497249
35580368
35951610
36055964
36058595
36080478
36092519
36145887
36149962
36161663
36247735
36309858
36342408
36353300
36359674
36392766
36660866
36722553
36748465
36766421
36845327
36863105
36863880
37043833
37054012
37061663
37096030
37140982
37183393
37321660
37350815
37609810
37619643
37623667
37735629
37738559
37750044
37859556
37921378
37951232
38067335
38095687
38099266
38181860
38182077
38183364
38215952
38252875
38254966
38296369
38385633
38504120
38538968
39064407
39183290
39425044
39480855
39688519
40067828
40120270
40121263
40168236
40191048
40344160
40465984
40574364
40648907
40903138
41359295
41375556
41441868
41466101
41514691
41578923
41591711
41591751
41645642
41793299
41795467
41856164
41965752
42027587
42297858
42592435
42656303
42698840
42933552
43077004
43184223
43289193
43334118
43541281
43612058
43686943
43862054
43916019
43936362
44045534
44070277
44127096
44165505
44203347
44229132
44235508
44298062
44412070
44793295
44890389
45023377
45113964
45184976
45235954
45318969
45402439
45626515
45679856
45751041
45830718
46001613
46213120
46219823
46226352
46259452
46315435
46388705
46536171
46689782
46773243
46795141
46957221
47176019
47188647
47221767
47311680
47335870
47411493
47427344
47452605
47663542
