947
11798
18128
18635
19957
36050
55295
63959
89254
119376
141849
181016
181052
193832
206534
214044
231890
270968
306743
311546
322926
348705
351166
353810
353942
357237
497208
507308
508099
510511
532859
559985
575523
596167
600355
627356
660465
671187
680109
682986
771064
781121
833768
851632
863527
885936
922332
940263
954628
954639
975165
996817
997522
1025823
1053903
1054168
1085669
1110624
1167248
1170258
1200306
1281687
1313728
1362080
1397526
1478550
1511624
1562952
1612850
1630592
1634403
1647065
1712001
1737273
1842916
1857358
1871494
1877530
1895100
1964526
2007604
2050286
2175706
2227824
2347786
2433726
2514434
2545044
2630504
2634934
2756024
2811256
2987484
2988960
3020399
3069241
3109885
3153572
3158603
3167625
3200203
3899521
4023121
4064581
5200071
5201071
5416941
6796441
6880751
7281691
7659271
7671121
7784011
9631601
10248271
10529761
10852711
11229861
11568071
11780841
12128141
13797691
13825821
14471931
14505171
14788301
15231521
15684306
16050617
16073157
16091343
16115821
16231491
16652077
16695088
16749982
20172814
20505799
27239512
27473320
27695374
27757705
29085620
29099432
29185215
29521709
29534878
29596609
29616322
29638879
29811414
29931219
29956289
30136276
30283038
30407419
30692628
30736887
31128614
31172637
31265564
31328625
31432310
31525614
31546477
31551559
31654607
31683422
31766278
31887204
32004730
32133313
32217369
32224897
32355871
32390084
32444603
32522806
32654523
32665248
32698748
32714052
32764561
32797901
33012343
33015800
33052341
33108471
33158741
33222783
33446198
33455400
33461345
33471284
33565098
33567901
33596879
33687535
33731680
33750074
33778662
33787992
33811255
33834984
33887023
33997210
34021836
34063962
34094217
34114661
34124645
34155513
34231198
34257553
34297224
34315187
34352304
34460855
34664661
34738246
34829884
34833095
34839837
34844519
34861210
35008493
35021150
35180320
35322329
35356466
35390395
35412494
35497249
35580368
35586471
35652721
35703455
35757014
35787021
35848891
35886829
35949017
35951610
35956760
35959134
35997913
36058595
36080478
36143618
36145887
36149962
36167527
36233947
36292045
36362831
36410007
36496295
36607708
36660866
36696017
36863105
36954591
37043833
37054012
37054377
37061663
37076955
37078428
37096030
37098117
37123750
37177773
37183393
37198383
37230188
37433288
37452015
37590878
37609810
37719703
37783796
37832826
37850681
37855813
37873266
37937240
37937293
37979149
38095687
38151428
38215952
38254966
38376291
38504120
38531018
38535689
38538968
38594007
38861356
38862178
39082023
39249006
39480855
39666126
39747150
39803383
39969276
40168236
40232644
40328496
40376269
40388727
40574364
40903138
41285607
41286185
41300795
41398626
41477852
41514691
41583566
41655329
41663318
41850586
41856164
41879250
41886838
42046778
42056861
42162600
42440304
42584673
42586385
43098007
43158835
43413766
43686943
44070277
44081214
44283738
44412070
44451964
44549364
44599867
44803077
44838960
44909512
45002913
45107432
45107850
45109725
45205992
45800673
45803840
46133173
46208381
46212896
46771538
46814309
47052924
47053180
47176019
47188647
47223195
47253962
47318977
47389416
47665460
