4
5216
6951
8242
9134
9875
10520
11798
13849
16647
16892
18128
18635
28137
28548
36050
37712
42819
42931
45582
51268
63959
67928
70488
72256
76245
76934
79361
86038
92181
93248
108478
110561
112546
113003
113863
119376
121030
121936
122012
122581
123022
124891
128693
130236
130444
130645
132439
133837
136170
136971
140734
141708
149574
149807
149826
150489
150910
150928
152280
154448
155881
157250
157357
163953
167523
169492
177735
180604
181052
183485
185739
187552
188237
191777
193832
194365
198203
201034
201632
206435
207260
209357
217019
218232
219392
220263
221138
228748
235720
237544
238337
240132
253770
257297
263414
269312
269592
270968
278840
280479
288258
289548
297614
301013
302218
306743
306857
308564
309977
311546
315219
316134
319828
320765
321102
322355
329074
335223
335556
336071
336159
336296
338875
346589
348705
348802
349145
349648
353810
354840
355685
356041
357237
357788
360832
361339
367593
371181
372677
374221
377817
378152
380154
381826
382318
382410
385838
390411
401743
405595
406160
412971
420967
422836
424281
427958
429732
431105
436614
437628
440114
443387
444878
446295
447444
449062
453153
465071
475697
475864
480654
480783
499036
500126
502382
502799
507057
507308
510511
511876
514070
514275
522830
524315
524718
530469
531655
534543
541246
545784
547694
549859
550460
550954
551062
559985
573227
575523
585573
591871
596167
600355
610853
611709
613087
614721
618374
627356
628860
644260
652432
660465
667915
672965
676572
677679
683942
696313
698395
703836
706517
708420
713850
715756
715883
716821
716927
723052
732580
732714
755147
760708
764211
765630
776919
785156
785764
787957
790656
792726
793866
802735
810427
814974
819730
822221
823085
825385
827847
829690
831670
833768
841653
848326
854982
862079
874606
885936
887471
894150
895724
904061
913302
932693
935189
935985
940263
941387
943846
954639
956295
958606
963274
968343
982280
988728
992928
997522
999609
1000103
1004213
1017955
1025717
1029377
1034317
1034892
1037158
1053903
1054168
1056038
1065986
1067922
1068500
1078333
1080527
1081591
1084014
1085145
1085669
1088701
1100205
1101828
1108160
1114032
1119955
1123205
1126892
1127451
1139092
1139570
1146459
1167248
1170258
1172857
1179102
1187496
1192100
1193578
1200306
1201572
1210236
1232953
1237142
1251128
1254215
1255710
1258884
1265975
1266819
1268242
1281687
1284048
1284736
1294039
1300856
1313728
1319757
1329963
1340482
1342595
1343524
1349362
1349803
1354597
1356579
1368322
1369147
1372992
1375382
1395052
1397526
1400867
1402570
1404949
1420444
1420777
1430848
1432173
1435856
1443249
1450237
1460058
1464484
1468056
1470788
1477035
1478550
1481369
1481841
1483625
1486208
1488056
1498719
1512850
1542633
1550469
1555322
1558235
1563881
1564659
1572988
1578705
1579038
1584313
1589279
1594671
1598615
1602757
1603318
1605053
1612850
1619907
1628437
1630592
1631158
1633529
1634403
1642310
1645073
1646868
1656182
1656484
1661762
1662887
1672546
1679259
1680354
1684998
1685304
1687886
1693015
1699234
1701337
1702810
1715073
1730025
1751607
1757207
1784641
1785505
1795727
1836090
1845438
1855976
1857358
1871494
1873720
1877530
1892260
1895100
1895438
1899540
1910430
1940432
1960400
1969632
1975098
1977790
1979172
1981724
2000322
2015776
2017778
2026504
2035512
2037232
2037306
2040840
2045010
2050286
2064342
2066790
2084372
2099736
2101614
2118782
2122244
2147086
2151270
2157384
2161636
2163636
2170134
2172194
2175706
2182550
2192392
2194976
2216770
2220672
2227824
2234638
2248092
2254654
2257306
2288290
2288902
2293014
2299196
2313196
2347786
2350512
2353958
2373152
2389568
2393674
2418850
2424380
2433726
2440380
2442692
2451710
2452778
2463294
2465208
2474458
2509722
2514434
2533298
2534466
2537688
2545138
2545382
2550754
2553122
2567778
2569930
2616396
2621380
2623522
2634934
2651158
2668024
2670044
2682822
2689610
2698542
2701630
2707220
2709952
2721352
2756024
2774674
2777032
2800682
2811256
2815434
2816076
2816342
2825932
2830612
2831258
2852112
2864498
2871558
2880174
2934632
2942492
2944724
2965586
2980110
2987484
2988970
3014848
3025051
3025588
3031491
3033112
3043392
3044835
3047678
3049907
3057643
3057703
3059054
3065904
3073518
3109509
3120807
3130800
3136011
3146202
3168506
3182556
3185736
3193338
3204121
3206749
3210452
3214067
3215707
3221343
3226353
3229232
3231064
3235457
3238910
3309341
3407761
3441641
3444521
3536441
3549931
3569811
3577061
3694341
3776961
3817921
3851561
3899521
3935931
3936401
3989901
4061291
4098391
4100661
4132931
4150211
4170371
4233201
4295881
4455891
4504091
4548751
4574321
4602081
4743931
4786481
4787421
4801121
4873751
4920321
5048441
5119571
5287711
5316611
5377741
5438181
5543211
5632591
5815311
5865071
5876821
5880021
6009441
6062641
6080831
6318161
6356111
6417311
6422281
6490561
6562701
6586301
6695121
6720231
6743421
6796441
6947111
6951591
7011261
7076881
7092521
7220461
7221621
7321611
7445221
7560841
7590571
7708711
7775981
7784011
7828131
7855331
7876371
7987711
8127411
8187051
8236451
8238951
8292911
8329381
8604821
8653771
8697461
8892541
8916771
8950001
9018511
9035721
9093931
9132001
9262271
9293661
9354041
9494801
9516701
9608161
9631601
9632211
9848761
9864381
9961841
10001611
10195431
10248941
10285171
10406001
10432531
10754731
10852711
10887981
10969621
10995811
11027951
11229861
11277471
11320901
11349521
11613981
11726681
11934341
11967091
12056021
12711541
13479141
13825821
13839351
13999431
14036451
14261141
14384151
14483571
14505171
14522191
14628091
14633051
14634791
14788301
14930541
15046851
15057881
15143091
15225431
15231521
15497521
15536303
15542713
15556027
15559884
15577685
15592264
15596225
15597086
15607066
15610501
15623470
15652765
15660865
15676931
15685351
15694666
15698246
15706969
15709420
15710218
15717614
15726649
15729279
15738598
15752031
15754928
15763159
15769359
15777277
15780246
15786008
15797480
15806268
15813028
15816217
15826071
15828710
15833386
15929370
15963179
16001809
16011416
16018696
16028388
16030160
16050617
16060412
16072171
16074236
16091016
16091343
16091380
16099995
16109884
16113739
16118750
16127676
16136676
16154452
16158500
16170336
16174654
16198621
16202778
16216633
16239709
16314037
16314505
16356817
16362166
16397278
16432171
16438627
16486615
16592425
16606297
16652077
16686505
16692544
16692985
16709002
16710268
16713727
16733968
16758676
16768387
16769239
16794937
16802494
16805836
18848020
19859968
20063860
20150803
20163223
20172814
20201428
20310952
20314600
20326693
20327749
20328433
20329657
20390872
20429035
20436964
20447317
20497357
20505799
20572219
20577727
20853502
21119478
22007977
22142575
22248441
22410569
23564420
23728913
23825176
23906682
24093920
24148170
24281495
24507988
24524806
24655228
24728183
24817960
24819444
24980431
24980800
25086175
25162422
25247892
25509867
27005977
27047983
27057838
27078529
27089110
27138115
27191155
27254686
27262423
27267319
27291610
27298831
27385696
27387847
27407455
27421762
27453715
27455299
27527125
27535054
27564673
27565363
27572128
27621592
27625675
27754162
27757705
27817105
27842722
27869320
27871006
27873109
27883805
27884465
27889049
27908659
27913217
27925770
27932982
27940960
27962017
27966128
27968235
28077968
29004482
29015921
29049851
29066950
29071738
29086918
29091894
29093406
29099868
29126540
29128353
29131195
29137284
29145934
29153283
29162487
29164309
29185215
29205392
29212729
29231809
29233080
29239516
29266950
29290019
29300262
29307307
29318487
29318698
29333654
29388434
29509821
29516175
29523083
29543333
29547749
29555612
29567395
29584654
29596609
29608215
29610149
29616322
29619898
29621512
29638879
29640031
29649316
29650066
29653756
29663232
29713121
29753835
29780374
29786941
29810412
29827915
29832069
29902611
29931219
29968896
29970151
29995225
30007773
30008136
30035407
30036667
30052620
30054388
30058493
30064861
30100405
30101195
30136276
30152636
30161279
30230122
30236803
30242089
30250183
30253633
30267371
30283038
30291452
30307841
30308846
30367335
30369218
30407419
30411022
30425039
30460686
30464041
30470240
30493434
30495123
30500988
30514259
30527052
30527987
30551173
30576208
30587329
30592178
30607864
30664623
30664787
30692628
30696473
30704756
30717800
30736887
30766738
30813280
30842705
30848818
30876796
30888557
30936868
30986404
31000111
31006690
31007302
31009306
31027722
31032918
31039395
31070973
31071138
31082396
31083446
31097846
31120081
31128614
31140147
31142494
31163133
31170100
31172140
31172637
31225367
31233114
31303592
31313419
31328625
31365609
31365702
31368796
31379459
31394077
31408319
31421106
31431900
31432310
31448101
31448506
31478315
31494838
31497787
31518494
31525614
31546456
31548792
31562403
31562610
31608019
31632890
31641561
31642395
31644084
31648480
31649667
31654607
31670149
31672985
31686476
31704196
31717515
31730802
31731761
31759977
31760940
31762199
31766278
31774666
31776261
31781162
31785201
31797942
31818818
31826231
31826510
31849548
31853762
31856123
31856194
31856266
31877314
31880815
31883705
31916219
31923832
31926046
31930598
31948211
31952926
31958563
31960182
31985691
31986571
31993494
32004730
32007010
32011145
32045153
32047465
32054549
32064929
32069054
32092137
32092852
32102986
32130725
32133313
32156994
32180353
32182070
32199068
32200260
32201730
32202291
32203261
32210501
32213884
32232538
32235194
32263125
32276072
32284465
32285373
32288681
32289627
32291291
32297219
32299566
32301568
32301946
32302017
32306230
32310145
32324943
32325098
32327800
32335107
32351827
32355871
32369330
32376022
32377365
32390084
32405332
32421158
32421794
32426210
32426694
32430037
32433013
32444074
32444603
32454918
32459102
32490033
32496714
32511073
32512868
32512935
32543426
32551949
32554504
32556320
32561635
32585562
32586285
32595753
32602742
32603445
32614942
32631611
32634084
32638739
32649855
32650706
32653535
32654523
32655927
32662280
32665248
32668209
32668882
32669976
32671683
32693201
32695949
32698748
32699105
32703125
32713577
32717252
32731154
32759979
32764561
32769849
32779166
32795118
32797901
32824967
32836860
32854739
32890809
32891164
32892341
32898389
32920544
32944571
32959936
32976222
32985590
33008968
33012343
33015359
33015800
33043070
33052341
33072704
33101991
33102396
33108783
33141591
33147620
33148584
33152906
33158741
33169219
33181286
33182533
33186483
33195238
33199410
33202066
33209714
33213015
33222783
33225191
33228745
33232042
33257270
33278514
33283858
33292729
33303922
33304434
33307638
33318432
33324913
33325882
33327204
33333932
33351668
33358197
33373146
33377979
33421261
33429447
33432979
33435398
33438780
33446491
33450215
33455400
33461345
33478703
33486639
33490641
33493428
33494156
33503438
33522239
33553623
33558476
33565098
33596861
33596879
33602407
33602645
33603017
33622157
33623262
33627173
33636505
33650487
33654851
33656580
33657367
33663611
33673049
33675906
33679974
33687535
33713157
33718035
33722523
33726771
33738390
33741882
33750074
33753142
33760108
33760420
33774277
33778662
33781843
33787992
33796498
33801000
33811255
33820371
33824617
33830241
33849889
33858569
33860932
33876496
33877176
33881532
33886445
33891210
33909240
33925002
33947389
33953573
33982736
33984494
33984561
33990343
33998177
33998332
33998362
34001472
34004421
34008499
34010297
34015956
34021836
34029319
34031054
34034257
34037728
34039531
34042846
34064706
34067537
34085698
34085752
34085772
34085804
34089808
34090270
34093276
34094382
34094795
34098622
34099270
34099663
34108572
34110308
34111873
34122858
34131727
34144549
34164316
34168714
34174720
34176815
34180536
34183672
34205872
34212482
34213184
34218848
34224567
34234467
34251749
34252763
34257005
34257553
34257788
34257982
34268940
34271915
34273869
34281074
34281340
34287282
34288861
34295100
34297224
34303971
34306039
34313704
34315187
34322665
34351175
34360203
34372926
34384747
34385049
34387564
34412743
34451313
34459466
34460855
34463553
34470821
34494244
34497639
34508594
34514115
34549154
34562915
34580019
34595388
34599585
34611108
34612041
34631606
34633210
34641207
34643835
34649933
34651665
34656089
34658632
34661345
34664661
34673542
34681461
34705505
34709684
34711755
34712675
34714895
34716391
34726732
34738246
34751237
34751894
34763310
34768802
34804432
34811211
34820068
34822330
34829884
34842004
34844519
34853053
34854332
34854916
34855714
34857917
34865020
34879692
34884676
34903603
34904284
34912368
34912878
34917758
34918139
34927639
34934721
34934984
34935671
34936371
34939152
34947124
34950087
34962537
34962575
34963255
34963903
34969295
34969999
34979627
34986411
35004259
35008493
35021150
35021468
35029355
35038673
35039651
35040168
35053786
35059806
35066240
35074436
35082686
35086110
35099581
35099583
35106115
35128978
35131496
35150294
35166323
35181107
35186315
35192754
35194738
35196470
35206503
35223713
35241096
35241545
35243680
35251065
35251080
35251087
35278336
35279376
35282162
35283128
35290150
35292835
35294013
35297357
35300210
35310219
35311378
35313971
35314358
35317334
35322329
35340564
35346368
35347656
35356466
35357085
35372220
35381471
35383644
35390395
35395090
35395714
35403346
35404855
35411159
35417620
35454836
35457924
35457925
35497249
35540291
35547429
35561457
35573573
35573811
35586471
35589842
35621769
35642560
35652721
35658308
35669568
35704433
35710628
35711654
35712214
35734508
35742701
35743322
35757014
35773220
35787021
35791948
35793405
35808325
35810531
35814616
35852827
35854170
35857033
35862908
35868713
35891490
35902329
35913707
35913877
35943937
35947962
35950803
35965679
35969575
35971388
35976020
35976180
35983367
35988329
35997913
36013777
36036876
36040285
36053921
36056126
36058595
36072492
36074423
36088964
36090835
36092519
36099161
36104804
36104946
36116340
36116444
36117148
36117776
36132341
36136389
36137424
36139694
36139989
36142446
36142896
36144645
36145887
36149962
36153868
36155570
36157931
36158118
36158318
36159055
36159271
36161663
36168433
36174269
36177229
36180401
36180558
36184748
36187548
36190120
36190651
36206173
36215514
36233832
36233947
36240658
36242782
36247580
36253880
36261291
36266626
36271156
36290947
36291235
36292045
36295327
36295363
36298704
36299528
36304422
36305051
36309414
36313076
36322413
36327691
36328735
36335589
36335729
36336044
36346914
36359043
36359674
36362831
36368416
36370588
36370607
36375907
36378265
36400892
36402865
36405493
36406535
36409309
36410518
36413583
36415690
36444626
36448909
36466227
36473370
36474119
36474431
36479005
36496295
36503942
36515770
36517895
36518581
36523759
36525623
36538189
36543182
36555786
36556814
36559919
36566912
36573271
36581096
36583105
36597050
36625764
36643797
36654419
36656233
36659663
36661392
36663285
36666664
36677649
36680035
36682596
36693868
36696017
36742325
36747329
36761353
36776160
36777790
36791258
36809558
36814981
36829241
36834514
36838004
36842978
36862953
36865090
36879805
36880650
36880657
36886397
36887514
36896428
36896663
36933791
36944482
36980604
36991232
36998327
37041530
37043833
37043900
37044466
37047665
37049902
37053649
37054012
37061663
37069775
37075133
37076221
37076955
37094341
37096030
37096290
37098117
37101855
37103393
37111283
37111569
37111710
37112422
37121970
37123750
37124606
37128105
37133533
37136660
37150861
37173807
37177606
37177773
37178043
37183393
37203463
37222860
37230934
37234673
37237990
37245504
37248556
37254757
37282818
37295073
37295891
37299366
37301013
37313925
37321239
37347777
37350815
37383739
37404001
37418291
37435296
37488592
37501878
37504093
37516117
37516194
37516298
37516337
37516400
37516426
37516467
37545051
37546190
37562104
37573495
37580198
37590878
37593386
37609810
37613983
37626759
37627586
37631762
37652002
37665863
37672932
37690739
37701161
37715574
37722725
37722812
37725674
37730952
37756277
37764819
37772465
37779628
37788492
37789638
37794049
37804293
37817928
37823935
37841507
37846792
37850322
37850681
37851820
37855813
37864378
37867891
37870985
37871689
37873266
37881385
37928050
37930916
37937293
37938734
37946689
37950741
37962214
37962279
37962948
37982212
37987137
38001692
38010354
38012361
38017095
38018690
38024362
38053993
38065482
38067335
38087037
38095687
38099266
38104917
38127643
38141202
38141504
38141639
38141683
38142003
38153176
38195881
38204030
38206730
38215952
38252875
38254966
38273490
38296369
38298290
38317762
38322629
38325697
38356557
38385633
38388818
38421243
38424113
38441833
38502299
38504120
38531018
38535689
38538968
38539709
38546417
38564916
38594102
38606502
38622085
38630457
38631141
38640178
38644621
38669006
38671488
38678207
38689323
38708605
38803386
38838215
38845853
38858875
38862178
38866331
38870132
38873853
38912565
38957184
38975205
39010033
39072259
39140353
39214997
39362247
39410289
39432003
39442196
39471235
39480855
39498303
39517521
39592726
39672592
39688519
39702608
39716505
39720882
39732964
39738153
39775220
39787374
39819328
39819554
39819640
39819713
39819805
39820244
39820487
39821087
39821228
39821476
39822756
39826155
39826859
39828779
39876830
39886727
39887196
39887793
39890437
39893216
39925934
39925985
39926997
39927137
39927406
39938314
39950919
39969276
39982325
40008996
40100470
40168236
40183497
40184158
40258042
40287750
40304814
40304817
40306869
40328496
40344160
40369823
40374533
40375763
40376269
40407892
40450491
40574364
40582972
40593918
40596747
40703703
40730287
40735688
40749111
40781897
40786301
40801268
40814534
40818502
40818891
40827416
40865490
40903138
40908765
40960544
40982067
40982320
40990078
41001452
41003588
41018492
41060137
41062588
41096713
41110482
41128286
41170699
41197966
41234612
41240864
41247190
41250206
41268741
41278521
41278978
41279434
41280317
41281733
41282351
41282414
41283546
41284427
41285142
41286185
41287051
41289152
41290692
41291185
41291798
41292521
41293452
41324465
41325546
41325937
41326448
41326778
41327188
41327506
41327917
41328519
41328885
41329606
41331077
41349230
41355655
41356307
41359295
41398626
41399161
41411126
41452758
41459773
41477852
41514691
41547182
41552743
41552820
41568424
41569682
41572066
41581934
41583566
41587978
41600886
41601391
41601902
41602418
41622781
41629366
41636176
41645642
41655905
41657338
41683713
41689901
41714204
41763343
41766606
41783347
41804421
41805046
41852820
41856164
41868406
41905998
42056861
42116343
42122215
42162600
42173196
42182484
42200942
42213061
42214974
42279793
42297858
42468526
42508219
42520232
42536044
42540979
42584673
42586385
42592435
42601556
42697499
42698273
42726156
42734274
42755638
42820765
42913775
42914761
42986642
42993963
43016837
43088536
43097358
43104337
43112703
43150765
43158835
43184223
43383305
43453841
43458483
43460079
43477110
43535873
43565942
43582570
43612058
43686943
43698619
43853811
43885450
43885995
43907326
43908270
43942358
44007420
44011738
44019246
44081214
44114714
44125296
44145362
44152944
44165505
44189226
44205146
44206841
44214452
44235508
44239137
44248822
44283738
44412070
44433601
44439606
44442114
44459233
44477045
44519246
44545745
44572569
44599867
44658264
44686439
44780891
44789299
44798093
44799628
44838960
44851715
45006365
45082986
45107432
45109725
45113964
45127947
45158155
45184976
45244552
45253219
45274605
45303065
45343032
45479581
45479634
45505081
45519214
45521473
45531017
45542671
45740493
45756987
45760294
45760437
45797216
45818068
45830718
45934715
45939372
45955920
45984961
46001613
46006290
46012061
46025386
46046013
46132779
46133173
46208977
46219823
46228336
46258121
46258510
46314871
46315435
46317366
46345088
46442156
46473934
46481292
46487027
46514706
46542775
46549382
46564196
46579728
46594793
46605831
46611352
46619169
46629904
46635654
46659603
46700055
46725536
46908782
46926713
46936911
47102461
47131837
47176019
47177102
47183125
47206111
47223195
47338444
47414616
47433838
47452640
47452882
47470333
47477154
47496356
47504918
47527882
47643906
47663974
47726522
47799520
47940543
47983073
