48020007
35704433
46345088
47663542
44803077
41286185
32185847
378214
952584
44070277
149574
29777439
40678592
44412070
31394077
47795193
47176019
47752079
30692628
31781162
47734735
47726522
36353300
40442860
47698924
39410289
46057587
277833
35134764
38065482
45981674
35949017
47411493
47645071
46542374
40574364
29027196
43762390
47630757
43376737
47628530
46058368
46019657
42425764
1430045
46505586
30161279
47520005
14505171
47508580
47508969
32676884
47417343
47414919
30430820
30229260
30136276
47414616
33788293
47223195
47378292
38215952
20163121
40797384
30872897
47335870
16652077
31421714
33667720
47265284
47217989
33887023
47144878
37590878
47178996
47177570
44599867
45525248
47139913
885936
47140408
47138892
46025386
47092466
47059930
1022861
45558296
35959134
37594761
34664661
46133173
156376
46487027
32653535
39672592
41868403
37183393
16073157
37350815
1085145
46907305
46908782
40903138
16692985
29931219
32685060
43221649
833768
46847085
38504120
46001613
46760637
44513121
31641561
41578923
46752163
46132779
38538968
34656089
44165505
46734922
45865577
596167
34853053
46611352
45817609
45818068
39688519
45521473
37451636
38535689
46513151
46542847
16117522
46213120
33194995
42032081
15724439
45303065
46494637
46219823
45830718
34549154
33298365
33012343
45803658
46437028
954639
46429776
39243483
16050617
38579246
46388705
40344160
46383124
37321660
37177606
46313870
46191075
43348474
39623249
35703455
987929
35874337
42162600
42734274
39880797
46223657
44851715
32409459
2041152
31923832
34714895
5216031
2707220
43078019
45184976
2879414
46133800
33740996
46073472
40786301
1029377
1741663
16575364
31887466
33117158
43104337
34039531
1477035
4132931
45817836
1672546
36263417
35241545
43016837
9134
45762505
36785613
45739812
45738376
31408319
45721209
42586385
41283546
41282414
3039342
412971
41533789
42801796
29810412
45573792
41856164
1487435
3095324
41023720
2269306
39155143
45516540
45487336
45426599
44492436
40262073
40228776
42200942
45343032
44283738
13797691
34387564
20390872
42584673
29638879
44967214
37404001
44838960
2059828
44214452
36964504
41834390
45253219
36485470
41834161
45242863
45242473
44572569
45225367
32747470
15231521
45109725
27753742
45109843
40735688
45158155
42213061
45127947
35289124
810427
1873720
45107432
45107850
15640419
44002493
34595388
33292729
2238228
45080613
43021651
16764574
29004482
3598061
45013007
44997055
32177469
44987856
289548
8431361
32288681
36663285
34738565
43713167
36496295
35192754
44935790
15706969
36538189
41303431
44789299
2365508
44129259
38184493
44877521
843392
440114
408993
11967091
44862282
3406561
15797480
30630871
42279793
34176815
33461345
2860116
41689901
40871742
3140811
15583108
39498303
34844519
34271915
16028388
771064
40304817
40183722
43686943
36753181
236068
35787021
20505799
1473720
35180320
31525614
44686463
37333259
37974411
44744360
35586471
31172637
34014023
2763488
44727878
43601805
38630457
37096030
33279450
8892541
11229861
35580368
37112614
44671640
33137913
32722484
44567508
44628658
41300795
41170699
43463012
44611598
33719411
44607142
29195707
38181860
40765587
44592281
42595006
39747150
36161663
44553660
842663
42177082
34297224
15623990
36392766
33650487
894969
35062631
44541181
28137
36092519
44532763
44522715
44442114
42056861
31901303
36253880
747359
44505626
44502841
29057469
42832604
41558686
37374584
33726771
3092638
124891
33565098
44440138
7602851
15386791
20528335
169381
675424
32455809
42798547
37043833
2288902
44081214
37583092
37582880
30696473
33052341
38095687
12128141
29015921
20508721
44437603
36292045
904061
3049907
3931101
8329381
37582932
37583032
37937240
30152636
37583148
37623035
37623052
37623088
37623102
42022374
4890991
39539062
16630303
36677698
36295327
39327860
6455781
36808298
44332583
38708605
31976226
35166066
43780643
36583105
36766421
44291389
37562173
37609810
41514691
1200306
40519653
36941955
32390084
36149962
38012361
44229132
44218348
43855044
30369218
44203347
1895100
44202734
44007420
44114714
33455400
37313925
1910430
351192
37693563
43612058
38067335
31766278
44152944
36233947
30574224
38894847
1634403
44108563
37061663
36660866
36863105
43882475
37191019
43956145
34093276
480783
42726156
39853044
39480855
34074480
43916019
2050286
35986072
37075133
43973375
30790382
41306593
917635
3014848
36504922
38677419
37426813
33015800
43535873
43535978
37413241
30639903
35356466
36991232
3989901
43208417
31654607
2811256
41963216
43876331
43877592
39380507
5815311
40287750
711157
31248312
37355927
37754298
43821616
42993273
37048405
34829884
38870132
119376
32133313
38594007
43722814
41429684
42993228
33564612
40755081
36313076
15671315
36696017
6299361
38564916
2389568
35200183
29221194
1208410
15596225
31313419
43803536
40465984
20172814
38531018
33004543
32352848
39969276
35322329
31030722
36737005
1171095
20314600
35637240
2722854
41250206
11798
32444603
218373
43273366
34470821
1146169
42698273
559985
36283240
40328496
38186706
16035161
1877530
20306578
675566
478879
35971388
29620409
16089037
29226796
347700
350737
1589279
34288861
42993963
38099266
1648582
32834097
24524806
43467479
1268455
1214763
30026118
35497249
36050
43140368
1929708
43415318
41591751
20201428
35008493
43395713
43395697
43395525
36347481
38503146
16032135
43393617
39604976
31044689
39895988
37054012
42986642
1013108
33333932
170354
15972982
34419423
34313704
38182077
42592435
37921378
43376250
30813280
