30692628
30161279
41285607
35793405
4803181
39011023
29316968
40574364
46226352
40678592
41283546
47752079
47176019
46442156
30348316
47705549
31287507
39410289
350046
38218070
37191019
44536810
30229260
46659603
39139537
484918
14505171
44070277
336159
47478439
47468131
47368273
32676884
1313728
47452605
1368322
30136276
35704433
44599867
885936
529402
47349661
38215952
46487027
32041576
42297858
41359295
41110482
47223195
24655228
47188455
46644855
30712289
1563881
34134004
37590878
45692230
11967091
36080478
43184223
596167
33012343
40903138
32685060
39155143
31265564
46133173
38535689
30664623
39672592
29027196
37183393
37788492
29266950
29931219
9066921
34656089
833768
31759977
31140147
38504120
36167527
37941413
954639
38252875
31641561
9134
46751093
41578923
39645605
45787273
38538968
46001613
36261291
514070
45450183
2777454
6299361
1460367
39688519
36342408
45391268
46213120
43033878
2831258
33015800
31248009
37661640
46455441
34306039
44412070
40344160
35703455
37951232
38273490
41871077
29541566
45800673
37350815
45830718
35024888
1564659
45184976
46219823
44909512
46315435
37177606
15231521
43107297
36092519
46025386
37054012
32444603
45521473
30736887
31923832
43078019
44572569
44442114
46089001
41850586
650034
1683427
33741778
42581711
40875351
46006290
45531017
44451964
45760437
46002168
33052341
35869871
32440842
38095687
38001692
34595388
43686943
37425820
32957567
33750127
40659011
44969530
1470788
1085145
37933037
171129
37612903
31880815
502799
41569682
41856164
29638879
44743036
33726771
43586399
37964412
35787021
37061663
41170699
16099995
31654607
20390872
37609810
32390084
36863105
41514691
230737
35586471
33881883
42993963
5815311
37048405
43273366
31797942
38594007
7627121
39432003
42986642
6796441
43361394
40526551
1492302
450619
37643848
32182070
42593502
42846305
37096030
125409
15596225
37855813
37871689
28137
39825738
3153572
41763343
41645642
35497249
41399161
41398012
41412995
38800942
2050286
1648406
39931678
40328496
36392766
37076955
33471284
38315537
33194995
1634403
6490561
511876
39111402
20172814
30007773
39079170
37021876
38204030
36991232
997522
38309773
37573495
38263054
34936371
33450215
35039943
14962591
33596879
37150861
36656233
33108783
29956289
1478550
33446198
35757014
37593386
36696017
37701161
37684601
36922403
1629777
32775926
34770777
33848599
33738435
35884650
35997913
1688338
31649667
35091908
13797691
29787255
790656
37198383
37123750
37111418
36583105
37043833
32669976
1200306
36793014
34820068
36543182
36655420
33307638
35710349
1898930
29902611
35569905
36581096
36366713
36292045
34934984
325649
36525623
1895100
36407153
31670149
35092488
35390395
35976180
34240403
31147147
1932182
977729
34212482
35008493
35355026
32198187
30411022
35222679
34385049
35186274
361339
29649316
29663232
35052576
35053786
35008347
11744331
34526963
34977801
16768387
1508454
34245763
559985
33687535
30242089
34734060
34713151
34442237
34702345
33811255
1085669
34691367
32662280
34614036
33158741
34622597
126300
34352304
1877530
764211
1053903
11229861
33245263
33446491
32355871
1893828
2531326
31431900
1281687
34478187
29099432
30240854
590289
31448506
119376
34198658
27621592
36050
14997731
32376178
2618508
16106636
34047029
34098550
33670957
33548487
33452362
33265093
33228741
1443249
32923155
32892341
761552
32677303
29099868
32091140
3226204
32056282
181052
6469301
153215
11798
31933228
2668588
31066529
30751443
30631196
30284430
30011596
29973645
29954192
29587863
29131782
29073882
29041404
27928160
27787813
27250051
27226201
27035632
20285734
15965233
2970582
15653898
15580079
