9134
11798
17169
18128
24518
26105
28137
36050
37712
43171
51068
51268
54844
60381
63959
64468
76245
89222
92064
98533
119376
119627
123022
126300
129993
130444
131884
136861
139494
150275
156133
157250
166653
174316
181052
192551
193832
194365
195812
205398
221748
222023
228748
233441
237544
243019
246612
253770
253940
277464
278221
285840
289548
293824
300208
308564
311194
311546
311616
315219
324909
325649
334993
341154
345572
352427
357237
360832
361418
373607
381826
393272
394656
406988
415311
422836
443387
445464
445579
446295
446529
455491
455608
463259
463981
463983
473390
489487
490954
497992
510882
514070
520156
522327
522830
525929
530360
530717
534766
544182
550841
555407
559204
559985
580314
586558
590289
595215
596167
599111
616376
627356
638020
650034
657789
660465
675292
689270
698395
713850
722797
723052
734176
744855
757599
770955
771064
781716
816712
829690
833768
835611
838842
839082
842198
843392
851799
857179
859357
882665
885936
887471
898070
909235
916233
918139
928458
934541
935189
940263
952584
954639
963631
964964
977496
977729
982280
983621
987929
997522
1008866
1029377
1038790
1053903
1054168
1056038
1076485
1076853
1080527
1085145
1085669
1088701
1092271
1103520
1103544
1112602
1118266
1123205
1136620
1147261
1166535
1167248
1170258
1175653
1179102
1189077
1200306
1204656
1213421
1222244
1223833
1251978
1255710
1258414
1258884
1277099
1278764
1289729
1291113
1340482
1342587
1354597
1358573
1372660
1373095
1380110
1386730
1389163
1395295
1397526
1398925
1420013
1420777
1443249
1460367
1464484
1465282
1470788
1476291
1483625
1508454
1513027
1559785
1564659
1576751
1589279
1590464
1593404
1610371
1619907
1625344
1634403
1642310
1659090
1659508
1672546
1679190
1680634
1685304
1688338
1701337
1709564
1711501
1712001
1734019
1737273
1754891
1778095
1779551
1799265
1820663
1844312
1855976
1873720
1877530
1888188
1892260
1895100
1908018
1910430
1914016
1923328
1940432
1945124
1995338
2000322
2037838
2050286
2064172
2103754
2137272
2182240
2186258
2189616
2194928
2222796
2227824
2230306
2257306
2260514
2273278
2273940
2310992
2350512
2373152
2423394
2446434
2463790
2465208
2490112
2506572
2536654
2538938
2540732
2545230
2557684
2560106
2565924
2630504
2631490
2636380
2671944
2682822
2689610
2695594
2728334
2756024
2785044
2811256
2864498
2878510
2889716
2893528
2904740
2915886
2944724
2987484
3004764
3020254
3020700
3023601
3032318
3049907
3075178
3077638
3087353
3088745
3106184
3109509
3118655
3136674
3143081
3150083
3153561
3158603
3168506
3212248
3226353
3230714
3680101
3684041
3805061
3827951
3927331
3966741
4076861
4098391
4132931
4151861
4453061
4526551
4547141
4602401
4646671
4787421
4787981
4812071
4873751
4875941
5119571
5425711
5472501
5580171
5668211
5714611
5815311
6447571
6490561
6516951
6796441
6906571
7221621
7222691
7334561
7540461
7570101
7600471
7624931
7784011
7956891
7998421
8329381
8608501
8620191
8745501
8836231
9035721
9407001
9762811
10111761
10376681
10529761
10596331
10754731
10760191
10763361
10852711
10859551
10887981
11229861
11277471
11388691
11534131
11699631
11744331
11987311
12128141
12234721
12776051
13797691
14046131
14055611
14505171
14883251
14900131
14914411
15194391
15231521
15301751
15420311
15542713
15550250
15553651
15559884
15565981
15587234
15596225
15608768
15642047
15684306
15706969
15754928
15782030
15803912
15814679
15814942
15816217
16029024
16029199
16041185
16045649
16050617
16078830
16099995
16101208
16117522
16123375
16125916
16141632
16173659
16194941
16237057
16254430
16281223
16314037
16376452
16457329
16575364
16592425
16630972
16639393
16652077
16692985
16695088
16737490
16749982
16758676
16764574
16798735
20172814
20201428
20221267
20236666
20303998
20314600
20328433
20347216
20373052
20390872
20467795
20497357
20505799
20539633
20557438
22410569
23032173
24105190
24148170
24207256
24226109
24451259
24524806
24655228
24817960
24980800
25162422
27115486
27116806
27138115
27230251
27267088
27453715
27630118
27645211
27765025
27848590
27899415
27903358
27924541
27937681
27938439
27954555
28138697
29004482
29015921
29048687
29071738
29072796
29074732
29097441
29099432
29099868
29124792
29126540
29129333
29145300
29155833
29229363
29266950
29271689
29292747
29463754
29514543
29573704
29584654
29616322
29638879
29663232
29676584
29786748
29787255
29813854
29814510
29831504
29889111
29902611
29931219
29947505
29956289
29965545
29970151
30007773
30058493
30064861
30101195
30136276
30149658
30152636
30161279
30163207
30229260
30232861
30240854
30241631
30242477
30245205
30253633
30283038
30307841
30348316
30365826
30369218
30382692
30407419
30411022
30425039
30445940
30447721
30704756
30727470
30736887
30756050
30843036
30857438
30907996
30976922
31007302
31123460
31127542
31130005
31153882
31158466
31172637
31209204
31225367
31265564
31313419
31315374
31328625
31372272
31379456
31382378
31397695
31448101
31448506
31460621
31460896
31463958
31484816
31516104
31525614
31546456
31562610
31570795
31573251
31608249
31637408
31644084
31649667
31654607
31664037
31670149
31677098
31686476
31762675
31766278
31774666
31797942
31819967
31849548
31856215
31856236
31916219
31950633
31976226
31988181
32007010
32015805
32044253
32053110
32092705
32094943
32114203
32123430
32130725
32133313
32176749
32192132
32202135
32210694
32217369
32234341
32235194
32288681
32295746
32300584
32300613
32306230
32307946
32308153
32309373
32309583
32314689
32318473
32327291
32355871
32361983
32376022
32390084
32405332
32422149
32426694
32444603
32469392
32469495
32469717
32469967
32495626
32496446
32496714
32496777
32512622
32512935
32522574
32522806
32543426
32544216
32554504
32614942
32638739
32643146
32665042
32665248
32685060
32698748
32703125
32713577
32764561
32775926
32823995
32892341
32897608
32935138
32935830
32959936
32961177
32961416
33012343
33015359
33015800
33025836
33052341
33116657
33141226
33152906
33158741
33187551
33198530
33199410
33222783
33228741
33232042
33269333
33292729
33307638
33355809
33421261
33429570
33432979
33446198
33450215
33461345
33471284
33481426
33493428
33501312
33534950
33553623
33565098
33576120
33596879
33650487
33654963
33660836
33687535
33720587
33727184
33740996
33769647
33778662
33779707
33811255
33818732
33860309
33864894
33885833
33909240
33968532
33996842
34039531
34051033
34057308
34059576
34068653
34085731
34085850
34089291
34094382
34102508
34110308
34120121
34122858
34176815
34181080
34196214
34202335
34208774
34212482
34226890
34234997
34240403
34254434
34257982
34261097
34263407
34268940
34269952
34271654
34271915
34288861
34295100
34297224
34305158
34306039
34315187
34317415
34340446
34343676
34352304
34360203
34385049
34387564
34402408
34418331
34457871
34460855
34473917
34514115
34517156
34549363
34595388
34607069
34651665
34656089
34664661
34714895
34715859
34746067
34746956
34806092
34818170
34844519
34854916
34884676
34934984
34936371
35008493
35021150
35040168
35082686
35174696
35191439
35192754
35246303
35279376
35322329
35330125
35356466
35379513
35390395
35411159
35482588
35485540
35497249
35546601
35555374
35561457
35572609
35577790
35580368
35586471
35616233
35621769
35636702
35640554
35654053
35690568
35703455
35708767
35773220
35788757
35791948
35793405
35811157
35867886
35919157
35933861
35976020
35976180
36012902
36058595
36080478
36092519
36104946
36116340
36131473
36132341
36137424
36142896
36143618
36145887
36149962
36153868
36158118
36159055
36159071
36161663
36190120
36206173
36206405
36228861
36233947
36238523
36239310
36239397
36242782
36251154
36253880
36292045
36294673
36297461
36299528
36303883
36304422
36314017
36318699
36318872
36333406
36335729
36347721
36353300
36370607
36372252
36385033
36405493
36410813
36414323
36414550
36414961
36415093
36420006
36420233
36432575
36434583
36440576
36441433
36441852
36442493
36442859
36444626
36457533
36457854
36458371
36458694
36466227
36473370
36478175
36481400
36481591
36483202
36483358
36484081
36484251
36496295
36517895
36518581
36524396
36525623
36538189
36543182
36556814
36578450
36579913
36580069
36580945
36581096
36583105
36598868
36599245
36614161
36625764
36632424
36632772
36655213
36658535
36660866
36677803
36682596
36693868
36696017
36742325
36777790
36782917
36808298
36809558
36834514
36842978
36865090
36879805
37005980
37021809
37043833
37054012
37061663
37069775
37076955
37078428
37094341
37096030
37103393
37111283
37114522
37121970
37123750
37140982
37150861
37164254
37177606
37178043
37183393
37191019
37198784
37199454
37203463
37212632
37217701
37222860
37230188
37248556
37250036
37250540
37254757
37262792
37282818
37295891
37296502
37313925
37321239
37321660
37350815
37391952
37422961
37425820
37459399
37501878
37546190
37555494
37590878
37609810
37610865
37649575
37649718
37701161
37722812
37723452
37734906
37779628
37788492
37794049
37798768
37850681
37860989
37867891
37871689
37873266
37885598
37921378
37928050
37937221
37937240
37937293
37938734
37950741
37951232
37964412
37987137
38001692
38003559
38012361
38018690
38033330
38065482
38067335
38095687
38141309
38181860
38186143
38197268
38206730
38209265
38215952
38218223
38233811
38252875
38277422
38285285
38300443
38307041
38385633
38424113
38441833
38502299
38504120
38531018
38533717
38537711
38538968
38594102
38613225
38622085
38630457
38631141
38678207
38740877
38796319
38800942
38803386
38858875
38872920
38894847
38917852
38930625
38957184
38975205
38980135
38987674
39009764
39111402
39139537
39140353
39219898
39332582
39410289
39442196
39619156
39672592
39683755
39684176
39688519
39692938
39745201
39747150
39777186
39818466
39847134
39886727
39895988
39914632
40005999
40101476
40131983
40134478
40144312
40183955
40232026
40272459
40287750
40304814
40328496
40344160
40347005
40369823
40374533
40376269
40436877
40442860
40479611
40538385
40582857
40593918
40612463
40630452
40678592
40687190
40714247
40801268
40818502
40818891
40864256
40877485
40903138
40908765
40940986
40990078
40990236
41001452
41003588
41016923
41020646
41056220
41060137
41096713
41197966
41198691
41207821
41245856
41250206
41268741
41282639
41285607
41300795
41324465
41349230
41386918
41398626
41399161
41452758
41477852
41514691
41552820
41569682
41587978
41622781
41645642
41657338
41670506
41683713
41689901
41714204
41783347
41819191
41834161
41850586
41852820
41856164
42046778
42056861
42116343
42157258
42162600
42200942
42213000
42223633
42279793
42297858
42405041
42537231
42581711
42584673
42586385
42592435
42698273
42717234
42734274
42913775
42914761
42972947
42986642
42993963
43016837
43098007
43104337
43140368
43276504
43302055
43319601
43383305
43612058
43686943
43734740
43740077
43762390
43885995
43923609
43936362
43960657
43974325
44007420
44022426
44027392
44028603
44070277
44081214
44129259
44170982
44203347
44205146
44206841
44218348
44248822
44270317
44283738
44322485
44412070
44430385
44433327
44433601
44442114
44513121
44572569
44682025
44909512
45107432
45107850
45109725
45113964
45184976
45274605
45367085
45391268
45450183
45510587
45519214
45521473
45525248
45531017
45558296
45573792
45626922
45760437
45787273
45800673
45818068
45820839
45830718
45964355
46006290
46012061
46025386
46046013
46089001
46132364
46133173
46209499
46213120
46219823
46228336
46245577
46258510
46314871
46315435
46345088
46382965
46425104
46465268
46481292
46487027
46564196
46671544
46719510
47131837
47188647
47223195
47227341
47338444
47417343
47427344
47436666
47452605
47491724
47581494
47652854
47698924
47879445
47914269
47997114
