1477035
30229260
35657092
44412070
30348316
38065482
30136276
47411493
44536810
47606246
2682822
45510587
484918
35703455
219392
44070277
36772578
46208977
32676884
47435147
35648534
30430820
885936
38215952
45002913
16652077
14505171
29931219
41578923
37183393
30283038
16692985
43184223
46487027
37590878
13825821
34664661
33298365
36473370
2186258
33012343
40903138
1354597
35704433
38504120
316755
37938734
45818068
34656089
40168236
35867886
31985691
44165505
2831258
46001613
44955861
14522191
514070
833768
38538968
46213120
44782872
31995113
39688519
35106960
46539941
723052
954639
46481292
33182533
33015800
16050617
40344160
45113964
45303065
35743322
42537305
38273490
37350815
38252875
42297858
45830718
42046778
31766278
35024888
45820839
1085145
39072259
9134
46046013
35293985
46315435
46219823
45521473
46006290
46258510
46228336
46012061
34714895
34384448
36458297
27476272
46258121
46025386
46277257
2567778
46258807
38957184
46132779
15231521
45800673
46036754
31797942
45391268
45025761
40818502
45205418
31642395
45184976
36614252
31049200
1683427
45760437
1029377
40841626
1672546
43104337
2864498
45984961
38651345
44011738
3168506
40436877
41283546
34651665
43821616
44430385
502799
35621769
41852820
44248822
34844519
31976226
30008136
41569682
42586385
42213061
33052341
39950919
34288861
42162600
38095687
34595388
35586471
37058800
37282818
37788492
42698273
44007420
35561457
34093276
36370607
36682596
42584673
36808298
44838960
34867697
43016837
45107432
31525614
29638879
41689901
45032157
289548
36233947
31654607
43686943
1892260
33046825
35241545
34176815
771064
44283738
32288681
16158500
20505799
31172637
39442196
36466227
31518078
32133313
34297224
44114714
42056861
37114522
41170699
33461345
32390084
43612058
44433327
33565098
37043833
29015921
37313925
42468526
38067335
38012361
44442114
8329381
37609810
33455400
1255710
39480855
42993963
32444603
37860989
5815311
40287750
38564916
43698619
43558125
34094382
15754928
43332102
34725190
6796441
368046
43139888
39666126
36478175
39895988
2811256
42592435
37881385
42257680
37871976
37855813
40397977
34202335
37146733
204536
34021836
2689610
1209220
35497249
37871689
37045120
37098117
37850681
37096030
40273095
35773220
29534878
35008493
24522829
37061663
37054012
39249006
36879805
32522574
1425302
41850586
326443
37859556
37619643
35531087
41708826
41250206
2944724
31007302
36427374
36753181
20314600
7708711
41062588
2050286
40328496
37675919
596167
37794049
33654851
40304814
30115667
40009391
15542713
39999807
24524806
33471284
386383
38141309
311546
34261097
33745093
6490561
36644610
39338145
39206715
33292729
39111402
37649575
30314130
38987674
31213066
38975779
36991232
29233692
38669006
38677786
37580198
19456
20172814
38641908
35297357
33596879
38003559
35279376
30007773
30161279
522830
123022
31313419
169492
34854916
38093423
38018690
35310219
37212632
36583105
37722812
1167248
24451259
1478550
33046106
37804630
37781930
1737273
37624508
36696017
37734906
29596609
228748
37593386
37715803
36299528
29956289
37631762
37578144
37230188
37322158
32775926
37301013
2189616
35956760
36342850
37254757
31649667
33446198
15596225
36666664
37332488
13797691
36159271
36159250
37296169
37278095
36036876
37111418
191777
32669976
29388434
1055997
1200306
36718280
34218848
32698748
33307638
32554504
36327691
33672786
36292045
538948
29832069
36410007
36362831
24281495
29333654
36335589
36305051
357237
35390395
27908659
34934984
14788301
155881
35059806
34085804
600355
31365702
35643298
36159055
32306230
36114387
5981211
35294013
32522806
35976180
15559884
34715872
32004730
29616322
24148170
29512837
27139687
2234476
6586301
1033820
29649316
2227824
35735993
35615031
34224765
790299
31627400
11814541
34508594
886367
32504440
35589842
243019
35493658
34985721
35396230
27958007
790656
112603
35411159
24507988
5377741
34212482
2257306
353988
1340482
2670044
14333141
35325377
1877530
108944
15816217
35195675
34385049
32629572
559985
600990
35051872
35053786
35039651
35045605
33778662
7221621
27103804
33968532
33478703
378152
3309341
31328625
2651158
1053903
9961841
34927145
33750074
34910235
16653979
34879548
1464484
33687535
33663611
1397526
34859297
34859173
29124792
14980581
34852695
32662280
16802494
30656400
32220033
119376
36050
30407419
33849889
30242089
33811255
33158741
34784795
33169219
11229861
34822330
31448506
16156280
1675727
29663232
32279288
11798
32445560
10124071
516316
34480499
33100873
32878304
2407166
32404364
1390301
31700390
31315374
30787285
29621701
29320369
29006896
27176170
16139573
16078299
15716118
15699108
15082951
14340831
6524451
3960671
3098627
3023453
2691016
2075190
2466130
2196988
