40945157
26105
35793405
40574364
29650066
1430045
30348316
44474780
30229260
256652
44070277
47490869
1701337
47427344
47122833
31448506
41856164
40328496
787957
869561
47131837
38215952
28094275
47167119
47227341
37054012
47223195
789336
14505171
47188455
46323667
45525248
37183393
29887929
35949017
30283038
11967091
16652077
33667720
36058595
47022912
1200306
45558296
37149222
156376
46487027
36660866
32685060
34039531
34664661
46133173
46132779
40903138
34867697
46972263
42297858
36080478
885936
30664623
33012343
596167
37061663
38594007
3020399
29931219
16692985
38095687
32444603
833768
45023377
39688519
42405041
31759977
38504120
34656089
40818502
34288861
45205418
38538968
31660678
40168236
1171095
119376
43565942
1474421
34844519
6299361
44165505
43060808
35356466
13797691
1634403
1354597
954639
2050286
20172814
46001613
35008493
35580368
38087037
11798
350737
42734274
36050
35586471
559985
15596225
39560078
36526777
1397526
34891841
34867837
34143307
33731594
29099432
32215244
29976445
1877530
31923155
31630268
16695088
31428976
31330632
31067203
31027019
30972911
29516719
29005102
27378859
27275188
27275179
1835298
15984789
13625191
3139724
10847431
1483888
12340571
