975165
45760294
46473934
47177102
46345088
47971245
43158835
46592628
32676884
14382921
47936732
47866470
1430045
30336008
33794146
47880055
40678592
43236174
37962279
47818218
45023377
30692628
37748639
24655228
47694511
46210041
44474780
44070277
45521473
47427344
40168236
45391268
47487031
37183393
1701337
47473590
1313728
14505171
47454089
30136276
46272525
38504120
30430820
38215952
29650066
34313704
47349661
40903138
35949017
6647601
3020399
29931219
45525248
47206111
30283038
46025386
596167
833768
954639
2831258
46750391
16050617
34853053
6906571
33012343
46460529
45184976
36614252
45760437
37639320
40818502
2785044
43734740
44459233
37036907
34595388
33292729
30008136
45720045
41569682
33106804
45663081
33455400
45362797
33052341
43373445
31727017
16072171
44655605
44007420
43021651
45424770
42936594
44648586
36353300
36359674
36663285
42584673
36370607
29638879
34059576
35561457
36685101
44967214
43253587
43016837
42200942
45225367
37654088
34867697
8604821
45109725
20390872
34714895
45188944
45188156
45107432
42213061
289548
32304660
37413241
40982320
45027825
43610478
45006365
34884676
44572569
35192754
15231521
44902124
44129259
843392
408993
34297224
1171095
28137
34856429
38181860
39634426
33461345
37313925
1477035
35787021
34844519
43686943
44754418
31766278
44114714
31988181
44513121
16099995
42913775
44442114
37114522
32444603
38012361
32390084
38095687
35008493
36149962
38067335
29145300
34288861
33565098
31654607
37609810
12128141
39517521
37384193
34315187
36660866
43612058
36863105
37048405
38917852
41670506
41963216
36165552
36313076
2728334
36413583
38564916
43907326
38531018
6796441
32363494
42993963
43586743
38099266
34725190
37096030
42900919
39666126
42592435
38285285
35597765
3055894
37877331
42634391
37855813
42549059
31985691
42448682
36853590
42406930
35497249
15706969
37045120
35652721
37619643
37850681
42170732
42104489
34021836
36879805
41477852
41905998
3025749
24522829
33015800
41783347
34612997
1295513
41714204
41657338
41683713
41399161
41622781
41398626
2944724
41552820
41552743
41248896
40582972
36753181
41452758
36168038
41430233
37721141
1080527
41349230
41268741
41203402
41197966
41145511
36409577
2050286
32603445
41060137
36495495
39939423
40328496
40990078
40990236
40906795
40908765
40593918
40818891
38630457
35322329
7708711
40801268
618487
40369823
36449254
40745520
37987137
40674857
40588562
36093463
37794049
40190689
30004405
37645258
39362247
33432979
37234673
39894049
20347216
33194995
37836622
311546
6490561
15578934
37873266
39206715
32718041
20172814
38204030
37804293
38400363
33471284
38151428
38861356
36991232
38672389
37580198
38650659
38640178
35297357
30444363
38631141
33596879
1634403
30101195
15963179
35279376
30007773
36299528
38246013
3014848
3109509
38202997
37041530
27871006
38017722
38141504
36625764
655533
37516400
14962591
33493428
37516337
36124522
38061995
37516255
38042215
38025506
35310219
38017095
37212632
37958032
37516167
20261668
37516117
33108783
1478550
35757014
37513847
27122866
36696017
37624508
37686818
659560
1480870
37299366
33046106
34306039
29956289
2189616
29810412
228748
32775926
4064611
15596225
37604289
36403327
35623352
28094275
2811256
10887981
37382557
31649667
13797691
36654419
37254757
155881
37217701
35956760
36159071
33446198
33774277
36777617
37198383
37123750
37178043
36040285
37250540
37043833
24199387
32129707
34820068
37103833
36583105
35710349
34385049
34934984
35356466
36793148
32522806
16798735
29616322
36292045
32698748
36555001
36061359
36294178
16060521
1365253
132480
2670044
108944
35219800
33478703
33999795
559985
33575841
16802494
30242089
497208
33811255
1628437
34697776
1085669
1397526
34595217
1386880
33687535
34352304
13943411
1053903
11229861
33158741
1340482
32250690
13671571
31507763
34471097
32355871
627356
349648
446295
119376
11798
32477002
33429447
8697461
31670330
31448506
36050
34237902
1179102
34286212
1342270
30730767
32789690
32439430
33896481
33643464
33596296
360832
33300536
32620450
33251845
6924561
16785643
32124457
1667551
14113571
31128614
16695088
660465
181052
1877530
15816945
27096712
29099432
16015908
31255373
