11798
18128
26105
28137
36050
193832
347700
480783
484918
500437
514070
559985
596167
655533
672965
833768
954639
997522
1029377
1085145
1255710
1314686
1458875
1460367
1634403
1642310
1688338
1877530
2050286
2630504
2756024
2799634
2807270
2811256
2864498
3014848
3226353
3235457
4088901
4570511
4581761
4803181
5815311
6252651
6299361
6486991
6490561
6906571
7708711
12711481
13797691
14962591
15601546
15706969
16050617
16485757
16652077
16692985
20163223
20172814
20261668
27896356
29071738
29107446
29500183
29600334
29638879
29931219
30101195
30136276
30161279
30229260
30430820
31009306
31313419
31314557
31353884
31394077
31421106
31448506
31654607
31656728
31677098
31766278
31773402
31781162
31820084
31887466
31923832
32043628
32130725
32130731
32182070
32444603
32618603
32721310
33012343
33015800
33052341
33152906
33194995
33232042
33263363
33292729
33450215
33455400
33471284
33565098
33596879
33718067
33796498
33811255
33877176
34008499
34093276
34176815
34202335
34268940
34297224
34315187
34460855
34562915
34595388
34651665
34664661
34741193
34804853
34829884
34844519
34884676
34919209
34936371
35292835
35310219
35313339
35322329
35356466
35376078
35455309
35485494
35497249
35580368
35586471
35597765
35640554
35641871
35652721
35787021
35793405
35864759
35949017
35976020
36080478
36161663
36242782
36253880
36295327
36299528
36496295
36498039
36583105
36696017
36719575
36722553
36742325
36744978
36775060
36808298
36828046
36834514
36991232
37036907
37045120
37075133
37076955
37096030
37104031
37146733
37150861
37183393
37186341
37212632
37221599
37262792
37313925
37321660
37425820
37451636
37516314
37545051
37590878
37609810
37638400
37665863
37668966
37722812
37727350
37750044
37855813
37859556
37867891
37871689
37873266
37885598
37921378
37937293
37962948
37979101
37987387
37989779
37992746
37993205
38003559
38012361
38017095
38061995
38095687
38099266
38123264
38141504
38189264
38215952
38246013
38252875
38273490
38305440
38376291
38421243
38423237
38502299
38504120
38594102
38606053
38640178
38862178
38870132
38962779
39166191
39410289
39442196
39688519
39826347
39946427
39986160
40287750
40328496
40344160
40376269
40397977
40590152
40903138
41328521
41399161
41441868
41591751
41615480
41645642
41763343
41791843
41856164
42032081
42056861
42116343
42209103
42213000
42257680
42340128
42586385
42589371
42592435
42811248
42986642
42993963
43104337
43184223
43361093
43376737
43535873
43535978
43597266
43612058
43686943
43712100
43821616
43894753
44007420
44070277
44114714
44225465
44270317
44412078
44433601
44536810
44599867
44729966
44851715
45032157
45068766
45521473
45574515
45671028
45760437
45939478
46001613
46002168
46012061
46025386
46046013
46213120
46226352
46315435
46345088
46388705
46454552
47188647
47197039
47335870
47417343
47484822
47625101
47653635
47857021
47878111
47940925
