11798
26849
28137
36050
37280
43547
51268
63566
67784
75025
77165
77864
80098
85847
89261
90796
111144
119376
125409
137035
149574
155602
162669
181106
187969
190795
193832
195554
239980
241208
289548
302683
315889
322926
338725
347700
393263
426222
460766
482095
484918
514070
515011
531655
559985
567576
571983
595215
596167
628258
654265
656360
672348
722115
749871
773967
800015
833768
842663
851632
863527
885936
922332
940263
952584
954628
954639
977729
996817
997522
1006048
1016249
1054168
1066771
1092743
1100421
1146459
1167248
1170258
1200306
1230311
1295513
1302976
1313728
1365539
1373830
1406505
1423449
1430045
1470788
1477035
1481486
1523757
1531388
1564659
1610847
1634403
1648582
1680196
1701337
1712001
1736551
1737201
1752681
1759531
1770027
1781105
1842916
1877530
1917300
1945786
1970728
2007604
2050286
2118186
2186258
2225536
2238228
2400158
2415958
2491948
2566714
2587934
2630504
2673162
2673720
2695532
2738540
2756024
2793114
2811256
2825056
2831258
2894638
2944724
2952888
2987484
3017071
3030748
3050714
3055894
3061523
3069241
3080140
3088327
3102661
3109509
3109885
3153572
3158603
3171605
3173015
3238471
3856931
3899521
4480451
4668441
5200071
5441021
5658921
5815311
6002901
6299361
6729941
6796441
6893681
7011261
7082891
7563351
7659271
8227931
8415591
8431361
8466811
8607741
8620191
9035721
9715241
9920261
10171741
10529761
10694991
10852711
11135771
11277471
11699631
11703781
11706671
11967091
12040051
12128141
12140821
12711881
13797691
13825821
13999431
14505171
14646191
14870671
15231521
15373141
15496591
15587234
15596225
15628288
15671315
15700661
15706969
15731447
15742482
15745915
15989758
16021002
16024284
16049469
16082928
16115821
16314037
16568293
16652077
16692985
16695088
16773343
20172814
20201428
20292985
20314600
20354551
20390872
20532016
20535544
25458045
27021130
27175597
27453715
27669625
27695374
27943390
29004482
29027196
29099432
29126540
29141444
29167178
29311977
29534878
29541566
29561077
29584654
29610149
29621512
29638879
29676584
29810412
29811414
29825428
29931219
30100405
30136276
30229260
30253633
30283038
30285616
30397801
30430820
30664623
30704756
30771745
30782255
30828321
31064817
31081682
31082396
31128614
31172140
31279342
31377545
31448506
31460896
31473228
31525614
31641561
31649667
31654607
31766278
31781162
31883705
31916219
32182070
32217369
32244163
32304660
32390084
32426694
32444603
32561562
32781176
33004543
33012343
33015800
33028865
33052341
33222783
33455400
33461345
33565098
33596879
33779228
33796498
34021836
34243702
34268940
34288861
34297224
34313704
34387564
34460855
34475518
34562915
34563712
34567820
34587996
34656089
34662148
34725190
34804853
34844519
34853053
35008493
35192754
35200183
35241545
35310219
35322329
35356466
35495855
35497249
35572880
35580368
35586471
35613926
35703455
35757014
35783624
35787021
35949017
35959134
36058595
36080478
36145887
36161663
36165552
36180558
36203865
36233947
36313076
36353300
36432575
36468700
36538189
36623461
36660866
36722553
36726098
36772578
36775060
36845327
36887514
36991232
37043833
37054012
37061663
37072647
37096030
37098117
37183393
37191019
37199454
37251405
37313925
37590878
37592484
37609810
37619643
37624508
37638400
37672932
37722812
37794049
37850681
37855813
37859556
37871689
37921378
37937293
38087037
38095687
38099266
38108556
38182077
38215952
38252875
38257409
38296369
38382327
38504120
38531018
38538968
38564916
38594007
38630457
39140353
39206715
39226901
39249006
39268207
39480855
39498303
39538922
39592726
39604976
39645605
39688519
39747150
39776010
39822000
39956902
39969276
40028324
40304817
40328496
40374533
40421756
40465984
40488313
40574364
40600904
40648907
40903138
41003588
41170699
41250206
41300795
41306593
41441868
41477852
41514691
41547182
41569682
41570707
41591751
41593019
41659774
41686889
41688552
41791843
41905998
42056861
42066114
42116343
42162600
42213000
42213061
42235052
42271006
42297858
42329757
42405041
42452426
42468526
42584673
42586385
42592435
42726156
42974762
42986642
42993963
43097358
43199512
43244299
43334118
43371440
43477110
43686943
43855044
43869336
43905654
43973375
44007420
44070277
44085570
44125296
44141251
44165505
44225465
44237251
44276160
44412070
44442114
44457516
44459233
44474780
44513121
44572569
44599867
45002913
45023377
45025557
45055193
45107432
45107850
45109725
45158155
45179345
45184976
45219585
45219755
45225367
45242473
45384104
45510587
45521473
45531017
45558296
45787289
45811143
45818068
46001613
46006290
46025386
46132779
46219823
46301843
46328326
46487027
46659603
46750391
47027454
47101780
47176019
47188647
47349661
47358620
47414616
47415628
47452605
47484822
47628530
47651446
