9134
11798
23207
26105
28137
36050
119376
156376
181052
194365
253770
336159
349648
350046
350737
358730
480783
484918
497208
514070
559985
585962
588088
596167
627356
660465
715374
717679
719839
725453
728758
764281
789336
792664
794293
833768
846034
857179
865009
871736
874850
883470
885936
912799
935810
940263
954639
977090
979013
1028336
1046219
1080641
1085145
1128868
1148463
1200306
1231336
1247636
1313728
1320458
1354597
1364023
1398925
1411032
1470788
1470853
1477035
1538826
1540734
1568734
1572790
1634403
1676706
1701337
1720935
1801703
1811125
1877530
1975098
2050286
2112718
2174110
2202324
2300374
2300834
2322018
2386136
2409412
2474860
2554756
2570770
2623052
2623754
2707220
2756024
2759686
2785202
2864498
2991528
3011336
3020399
3026543
3047815
3082237
3124052
3136674
3190499
3536441
4012781
4123741
4743581
4895531
5336821
5580171
5658921
6193241
6299361
7109071
7114611
7708711
7736001
8347321
8399121
8556001
9035721
9361461
9584481
9774591
11615651
12193881
12459071
13797691
13825821
14126761
14382921
14505171
14556471
15203921
15231521
15613432
15648305
15706969
15724439
15733791
15801530
15811258
15982150
15982254
15992852
16026358
16047899
16050617
16099031
16105336
16113739
16117143
16118329
16126025
16142118
16176281
16182481
16186230
16244158
16286359
16290538
16313491
16595941
16652077
16671181
16684246
16692985
16695088
16725079
16774948
20172814
20332108
20468746
21729930
27009364
27098338
27280102
27322876
27631609
27755662
27764665
27802081
27926511
29036034
29047908
29079007
29090092
29099432
29126698
29158526
29194068
29204027
29221097
29233257
29266950
29308906
29328914
29516589
29541566
29616322
29631586
29639234
29666938
29675389
29777439
29811414
29831504
29888565
29931219
29998343
30045228
30122240
30126559
30136276
30208488
30224874
30229260
30283038
30333962
30348316
30362781
30394140
30396657
30410635
30598723
30664623
30692628
30697225
30720091
30736887
30747213
30757543
30818271
31022948
31137586
31140147
31172140
31235710
31248009
31285314
31333123
31356448
31392125
31431900
31561258
31562488
31562489
31568925
31641561
31642395
31759977
31766278
31781162
31888569
32014485
32044207
32072208
32176897
32217369
32263125
32297955
32300827
32444603
32522806
32535253
32569027
32636782
32638739
32794952
33012343
33015800
33028865
33052341
33076227
33106804
33298365
33364977
33548178
33588128
33667720
33667790
33836930
33860932
33922951
34149952
34161633
34161684
34166364
34226704
34268940
34306039
34367432
34426977
34459686
34656089
34664661
34674733
34844519
34853053
34884676
35008493
35053630
35074802
35322329
35356466
35577790
35580368
35586471
35595933
35703455
35704433
35743322
35757014
35793405
35867886
35949017
36058595
36217664
36342408
36496295
36509586
36614252
36629092
36643797
36660866
36695529
36745623
36797554
36863105
36899626
36925375
36957144
36969750
37012756
37054012
37061663
37177606
37183393
37233746
37250483
37290276
37296920
37497198
37590878
37625171
37938734
37951232
37962279
38095687
38181860
38215952
38252875
38254966
38300443
38449349
38502299
38504120
38535689
38538968
38541316
38579246
38594007
38652971
38957184
39140353
39363822
39405709
39588222
39601373
39623249
39645605
39672592
39688519
39832060
39922196
39933061
40101476
40328496
40344160
40442860
40574364
40755081
40818502
40875351
40903138
41110482
41196633
41286185
41350753
41362085
41852820
41856164
41871077
42027587
42046778
42173059
42297858
42405041
42584673
42698273
42723564
42993963
43060808
43184223
43565942
43686943
43712100
43791882
43894753
44030022
44070277
44165505
44270317
44412070
44433601
44449784
44451964
44474780
44599867
44909512
44992153
45075782
45184976
45303065
45391268
45450183
45521473
45525248
45715724
45800673
45817836
45818068
45830718
45939372
45941848
46001613
46006290
46012061
46036212
46046013
46067854
46153013
46186765
46196797
46213120
46216789
46219823
46226352
46258510
46312370
46315435
46345088
46411886
46424470
46425104
46425603
46437274
46453821
46454010
46477152
46487027
46659603
46991080
47064647
47131837
47176019
47188473
47188647
47223195
47227341
47389416
47857021
