46629904
47452381
47841245
44042010
41868406
47920044
47451924
47703823
32820998
47677512
47836171
47799520
36770840
44075530
44906349
46635654
15609708
43163544
47427344
47452882
41985646
47102461
47223195
32041576
1671194
37183393
1537283
41907957
40903138
7314011
596167
33012343
16652077
33128903
41991410
46266783
42690374
43900021
697526
44641569
42297858
46858522
833768
43325047
46846404
46824421
46794154
32602742
34753197
33999296
46343880
33887023
35106960
46499308
4872061
46499138
46498950
46483659
2777454
46489362
46486148
46484862
46483909
46482828
46479947
46479047
46478755
46391359
45366005
46193590
45184976
34039531
46196797
1727020
6264111
41363461
36817786
1801791
41924810
34714895
35818752
33741778
35586471
35292835
16072171
44698150
842198
30770350
36102876
43588194
16457329
16383778
3042678
43361093
43886417
9804901
43642737
16700869
34176815
1638457
39358914
1661700
11934341
33537616
36437360
29638879
42179945
34767125
15640419
36692597
36538189
36573563
34110308
36149962
16158500
41583566
4981411
44557368
31172637
32390084
41080787
44522919
40460820
757801
5805301
34724356
40894369
3057703
40097591
38777646
41945121
32961939
36517748
36351009
42993963
33455400
15968056
41455785
36317368
977729
39860884
43462496
34010793
43897408
2825932
1436390
4003951
43234802
37718132
42710633
32444603
31594832
3235457
34824427
40747841
30849241
823800
41670506
42235052
38564916
40374533
38122310
43097358
38293995
37199454
30664623
40881266
39634041
42956041
37096030
34202335
31020335
27963076
42782985
38279663
16218880
42726156
42729759
38539709
41663718
37603651
36669336
42539976
41808471
7708711
368046
787652
35366575
36858813
38161593
1096068
37514129
42228152
3110446
41547182
3234155
32166212
31316544
1156223
37619643
30551173
32431907
41509762
32299566
37322881
39608793
27901078
16014429
6299361
41742797
33872662
41041317
41645642
41278898
31916219
41575530
36825903
41571443
39254134
37223561
31810462
36467796
1619907
38031574
1398925
29977107
37735119
35468714
37212679
30495123
16024997
32266969
2333358
2529988
39819623
37454480
27468205
1895100
32854013
35191439
40219556
1510866
1114032
39702245
31720794
37987137
37239333
6926421
33232042
37205019
39935829
685788
36012868
37076955
3172424
33282985
38312781
39771143
39491200
1620169
2347786
39503973
33471636
36474600
6947111
39466496
35690469
36317553
1268439
20172814
2332348
38924145
39151626
33484426
39211718
37873266
33187551
34644620
1236224
32974281
39031175
32653176
38404594
27918418
34876849
38167190
1533364
37923206
2513774
819531
466974
38572590
37320597
35161572
33858523
2317946
625027
27265012
38357781
1907588
37230481
36154118
1426911
31627450
35788867
38139800
38074830
35556629
34463070
37094468
1679129
1516851
36620751
35980873
37353968
15702385
37967761
37956990
1361544
1662881
3014848
1262699
34936975
34844369
420967
12553651
37243017
3137209
30004312
36927665
27122866
29596609
35691065
34478485
37684957
228748
37623236
23148
28094275
5502861
37542387
37506011
2630504
32775926
29131195
35972933
35864759
15596225
35830324
37148488
34025121
37205066
6422281
1772703
737978
215587
37096327
37349212
33844839
37332488
13797691
37010931
33823716
37206572
2840548
33596861
1140095
37028002
27699478
37070630
37090043
32434998
32704674
27799810
151503
31980426
36932016
36597814
36793148
36648487
36762498
32597240
32698748
36675191
36674859
36515770
1642839
7784011
32522806
35778776
34988878
36573470
34111873
35663466
33840824
34000880
36341047
36452443
33165857
36206173
36202826
35127393
2805746
36140016
36123576
35813308
35948177
35965528
31985044
35904875
27871383
35886829
32290773
35820618
1055997
77617
30884061
35719222
35463750
34785554
617951
32458918
1766941
34659387
30736153
35107806
27515872
34093896
32724875
14527551
31109955
34959264
34620231
30335777
35303860
1877530
34385049
559985
32368483
1210674
35039651
30307841
1619557
33778662
1053903
33518125
29663232
33750074
30242089
33811255
1464484
33158741
11229861
34715872
192998
15664157
14887711
33541730
34628768
34587704
34586149
27262423
30425039
33682137
31559648
1375592
36050
34317342
30718942
34376973
33729941
1899896
34314055
34254391
33687535
32230402
34183235
34120045
29899928
33873424
32598907
33959717
1091619
3088745
2716760
33628478
32603445
982593
33820860
33606106
33778388
16120991
33259852
33342123
2220672
907669
29610149
86647
33598758
5895311
29292672
1476291
33493713
29840650
12589531
32747520
119376
33147667
33085537
31127744
33085578
29126540
27916244
1648497
31918899
32562229
32706796
560252
32523655
30859242
15590079
32280092
538043
993252
10520
6525511
31773402
3152991
31774666
15559844
32217369
29231809
32326177
32297955
2853234
996055
1088701
32238231
29028234
31128614
31219844
32226773
29099432
660465
573243
11798
30038970
243072
29617957
29169169
29229321
1336826
29251755
32001591
31930598
31776842
675247
31943456
30551638
31808448
1859646
31795680
31824895
1455538
27080734
6141341
1854328
10357951
1395707
30998171
1479265
2160914
27833410
22410569
31236534
31152893
31172522
1301567
1473952
181052
11430631
3124835
31009243
30808021
535966
29596928
2805536
1913306
27962477
30745338
30633052
30656796
29512247
1349101
1738383
30396063
30246716
3117847
30052620
29811414
16023074
740789
3026038
16749982
51268
436144
29534533
29114660
16029199
2716046
1324521
1666448
15683896
27695374
15814942
532859
1593129
27936090
27899710
63959
27772768
15816217
14670191
2878362
27646570
27469399
15862074
1041140
27305779
27275821
27062503
16123515
441254
3158603
20150512
15492561
1006917
1508454
354035
1252105
15543449
16211315
1067585
16165826
15837617
2052134
12806611
128693
15799120
15727931
15718235
15683393
525548
15630212
1789837
115914
15475441
15236291
3238471
377817
1167248
787519
12792771
1028232
863545
10529761
11607941
8903341
221095
135981
38
3154122
2945642
349648
3158119
1660199
2451788
2886924
3155897
1324240
2547224
1917202
1701930
1601623
109049
1515788
1460111
378939
1136620
1300899
407847
299104
