6679
8838
9134
11798
12930
14190
17321
18128
19299
19412
19792
21306
23476
26105
28137
29944
30023
32666
33016
33215
35087
36050
46690
62697
63760
64406
66025
68164
68971
72082
77879
78899
79724
80627
81752
83284
85796
86932
88416
91052
99327
110311
119376
120533
125916
127606
134621
136925
137112
139438
145917
149574
152559
154753
155853
156376
157910
162183
165571
166602
185314
185910
185927
186083
186718
190954
192924
193319
195396
198437
201439
207383
210231
216269
219885
225383
225646
237366
237889
239964
241357
242556
246282
251371
258249
261824
262388
262952
263306
266781
273579
273754
275624
283487
285494
287534
290179
290776
299828
300799
302223
302775
310165
313488
314350
318463
323609
325471
326102
329940
331530
336159
340916
346458
346736
347672
347700
348592
350046
350737
350819
351192
352305
358110
359395
362907
365353
369114
383392
384339
387894
388106
400322
413339
413515
416023
416060
417619
419021
423468
424377
424419
424625
429966
441903
447368
453586
454122
455618
456480
460766
460959
467281
483945
489051
495110
498622
505767
507586
507597
511539
511828
514070
519516
519574
519584
522509
522670
522830
523238
524720
547999
549368
549467
552245
558254
559985
564812
566585
571983
579337
581856
590579
596167
596598
597937
602538
607939
612593
622357
629525
633694
644002
650445
659610
663461
664354
670129
674578
675509
687019
690071
692736
693860
708868
712206
725517
737495
742585
743460
754188
754642
756725
767322
772947
776018
776180
777214
787957
789336
802244
808728
808880
809153
810594
826460
831528
832943
833768
840420
842208
843392
850214
860145
864102
865433
869561
877307
884311
885936
886370
887142
895762
905234
907465
911867
918011
924941
933981
935800
937298
947815
952584
954639
954787
965050
975165
978311
979013
981234
1001047
1007746
1008866
1009055
1011618
1017514
1023499
1035163
1045727
1048586
1050975
1060055
1063720
1070105
1077553
1082634
1085569
1090251
1090583
1092136
1100037
1114584
1125453
1128858
1131337
1132969
1136020
1139351
1151704
1154796
1156645
1163314
1164393
1169568
1175743
1176083
1183427
1185301
1195626
1200306
1201332
1208290
1212680
1229493
1241752
1243902
1251955
1273571
1296418
1305319
1306376
1313729
1329506
1333083
1334942
1339755
1341548
1353509
1354597
1372326
1382548
1385879
1394493
1396674
1400472
1405071
1405815
1416246
1421417
1422561
1426720
1429483
1430045
1430230
1434048
1438502
1447995
1448312
1450237
1457592
1458875
1461333
1465405
1467548
1470788
1471044
1475498
1476268
1485505
1493839
1507511
1511330
1511398
1515190
1521479
1525893
1531386
1534380
1537058
1537283
1551756
1552835
1555852
1564659
1566836
1567171
1569066
1576715
1579038
1582540
1589060
1590067
1601986
1607178
1613798
1615461
1627516
1634403
1635511
1645075
1645527
1657358
1667074
1671634
1675240
1682811
1685407
1692677
1693303
1698369
1701337
1703071
1707637
1717376
1718362
1720744
1725346
1748197
1750159
1751233
1756357
1763805
1770377
1773593
1776453
1796237
1815829
1824887
1833044
1842340
1857240
1865040
1877530
1890694
1890794
1895246
1898626
1923094
1939866
1940714
1945052
1964030
1964526
1971364
1972562
1975098
1984340
1993494
1994290
2003820
2013004
2014566
2029726
2034972
2050286
2059832
2064012
2066900
2079576
2088702
2115352
2122360
2142876
2163600
2165768
2186258
2228286
2231394
2238228
2242378
2242494
2266608
2268742
2278328
2296944
2306708
2312898
2313374
2334606
2360324
2367268
2402492
2426204
2433726
2444636
2449952
2450842
2497492
2499680
2505700
2509144
2515046
2551000
2559974
2597122
2599812
2600942
2610134
2631072
2657504
2661618
2677202
2681220
2695476
2707220
2710664
2718598
2723410
2724988
2724992
2732318
2737484
2739664
2741302
2756024
2782366
2783282
2795598
2799562
2805212
2815594
2828516
2831258
2834498
2841214
2841708
2848362
2864498
2867696
2870918
2888998
2895632
2897286
2900796
2905060
2940804
2944724
2967422
3006514
3020399
3026614
3028363
3032431
3039342
3044050
3050754
3064384
3067508
3069874
3083330
3095369
3100942
3101690
3102400
3108455
3112353
3124052
3127698
3148352
3152827
3153411
3155099
3187403
3196502
3200406
3204237
3206023
3210633
3212610
3218720
3232279
3328231
3357481
3408071
3430751
3475211
3492191
3515581
3568651
3670151
3684401
3760681
3775221
3835411
4107921
4171421
4186271
4199351
4437671
4554401
4581761
4615471
4710611
4745831
4875351
4917821
4922041
4999471
5036771
5045391
5134511
5274731
5332921
5352251
5358361
5658921
5691891
5731651
5739491
6002901
6006621
6037721
6057671
6064271
6231581
6299361
6314531
6332651
6425711
6439791
6586301
6647601
6780001
6809631
6840351
6973541
7021021
7181931
7261181
7333321
7359341
7540461
7552111
7758061
7876371
7924691
8023041
8060601
8228291
8287051
8306231
8335081
8358781
8431361
8431451
8435181
8579331
8617341
8620191
8748491
8799511
8995881
9035721
9065241
9136141
9223801
9265341
9325471
9407061
9456781
9483541
9570031
9578411
9608411
9692921
9710421
9771491
9786431
9805291
9892861
9913811
9923651
9961841
9965971
10038881
10067691
10070921
10117591
10124071
10125571
10232471
10437071
10542761
10542781
10585491
10609031
10613731
10792981
10855171
11004061
11188981
11268191
11277471
11417271
11505811
11687981
11695421
11907301
11967091
12128141
12128801
12166031
12204791
12373601
12433931
12656501
12792861
13589121
13797691
13845471
13973621
13989801
14072271
14140131
14178431
14194231
14194841
14350631
14464261
14505171
14657271
14667081
14816381
14949421
15010741
15023561
15043591
15087491
15155931
15282421
15350431
15503081
15548336
15565298
15583108
15596225
15610035
15615189
15640799
15652765
15703605
15706969
15724439
15729279
15747347
15757623
15764591
15796072
15828794
15830389
15838692
15843165
15844223
15972208
15989758
15993739
16005464
16016507
16034233
16039001
16040877
16042023
16049787
16050617
16067006
16073157
16073677
16077257
16093601
16118273
16136626
16137405
16158500
16169562
16171708
16172352
16174613
16279135
16381924
16389736
16450480
16462930
16515541
16570897
16590325
16616404
16652077
16692985
20172814
20261029
20283871
20375611
20389822
20403559
20541829
22185704
24655228
27054244
27080734
27093694
27125656
27134941
27139219
27174583
27219331
27236557
27271384
27351730
27357460
27413269
27444631
27476272
27509926
27544747
27578731
27641686
27645211
27669427
27672547
27719479
27761974
27794620
27814882
27831382
27873079
27880359
27880441
27889049
27927793
27928110
27928193
28094275
29002262
29035133
29046529
29054330
29056290
29105985
29127118
29145300
29152147
29175072
29183254
29193377
29194948
29205119
29208982
29227612
29241296
29242593
29247703
29250557
29260744
29261956
29278914
29288757
29313662
29314013
29327353
29531857
29541566
29564986
29574359
29575542
29590666
29607105
29608877
29628761
29639188
29639876
29640250
29650066
29663232
29671566
29796203
29799498
29801486
29802919
29876391
29890556
29921150
29931219
29941279
29941692
29966206
29968277
29981966
30004095
30081688
30128967
30136276
30161279
30168595
30183631
30193011
30221334
30229260
30232174
30251532
30271164
30283038
30291429
30291634
30339879
30348316
30365927
30375167
30410782
30418201
30431375
30436541
30449775
30468316
30504213
30548325
30594595
30595150
30627720
30664623
30736887
30767096
30795917
30829801
30834356
30898530
30911609
30914804
30918044
30977195
30983471
30997321
31007302
31011116
31020841
31042279
31082396
31090816
31113155
31140147
31158562
31168098
31172140
31238438
31264380
31276269
31276467
31284257
31297803
31321106
31328134
31366253
31379548
31401681
31408319
31409986
31420940
31421106
31423253
31431908
31436030
31438604
31445800
31481268
31485617
31501477
31518454
31522143
31526180
31534379
31537692
31560932
31575632
31611527
31641561
31660678
31670268
31729428
31737486
31746467
31746630
31748946
31750447
31766278
31781162
31797217
31797942
31843618
31849635
31859364
31887466
31916219
31948211
31952662
31966832
31976638
31976964
31999705
32001709
32016191
32023809
32029613
32032820
32041576
32052436
32060109
32067630
32095661
32109996
32114131
32131407
32141030
32174645
32209569
32221815
32230722
32233401
32238808
32242504
32244163
32248073
32252634
32272739
32274922
32278143
32324943
32351073
32352163
32373761
32398662
32404616
32410289
32439826
32482095
32496812
32543426
32547426
32567571
32580214
32581374
32586266
32589128
32595753
32595977
32598562
32619146
32619261
32627951
32629655
32638739
32641780
32650914
32685060
32735936
32758242
32758933
32759782
32792744
32821376
32831270
32853875
32862063
32911803
32917455
32957366
32977952
33012343
33027931
33034499
33041889
33052341
33063760
33118776
33130785
33146434
33155597
33167125
33178359
33178885
33198062
33216895
33250368
33258697
33259556
33263363
33298365
33304776
33306221
33335853
33376592
33419678
33424974
33467222
33472377
33510455
33519700
33520429
33523013
33536002
33541630
33566738
33574670
33586187
33597617
33601956
33618340
33639129
33647748
33667720
33671938
33690032
33706516
33780078
33783626
33834494
33860932
33863649
33879137
33887023
33893168
33905976
33906712
33925657
33936001
33962753
33964920
33977069
33983305
33998197
34032895
34037469
34039531
34057524
34060496
34089825
34119221
34134004
34139881
34161684
34181829
34184016
34327177
34334606
34341137
34357432
34382477
34408776
34417277
34439726
34491726
34495160
34500152
34500497
34509367
34511203
34527134
34547056
34562331
34571273
34587511
34656089
34657872
34664661
34689872
34692320
34699158
34702735
34702790
34714895
34715084
34727003
34732793
34753460
34758269
34777223
34796466
34803562
34829836
34853053
34860283
34867092
34884676
34886224
34923780
34934517
34951373
34979500
35005744
35008493
35015159
35021150
35068116
35071544
35075251
35080437
35124457
35153025
35153795
35206913
35230910
35251204
35268417
35279019
35314401
35330763
35355805
35356466
35388257
35397109
35402827
35445652
35457007
35463341
35463825
35465341
35488521
35541252
35555748
35574246
35577790
35580368
35586471
35588259
35593463
35597765
35608614
35610789
35613147
35634869
35635238
35640554
35648534
35653081
35654105
35663182
35693375
35703455
35705757
35777260
35793405
35834621
35867886
35892158
35917676
35937599
35941718
35949017
35951268
35951610
35964818
35978977
36017724
36023679
36026988
36050605
36058595
36080478
36092838
36094392
36095453
36123824
36125131
36129044
36139773
36141473
36196703
36253880
36274227
36274637
36293115
36295327
36301515
36302328
36315183
36339312
36374206
36381512
36385654
36396104
36402740
36413583
36429495
36456906
36458096
36513754
36515417
36523232
36525238
36538189
36541242
36562699
36579684
36583966
36590438
36616410
36618834
36634541
36639175
36660866
36678085
36683484
36745623
36748465
36753181
36753632
36753778
36759246
36807632
36811267
36818350
36850801
36853774
36871858
36881126
36919501
36937450
36992130
36992264
36992274
36995972
36998818
37000571
37008815
37012756
37046011
37047597
37054012
37061663
37070046
37078428
37087228
37092920
37102501
37124606
37177606
37183393
37209626
37234954
37251405
37265059
37321660
37359854
37386765
37391952
37404543
37422961
37451954
37468270
37478091
37494696
37515901
37525802
37525841
37525890
37528360
37529790
37534301
37544541
37582224
37590878
37594761
37599376
37603730
37609810
37622653
37624871
37630175
37637280
37638400
37642160
37656947
37664355
37674286
37703538
37706278
37728898
37732157
37734771
37744157
37748639
37758510
37822744
37859848
37864378
37911330
37937293
37951232
37996980
38032583
38070839
38079991
38095687
38107946
38109007
38135819
38139013
38143680
38156376
38159625
38181860
38188128
38208242
38215952
38218223
38223639
38241289
38252875
38254966
38259051
38273490
38279707
38282085
38303822
38313595
38325551
38329978
38417789
38427256
38437762
38455041
38466956
38493267
38502299
38504120
38529529
38535689
38538968
38540367
38594007
38620474
38632473
38636998
38661138
38680404
38712111
38729895
38778923
38800300
38819224
38931104
38946424
38957184
38982060
39007267
39036674
39036980
39073422
39139537
39155143
39163816
39185768
39246924
39253729
39259131
39268363
39286524
39292725
39299489
39320148
39321335
39342444
39368602
39401641
39503808
39510587
39525178
39545839
39568065
39634426
39641256
39645605
39688519
39700984
39721833
39757619
39791559
39791863
39886727
39892341
39894151
39931678
39935174
39956582
40001379
40048610
40059555
40101476
40102819
40144312
40149666
40168236
40171768
40246917
40269273
40295841
40299723
40304783
40319327
40328496
40344160
40368903
40376269
40404170
40421756
40574364
40638809
40651700
40664662
40674642
40678592
40686984
40693720
40710644
40747654
40765587
40772045
40784411
40818502
40825159
40830102
40869782
40902096
40902648
40903138
40904638
40916026
40940986
40945157
40967099
40983814
41014935
41018492
41023720
41028907
41056472
41061739
41064061
41067955
41187120
41203230
41250206
41283546
41285607
41286185
41301944
41319642
41367194
41414352
41444714
41445686
41464994
41476625
41523549
41524703
41546884
41556994
41578923
41630304
41637684
41733516
41737790
41804308
41807553
41842566
41852820
41856164
41864342
41867272
41883148
41915540
41927374
42010818
42027587
42136375
42162600
42176698
42186823
42214427
42297858
42405041
42410449
42426062
42448165
42475070
42519212
42542167
42546704
42556793
42570045
42575564
42579521
42592435
42657220
42680504
42723534
42847742
42891132
42895047
42970899
42993963
43033878
43038019
43060354
43060808
43158835
43184223
43271501
43314984
43332518
43347557
43433150
43525227
43601952
43686943
43688839
43740077
43758051
43760470
43762390
43773024
43791882
43894753
43947541
43950543
43995610
43996262
44030022
44070277
44081599
44098129
44161112
44165505
44235508
44238567
44253221
44253240
44279975
44298062
44308528
44402590
44412070
44424844
44457983
44469761
44545745
44562462
44599867
44724275
44775968
44803077
44833749
44851372
44852039
44875312
44945874
44980728
45002913
45007213
45023377
45033057
45038869
45048777
45055722
45132026
45184976
45200789
45227796
45303065
45315344
45391268
45479675
45485007
45505081
45510587
45525248
45558296
45575262
45609863
45621440
45647517
45670332
45719488
45757654
45803840
45830718
45908926
45911160
45938232
45981674
45993206
46001613
46006290
46012061
46055334
46057086
46067854
46132621
46132779
46133173
46140584
46163389
46196797
46208381
46228336
46258510
46315435
46328326
46328525
46345088
46360615
46425603
46429479
46437645
46465268
46465787
46487027
46504632
46519065
46533128
46578342
46632925
46659603
46670601
46689782
46707256
46719510
46734922
46795141
46799915
46829005
46885307
46946961
46962220
47022912
47060986
47061639
47094833
47101780
47131837
47167119
47177102
47188647
47193351
47221767
47223195
47227341
47282896
47376556
47411493
47427344
47473147
47523972
47565670
47651446
47666414
47711832
47752135
47848404
47857021
47874861
47896733
47900740
47925338
47987726
47988531
48022710
