37962279
36413583
15596225
30229260
44599867
14505171
47478439
1313728
885936
35393605
38504120
41359295
40903138
596167
16692985
39423203
1443249
43221649
29931219
41856164
38252875
46723466
2831258
44782872
514070
954639
44412070
29541566
43712100
39243483
46242513
1470788
480783
45852117
42586385
34039531
32444603
41689901
37928042
13797691
42584673
42177082
32121230
36058595
20390872
29638879
36726098
29004482
45025557
36538189
44906120
35787021
39442196
37096030
39480855
41791843
1406545
36161663
34297224
37054012
37609810
12128141
37061663
33455400
38594007
40648907
41514691
32133313
5815311
40465984
31448506
42393610
20314600
32244163
42993963
42986642
42726156
38564916
39406531
41441868
36900036
36746727
32182070
34202335
36845327
39011023
37111569
3055894
37850681
42213000
90796
42592435
37859556
35783624
39498303
39249006
2811256
997522
34804432
28137
37098117
37871689
37474465
35008493
35586471
37043833
36991232
29266950
41886838
35356466
27175597
41645642
32376022
38088613
41763343
3153572
37217446
41477852
41899444
40328496
32406594
1634403
15671315
20172814
35497249
6299361
30007773
36223368
37619643
33596879
34021836
372916
1877530
35322329
41250206
33015800
41051127
35531087
32603445
36494446
559985
31172140
2630504
37545051
11798
35580368
36660866
36050
29072050
41398012
30616300
41398626
2050286
41548764
41300592
41080123
40905698
38940225
38772062
38497189
38203800
37376213
35563424
35482855
35315371
34915177
34671108
34575481
31899818
34317750
984578
269061
33421261
33473481
31285314
18128
12764951
31431900
33061966
32973572
32900396
32713228
120599
32471846
32060220
1457592
484910
31340212
68198
340571
30935976
30756807
30455986
30429235
172697
828031
29503886
27882307
27850162
27828073
27441922
769893
20526940
20441374
2307572
16113704
16085272
15720236
15679712
14715861
13949671
13730061
11260781
9528821
8529561
7622221
6291381
4402221
3234498
3191769
322229
3078675
3078322
3048501
3034599
2877256
2660052
2502072
2321488
2301796
2254340
2148152
2139910
2036000
1926204
1921120
1901176
