48069925
37413241
48020007
2992018
32820903
539828
27896356
39140353
37096030
35300210
44606767
36353300
45968710
46363550
682400
48020034
15590438
109672
65177
253688
359395
36421773
31548792
15558219
351192
45789566
38413069
48011037
144853
390497
48016257
37422961
30271595
46936911
306262
46540208
15099071
36808298
31478315
39359241
37078428
47900761
131074
45940735
35241545
47955173
46345088
14705631
38143254
47972301
47857021
31434088
47663542
36120204
47940879
14382921
44011125
46473934
43158835
33610498
32185847
1898930
33162704
24980431
32840141
310796
31877552
38499
46576248
24308066
22800
46592628
29047508
35134764
35793405
1470788
46216789
47925116
47898686
37928414
326035
40574364
47491543
72849
47177102
32626769
32805579
47883444
354956
36413583
388135
9347671
16059810
38300443
47651446
46411886
46328326
33167125
35657092
43348474
16213182
6647601
37962279
16273870
47871442
47868102
209124
42779955
40723201
46185226
75898
385476
266915
15569913
43236174
162897
357778
47616526
37750044
2374946
46537850
47389416
422836
47799520
161735
33787413
3119605
38862178
47838811
38796319
47835931
902762
41196633
47643906
32211776
249789
78139
129858
38860322
30787053
40945157
47052924
16285309
124784
11996
47801353
975165
23207
112155
33567901
47788452
42508219
14026241
356912
407385
1707839
27397792
149574
583412
145609
47564957
47176019
40678592
30692628
37818734
33596879
44545745
47752135
33733730
47704884
47758156
32018906
15640799
27959120
47749874
47749957
2138112
15706970
40439959
899089
47705316
46950649
47736866
1170393
182881
47726396
32209191
47726522
31287507
47728664
336743
45757654
46542374
14658981
38189050
1571432
33876379
1375382
47717659
47717548
193843
37121970
44117474
27881758
337687
180604
30408425
440114
1092136
32198828
8896231
31811199
47698924
39410289
14634791
29665000
837162
34951373
46635654
46415037
43782815
44298062
373149
45981674
42027587
389059
3684401
47459659
47658877
350046
44519246
31897817
47523972
45756987
757801
30935981
37534738
43236039
46179917
47661756
30348316
32887096
47651430
47663974
45863635
1784927
36957144
29097575
2252198
43076820
46105785
690071
47658982
36804885
42353942
27706711
32724057
7546591
1716546
764211
507929
436913
47643432
47645071
47583656
31394077
32454322
614316
47360336
326672
31725661
40982067
46356931
245725
43448575
50293
33178978
124891
47411493
53111
1400546
34315915
459808
34196472
46846983
41651433
310033
112629
8438
47630757
40762006
31500860
29650066
342596
12693151
35811575
29914122
47628530
32761555
31009760
5199211
46618193
36650218
2057194
29001110
1539533
38296369
37191019
29053884
1223992
16457329
239964
47623937
480139
46058368
46020057
628860
46554412
47621182
32178169
34571044
38000457
47138923
29192125
47397569
833575
45176306
47619495
40708147
47412419
44325
45760294
32041576
15834143
46328212
47477154
42425764
36311632
39243483
44404380
36887514
47616452
38385633
1126892
15538457
34268940
24989
150185
1021190
384629
45505081
35787021
32856134
32809507
29039798
44474780
29204597
47606246
34402907
47605745
32308936
780171
1450237
31974640
37551899
16083992
37860757
139709
46377851
47593059
43762390
353044
207824
47590413
1720131
47588578
3165827
36464174
553822
47153504
1433907
136864
23979973
5460651
47477025
14788301
325058
29047171
19065
34232185
47569242
31090390
310223
45510587
47541037
32825370
32482095
43778934
16694692
11272311
3406561
863493
32927554
42430
391593
2648196
77617
595215
31248065
11096711
375193
38082098
46429254
47470333
41630304
40595838
36286132
99597
44382235
20529232
16233757
15669209
3043392
33737124
46510374
33599119
31173901
31898212
47531399
721767
32929368
291249
38845853
72491
46879905
32491420
47529210
306442
115280
653465
249796
36740986
46195419
484918
1430045
214874
2859554
31623338
879982
93825
47520005
43600428
46659603
166651
44747247
39139537
47516299
72082
32191232
34980528
16062164
47515130
269343
30880736
195008
260869
31856196
228216
370285
43185113
1495148
906568
102354
152155
7299191
37314712
43894753
29621512
208238
47508580
47508682
79759
37573558
47049846
328279
198897
39889486
218112
37199454
38420098
32726406
45163974
262763
31083387
237544
151922
16610
23964537
2534908
29323526
1046410
320736
761552
47305854
31524327
1151871
29051972
46387336
353634
28174596
219392
108944
46258510
15838692
34341600
36538189
46667270
47448131
309398
47496356
32267702
37102
41632851
44652948
290745
85536
150507
27476845
47494045
43868759
55188
31847896
46208977
36775060
15789805
237206
33794697
378177
34081460
27138115
11614111
29323571
1136020
30167634
32253017
7778531
31409774
33860932
4232141
2945482
31854307
279202
370435
2264008
31498417
499787
40409819
370225
31887466
30872093
33028937
257990
1805579
29887929
35755127
32924686
33150806
167479
35160490
47485729
31448101
41217671
47183448
47426681
81747
1899896
16131003
43027
8425811
31797942
41110482
44320219
37874948
47366808
31941668
31448506
9361461
10694991
1932870
12469781
4424141
336159
355980
10195431
33726771
1701337
31821114
41285607
29637740
31021532
258630
35180320
32785861
45134645
42463761
35128270
45511060
32430037
2560106
47004401
5454211
46958643
33739595
128215
409155
33163042
31255056
3076087
27784066
47351895
15674567
45305176
35510327
30004095
30883618
34367432
35956664
46060865
36465784
33114324
30919314
32263125
15671315
44403289
40871547
35322329
358463
37124606
41615845
31744
388335
47433838
47368273
41571299
40730287
90796
240316
36523232
31963927
7179401
31805492
30430820
320519
37224050
338524
175457
379478
151911
358730
47079281
405070
312596
43456314
10232471
1819869
47473590
249879
40913860
5658921
37282439
40725214
129131
32676884
40202215
27715426
36020360
235720
37296762
265732
47454089
47452605
47454267
47427344
47134088
47452882
47452351
44270317
1313728
37736681
47450159
37391952
37991224
47417343
47304975
47277109
46477152
47414919
47435147
47439729
47439523
15706969
2474458
29501421
47358142
47358591
44002156
47349661
3049907
787957
46292964
39170812
47408796
47407658
33468749
40442860
31781162
47376659
47392486
47329
15758936
2707220
47387143
47381284
191777
869561
47378292
6499981
34234467
30872897
40464318
6002901
41867272
986733
47335870
35281191
45291630
34439726
32390084
47227341
36643797
46445891
38215952
47298198
31525614
46312370
38421243
2186258
47265284
38541316
32246575
1502356
43582570
30136276
1136495
3092941
47082976
38032583
37054012
47230914
10559921
47137474
14505171
41576793
47131837
47226796
47188647
47223195
34385049
47217989
259587
47207979
3505851
28137
13255
5054
45002913
185739
789336
1000103
34116230
47206111
47192335
43684555
47188455
29290019
45803840
16455109
47144878
47178996
47178196
47177570
37603651
2162396
2091054
46323667
47171837
35949017
13446
34134004
44599867
45525248
46089515
723052
47141319
20163223
47139913
47054439
31421106
86715
1563881
147035
34865166
129199
36656233
37590878
15414
44839714
47092466
36677803
32899373
19456
35059806
46515161
15634959
1155347
11967091
36018095
31430838
44442289
2232248
43494458
37473305
35780359
33467222
37713182
47066813
518646
44249266
15996864
40328496
1320516
27379201
42623314
1959860
9035721
44218952
4341061
44062402
31049200
31843159
469051
34854332
16652077
36058595
44231841
1477035
42157258
43184223
1200306
47022912
33235402
12204791
47026973
34243702
28094275
47025427
15972864
47020892
39039893
46533121
2459034
638020
35959134
33194995
46908782
650034
1194427
38894847
38678207
39149585
32911959
37758777
29573780
35889893
42986642
32045542
31995113
46970212
39155143
31265564
34664661
46133173
36270805
7314191
747675
952584
46972263
46487027
210233
39908880
383453
33667720
34136822
46969039
32653535
43026219
885936
46670601
30664623
1388397
37835801
37299366
46962220
43608312
46531466
32119948
46957122
45424770
46531118
34962537
37107304
38204030
35549764
507755
15559015
32602742
58238
29048773
41868403
33823716
36342850
46012061
30283038
46937961
35290150
480783
34935669
37828777
46530204
46529783
43740077
46157750
46529681
36312349
45774888
46014012
31684917
36521007
16073157
32334620
41283546
36142896
975628
46559119
156376
46907305
37183393
40903138
36080478
45558296
33548178
40388727
45008964
560401
46893272
34295100
35445722
44182551
35703455
27799810
2254660
45934715
1443249
2450842
42297858
46844955
1398529
36448300
4839711
41086797
29786748
41975804
31484816
42090784
1546084
26105
43246279
3113236
1607917
1730799
3020399
29931219
41856164
16692985
37237812
22700512
46847085
43221160
522830
1004384
38218223
46818054
34554855
40648907
44782872
32685060
46823148
40241860
33604028
46821815
46820970
38065482
46212896
40101476
209859
342128
46817356
32436565
44736857
268431
494835
45479448
46379939
46814309
45479348
46771538
27822424
1696844
32695661
46770543
37820613
46795141
43395958
178291
23163521
37611941
36202831
39880797
30161279
36359674
1454595
37177773
32444603
32185231
36814156
780635
33168800
20269321
46794154
38933575
29059465
46791841
35652721
833768
46789401
38504120
9134
42004269
42003675
46786377
4873751
41014521
36167527
3014848
42698273
40707352
46784461
44169385
8654851
38907515
1610361
38420560
39694044
745534
43344
37061663
27705658
29015623
44404294
46209499
46773243
40818502
45479234
31682030
44007420
45273880
862079
45227760
30850436
37012756
46221253
36310347
46694091
44947563
44279975
38254966
1401145
30551173
571983
31552797
35776140
11876
2707502
30289612
46564196
46760637
16039001
46755081
41442795
22870373
34448564
45379431
35343687
36230720
44513121
38067214
40898393
35521013
15543377
46753716
39011023
31641561
46752163
539692
32775498
41359295
42494235
45122699
44977762
44959195
44957853
44901037
44486941
46751093
29810412
35293985
45818068
32703125
46749877
45346432
1388395
46099288
45023377
31699716
27823021
1223034
30171681
33945504
34884676
37296122
30229260
46262018
42852451
954506
30444363
335288
33278514
602538
36225197
30679721
38158495
16434682
3088327
36261291
40168236
3039342
176028
763504
30149526
35637375
41547182
42102
40259456
93640
38012361
41904086
34062214
35874337
37583643
262103
41834161
1909080
125889
2840952
34716749
31668659
39180512
41583566
34108609
40759007
45787273
45811143
40982320
76934
36889904
36753181
43760470
31985691
6906571
46278897
31432310
45479634
45789120
1474421
37623069
2406592
37001434
45800673
31491001
39324081
9267
1522808
31880815
635944
146365
29787255
1877530
46719510
30656932
32875814
744855
33350497
44775968
29663232
387702
31991313
39535400
2443244
16103579
1123144
43044654
39666126
36938953
36655420
15231521
41284605
62697
1156452
45357230
35648534
15743758
12240291
15640419
38252875
46187115
38594007
32543426
34387564
16257463
44798093
34656089
29832069
37881385
27380221
15596225
2389568
8768181
36166399
8329381
45692230
27122866
34511692
40318244
1913306
1156223
12064581
200647
46676217
32638739
29257842
37105733
43104337
31242314
46585159
65062
34844519
35021150
31451167
1352478
6342431
15797561
27098080
38850077
34271915
21915986
45665490
42468526
35356466
36614874
29004482
10520
41928997
39886727
121936
46186358
36471897
44754418
37146733
1695917
3118740
44165505
44955861
13797691
44992153
43686943
31063177
445550
44902260
12844151
34191636
44665234
29966206
569993
36317846
397814
6935141
44966012
18720697
826460
41213318
46213120
894409
44532432
39545839
33502252
35502663
173684
37727268
31172140
144453
15724439
44430385
36654419
46693724
83166
37016653
34042846
42046778
710215
38745652
42993963
31766278
30251532
45113964
35654053
27876262
38020149
36614161
563972
36055964
46674708
41286185
46689782
34853053
40549483
31172637
7373991
1502600
42537305
27963076
39639797
43709351
36582847
35263169
12545151
1923328
45343032
39969276
27768811
34714895
38065060
11753871
38099266
35875426
38538968
27123661
39672592
45820839
30369218
29097157
12701951
31412838
1623319
38572780
42793749
21463242
2831626
44246553
37546190
45865577
46226352
970814
36399323
41578923
45741227
35149276
40755081
147854
31248009
43855044
46184846
45261305
36009209
596167
44856875
625677
40538385
36180595
16060886
19412
23455
16127809
44536810
36583105
45450183
1683427
37321660
13999431
14596871
37873266
14449321
37741202
40242478
9404311
15862074
46130706
45521473
33606306
38535689
14190
35124946
32390437
34587511
29564986
33350682
3352771
46219823
13825821
118123
237418
39645605
44433601
1188334
34775282
33012343
43791882
1085145
63856
32510395
35867886
1634403
29821442
43016837
43060808
954639
1443088
34815842
20435623
35704433
39033410
8734731
39663
3024929
3557951
35191439
39007267
27263884
32515873
1471513
46103483
44070277
7840911
45400694
1385151
140953
155881
143486
35106960
10487
46299958
1656182
45535539
32842748
119376
35024888
37458435
45154978
1291319
30852887
514070
1651545
8783961
29777439
40421756
35390395
37086039
1741663
46529463
38001692
1557713
24655228
30736887
31759977
38273490
46627340
46529439
2574908
27965453
36295327
34039531
32726147
2777454
39469361
46279408
40344160
36762392
2831258
35757014
20508721
1895100
1022861
32754475
29632585
31539488
397181
16028388
2050286
42405041
39688519
1000050
1310439
33590071
34161684
38210372
45175610
33227192
33015800
191083
33292729
10887981
44412070
1476238
31644084
34723761
31296827
15587234
46378985
902033
41514691
1354597
33017513
43712100
42584673
46132779
45367544
40023910
46228924
30948944
35208076
31860086
2041152
38024362
36954591
1735
32165917
33298365
4581761
36660866
34288861
38907726
16050617
44235508
29027196
37350815
38181860
37775536
35008493
43463868
38087037
35580368
46006290
46600527
350737
31660678
39231832
45391268
1842362
45830718
30281112
11798
43207150
20172814
6299361
34306039
46513151
43206733
36863105
43206506
31313419
559985
33887023
46186765
46140584
43206121
35586471
38095687
46001613
36253880
43200405
2864498
15988020
36050
43199861
42032081
45817609
46494637
46488947
4045281
46481292
43376737
33052341
45976137
46460529
46437028
46424470
46422871
37951232
29541566
46391812
45184976
39623249
39608793
29638879
8570351
44740736
44534124
43514098
42911096
27453715
41630044
41331084
7133101
40442758
40354162
40315643
40102592
39448249
38786099
38784830
38654181
38595773
38294759
37929734
37929373
37403455
35577985
35303550
34824427
34765122
34547414
34335507
33474370
1620364
31391941
31306737
30850126
30397085
2044480
29778783
29515004
29237741
29207744
27912928
20235019
16650322
16435297
16220205
5662291
16058248
15813890
3120935
1540618
15730676
1966870
15602343
2408716
1269522
