1992
8326
9878
11584
13083
16423
18128
18921
21853
25431
26747
31041
32001
35027
36757
42280
44464
45599
46726
47606
47776
50391
50824
54618
54691
59790
60838
61595
62421
62572
63822
63959
66211
66942
69350
71328
74747
74778
78844
80098
85568
87308
88568
88612
91205
91491
92470
92825
98123
98892
99465
101021
101634
112888
113401
115164
117153
118569
119376
119471
125237
128693
128794
129167
130005
130427
131833
133231
133928
133969
135046
139713
140814
143381
146100
147819
150489
155602
158258
166732
168310
171887
177222
178054
178822
180098
181052
182419
183488
184301
186936
191158
192345
194293
200984
202029
207397
207634
208411
209249
213174
218590
219063
223114
228748
229654
230220
230824
234297
235232
237279
238616
247477
250260
250329
250356
253226
254721
255027
257821
266549
281753
283315
284961
285729
286418
287004
287912
288113
288382
290232
295151
298457
300556
301442
304185
305156
306165
306191
306685
308132
310282
310509
312829
315219
316401
317369
318510
321346
322389
323291
323825
325036
325273
326496
326920
332021
333940
334373
335014
335556
337800
339080
339378
340056
340901
341071
344573
345634
349634
349648
351138
353617
356511
356863
360946
361090
363274
364471
365595
365705
368381
368528
377951
379952
380141
381180
384218
384866
387698
389680
393065
393375
395823
398158
402314
403031
403523
403552
404892
408887
417619
420918
424265
424996
426793
427124
427284
427768
430771
432063
434321
438929
440238
441254
441450
441903
444388
445844
447792
448749
449243
455608
457130
467145
469449
472220
474493
475467
481184
486786
489057
490541
492850
493279
497939
507929
511377
513041
525548
526914
531655
531986
536301
536402
545601
546517
551767
554813
556428
559985
566613
567907
574098
574689
588950
593325
596167
606401
612975
617481
622183
623810
628258
630621
641304
643314
648882
660465
667897
669604
674668
680815
682786
691400
695809
697526
700925
702536
706409
710215
710502
716912
722213
732215
732580
732879
734447
735664
736954
746485
749871
752805
754712
756097
756646
759453
761552
761977
771697
780674
781268
782685
788416
790299
790455
790656
794103
795116
796137
800473
800726
806569
807985
808613
809506
811739
812470
813586
816992
827722
829954
840654
847457
864095
873175
875427
877135
887471
893058
894969
897701
900713
904250
914050
918714
918999
925755
927256
927433
927470
930670
931463
933244
934550
935189
940707
940861
952209
966994
967432
971065
975625
978391
987242
991634
996817
998342
999164
1000931
1001535
1012420
1013552
1016712
1027069
1035259
1038071
1039162
1047818
1078795
1079772
1082589
1084255
1085784
1087215
1088701
1094861
1095809
1102115
1102304
1102419
1104545
1106109
1113928
1114790
1135097
1158535
1167248
1169153
1178336
1178605
1179102
1183427
1189004
1193945
1217594
1223073
1227675
1247433
1250801
1255404
1257735
1258884
1260254
1261195
1272449
1288556
1290538
1291125
1297461
1301213
1307256
1310249
1313037
1313860
1317821
1322055
1328165
1334015
1339625
1346099
1346969
1361544
1366361
1369982
1375258
1377299
1377865
1388185
1392773
1397545
1408434
1419063
1426214
1435276
1436080
1438502
1440406
1442477
1448179
1452188
1454002
1454474
1455538
1459148
1465282
1465501
1466459
1476238
1480877
1491266
1493561
1497128
1497635
1499373
1500598
1508993
1511737
1520782
1521264
1522118
1524914
1525498
1529261
1530111
1539022
1539835
1540976
1550423
1551295
1556049
1569046
1574943
1575517
1577145
1577832
1581388
1582534
1589277
1589787
1606821
1608618
1608931
1612850
1612966
1625365
1627007
1640228
1642496
1643339
1645070
1645212
1645912
1646102
1659198
1661101
1662619
1662942
1663141
1667257
1685076
1693405
1701729
1702713
1704896
1712001
1712599
1713437
1716658
1721617
1722476
1730385
1738383
1755647
1794489
1795727
1796615
1806057
1816687
1822105
1840718
1846254
1854898
1858718
1877530
1884156
1895100
1895176
1910816
1912404
1913994
1918856
1924698
1931240
1942224
1944292
1948860
1949600
1949702
1961580
1965298
1982844
1994702
2002842
2003798
2008142
2024144
2053462
2060598
2069958
2074548
2077916
2080284
2088308
2090184
2095300
2114112
2155466
2157282
2161166
2164214
2170546
2186064
2189358
2199674
2212684
2234232
2252198
2252682
2267930
2286800
2290292
2317446
2321070
2344250
2353410
2353862
2359930
2373152
2385310
2400158
2401042
2406074
2423798
2433726
2455760
2483738
2508848
2509638
2514328
2528190
2555096
2558356
2560832
2589988
2592336
2630996
2631092
2683992
2719276
2719530
2757376
2780410
2787286
2825260
2857502
2858124
2920144
2931780
2951048
2957136
2962666
3053471
3073396
3073518
3076070
3098431
3105772
3120862
3126901
3127209
3136674
3141246
3146202
3152504
3159933
3165584
3166470
3167379
3173015
3175812
3179406
3190171
3192332
3195828
3206730
3230332
3231996
3232856
3309341
3333061
3384141
3391281
3562681
3608531
3666971
3725221
3737681
3778491
3940801
3947441
4001171
4018161
4038611
4100661
4154101
4217611
4257021
4411091
4422131
4423001
4439491
4532931
4644921
4646671
4743931
4832111
4920321
4983091
4984501
4992291
5123211
5148401
5150951
5156361
5201071
5221081
5304661
5351031
5431721
5606661
5856431
5944871
6141341
6259881
6325261
6459721
6596861
6660341
6732951
6774751
7043001
7044181
7085871
7138421
7338291
7445301
7459551
7515031
7600471
7618041
7628201
7657311
7721731
7868791
8199891
8298131
8521751
8577461
8634441
8660211
8665641
8694341
8971171
8981161
9107441
9398611
9512171
9961841
10127531
10328221
10744361
10754731
11008031
11082081
11148521
11433851
11550611
11645011
11663001
11699631
11703781
11829551
12664011
12671211
12703961
12715011
12792771
12824601
13776041
14176421
14244541
14299131
14466551
14557061
14562591
15336371
15538894
15550591
15557156
15557774
15563332
15567536
15582118
15591838
15592203
15602265
15608768
15624679
15649548
15649919
15716840
15721646
15724838
15745359
15755791
15761234
15766624
15787998
15799268
15814053
15834652
15990897
15997767
16001260
16020758
16062457
16077108
16094597
16128899
16154096
16173659
16174394
16211315
16250659
16314037
16346374
16366282
16389796
16514167
16569526
16626346
16629436
16639408
16701556
16711189
16733167
16735357
16749982
16755601
16773343
20173210
20223526
20298274
20313391
20325979
20483353
20544292
27034996
27088090
27134941
27147001
27149170
27160243
27291610
27305779
27387847
27471820
27584854
27624247
27806200
27869700
27914042
27952265
29018380
29029528
29031760
29042850
29071738
29099432
29099868
29122673
29147785
29183933
29250137
29263308
29266515
29290172
29327090
29529125
29551785
29596609
29640031
29676584
29777884
29816700
29944456
30035305
30058493
30098263
30100405
30241631
30253633
30307841
30332684
30382692
30452482
30457885
30465764
30704756
30753129
30822269
30876796
30981466
31025521
31081900
31112237
31139999
31181483
31234230
31285390
31303592
31315106
31355988
31433986
31476511
31589725
31655764
31688477
31762675
31978846
32026409
32046544
32108946
32135201
32185231
32203081
32217369
32300613
32340746
32361406
32362140
32447667
32554504
32556123
32625132
32629347
32646299
32658505
32665248
32696468
32775926
32791919
32842748
33042583
33228741
33334193
33355809
33452362
33548487
33596879
33924275
34257553
34385049
34460855
34692249
34974726
35388899
35390395
35584135
35609722
35634555
35652721
35789646
35791948
35872509
35890792
35976180
36129370
36137424
36219143
36222185
36244142
36261331
36347721
36429386
36521890
36593969
36605550
36908592
37049881
37094468
37650807
37715574
37751131
37979149
38030041
38566645
