14382921
43962181
43961845
43686943
47663542
35793405
43960931
43960829
952584
29027196
36413583
46226352
43236174
41283546
42027587
37750044
47389416
46689782
44412070
36677803
47176019
35008493
36353300
47723991
43952785
43952638
43952461
43951958
43951763
43951651
43950633
39410289
350046
47559898
1450237
47653635
46179917
30348316
30136276
29650066
43376737
47628530
1621375
39672592
44070277
336159
47398570
47586890
45521473
44545745
30229260
4917821
39139537
40464318
36748465
595215
43953717
43954196
43954261
43954433
43954545
43960580
36775060
32561562
41632851
47484822
885936
36851315
35703455
47485729
47427344
1313728
47349661
1701337
47468131
43950123
41571612
41571423
41571180
41429435
44030221
37422961
596167
44002156
32676884
44599867
36020360
33012343
47454089
44030103
44029858
37391952
44029717
44029561
44029300
44029151
42979050
41285607
38215952
47368273
37183393
16652077
47318977
37054012
47142841
38095687
47185291
47141319
45760437
34313704
43184223
2689610
35959134
47013532
41578923
34664661
45235954
16692985
42297858
46424470
45424770
31660678
40903138
29931219
514070
38504120
39688519
46315435
46006290
45184976
46314871
36496295
502799
1564659
42586385
34176815
34867697
1146459
45107850
33015800
29004482
12711881
32390084
36149962
33565098
37609810
44442114
33455400
351192
44004534
34829884
37191019
42993963
37061663
42986642
38099266
39969276
34725190
41587978
39666126
38182077
42995207
90796
4255031
41441868
32182070
412971
42798479
41505538
37850681
41477852
42592435
37673181
35497249
6796441
37871689
42096485
32522574
35158730
41429521
41429378
41429193
41850586
2630504
41829146
37545051
41665237
39327860
41644882
41615480
31916219
41428896
41428798
41428693
40972418
40972505
40972689
40972755
41486905
2050286
130444
41250206
36168038
38606502
40972303
40972221
36427374
40970201
40970137
41315789
41315721
41314818
40406935
40405551
40299186
40275860
40275505
40274732
40274534
40274153
40272866
39702198
39702282
39702650
39655339
39654700
39703825
39704064
39704223
39978783
39978571
39978456
39978366
39978284
39978182
39978086
39977913
20314600
38800942
40865490
33481426
32949699
36824816
40328496
39702002
39701825
39701734
39701665
38630457
40724820
40347005
37296920
2797226
3168506
38622085
39999291
37234673
3014848
39907602
33471284
39610258
37076955
38142003
37867880
37854389
37854338
39597590
39598982
39244887
39244752
34726732
38972521
38972220
38886722
38886658
38886336
20347216
38885749
38885697
38852476
38852386
38852305
38852275
38852205
35919209
38972600
38972680
38972981
311546
38852185
32598212
33194995
33187551
37854443
37855262
37855314
38662250
38676794
38663170
38661057
35810769
6490561
33596879
35046363
37873266
38962779
37580198
35580368
38594007
36991232
20172814
38594102
31120081
38421243
34934984
1634403
38147176
30007773
38053993
30101195
35654272
38276173
3226353
35376078
36299528
6299361
38246013
29653756
32130725
347700
35520100
38146887
38146830
38146735
38141504
34385049
27871006
30410782
31313419
169492
15596225
34854916
24250561
38121509
672965
11798
35356466
32043628
37049881
34281074
35310219
38054583
36583105
1688338
37722812
33446198
36865090
37794168
1877530
34768668
1478550
36696017
1481369
2418850
28094275
13797691
37241394
36292045
37000723
1895100
36362831
36060471
32522806
33015359
36158078
36137424
36174317
36052597
35922899
35932332
35919109
35919258
35919359
35922610
35919522
35919623
35919666
35919819
35920238
35897255
36052624
35920078
36045739
36045708
36045582
36045497
36045432
36026957
36026927
36064531
36026865
36018909
36018819
36019061
36159055
36099967
36019193
36012774
7784011
32961177
36136220
31658370
35896834
35811254
35811581
35976180
29616322
32004730
35810835
35810452
35858083
35814703
35810398
35708550
35708590
35708643
35708528
35708386
35615031
35710628
35708789
6586301
35652721
31027722
35701013
35584285
35584892
35585251
35472386
35468897
35468756
35467759
35473033
35472280
1647870
35454404
309205
35442835
33146438
35381471
35126382
559985
1397526
3309341
15623990
30040614
9961841
34921869
30586215
16653979
34351175
33663611
235720
32444074
33687535
34800894
497208
33811255
30242089
30100405
32803683
1085669
34612634
1857358
33778662
2634934
33158741
34614995
11229861
34504299
34488502
34402433
8697461
1053903
1612850
764211
34231198
34198658
32614942
36050
181052
32789690
9855421
31448506
6319761
32355871
446295
978714
600355
2225254
119376
33117863
335556
32872147
431858
32775852
790656
30904838
32217369
31845460
15821626
1088701
31854305
31784387
31571282
30382692
1398925
16695088
29099432
31253510
31191615
16118206
1639228
30755359
30997105
1167248
11699631
27630118
3057643
30253633
30659069
30470775
2987484
30248865
348705
15816217
16749982
1712001
51268
63959
1511624
27375058
3200203
827446
16102027
5201071
13959441
