4
10
11
12
13
14
15
16
17
18
19
193
569
1094
2392
6862
6951
7760
8438
8519
8626
10094
10520
11515
11798
12504
13064
13255
13903
14190
14976
15414
16610
16863
16892
17321
17341
17962
18128
19257
19412
19456
19783
20605
20660
20662
21077
21372
21672
22287
22354
22714
23139
23455
25342
26625
26814
27873
29089
29300
29739
31247
31364
31744
31799
32798
32856
33387
33449
33673
34530
34844
36013
36050
36859
37047
37851
38499
38963
39336
39360
39663
39964
41179
41240
41834
42033
42430
42616
44218
44761
45230
45967
47051
47640
48302
48746
48946
49101
49343
50422
50802
51268
52313
53111
54844
54874
55478
55701
55899
55971
56181
57645
57972
58007
58238
58535
59306
60734
62523
62697
63833
63856
63946
64016
64135
64689
65062
65177
65555
66655
66849
67386
68006
68262
69554
70477
71216
71783
72157
72256
72849
73726
75798
75898
76099
76773
76934
77864
78422
79724
83166
83375
83440
84642
85307
85536
85599
86720
88824
89287
89346
89883
91295
93640
95476
95485
96306
96743
98184
98548
99002
99450
102326
102527
102652
102819
104251
107218
108069
108944
109672
111177
111187
112155
112167
113003
113863
113897
115345
115770
115986
116940
117762
118818
118856
119376
120594
121141
121722
121936
122059
122569
123022
124222
124891
126300
126356
126662
126670
127305
128215
128693
129131
129199
129858
129993
130444
131210
131604
131884
131925
132010
132137
133845
134282
135613
135654
136022
136170
137699
137796
138110
139524
139673
140075
140623
140734
140953
141609
142869
143381
143639
144055
144453
144735
145546
145958
147854
149807
151220
151503
151683
151911
152025
152280
153215
153485
154501
154888
155296
155881
157910
158963
159073
159692
161326
161682
162897
163171
163421
164707
165933
167587
169211
170632
171129
172387
172609
173274
173554
173675
173792
174094
174103
177215
178291
178329
179499
179614
180049
180604
181052
181600
182881
182908
183327
183447
183767
187756
189818
190943
191158
191376
191777
192267
192513
192551
192876
193253
194470
195104
197280
199319
201316
202810
202831
203150
203279
203417
203473
205398
206353
206435
207260
207509
207637
208238
208932
210025
210233
210649
210802
215257
215334
216144
218906
219069
219392
220740
221748
222023
222814
222890
223138
223309
224460
225989
226461
227988
228267
228748
230483
232353
232727
235720
236068
237544
237605
237608
237807
239375
239964
240872
242676
242813
243019
243290
245725
245810
247286
250170
251442
251548
252225
252772
253629
254313
254383
254392
254523
254608
255382
256478
258874
260812
260869
261840
262313
262767
262979
263414
264993
265581
265807
266138
267354
267420
268637
270064
270968
271683
271698
273217
273422
275127
275825
276090
278221
279922
279935
281383
281480
282534
283487
283592
284049
284509
284612
285078
286287
287015
287534
289037
290140
290700
291327
293139
293374
295151
297101
298766
299563
301013
301225
301506
302477
302774
303254
303456
303699
303953
305373
306442
306622
307074
307707
307850
308822
309205
309398
309614
309846
309864
310033
310165
310183
310368
310796
311616
311770
312624
312725
312763
313301
313667
314293
314360
315203
315447
315870
316134
316333
316350
316407
316428
316564
316574
316634
317002
317057
318589
318816
319009
320158
320480
320765
321477
321592
322006
323521
323637
324178
325157
325649
326477
328024
328399
328626
329563
331561
331900
332862
333264
333446
333493
333859
337226
337687
337876
338738
338776
338800
338803
338903
339311
342262
342420
344788
345467
345884
346426
347483
347700
347839
348152
348582
348705
348802
349136
349560
350872
351166
351223
352285
352990
353634
353810
354956
354998
355746
356413
356914
357086
357391
357780
358278
359544
360050
360146
361418
362725
365148
365552
365639
366719
367071
367451
368495
368649
369944
370687
371181
371501
372577
374065
374221
374779
375193
375443
375491
377249
377670
377817
378152
380600
380876
381829
381865
382119
383229
383427
384988
385476
385607
385824
386241
386439
386516
387866
388483
389231
390411
390815
395595
395643
397418
398390
400522
400923
401743
403058
403535
404026
405111
405260
405294
407975
408795
412532
412971
414813
415389
416496
416787
416907
416974
417237
417658
417721
420401
420541
420967
421889
425190
425285
427115
427248
429187
431858
432625
433092
433449
433488
435383
436144
438543
439038
440110
441557
443288
443387
443638
445550
445717
446295
446529
446685
446889
447445
449448
452186
452355
452442
453899
454944
455235
455327
456287
456881
456957
457058
457412
458981
460152
460543
460766
461128
462116
463062
463409
464135
464821
465227
465701
465994
466500
467281
467699
468443
469051
470053
472220
473810
475697
477039
477052
477637
477643
477713
478263
478941
479143
479728
479987
481375
482159
483115
483945
484719
485069
485918
486063
486492
486945
487840
488833
489283
489335
490152
495380
496610
497208
498657
499787
500126
500839
501501
503339
503802
504582
504704
507929
508398
509345
509481
511377
512035
512499
513193
514018
516054
516765
516786
518994
519309
519332
520156
522072
522830
524414
525592
526032
527159
528243
528773
529445
529840
531752
534543
534766
537285
538043
538094
539692
539828
540439
541846
542084
545597
547554
548413
548999
549070
549311
549840
551542
553081
555518
556726
558281
559122
559671
559985
562124
563150
563802
564026
564812
568884
569309
571983
572944
573227
573386
577361
579056
580544
581469
582208
584037
584192
584320
585573
585962
586452
587963
588723
588950
589941
590190
590289
590579
590634
591264
595215
596167
596531
598562
598964
599793
599906
600990
602954
603752
604329
604712
605070
606462
608191
608409
609991
611660
611709
613056
613087
613350
614316
614505
614965
615997
616376
617637
620691
621502
622808
623478
624050
624909
627356
627916
628860
629458
629928
630296
633539
638170
638378
641304
642091
643240
645978
657627
657736
657789
658645
659560
660465
663461
663490
663774
668093
669223
689838
691220
691250
691857
692194
693113
695919
696776
697526
700126
701066
710215
711082
711157
711894
712677
713031
715756
715883
716217
716301
716703
716805
716927
717267
718047
718097
718434
719993
720861
721767
721977
722025
722220
726426
729449
729467
731466
731740
732738
733932
734156
735156
735887
737978
740258
740601
740632
740789
740929
741121
741879
744687
745347
747359
748487
749226
750574
750753
750827
752887
753098
753459
754199
757123
757420
757519
757801
759839
760817
761552
764179
764366
767105
771015
772922
773529
774335
774896
777737
777965
780674
781716
782533
784143
784499
785722
785917
786242
787141
787652
787957
789336
790299
790656
791025
792194
794097
795056
796075
800556
802310
802735
804198
806429
806722
808214
812380
815666
815918
816865
817141
817308
819839
822983
825267
825523
827496
829690
830065
831516
831740
836021
838425
838647
838749
841106
842198
842380
843073
844357
847736
848436
848461
849318
849971
851851
852453
852464
853815
854283
855302
856192
856252
857558
857603
858385
858555
859258
860924
861704
861785
862201
864262
865669
866086
866592
866596
868144
869966
870479
872327
872515
872936
874505
874726
875677
876911
879982
880499
881161
881352
882367
883730
885936
887471
888415
888589
889383
890916
891512
891786
892240
892688
894150
894969
895038
895290
895724
896354
899813
900213
901848
904061
904128
906393
907173
908160
908609
909273
909382
914236
914525
915971
915984
916754
917635
918679
928584
935100
935495
937015
942692
943537
944559
946467
946625
947142
948694
949806
950360
950759
952722
954628
956199
956992
957199
964015
968552
970814
975165
975628
976235
976772
977457
977598
979013
985567
987519
987893
988553
988994
994295
995184
996528
998957
1000205
1001271
1001893
1002313
1002666
1004871
1005614
1006258
1007746
1011340
1015295
1019388
1023190
1026292
1026597
1031453
1032946
1033468
1033820
1036937
1037126
1038790
1038967
1041067
1043394
1043551
1044352
1046410
1047432
1051540
1053828
1053903
1054248
1055997
1056519
1056908
1057936
1058366
1061777
1062580
1065165
1065391
1068597
1068651
1070510
1072650
1076503
1076569
1078333
1079584
1080527
1081450
1082526
1083680
1084068
1085669
1086625
1088701
1089873
1090005
1091953
1093318
1093575
1093826
1095055
1095220
1095896
1096068
1096416
1096611
1097728
1100421
1102345
1102360
1102988
1103726
1106265
1110679
1111567
1112602
1113421
1115831
1116537
1117124
1117256
1118306
1119273
1119678
1119710
1122730
1122817
1123144
1123205
1127451
1127468
1128085
1129624
1131758
1132278
1132949
1133309
1134642
1134731
1136444
1136620
1137357
1138652
1139092
1139980
1140067
1140429
1140447
1141748
1143187
1143620
1144857
1145319
1145372
1147648
1148033
1152603
1153220
1153722
1154961
1155060
1156417
1156916
1158816
1160592
1163046
1163954
1164108
1164446
1167139
1168694
1169905
1171155
1171546
1175641
1179002
1180174
1183471
1187114
1187165
1189077
1189545
1189980
1190874
1191316
1193445
1195626
1195776
1195922
1199465
1201572
1202823
1204656
1205213
1206768
1207457
1207725
1208622
1209529
1210236
1212515
1214505
1220262
1222244
1224345
1224795
1225881
1227708
1228529
1229659
1231545
1231917
1232191
1232597
1232953
1234922
1235675
1236224
1239941
1240893
1242267
1243414
1248188
1249356
1251205
1251399
1251541
1252982
1255404
1256255
1258414
1259681
1262847
1264966
1265249
1266829
1269786
1272383
1272694
1274006
1274200
1276631
1277444
1281099
1281687
1282522
1284736
1285200
1286791
1288088
1292300
1292635
1293552
1294379
1295110
1297994
1299199
1299557
1300309
1301507
1305319
1305323
1306195
1306730
1308444
1310237
1313574
1313672
1314686
1315436
1315916
1316340
1318353
1322549
1324482
1325769
1326480
1327761
1327820
1327978
1329963
1331705
1332344
1332384
1332430
1332865
1334798
1335567
1336114
1336395
1339672
1339811
1340167
1342318
1342595
1344077
1344754
1349843
1351036
1351365
1354742
1356774
1358038
1360859
1361544
1361984
1362766
1369402
1369502
1371099
1371503
1372907
1372992
1373075
1373118
1374456
1376904
1377003
1377299
1381624
1382116
1384829
1386880
1387033
1387787
1388397
1390207
1390419
1394198
1394247
1395755
1396019
1397526
1397545
1400410
1401145
1402057
1402116
1402500
1403021
1404526
1404628
1405528
1405614
1407146
1409722
1412537
1413120
1414265
1414463
1415034
1416441
1418595
1420444
1421116
1422145
1424281
1427500
1430907
1431777
1432982
1435279
1438458
1442601
1443249
1445473
1446315
1449130
1450750
1451388
1452061
1452496
1455652
1456039
1456109
1456488
1457592
1458173
1458748
1460818
1462725
1464484
1464805
1465040
1466341
1467243
1470660
1471039
1471893
1472177
1473693
1475448
1477035
1480128
1480525
1480870
1480897
1481321
1481369
1481942
1482198
1482263
1483625
1484096
1485320
1486472
1487435
1492302
1492667
1494762
1496098
1496505
1496815
1498719
1499188
1499307
1502198
1502349
1503461
1505058
1506196
1506387
1506667
1508454
1509125
1511624
1511737
1514212
1515834
1516280
1516296
1516762
1516766
1516779
1517243
1518803
1519441
1521735
1523063
1524271
1530189
1531791
1532798
1532905
1532979
1534405
1536721
1537864
1537997
1538285
1540075
1542233
1545481
1546064
1546069
1546376
1546483
1547860
1548289
1549534
1550028
1550612
1554439
1555171
1555465
1561952
1561981
1563311
1565040
1569514
1569892
1571134
1572206
1573966
1575777
1575779
1577557
1582098
1582886
1584424
1585915
1586567
1589279
1590101
1592788
1593054
1593564
1597760
1598965
1600830
1603066
1604322
1605630
1606636
1608224
1608711
1610564
1610948
1611082
1612850
1613020
1617410
1618069
1619550
1619557
1621709
1622232
1622430
1623162
1623493
1625030
1626389
1627114
1628306
1628437
1628933
1629777
1630149
1630553
1630592
1633159
1635487
1635976
1637711
1638991
1639228
1643181
1644989
1647704
1647867
1647870
1648454
1651057
1651914
1652679
1655432
1656023
1656182
1657278
1660111
1662459
1663141
1668407
1669554
1672678
1672735
1673568
1677960
1680003
1680956
1684799
1684998
1688035
1688338
1688622
1689143
1690914
1691620
1691648
1692690
1693531
1697345
1697687
1697868
1699234
1702111
1704476
1704800
1709840
1710021
1715073
1716002
1716355
1718564
1720131
1721818
1722881
1723200
1723486
1725325
1727096
1727824
1727933
1729134
1729229
1730025
1730685
1730799
1733101
1734719
1737273
1738997
1748073
1748193
1761821
1764329
1765385
1766941
1768019
1770241
1773319
1774953
1775289
1775315
1777143
1781157
1783585
1784251
1787759
1792161
1794175
1795727
1797707
1800895
1804523
1804759
1805535
1816311
1816993
1817377
1821025
1823043
1824433
1828630
1831164
1832530
1834008
1835794
1836758
1840568
1841360
1843388
1844562
1849008
1849758
1857240
1858718
1859874
1864770
1864900
1869018
1869134
1873114
1875638
1877530
1878418
1880248
1884140
1884584
1885586
1888084
1889372
1892126
1893828
1895100
1898372
1898766
1899896
1900356
1900472
1901474
1902980
1906020
1906826
1907628
1909080
1912452
1913022
1916178
1920280
1920458
1920762
1924516
1926048
1932182
1932870
1934362
1943434
1946104
1948092
1948356
1952070
1955610
1959252
1962364
1963572
1965658
1971554
1972946
1973954
1975494
1980458
1981724
1983146
1988100
1988604
1990332
1990488
1992054
1995338
1999068
2002880
2004180
2008992
2009368
2011504
2013016
2015776
2020768
2020994
2021770
2022582
2024856
2027588
2028388
2029550
2029812
2029918
2034790
2036072
2037142
2038076
2039426
2039664
2040858
2045124
2045684
2050286
2051586
2056954
2057194
2057776
2058190
2060752
2061274
2062304
2068538
2070960
2072778
2073554
2075790
2080722
2080822
2084692
2085922
2088594
2089630
2090310
2092816
2098570
2103604
2108326
2109812
2111088
2119184
2123038
2123094
2128570
2133996
2136182
2138112
2138434
2139112
2139802
2140160
2141150
2141414
2146300
2148818
2151646
2153658
2153714
2158442
2162468
2167124
2171612
2171934
2173730
2174664
2175394
2175432
2175706
2183848
2189616
2190572
2194976
2195644
2196430
2196880
2198512
2201644
2205112
2209312
2211468
2217502
2220672
2220796
2221640
2222796
2230842
2234260
2234476
2245218
2246488
2246538
2246744
2251142
2254660
2265710
2267854
2272366
2273480
2274000
2279602
2285330
2288902
2291652
2295264
2295436
2296424
2297084
2298368
2301466
2312140
2313458
2315016
2317946
2322020
2323054
2326146
2332282
2333808
2334264
2335154
2339528
2339680
2344680
2349216
2349450
2354642
2360570
2366186
2366960
2370056
2371444
2380752
2382574
2382836
2382918
2384436
2389568
2390052
2393070
2394078
2397956
2401678
2402344
2406592
2408058
2410378
2416890
2418850
2424064
2424274
2432644
2433248
2442278
2444046
2446604
2452650
2452778
2453590
2456824
2459514
2462972
2464246
2468932
2469554
2470524
2477342
2480540
2480860
2481492
2489724
2493640
2493878
2496930
2499002
2499244
2502968
2505296
2509454
2509638
2512152
2512756
2514532
2517712
2518968
2519018
2524674
2525096
2527814
2531218
2531326
2533910
2534908
2547298
2548462
2550436
2550754
2552758
2554222
2557322
2558864
2568432
2568706
2582362
2588102
2590640
2590960
2606240
2607962
2614264
2615940
2618508
2620560
2631490
2631930
2632766
2635478
2635494
2636380
2639352
2641362
2643678
2651158
2658158
2661794
2663082
2666868
2666930
2669050
2670044
2670526
2673582
2676416
2676582
2679620
2680522
2683992
2685080
2687974
2688786
2689610
2700012
2700614
2702790
2704054
2705480
2709952
2713502
2717470
2717698
2728880
2729482
2734012
2736404
2739938
2772172
2779476
2784950
2785044
2787950
2792654
2793436
2797708
2798002
2799252
2806264
2809252
2809594
2811256
2815434
2816076
2816486
2816810
2817112
2822734
2823956
2826652
2827480
2829444
2830612
2831002
2831258
2831556
2834332
2840548
2840952
2842398
2845070
2845120
2845152
2847232
2849120
2855444
2860182
2863976
2877726
2879148
2880574
2884528
2889014
2889096
2894174
2896580
2904740
2907488
2907506
2909824
2914464
2915886
2917256
2918690
2920504
2930556
2930718
2932030
2936984
2946350
2946524
2952658
2953366
2957516
2960912
2965588
2971428
2972890
2977364
2987484
2989342
2990076
2990472
2993250
2994480
2995452
3002476
3002516
3002636
3010000
3010162
3011244
3012160
3015284
3016297
3017252
3017626
3018337
3019374
3023601
3023943
3025588
3028530
3028726
3035645
3036583
3037193
3039134
3044312
3046204
3046449
3048425
3049018
3049838
3050151
3050869
3051460
3053273
3054360
3055998
3056320
3056700
3056924
3057643
3059199
3061684
3061830
3062705
3063833
3064046
3064114
3064384
3065053
3070868
3071062
3071446
3073279
3075476
3075940
3077638
3080257
3080525
3081569
3082796
3085754
3088331
3088666
3088745
3089735
3091446
3094442
3097157
3098715
3099306
3101490
3102327
3103377
3105319
3106293
3108576
3109844
3109944
3110248
3110392
3113814
3114413
3114646
3115912
3118159
3118740
3118957
3119463
3120354
3120406
3120859
3123933
3126045
3126954
3127249
3129369
3129443
3131109
3133219
3133376
3133617
3135907
3136293
3136674
3138933
3145422
3145943
3146038
3149752
3151223
3156019
3158240
3158603
3166470
3168506
3172294
3172424
3174008
3176969
3177698
3181488
3181845
3182429
3182626
3183343
3183705
3185736
3185826
3188441
3189247
3189319
3192038
3195452
3198517
3198933
3200371
3200546
3201014
3206749
3211336
3211382
3212051
3212248
3212694
3219963
3220506
3220748
3220985
3221343
3222094
3223333
3223382
3226353
3227877
3232604
3232907
3234484
3238834
3239329
3239683
3258603
3260565
3261041
3303837
3309341
3314961
3319181
3325771
3332131
3339171
3353571
3363801
3377391
3397011
3407761
3472781
3494271
3518581
3520481
3526431
3565161
3566931
3589451
3600901
3644461
3670151
3705401
3720041
3726791
3739421
3744701
3765091
3809651
3846421
3849781
3899421
3969731
4006611
4023151
4030881
4042231
4054301
4064611
4090501
4090661
4098561
4099001
4100271
4100541
4151861
4153031
4160301
4171421
4182271
4190211
4198841
4223511
4224291
4255031
4269301
4276431
4283371
4297011
4300161
4322791
4334011
4339531
4341061
4363331
4413431
4416791
4426051
4426601
4442811
4456771
4492701
4495781
4504091
4509411
4512701
4545951
4547531
4548751
4551121
4565261
4567911
4596501
4615471
4624411
4634501
4651201
4673651
4692961
4694251
4771651
4776021
4787421
4826981
4857261
4895391
4938171
4991131
4993381
5031641
5046121
5109041
5119571
5133701
5145121
5154081
5187781
5200071
5265261
5277461
5340921
5357151
5377741
5380021
5406761
5426341
5438181
5441591
5495471
5502861
5543211
5567961
5591871
5643951
5709121
5736541
5742861
5750401
5765451
5776221
5793571
5796691
5798171
5799321
5808601
5812811
5865071
5879001
5884471
5891051
5901641
5915371
5958551
5965091
5974321
5981211
5994931
6009441
6060301
6064931
6071991
6084101
6086891
6099331
6109061
6164431
6184071
6189471
6207401
6217491
6221251
6234671
6271121
6276481
6278501
6285901
6287131
6307411
6317141
6318731
6323821
6324771
6337721
6377761
6422281
6425061
6447571
6447741
6455261
6486991
6487011
6499981
6502891
6521491
6560621
6580881
6583571
6586301
6604821
6637591
6641851
6644511
6656211
6665171
6692861
6699861
6720231
6723751
6759281
6769701
6772891
6781141
6856511
6882031
6905581
6919651
6929351
6940511
6947111
6970931
6982121
7011261
7090751
7103631
7118951
7124501
7154901
7184771
7202131
7211261
7212251
7220461
7221621
7224011
7251861
7263681
7281691
7317201
7321611
7334171
7334751
7338381
7363251
7398951
7410461
7430491
7474171
7479741
7503291
7531211
7542111
7569541
7570401
7573251
7576981
7580651
7581171
7609011
7613211
7613741
7679861
7679931
7712101
7732581
7764571
7770951
7778321
7778531
7784011
7806981
7817091
7843231
7853871
7861071
7876371
7879801
7894791
7916571
7951761
7958071
7961181
7975181
7984701
7987711
7996471
8017101
8020801
8048251
8083921
8094391
8112301
8130421
8135291
8153821
8158961
8173141
8235581
8280851
8285391
8310561
8315651
8321201
8334821
8343371
8356521
8409581
8410561
8425811
8458681
8474161
8480201
8491421
8518931
8521211
8568941
8580301
8599771
8600041
8629491
8656651
8664091
8669631
8681211
8683901
8697461
8712201
8789621
8799281
8804791
8829451
8836231
8845161
8864041
8898841
8906861
8913521
8934311
8959091
8960031
8964521
8990471
9043881
9047491
9054731
9055911
9088911
9099451
9117261
9118701
9158381
9182171
9254961
9284671
9287881
9321931
9323311
9328871
9347051
9399901
9436191
9451291
9504571
9527361
9545051
9591281
9605301
9630531
9631601
9663681
9709581
9751511
9786431
9802251
9827891
9882761
9897431
9919741
9961841
9976981
10009821
10031211
10044291
10070311
10072771
10092801
10111761
10154631
10195431
10236661
10238631
10241871
10256881
10285171
10288721
10291811
10321711
10328721
10375721
10409061
10443451
10449471
10493041
10512181
10529761
10550181
10570681
10593941
10640251
10668171
10694991
10697581
10700561
10710251
10728201
10742141
10804201
10805061
10816231
10817401
10827181
10834751
10843241
10873851
10887981
10891681
10947671
10968591
10978711
10991251
11000641
11059861
11118001
11188021
11215231
11229861
11237171
11260831
11285291
11287741
11295101
11367181
11383191
11390761
11395531
11429171
11493371
11501101
11523991
11533821
11535031
11577541
11613981
11643231
11677821
11699751
11720511
11731291
11744331
11752141
11754461
11757401
11809591
11826171
11833611
11838261
11850911
11873671
11928401
12038821
12064581
12146511
12157861
12180721
12188031
12197821
12245201
12292181
12339601
12410691
12414921
12423781
12471661
12523821
12527121
12580651
12582301
12586131
12627461
12629701
12655751
12691261
12693151
12711541
12711881
12733501
12788311
12831321
13107491
13479141
13613061
13628251
13645091
13672641
13694101
13772661
13797691
13825351
13825821
13851961
13865061
13919671
13922641
13928581
13970091
13979131
13986771
13999431
14002851
14022001
14032221
14063761
14085761
14118331
14162821
14192361
14193241
14194231
14257971
14271601
14351071
14389871
14466541
14483571
14483591
14590031
14599141
14618081
14620651
14626361
14634611
14688721
14702871
14731311
14763611
14788301
14798711
14814711
14833401
14871071
14883251
14896631
14902061
14902381
14906911
14920431
14926111
14926881
14930541
14997731
15035071
15079991
15099881
15102371
15210511
15225431
15232881
15241341
15242741
15292181
15299631
15312761
15316721
15328071
15341481
15380991
15382521
15392821
15407291
15410951
15428221
15455541
15459021
15474481
15487391
15497521
15518771
15519971
15535401
15537790
15543988
15546891
15549098
15558537
15559015
15559884
15563061
15566628
15568327
15568441
15571642
15571651
15577882
15580977
15581328
15581377
15590065
15592868
15594926
15596225
15598604
15601278
15605616
15611920
15616195
15616493
15619100
15623015
15623990
15624151
15624598
15625366
15626760
15629327
15631017
15636618
15645120
15647503
15648872
15652350
15652765
15654583
15657732
15658070
15658937
15660491
15664218
15666284
15667131
15669538
15669883
15670869
15673198
15673532
15673768
15678228
15680274
15681438
15682262
15683666
15684306
15684676
15685236
15685351
15686052
15688239
15689438
15692730
15697841
15698152
15698497
15702141
15705396
15706759
15707621
15710410
15713513
15714606
15716146
15716367
15721193
15723721
15728090
15729245
15729370
15732297
15734450
15738802
15738986
15741138
15742318
15743657
15744715
15745592
15746830
15749088
15749141
15752414
15753422
15754928
15758936
15763159
15770691
15771133
15775127
15777277
15778098
15778514
15785160
15790859
15792063
15795455
15797499
15797731
15797962
15799268
15800051
15800073
15813377
15813817
15814661
15814665
15816217
15816658
15820219
15823687
15824591
15829596
15829710
15832793
15833375
15834143
15834655
15837595
15838855
15839293
15840919
15843349
15844560
15858022
15862074
15907231
15936338
15959219
15962880
15964590
15966481
15972864
15976434
15979927
15990724
15992852
15992904
15993643
15994618
15996005
15997386
16001514
16002385
16002893
16004034
16008273
16009353
16009668
16010326
16011435
16018956
16019942
16020404
16021170
16022909
16023074
16025288
16026266
16026763
16029199
16029617
16031067
16031147
16033322
16034549
16035161
16036066
16039001
16042442
16044065
16047216
16050617
16051892
16054169
16054791
16055918
16057877
16060025
16060971
16062164
16062295
16064503
16064810
16068579
16069970
16070873
16074161
16074236
16074629
16075084
16077437
16079220
16079848
16082450
16083992
16086007
16089037
16089197
16091343
16092108
16092590
16092738
16092780
16093972
16094134
16094597
16095319
16096781
16100028
16101208
16103279
16105288
16108001
16109171
16110026
16111733
16112272
16113002
16114679
16115678
16115955
16119574
16121546
16123375
16127809
16128012
16136185
16139590
16140918
16141632
16142937
16144293
16147376
16154452
16155183
16155565
16156280
16156319
16157877
16158500
16160906
16161185
16163029
16164000
16164132
16168861
16171795
16171983
16174394
16174891
16176019
16176281
16178516
16179026
16189118
16189613
16189971
16198106
16198621
16200719
16202778
16204765
16205806
16206149
16212520
16214943
16219650
16223603
16225156
16228969
16229551
16230874
16232743
16234834
16235182
16237057
16241365
16247140
16258294
16265047
16265641
16273534
16283743
16285912
16295650
16299535
16303108
16309600
16322410
16323601
16336564
16338631
16345369
16345714
16347181
16365844
16366936
16368247
16369510
16370005
16370251
16372579
16380118
16384288
16384345
16394497
16396624
16401769
16407166
16407898
16417447
16445740
16450336
16465084
16468306
16469359
16469827
16472947
16490524
16498063
16500814
16510768
16513276
16519324
16524670
16526119
16539985
16540867
16551967
16553065
16555285
16562905
16569283
16574665
16577257
16577713
16584586
16600822
16601521
16606297
16611424
16633996
16634371
16635817
16636972
16641091
16641514
16643602
16650658
16651321
16653979
16659412
16659604
16676209
16678723
16681006
16682296
16683991
16694692
16697509
16720030
16741075
16742506
16751191
16753939
16755601
16781602
16783213
16787581
16797820
16798735
16799677
16800910
16802494
16802521
16805836
16807126
16867318
16920466
17264020
17912113
18164428
18292189
19031914
19181833
19397047
19522096
19819306
19819906
19848223
19969780
20012488
20152864
20153203
20168161
20181019
20193445
20194951
20195170
20198728
20206243
20219656
20223091
20245216
20246278
20248183
20261668
20269321
20302312
20310952
20312695
20313526
20321956
20326693
20328433
20328961
20331118
20334415
20335294
20338948
20340613
20345905
20348869
20357767
20373052
20383654
20384266
20385562
20388094
20391718
20395222
20401030
20404582
20404942
20405299
20421256
20421535
20426323
20428462
20433562
20437672
20445799
20449939
20450245
20451442
20455183
20475238
20485318
20499841
20501644
20506300
20511067
20515894
20523502
20536351
20536582
20536720
20543521
20546674
20549710
20551354
20565712
20570857
20572858
20615193
20656011
20656534
20662493
20695014
20710383
20727550
20734749
20762983
20810869
20817160
20852214
20855303
20882807
20905841
20955761
20988893
21061628
21078945
21091556
21167867
21175567
21202973
21213599
21246436
21253431
21256859
21260230
21315065
21327088
21377141
21403842
21407063
21419079
21468141
21484664
21614119
21633836
21640952
21641898
21663735
21684426
21698382
21720326
21796061
21915986
21976766
21977197
22004284
22016785
22057687
22060689
22064495
22160816
22187209
22242426
22268985
22319463
22342549
22378152
22380069
22393332
22410569
22457687
22469313
22493330
22516115
22534781
22574181
22602665
22613410
22633146
22647238
22700512
22787322
22806863
22826122
22838697
22856881
22899522
22947250
22979509
23062501
23080255
23163521
23219853
23253182
23312471
23393637
23396357
23459577
23491594
23496432
23514716
23611534
23625875
23628014
23664580
23680246
23794723
23825176
23979973
23990212
23995253
24037040
24105190
24113073
24132873
24187969
24202798
24207980
24216623
24321760
24325168
24336730
24367692
24381306
24397137
24429741
24655228
24694309
24699596
24754604
24807638
24812853
24928110
25035343
25219330
25255773
25539175
25611139
27000805
27003886
27004822
27008665
27014680
27020932
27021130
27042190
27049549
27056317
27057838
27059224
27062383
27076363
27078529
27081631
27085804
27089518
27093274
27094168
27097960
27103804
27106576
27122866
27123661
27128602
27129535
27129682
27131233
27131668
27135334
27138115
27140497
27151831
27152113
27155863
27158524
27163870
27166135
27175597
27178864
27183316
27183946
27184357
27190585
27191155
27202972
27214027
27226657
27243328
27243637
27244261
27255592
27257428
27259282
27259819
27270925
27273127
27274060
27276676
27283738
27284941
27298831
27302995
27305779
27308119
27320329
27320473
27328954
27332995
27334408
27337318
27337774
27351742
27360847
27364207
27368497
27371317
27380221
27397792
27413509
27415801
27422083
27446692
27446824
27453367
27453715
27462250
27478384
27502726
27503869
27507784
27512086
27514351
27538498
27542272
27547765
27564673
27569194
27569611
27571438
27571639
27572197
27573859
27579214
27590380
27615484
27616618
27621592
27622159
27623134
27629623
27645934
27649054
27653803
27662857
27665647
27679414
27679861
27680761
27693595
27695473
27698428
27707434
27729574
27730573
27756178
27761767
27765304
27766543
27774424
27778858
27779605
27780457
27786034
27788956
27789931
27799810
27810964
27814849
27817105
27823021
27871006
27871309
27872145
27872484
27878605
27882157
27882519
27884072
27885502
27886961
27887357
27891784
27892929
27894707
27898356
27899308
27903371
27906599
27908659
27914683
27915393
27917963
27920810
27920829
27922903
27923560
27923612
27924719
27925053
27927059
27931727
27936585
27936716
27937356
27937681
27942424
27944033
27946325
27947179
27948564
27950128
27954078
27958573
27958803
27958805
27959041
27963261
27970325
27970439
28022315
28094275
28138697
28174596
28184664
29000216
29001890
29003333
29004204
29005232
29006378
29030326
29031358
29031983
29033633
29039438
29041706
29041754
29044493
29046340
29047613
29049851
29050435
29051972
29053672
29056394
29057564
29058702
29058981
29059465
29061381
29061790
29062248
29062522
29062726
29066400
29066950
29071738
29072054
29072229
29072796
29074767
29077421
29078814
29082263
29083128
29083248
29084318
29087194
29091301
29091894
29096663
29099432
29099846
29100312
29106658
29106706
29107495
29108233
29113443
29115139
29122618
29124792
29125610
29132073
29134882
29135728
29137371
29143388
29146533
29147666
29151145
29151526
29153283
29153986
29154238
29155833
29156309
29157047
29158526
29160953
29161629
29164533
29165180
29168842
29170535
29172065
29172143
29172937
29174536
29175206
29190728
29196716
29197057
29198734
29204736
29206170
29210845
29211255
29215143
29215271
29216241
29216257
29218024
29218693
29218999
29220264
29221194
29225123
29225872
29229144
29233692
29240208
29241140
29241396
29241961
29243917
29245920
29248294
29249185
29255713
29255724
29256233
29258213
29262487
29264527
29270550
29271966
29275917
29277553
29278104
29280571
29281402
29281537
29281933
29281940
29284698
29286489
29299297
29306649
29307307
29309697
29311587
29318698
29320106
29323526
29407191
29414451
29469991
29504037
29504264
29506966
29507246
29507452
29510936
29511327
29511895
29512837
29521709
29523074
29528006
29533295
29534179
29539863
29541748
29541962
29547749
29554791
29557504
29561077
29564986
29568467
29572803
29576694
29576822
29584060
29585036
29589040
29591225
29592922
29593695
29596609
29603163
29616322
29619898
29621956
29622686
29623794
29627687
29630927
29637140
29637163
29639158
29639652
29642097
29645654
29645717
29649139
29649313
29649316
29659327
29663232
29669113
29670537
29753169
29755139
29779682
29782605
29785117
29785974
29786748
29787255
29787740
29790706
29791769
29793267
29797276
29803674
29808456
29810412
29810817
29811414
29816700
29818857
29819655
29819844
29822520
29827915
29831504
29832069
29832644
29833362
29834444
29889111
29891014
29892957
29896971
29897810
29900950
29902611
29918830
29925569
29930922
29933752
29946275
29950607
29954255
29956289
29963880
29965767
29966076
29968196
29968896
29972872
29991438
29992699
29996855
30000191
30004095
30008080
30035069
30037588
30038002
30038702
30040614
30058493
30058710
30062297
30062930
30063280
30064861
30066795
30076307
30079195
30084714
30089935
30096218
30100405
30101682
30104327
30105646
30106313
30108494
30117473
30118660
30122240
30122332
30122341
30128553
30138818
30142393
30144133
30144558
30144752
30145357
30148203
30152636
30161279
30167060
30167634
30192769
30194724
30199587
30201174
30204857
30223412
30224103
30226149
30226434
30229703
30233773
30239402
30240854
30241655
30242089
30253633
30267238
30269913
30277536
30280713
30283038
30285037
30285594
30287822
30288659
30289378
30292427
30296959
30305996
30307683
30307841
30308657
30313322
30318459
30329244
30329717
30341507
30344488
30345911
30365805
30372366
30381964
30386243
30389835
30391551
30394558
30407419
30408425
30411022
30414133
30416368
30417775
30421968
30425039
30428851
30430541
30430869
30432721
30434280
30434717
30445940
30446670
30454131
30463559
30471923
30472098
30475980
30478591
30479845
30490857
30491152
30495123
30504283
30514259
30527987
30529730
30533152
30534309
30538921
30545914
30547307
30548173
30548747
30548901
30552601
30552744
30558604
30559119
30570557
30572668
30573058
30582888
30584948
30585942
30595443
30599988
30600093
30601084
30603350
30620838
30622232
30625923
30646214
30650361
30656028
30657041
30658040
30663856
30664623
30664676
30665631
30667386
30672019
30679380
30679721
30680724
30685513
30693515
30705694
30707074
30708051
30713927
30735937
30745723
30747386
30751948
30752578
30754022
30757265
30759120
30772211
30778891
30791834
30796255
30809368
30811549
30812352
30816628
30818790
30828186
30829594
30833693
30840681
30841191
30842086
30842105
30848818
30853418
30853566
30854756
30855594
30862341
30866494
30872311
30873380
30874987
30884061
30887808
30892401
30896737
30901030
30903005
30903420
30905736
30905945
30910169
30913984
30917678
30918718
30919314
30920567
30924486
30942804
30944046
30954002
30956699
30960535
30961090
30962287
30962348
30966632
30973933
30975673
30977520
30979395
30984717
30984761
30984886
30992809
30995556
30997028
31019806
31020841
31021498
31028321
31039049
31042220
31044681
31056901
31057871
31057880
31058701
31060326
31061819
31065776
31067485
31070973
31076711
31081682
31082050
31085593
31086356
31088321
31090390
31094396
31097931
31102366
31103120
31103983
31105523
31123478
31128614
31131849
31135906
31137134
31137586
31145374
31151974
31153153
31153256
31153882
31163133
31170098
31172671
31186639
31190635
31190943
31200809
31207962
31208581
31209069
31211237
31218901
31220041
31221005
31222247
31222802
31224853
31226535
31228273
31233129
31233299
31234166
31265061
31277460
31278864
31297544
31316635
31320022
31321106
31326611
31328625
31342922
31349430
31350064
31353623
31354982
31357000
31363889
31370251
31371389
31378181
31379456
31381297
31381803
31389723
31394077
31404463
31405041
31405882
31410994
31414309
31414862
31418344
31418942
31422604
31426274
31426412
31427037
31429093
31429594
31430838
31431900
31432693
31436243
31437275
31443615
31448101
31448506
31451167
31452368
31453422
31459998
31464665
31469754
31471217
31472094
31474347
31475148
31479105
31491001
31498417
31512952
31515185
31516104
31517650
31519348
31520760
31524046
31529449
31531437
31534379
31535226
31539488
31541043
31545627
31546231
31546456
31548792
31549124
31550854
31554685
31554718
31557670
31558616
31559345
31559451
31565169
31571358
31572232
31572411
31579587
31580319
31587658
31591889
31596714
31607234
31621167
31622255
31623338
31626235
31627400
31632890
31641631
31644084
31644399
31645918
31649667
31649951
31651113
31654812
31658370
31660006
31661642
31662331
31664103
31668995
31669455
31670149
31683959
31684917
31686376
31687746
31689833
31695024
31714002
31718186
31729891
31731761
31732356
31738109
31742788
31754724
31762199
31762932
31763060
31766053
31766278
31768272
31769878
31771653
31772425
31774233
31774666
31775224
31778148
31781600
31784876
31785086
31788877
31789456
31792904
31794139
31803307
31804157
31810111
31810771
31811751
31818335
31818624
31819655
31821114
31826585
31829110
31830663
31831770
31833200
31835662
31841588
31843701
31849548
31853128
31853793
31856137
31856984
31858505
31868776
31870589
31870964
31871606
31875823
31875874
31879270
31879493
31888694
31888982
31889211
31891110
31892935
31898581
31900945
31908645
31909387
31910726
31912155
31913336
31916710
31917234
31918971
31922802
31926734
31930341
31932133
31943102
31946795
31948897
31952123
31953210
31958004
31964523
31965404
31972541
31974285
31979714
31980426
31984004
31985044
31985354
31985691
31995113
31999191
32000035
32004730
32011145
32018906
32021803
32021869
32023170
32024217
32025797
32041576
32043628
32044253
32045327
32053110
32058620
32065886
32074879
32078285
32080331
32080549
32080989
32082736
32092705
32093344
32095661
32113886
32113963
32125181
32127110
32133675
32135047
32140582
32142699
32149365
32153335
32154972
32160301
32164688
32165377
32165608
32172235
32176103
32181306
32184655
32185231
32188171
32194865
32198187
32200260
32206404
32206597
32210671
32212664
32215367
32217369
32220589
32221815
32224897
32225730
32229969
32230402
32233697
32238231
32239127
32239899
32240272
32240497
32242819
32246575
32248147
32262277
32263125
32268420
32272787
32273231
32275891
32276072
32295746
32299314
32299884
32301946
32302017
32302277
32305843
32306230
32306312
32306756
32313190
32314689
32315343
32316666
32319784
32322020
32322832
32333011
32333477
32335668
32339226
32339327
32340963
32352152
32352848
32353250
32355871
32361220
32367435
32370365
32372366
32373798
32377365
32377604
32378851
32382575
32384815
32388040
32394927
32397314
32400370
32408112
32408143
32418113
32422081
32423753
32426992
32428275
32430630
32430767
32434075
32441132
32442317
32454918
32460313
32466389
32469392
32471573
32474833
32478036
32478091
32482453
32482658
32488535
32489422
32490033
32490657
32491353
32495956
32499701
32502584
32505065
32510395
32513129
32513334
32514487
32518133
32522474
32522806
32525768
32528767
32543131
32543426
32546188
32546673
32552947
32554504
32555048
32561635
32565222
32567442
32567851
32569432
32572509
32573179
32573525
32580444
32583814
32585911
32586285
32597240
32597926
32603445
32609383
32610708
32610717
32612410
32620327
32625132
32626780
32630578
32637381
32643103
32649855
32654523
32657843
32662280
32665424
32668209
32669976
32674690
32684282
32685864
32689279
32689703
32691256
32693201
32695661
32695949
32696309
32698748
32703125
32707608
32709407
32714052
32717222
32719477
32722142
32722150
32723814
32726147
32730827
32733117
32733498
32738807
32741784
32745090
32745617
32745622
32752311
32757648
32759716
32759979
32760407
32762417
32764561
32766551
32770678
32773774
32775550
32775926
32776513
32784165
32784666
32789690
32799705
32803683
32808092
32816893
32820417
32822441
32823253
32824967
32829796
32833416
32835722
32838755
32840141
32844436
32845158
32853698
32856134
32860450
32861543
32862707
32875814
32877655
32882989
32888588
32889690
32890809
32896594
32897665
32898389
32902278
32902457
32903380
32911912
32916841
32926201
32932631
32948146
32951618
32961416
32966742
32972159
32974734
32975717
32976079
32996537
32999632
33003093
33008051
33013335
33019666
33031869
33043581
33046106
33049419
33065872
33068088
33072704
33075417
33077214
33080419
33085631
33086228
33089140
33102791
33102897
33105848
33108783
33113932
33116657
33119158
33136981
33139420
33139928
33142648
33146438
33148824
33158741
33159288
33162046
33162704
33170575
33170600
33171730
33179635
33181084
33184914
33187551
33188241
33189323
33194032
33197611
33198042
33199410
33199695
33211106
33212535
33216900
33221994
33227839
33233851
33234223
33234437
33235079
33241195
33243396
33244985
33245239
33247409
33250285
33250533
33259172
33259536
33269760
33275454
33277199
33277312
33278514
33283858
33288057
33292495
33297447
33305907
33307638
33309867
33312042
33326203
33336761
33337299
33337670
33340154
33341938
33342123
33342699
33347661
33352377
33358197
33363703
33367656
33368138
33370335
33371643
33372140
33374259
33374580
33379984
33388120
33403565
33419516
33419701
33425146
33428945
33432684
33434380
33446198
33446491
33447299
33454189
33462460
33470462
33475116
33475346
33477557
33478703
33481442
33485651
33490376
33490641
33492284
33493428
33494850
33498829
33503543
33510685
33512667
33513898
33514615
33519359
33521438
33525745
33526400
33528243
33533814
33534950
33550190
33551478
33558476
33575250
33576074
33580409
33593739
33595121
33595303
33596611
33596861
33596879
33597645
33598843
33599119
33604174
33610373
33616516
33630980
33636505
33638654
33639678
33642830
33657367
33663295
33663611
33664935
33665744
33666015
33667044
33667136
33669677
33671938
33672786
33673610
33675813
33679036
33681736
33681928
33690920
33700596
33701976
33705198
33712028
33713006
33713157
33713543
33719282
33719561
33729852
33729924
33731680
33735560
33738095
33738435
33740418
33741778
33744045
33745308
33750638
33754680
33756626
33756947
33758843
33763813
33767949
33769647
33770016
33771141
33778662
33778674
33782946
33787992
33791742
33795418
33795574
33796555
33797837
33800629
33800868
33802016
33806138
33807117
33810611
33811255
33820963
33822124
33823428
33825222
33828316
33830359
33832028
33832825
33833042
33833185
33834984
33839283
33841541
33841721
33842989
33847446
33848398
33848599
33849889
33850141
33854343
33855558
33865243
33868748
33872662
33873424
33876345
33877176
33877527
33880811
33881532
33881883
33891926
33901217
33910707
33931225
33931346
33939110
33945504
33945617
33946798
33946870
33946922
33946983
33947027
33947053
33947103
33950943
33953573
33957213
33967482
33968532
33973166
33990343
33990427
33990463
33999795
