3452
11798
63959
119376
190265
313345
347700
391575
502382
564812
596167
633946
660465
677269
754642
775272
823609
829690
997522
1104029
1167248
1179102
1200306
1269916
1313005
1322549
1397526
1397573
1420886
1501281
1508165
1561644
1562952
1634403
1639228
1656742
1657584
1680760
1748193
1842916
1843932
1898930
1948356
2307374
2400158
2534908
2630504
2688970
2756042
2769130
2785044
2815434
2916856
2921636
2930140
2984188
3061918
3119463
3154015
4581761
5007981
5910771
6132401
6576801
6829511
7659271
7693331
8342541
8903211
9161681
10754731
11001221
11229861
12451461
13797691
14735401
15412151
15558219
15596225
15608768
15658711
15777837
15814942
15826596
16041830
16124241
16136206
16204784
16209044
16432171
16758676
20172814
20261668
20347216
20575648
24728183
27091312
27175597
27239512
27281002
27305431
27459133
27757705
27910218
27966128
29055640
29066950
29099432
29251748
29631282
29754764
29787255
29794919
30007773
30031330
30100484
30161279
30411022
30497962
30556094
30634854
30804742
30944046
31128614
31145374
31209204
31218228
31225367
31448506
31603115
31677098
31819967
31845336
32102967
32235194
32597240
32603445
32662280
32669976
32671683
32709291
32760112
32775926
32854013
32855727
33107182
33152906
33187551
33194995
33232042
33292729
33467222
33471284
33580409
33596879
33618340
33848599
33877176
34099270
34202948
34261097
34351175
34560117
34562936
34564390
34567567
34585313
34726732
34828997
34934984
35039943
35040168
35113096
35286703
35300985
35580368
35643370
35658308
35692099
35762757
35862908
35988329
36044791
36093463
36141179
36158078
36183673
36292045
36333354
36376935
36538189
36556814
36566912
36583105
36586573
36655420
36696017
36766421
36776160
36838004
36865090
36991232
37021876
37043833
37049508
37055960
37063210
37076955
37103833
37198383
37234673
37244866
37516314
37580198
37655954
37873266
37962948
38233811
38421243
38594007
38601142
38677786
38785029
38975779
38987674
39081364
39152514
39354095
39442196
39692938
40157713
40328496
40398270
