143
9134
11798
17772
22714
28137
36050
39743
42430
43073
72176
113506
119376
124519
127079
135527
141708
142862
147072
149574
156376
169492
182460
218373
245013
253770
269006
275428
276167
290563
306743
325649
336159
339390
350737
355685
361367
384906
412971
413805
418756
420967
480654
480783
484918
489848
491825
497208
514070
559985
585302
585962
592937
596167
613345
628860
659933
691098
704246
723052
789336
790656
806722
810427
819730
833768
853534
854738
856151
885936
891672
904061
913302
917635
929531
952584
954639
979013
986818
1002557
1029377
1056038
1075290
1085145
1102666
1200306
1227675
1237142
1284048
1294039
1298648
1316340
1316835
1393088
1418359
1430045
1433568
1438458
1458875
1460367
1477035
1479881
1528666
1540311
1544512
1602757
1604359
1608630
1621375
1634403
1648582
1672546
1681501
1695885
1701337
1734117
1747505
1784641
1785505
1796693
1812089
1842362
1849364
1877530
1908150
1910376
1923328
1975098
2018636
2020832
2050286
2128720
2142170
2219624
2250236
2269306
2270350
2319140
2326728
2491948
2522186
2543894
2570456
2636336
2680626
2704510
2707220
2734870
2756024
2771294
2791452
2808072
2825932
2833210
2864498
2988970
3020399
3028447
3032431
3037474
3049907
3124052
3136011
3157764
3185736
3187241
3190499
3226806
3706211
4045281
4311351
5216031
5593911
5658921
6002901
6004111
6299361
6539701
6647601
7011261
7451421
7840911
7879801
8174081
8292911
8644821
8988411
9596991
9914771
9982041
10271821
11208191
11967091
13797691
13825821
14026241
14036451
14382921
14505171
14522191
15231521
15567923
15596225
15599544
15640419
15700661
15724439
16050617
16068181
16073157
16087421
16117522
16214034
16450480
16586800
16621324
16652077
16692985
16794937
20163223
20172814
20390872
20515795
21882702
23255713
24655228
27138115
27202855
27373033
27508093
27527125
27624037
27705658
27962017
28094275
29067933
29078495
29131195
29327782
29330355
29524682
29541566
29638879
29650066
29777439
29931219
30136276
30161279
30229260
30266572
30281112
30283038
30348316
30664623
30692628
30696473
30736887
30882266
31140147
31172140
31248312
31265564
31298004
31313419
31338769
31421106
31533690
31562403
31607475
31641561
31660678
31729428
31759977
31781162
31787918
31869963
31880815
31887466
31901303
31923832
31962476
31995113
32003071
32047423
32103335
32229736
32276072
32409459
32419639
32444603
32501367
32624709
32638739
32648194
32653535
32956575
32976222
33008968
33012343
33015800
33052111
33052341
33167125
33208700
33261689
33292729
33298365
33303679
33312369
33564407
33609538
33644001
33667720
33683162
33741778
33816330
33881532
33887023
33894301
34039531
34161633
34161684
34306039
34323577
34351925
34439726
34642816
34643835
34656089
34664661
34714895
34798706
34844519
34867581
34884676
34935669
34977370
35008493
35021150
35037740
35089494
35106960
35114356
35200183
35210730
35216959
35281191
35293985
35309271
35347656
35356466
35577790
35580368
35586471
35654053
35657092
35703455
35704433
35743322
35793405
35949017
36055964
36058595
36092519
36109407
36167527
36179515
36253880
36331681
36341680
36342408
36344827
36401953
36409577
36410518
36419931
36448909
36458297
36473370
36496295
36578450
36614252
36660866
36718117
36722553
36809558
36859743
36863105
36883384
37005980
37043833
37054012
37061663
37078428
37112442
37177606
37183393
37208712
37222377
37241363
37270043
37296920
37328700
37333669
37350815
37350959
37361659
37422961
37451636
37575793
37590878
37594761
37622746
37623069
37638400
37698826
37736681
37750044
37855661
37864378
37921378
37925819
37938734
37946689
37951232
37962279
38001692
38065482
38095687
38124616
38181860
38215952
38252875
38254966
38296369
38413069
38468690
38502299
38504120
38535689
38538968
38539709
38541316
38588707
38594007
38910283
38957184
39007267
39072259
39128809
39140353
39195144
39195145
39252610
39410289
39645605
39670270
39672592
39683755
39688519
39886727
39889486
40101476
40144312
40212040
40344160
40376269
40388727
40597911
40707352
40903138
41283546
41285607
41286185
41359295
41550711
41576793
41639851
41689901
41818793
41852820
41856164
41868403
41871077
41899444
41928997
41933350
41975804
42032081
42046778
42056861
42090563
42162600
42297858
42314463
42405041
42425580
42425764
42493854
42494820
42530973
42531162
42537305
42576727
42632101
42698273
42699517
42723564
42734274
42811248
42993963
43060808
43078019
43104337
43158835
43184223
43199861
43200172
43344706
43376737
43387247
43388245
43389272
43389644
43389764
43389865
43390131
43390522
43390612
43413766
43431513
43431717
43431818
43431918
43432200
43432584
43432659
43433456
43433637
43434727
43435058
43435849
43436299
43436633
43463868
43554165
43565942
43601032
43601105
43601169
43601381
43601805
43601892
43602499
43602654
43603082
43603124
43603188
43603371
43686943
43712100
43740077
43760470
43791882
43924687
43936362
44030022
44165505
44169385
44283738
44412070
44439606
44451964
44519246
44569139
44599867
44775968
44803077
44851715
44909512
44955861
45002913
45023377
45113964
45132026
45184976
45303065
45384166
45392282
45419527
45450183
45505081
45508717
45521473
45525248
45531017
45553162
45573792
45692230
45715724
45740493
45760437
45770929
45800673
45803840
45817609
45817836
45818068
45820839
45830718
45838881
45839081
45865577
45876116
45879058
45880874
45926778
45941848
45964355
45980047
46001613
46006290
46012061
46019657
46025386
46046013
46057587
46058368
46073472
46089001
46120286
46132779
46133800
46137154
46153013
46171724
46185226
46186765
46212896
46213120
46216789
46219823
46221991
46223657
46226352
46258121
46269091
46277257
46279408
46287249
46292964
46313870
46314871
46315435
46323667
46327743
46345017
46383124
46388705
46389289
46393156
46411886
46419476
46419811
46420212
46420683
46421422
46422064
46425104
46425603
46429776
46430128
46434861
46437028
46437645
46441283
46460529
46465268
46472758
46478755
46479947
46480341
46480577
46480862
46481249
46481250
46481292
46482828
46483659
46483909
46484424
46485295
46485788
46486148
46487027
46487117
46489362
46494637
46498588
46498627
46498660
46498688
46498711
46498761
46498788
46498865
46498885
46498950
46498974
46498994
46499017
46499067
46499087
46499104
46499138
46499169
46499197
46499308
46499344
46499398
46499426
46499921
46499955
46499986
46500005
46500125
46500147
46500180
46500193
46500222
46500335
46508778
46513151
46517772
46528879
46528893
46529093
46529247
46529290
46529310
46529377
46529783
46600527
46635654
46659603
46689782
46760637
46785748
46847085
46907305
46949703
46953032
46962220
46970212
47022912
47054439
47092466
47131837
47139913
47144878
47167119
47176019
47177102
47178196
47178996
47183125
47185038
47188647
47206111
47217989
47223195
47227341
47230914
47259189
47265284
47318977
47347539
47378292
47388175
47389416
47392486
47399579
47411493
47414919
47417343
47427344
47435147
47439523
47439729
47452882
47454267
47468131
47482793
47491543
47508580
47516299
47520005
47527875
47529210
47531399
47588578
47590413
47593059
47596371
47615848
47621182
47623937
47628530
47630757
47645071
47656344
47665460
47698924
47705316
47717548
47728664
47752135
47799520
47838437
47868102
47871442
47883444
47900761
47955173
