4
13
34
50
417
549
832
941
947
999
1004
1063
1208
1260
1405
1446
1564
1608
1698
1992
2125
2250
2686
2727
3103
3643
5288
5793
6010
6289
6435
6508
6679
7078
7207
7383
7546
7627
7913
7935
8006
8068
8121
8128
8533
9134
9637
9875
9924
10307
10545
10848
11348
11440
11515
11584
11600
11798
11830
11831
12337
12554
13085
13219
13272
13359
13401
13414
13821
14115
14190
14430
14436
14540
14700
14785
15414
15704
15877
16006
16079
16128
16437
16928
16996
17246
17321
17341
17365
17583
17627
17783
17833
17924
17937
17976
18128
18206
18288
18297
18322
18326
18365
18423
18635
18690
18698
18820
18978
19013
19029
19130
19299
19456
19475
19800
20334
20512
20605
20660
21025
21492
23589
23792
23820
23998
24161
24177
24369
24465
24731
24736
25231
25677
26102
26105
26620
27182
27256
27316
27485
27844
28137
28353
28363
28668
28672
28792
28987
29420
29844
29885
30043
30356
30467
30898
31217
31254
31517
31775
32303
32308
32595
32664
32666
32714
32824
32969
33057
33215
33780
34069
34078
34103
35410
35435
36050
36483
36621
36858
37057
37210
37431
37613
37787
37851
37868
37967
38084
38610
38656
38708
38791
38857
39124
39277
39285
39450
39681
39765
39813
39995
40074
40233
40530
40640
40913
41724
41843
42141
42201
42265
42280
42311
42598
42807
42825
42984
43059
43290
43423
43587
43599
43653
43665
44022
44827
44946
44955
45026
45147
45567
45582
45616
45617
45711
46233
46448
46626
46690
46823
47173
47176
47326
47520
47569
47654
47862
48909
48944
49814
50232
50274
50477
50548
50599
50974
51041
51065
51268
51547
51607
51818
52235
52478
52544
53111
53151
54029
54110
54213
54280
54442
54453
54808
55478
55555
55559
55758
55899
56267
56435
56523
56702
56751
56763
57166
57216
57387
57542
57741
58007
58238
58246
58307
58368
59792
59940
60627
61175
61460
62192
62513
62534
62635
62688
62697
63171
63300
63822
63959
64406
64461
64577
64689
64710
65004
65263
65409
65521
65546
65548
65831
65928
66086
66103
66409
66458
66490
66885
67111
67293
67567
67784
68063
68164
68971
69020
69129
69285
69614
69725
70070
70155
70477
70692
71881
72082
72195
72368
72596
72602
72694
72833
72852
73221
73744
73768
74328
74418
74446
74885
74888
75065
75103
75704
75960
76145
76245
76611
76647
76692
76934
76988
77671
77879
78348
78381
78641
78706
78886
79242
79248
79316
80098
80627
81320
81668
81808
82202
82219
82962
83053
83167
83381
83518
83710
83777
83852
84395
84685
84841
84963
85807
86720
87230
87308
88158
88330
88416
88610
88689
88707
88966
89062
89363
89986
90250
90259
90422
90472
90608
90872
91347
92242
92732
92825
92863
93104
93105
93263
94691
95180
95216
96012
96663
96703
96723
97149
97680
97866
97997
98184
98345
98426
98525
98676
99711
100086
100189
100613
101307
101954
103012
103554
103834
104251
104607
104623
104794
104819
104937
105346
105841
106382
106802
106812
107199
107286
107740
107754
108119
108145
108478
108978
109008
109222
110334
110747
111060
111421
111762
111809
111948
112030
112066
112267
112290
112525
113240
113439
113863
114919
115161
115332
115568
115783
116221
116343
116880
117208
117242
117457
117460
117765
118302
118986
119033
119107
119161
119168
119376
119618
119843
119848
120293
120334
120435
120815
121030
122059
122264
122471
123022
123444
124109
124377
124519
124572
124660
125106
125164
125186
125466
125916
126036
126300
126356
126669
126670
126673
126785
126867
127114
127776
127839
127916
128215
128401
128582
128608
128693
128794
129199
129212
129398
129815
129858
130025
130444
130909
130923
131357
131369
131468
132056
132336
132439
132833
133032
133312
133540
133778
133858
133885
134697
134842
135029
135063
135120
135141
135454
135686
136002
136146
136156
136170
136282
136528
136706
136925
137352
137501
137796
138142
139637
139713
139978
140539
140598
140656
140734
140953
141187
141256
141288
141373
141613
141709
141745
142249
142330
142455
144102
144406
144658
144662
145488
145684
145826
145917
147433
147884
147900
148745
150751
150910
150928
151091
151187
151513
151783
151868
151911
151967
152494
152695
153044
153160
153218
153292
153442
153671
153989
154662
154759
154961
155881
155940
156032
156290
156981
157020
157250
157357
157910
158613
158963
159584
160047
160540
160593
160730
161377
161498
161670
162089
162775
163228
163249
163282
163929
164062
164209
164707
165042
165756
165801
166563
166602
166653
166732
166915
167547
168207
168278
169492
170632
171068
171361
172697
173053
173074
173325
173564
173717
173792
174202
174240
174349
174369
174524
175631
175674
177030
177222
177294
177452
177483
177587
177735
177838
178169
178583
179098
179349
179818
180049
180098
180617
181052
181575
181802
181815
182069
182136
182439
182828
182908
183136
183399
184000
184072
184810
185714
185808
185910
186718
187756
187932
187969
188016
188300
188329
188460
188873
188903
189372
189538
189902
190390
190470
190482
190755
190954
191014
191159
191521
191608
191777
191797
191880
192007
192247
192856
192921
192924
192971
192973
193119
193319
194016
194365
194708
195104
195829
196205
196279
196513
196594
196926
196929
197000
197225
197618
197670
197850
197901
197912
198732
199250
199343
199348
199854
200567
201301
201336
201900
202029
202391
202810
203473
203553
203881
204179
204906
204923
204995
205051
205195
205339
205436
205492
205661
206104
206122
206140
207260
208047
208110
208595
209233
209249
209583
209614
209853
210017
210037
210231
210266
210583
210706
210720
210873
210920
211034
211058
211216
211271
211572
211786
211914
212245
212297
212604
212635
212788
213234
213292
213412
213443
213450
213888
214175
214377
214434
214730
215222
215287
215955
216041
216504
216615
216897
216986
217053
217510
218575
218821
219136
219267
219272
219393
219500
219885
220241
220502
220529
221084
221547
221625
223200
223311
224502
224686
224959
225200
225287
225498
225646
225982
226147
226638
226958
226992
227465
227514
227592
227767
227801
227806
228271
228401
228436
228531
228748
229189
229746
229834
230092
230357
231574
232118
232220
233124
233341
233492
233512
233731
234152
234721
234811
235073
235109
235135
235146
235275
235611
235720
235870
236575
236580
237487
237544
237901
238013
238486
238519
238616
239087
239375
239498
239964
240394
240652
241763
241933
241934
242015
242076
242144
242399
242482
242556
243007
243019
243154
243309
243602
243682
244164
245054
245154
245186
245220
245559
245924
246236
246282
246326
247038
247118
247695
247747
248810
249184
249292
250055
250702
251095
251212
251371
252269
252532
252615
252698
253688
253947
254357
254666
255658
255751
255830
255911
256406
256478
256700
257144
257931
258398
258448
258638
258645
259023
259500
260754
260921
261146
262402
262884
262952
262979
263306
263694
264721
264902
265330
266451
266539
266549
266781
266914
267635
267653
267811
267955
269061
269078
269204
269312
269592
269641
269994
270074
270225
270506
270988
271075
271165
271253
271553
271683
271685
271698
271917
272391
272637
272945
273012
273127
273217
273579
273737
274491
274976
275362
275579
275593
275624
275640
275645
276167
276750
277030
277248
277477
277667
278078
279240
279254
279576
280361
280479
281614
282159
283434
283487
283859
284422
284550
284635
285317
285387
285857
285938
285990
286750
286780
286804
287265
287358
287534
287536
287604
287730
287835
288258
288382
289274
289554
289615
289715
289905
290130
290186
290189
290456
290481
290563
290776
290943
291684
292620
292996
293268
294396
294598
294779
296485
296767
296780
296828
297094
297496
297834
298514
298746
298860
299130
299350
299828
299832
299987
300001
300179
300954
301013
301256
301278
301414
301506
301691
301715
301833
301984
302290
302644
302729
302741
303066
303086
303317
303371
303578
303895
304056
304207
304713
305240
305624
305712
305870
305915
306191
306802
306933
307371
307691
308206
308564
308689
308753
308773
308916
308993
309123
309296
309398
309618
310015
310165
310206
310469
310509
310950
311546
311656
311741
312032
312067
312159
312542
312725
313025
313218
313253
313488
313609
313642
313667
314165
314943
314955
314984
315013
315101
315321
315447
315877
315944
316039
316073
316134
316213
316216
316242
316359
316502
316634
316689
316784
317032
317185
317438
317497
317551
317651
317832
317843
317898
317942
318107
318589
318602
318660
318742
318767
318938
318996
319079
319319
319326
319948
320158
320387
320440
320775
320823
320856
320949
320993
321317
321428
321868
321889
321940
322222
322296
322384
322504
322979
323205
323244
323485
323531
323609
323906
324149
324626
325495
325649
325946
326021
326105
326109
326419
326613
327001
327098
327135
327224
327302
327368
327598
328009
328091
328590
328617
328846
329372
329453
329644
330448
330962
330996
331297
331466
331530
331580
331748
331867
331900
332143
332225
332862
332880
333178
333456
333848
334125
334402
334454
334522
334561
335118
335305
335335
335386
335445
335556
335649
335722
335824
335933
336159
336199
336422
336658
336676
337103
337190
337376
337504
337578
337601
337668
337687
337718
337849
337947
337962
338063
338669
338800
339109
339524
339718
340056
340159
340718
340742
340750
340908
341426
341734
341754
342201
342262
342289
342694
343390
343836
345089
345859
345871
345983
346419
346458
346616
346665
346730
347191
347336
347355
347700
347851
348129
348421
348497
348571
348600
348615
348832
349145
349499
349648
349967
350348
350803
351192
351243
351307
351595
351659
351876
351898
351941
351984
352213
352264
352422
352973
353038
353401
353565
353810
354110
354448
354694
354975
354998
355159
355210
355358
355900
356041
356140
356144
356737
356922
357218
357237
357577
358278
358564
359395
359650
359691
359828
360010
360182
360832
360987
361230
361339
361599
362262
362472
362632
362825
362907
363106
363270
364316
364345
364605
365148
365639
366098
366355
366595
366773
366963
367132
367451
367557
367889
368354
368381
368716
368985
369017
369114
369171
369412
369905
369967
369980
370225
370398
370525
370967
371238
371638
371647
371675
371954
372052
372123
372436
372677
373007
373095
373156
373338
373479
373899
374734
374909
375036
375548
375579
376050
376305
376348
376765
377379
377588
377598
377650
377747
377920
377982
378152
378616
378934
379065
379232
379285
379560
379654
379813
379859
380138
380247
380289
380350
380503
380610
380655
381334
381590
381865
382119
383284
383392
383455
384078
384218
384339
384365
384632
385726
385838
386197
386483
386600
386630
387281
387318
387718
387967
388347
388596
388756
388813
388896
389231
389327
389378
390727
391052
391374
391488
391722
392429
392565
392665
392709
392940
393065
393292
393380
394328
395135
395590
395637
395884
396583
396711
396876
396927
397110
397204
397614
399156
399228
399490
399845
399986
400322
400415
400440
401051
401903
402314
403263
403266
403349
403523
404013
404524
405111
405729
405938
406451
407648
407892
408008
408399
409437
409447
410964
412038
412363
412454
412958
412994
413014
413339
413515
413589
413700
414439
414588
414647
415063
415573
415638
415697
415900
416023
416377
416792
416974
417053
417079
417462
417534
417619
417717
417745
418191
420126
420249
420384
420472
420774
421425
421456
421850
422735
423444
423468
423688
423794
424373
424664
425260
425843
426222
426651
426831
427458
427660
427872
428348
429212
429341
429921
429966
430067
431255
431858
431923
432040
433253
433562
433807
433846
434762
434855
435650
435988
436763
437165
437513
437525
437562
437628
439038
439279
439507
439518
440071
440084
440309
440428
440441
440575
440638
441518
441710
441717
441903
442140
442577
442967
443469
443667
443714
443765
443972
444623
444762
445858
445899
446295
446764
446861
446889
447022
447063
447262
447354
447360
447394
447913
448787
448915
449062
449307
450607
450862
451441
451870
452258
452384
453057
453308
453358
453426
453691
453710
453807
453810
454108
454122
454678
455985
456033
456579
456801
456841
457002
457740
457861
458475
459119
459176
459471
460652
460766
461024
461389
461401
462814
462859
462963
463370
463601
464081
464974
465781
465994
466696
467128
467331
467630
467775
469014
469035
469537
469715
469825
470122
470877
471278
471543
472754
472852
473290
473971
475029
475458
475774
476078
476490
477039
477643
478042
478220
478278
478528
479358
479381
479826
479987
480413
480654
480982
481215
481323
481546
481867
482095
482129
482338
482735
483076
483442
483631
483713
484389
484713
484910
484918
485006
485747
486076
486389
486608
487071
487088
487203
487708
487762
488114
488265
488541
489103
489138
489365
489565
489698
490152
490265
490396
491200
491240
491419
491941
492257
492572
492733
492814
493158
493691
493853
493888
493911
494025
494067
494086
494205
495403
495484
495604
495861
496054
496509
496610
497186
497187
497208
497916
497939
498912
500059
500109
501072
501520
501543
501635
501947
502042
502187
502382
502547
502641
502874
503006
503204
503442
503525
503788
504026
504704
505656
505856
506149
507432
507433
507970
508090
509785
509791
510206
510291
510511
510730
511279
511564
511696
511864
511876
511951
512566
512641
513194
513279
513666
513864
514018
514178
514205
514395
514760
515348
515749
516066
516435
516819
517709
517823
518012
518115
518646
518830
518927
519422
519475
519516
519574
519928
520464
521160
521278
521947
522411
522450
522456
522645
522670
522830
522831
524025
524114
524700
524823
524951
525118
527166
529257
529448
530476
530667
530693
531563
531655
531769
531817
531986
532210
532402
532509
532566
533561
533754
534119
534171
534213
534359
534641
534879
535103
535232
536065
536313
537565
538043
538948
538949
538963
539420
539728
539971
540012
540439
540497
540771
540788
541287
541394
541517
542735
545500
546075
546311
546517
547244
548884
548920
548999
550460
550539
550753
551401
551719
551958
552035
552087
552142
552174
552245
552484
554097
554735
555954
557650
558273
558538
559041
559670
559909
559985
560384
560527
561369
561841
562196
562721
562729
563087
563284
563672
563897
563913
564018
564812
565665
565791
566326
566613
567535
568390
568480
568668
568884
569442
569552
569769
570000
570831
571409
571984
572514
572606
573092
573227
573243
573386
574625
575647
576062
576137
576289
576416
577012
577340
577462
578073
578488
578563
578696
578900
579815
580704
581256
582126
582665
584907
585155
585197
585573
585694
585715
585771
586201
586396
586953
587152
587861
587996
588018
588891
589460
589707
589908
589942
590579
590630
590876
591453
591727
592173
592483
592743
593538
594787
596167
596329
596531
596598
596801
596872
597937
598146
598881
598964
599600
600355
600634
600723
600990
601003
601020
601054
601058
602538
602754
602803
602953
603541
604041
604712
604954
605585
605712
605838
605963
606326
606441
606565
606751
607080
607104
607233
608611
608698
608966
608974
609508
609571
610327
611386
612323
612692
612831
612898
613090
614442
614721
615765
617218
620164
620423
620444
620691
621135
621862
621867
621975
622503
622828
622998
623874
624179
624453
625343
625930
626552
626686
627356
629525
630046
630721
630802
631199
631556
632142
632158
633434
633577
633795
634050
634055
634988
635522
636329
638226
638781
640610
640680
640702
640703
640818
641304
642879
642891
643024
643521
643657
644711
644734
646019
646189
646276
646734
647457
649041
649529
649689
651570
651843
651862
654488
654734
656360
656939
657627
658825
659043
659461
659610
659641
660122
660465
661531
661591
662212
662517
662627
663081
663124
663461
664756
664868
665531
668080
668480
670129
670546
671468
671904
672194
672267
672587
672965
672971
674370
674639
675247
675268
675369
675521
676049
676192
678166
678367
679300
679871
680305
681594
682034
682526
683999
684020
684042
684732
686869
687191
687201
687267
688477
688665
689166
689836
689838
689922
690109
691004
691098
691768
693124
694466
695500
695754
695919
696711
696713
697387
697718
698188
698241
698506
698758
698901
699822
700083
700282
702533
702950
703815
704804
704892
704895
705715
706107
706462
707056
707239
707486
708483
708689
708853
708989
711181
712350
713031
713850
713956
714458
714634
715104
715756
715883
715925
716028
716148
717646
718677
720032
720492
720642
720857
721473
721579
724104
724260
724321
724501
725780
725834
727563
728393
728990
729054
729318
731869
732337
732713
734394
734912
735298
736242
736777
736954
737174
737285
737978
738352
738609
739038
739739
739911
740293
740571
740601
740837
741069
742030
742077
742236
742510
742776
742807
743460
744720
745940
746158
746220
746468
746533
746682
747709
749530
750225
750643
750661
750689
750830
751804
752092
752175
752681
752967
752997
753554
753758
754352
754642
754779
755147
756621
757243
757599
758455
759713
760275
760817
761091
761552
761977
762626
763423
764179
764211
764622
764816
766107
766815
766824
766827
767330
768061
768462
769147
770214
772594
773700
774889
775098
775644
775900
776105
776180
776882
776919
777014
777291
778261
778346
778470
779373
780674
781716
781772
782217
782662
782771
783130
783373
783654
784253
784260
784600
784832
784980
785154
785242
785703
785988
786310
786639
787120
787890
787957
788435
788992
789140
789291
789336
789636
790455
790569
790656
791894
792363
793765
793773
794103
794354
795181
795507
795859
796967
797485
797593
798262
798904
799066
799609
799611
799631
799880
800214
801027
802689
803020
803524
804540
804739
804919
804942
805899
807176
808411
808728
808798
809158
809734
810977
811444
811554
811719
812056
812350
812767
813169
813545
814063
814456
814974
815370
815515
815918
816689
816791
816806
817491
817496
817677
818137
818289
819532
819730
820656
820931
820974
821270
822641
822838
824698
825047
825483
827480
827669
827847
827950
827999
828235
829142
829371
829489
829512
829690
829841
830320
830532
831220
831269
831303
831502
831528
831670
831740
831883
832700
833852
834017
834544
834616
834862
835219
836123
836297
838437
839381
839502
839619
839825
840048
840307
840643
840728
841151
841237
841353
841987
842198
842663
843146
844409
844930
844939
845914
846135
847457
847485
848152
848280
848419
849318
849712
850214
850300
850455
851307
851766
852009
852015
853042
853141
853221
853769
853845
854056
854181
854283
855176
855530
855564
856143
856287
856296
856961
857423
858385
858958
859042
859779
860393
860436
860730
861173
862201
863308
863388
864102
864666
865433
865545
866334
867978
869823
871054
871260
871925
872266
872581
872902
873175
873495
873574
873634
875100
875649
876091
876510
876596
877135
877307
877348
878526
879611
880390
880820
881053
881654
882367
882563
882710
882751
883899
884061
884222
884288
884869
885213
885251
885644
885936
886292
886367
887142
887256
887326
887447
887471
888882
890180
890688
891286
891325
891725
892101
892481
892632
892874
892913
893486
894830
895034
895724
896649
897175
898524
898593
898606
899048
899550
899942
900736
901591
901666
902222
902615
903598
904061
904913
905848
906501
907126
907238
908080
908257
908313
908329
908668
908677
909061
909566
909569
909589
909842
910129
910565
910846
912321
912917
913558
913755
914108
914936
915445
915666
915933
916523
916650
917397
917587
917656
917711
918246
918714
919099
919496
919694
921048
921133
921364
922670
922743
923897
925995
926055
926506
926841
927102
927455
928247
928407
929028
929597
930744
931463
931521
931540
931629
932546
932770
932827
933565
933983
934069
934708
935100
935360
935495
935615
935800
936528
936800
937298
937367
937824
938128
938711
940263
940707
942076
942834
944311
944649
944813
944858
945153
946311
946847
947625
947694
948718
949346
950084
950360
950465
950759
950881
951098
951121
952371
952798
953164
953545
954353
954508
955225
955656
955807
955907
956295
956507
957296
959527
959927
960230
961167
962096
962674
962807
963003
964646
965050
965070
965344
965714
968015
970301
970723
970814
971631
971984
973269
973531
973532
973932
974903
975165
976708
977744
977961
979089
981064
981116
981466
981609
981664
981968
982064
982120
982361
982455
982992
983114
983738
984079
984337
984786
984905
984908
986414
986986
987519
987547
987867
987976
988994
989212
989657
990117
990990
991122
991224
991634
992053
992630
992829
994481
995184
996224
996539
996785
997151
997522
998177
998342
999212
999269
999273
999339
999348
1001375
1002590
1002750
1003187
1004463
1005401
1005914
1006559
1007746
1008115
1008866
1009555
1010116
1010197
1010426
1011442
1011821
1012220
1012379
1013107
1013183
1013552
1013650
1014440
1014673
1014683
1014940
1015596
1015790
1016175
1016321
1017909
1018208
1018574
1018982
1019017
1019031
1019388
1019450
1020359
1020424
1020475
1020510
1020896
1020901
1021389
1021735
1022093
1022472
1022935
1023000
1023453
1024813
1025280
1025935
1026105
1026396
1028595
1029138
1029375
1029689
1031142
1031176
1031557
1033621
1033786
1033820
1034317
1034440
1034729
1034870
1034892
1035163
1035479
1036839
1036897
1037158
1037703
1038197
1039311
1039394
1039649
1040924
1041140
1041538
1042116
1043010
1043127
1044623
1045432
1046410
1047467
1049893
1049916
1050134
1050516
1050975
1051526
1051636
1051667
1052615
1053413
1053790
1053903
1054168
1054286
1054576
1054849
1055997
1056407
1057664
1057906
1060055
1061144
1061892
1061933
1062103
1062342
1062580
1062642
1063229
1064026
1065391
1065729
1066078
1066517
1067278
1067713
1068148
1068500
1068692
1068946
1069631
1069837
1070184
1070510
1071683
1071797
1072353
1072501
1072580
1072698
1072702
1072970
1073849
1074279
1075290
1076032
1076367
1076875
1076957
1077104
1077406
1077553
1078014
1078115
1078333
1078737
1079490
1079576
1079774
1080527
1080846
1081223
1082227
1082330
1083028
1083393
1083830
1084409
1084787
1084941
1085608
1085669
1086151
1086734
1087434
1088689
1088701
1088877
1089336
1089384
1089822
1090306
1090347
1090637
1090989
1092344
1092782
1092960
1093379
1093487
1093526
1093596
1094148
1094478
1094564
1094577
1094861
1094927
1095491
1096185
1096691
1096704
1096768
1097165
1097444
1097728
1098098
1098443
1098460
1098611
1098651
1099174
1100037
1100176
1100340
1101673
1102304
1102534
1103279
1104824
1105252
1105272
1106211
1106417
1106749
1106752
1106968
1107670
1107878
1107973
1108160
1109982
1110287
1110320
1110420
1111441
1112279
1112602
1112921
1114032
1114217
1114355
1114461
1114584
1115032
1115037
1115196
1116537
1117405
1117822
1118223
1118526
1118600
1119213
1119643
1120136
1122358
1122731
1123031
1123205
1123363
1124338
1124668
1126952
1127451
1128183
1128781
1129273
1129434
1129480
1130607
1131337
1131571
1131586
1131760
1131788
1132039
1132729
1133461
1133670
1134216
1134369
1134952
1135201
1135272
1136468
1136769
1137035
1137318
1137357
1137769
1138708
1138755
1140831
1140930
1141310
1141372
1141626
1141814
1143187
1143496
1143517
1143620
1144278
1144279
1146459
1147698
1147749
1147880
1147972
1148266
1149253
1150050
1150077
1150806
1151007
1152130
1152229
1152241
1152602
1153654
1153944
1154796
1155908
1156047
1156448
1156449
1156645
1156916
1157856
1157930
1158725
1159051
1160302
1161421
1161965
1162665
1162998
1163329
1164040
1164981
1165776
1166416
1166735
1166958
1167054
1167248
1168101
1169376
1169568
1170192
1170210
1170258
1171070
1171095
1171155
1171233
1171768
1172039
1172130
1172653
1173069
1173190
1174959
1175067
1175633
1175743
1176411
1177124
1177410
1177490
1177982
1178318
1178708
1178967
1179102
1180150
1181401
1181766
1181774
1181913
1182566
1182585
1182867
1183244
1183427
1183756
1185869
1186328
1187734
1187783
1188055
1188231
1188435
1188751
1188958
1189973
1190125
1191703
1191957
1192292
1192543
1192578
1193071
1193144
1193717
1193922
1193945
1194499
1195523
1195626
1196522
1196922
1197546
1197585
1197735
1198813
1199320
1200306
1200670
1200718
1201065
1201332
1203301
1204161
1205084
1205275
1205944
1206804
1206929
1207005
1207035
1207132
1208062
1208243
1208616
1208826
1208845
1209307
1209329
1210506
1211084
1212147
1213095
1213383
1215516
1215575
1216709
1217594
1217968
1218492
1219850
1221102
1221146
1221799
1223073
1223244
1223633
1224144
1224795
1224902
1225048
1225377
1225417
1225562
1226572
1227006
1228529
1228561
1228935
1230663
1230970
1231026
1231520
1231598
1231925
1232978
1233284
1235452
1235836
1236698
1236929
1238146
1238412
1238786
1238811
1238891
1240799
1242105
1242301
1242418
1244231
1244600
1244771
1245684
1245803
1246310
1247187
1247447
1247640
1248521
1248975
1249194
1249292
1249302
1250217
1250407
1250552
1250760
1250801
1251332
1251542
1251873
1253856
1254623
1254796
1255114
1255710
1255949
1257784
1258515
1258782
1258829
1258884
1260078
1261195
1261975
1262181
1262227
1262314
1263679
1264583
1265015
1266819
1266820
1267060
1267151
1267839
1267870
1268389
1268465
1268527
1268567
1269059
1269205
1269330
1269831
1270151
1271172
1271530
1272568
1272899
1273717
1274200
1274294
1274590
1274606
1275485
1275786
1276330
1277025
1277099
1277625
1277927
1278166
1278437
1278647
1279148
1279345
1279518
1279583
1280182
1280204
1281503
1281687
1281906
1282370
1282456
1282653
1283256
1284368
1284424
1285044
1285136
1285410
1285847
1287049
1287730
1288030
1290042
1290081
1290087
1290492
1290505
1290871
1290922
1293426
1294039
1294041
1294736
1294774
1295239
1295800
1296894
1297297
1297461
1298320
1299297
1299718
1300086
1300500
1301038
1301732
1302523
1303026
1303062
1303435
1303699
1304639
1304775
1305220
1305319
1306040
1307356
1307701
1308293
1308337
1309117
1309165
1309413
1310332
1310439
1310967
1312866
1313360
1313646
1314555
1315103
1315171
1316001
1316314
1316649
1316716
1316802
1317705
1317821
1317915
1318979
1320085
1320260
1320374
1321267
1321542
1321876
1321903
1322549
1324001
1324521
1324813
1324868
1325769
1325819
1326480
1327107
1327841
1329402
1331412
1331763
1332285
1332341
1332397
1332865
1332882
1333077
1333595
1333656
1334375
1334942
1335045
1336406
1336423
1336542
1336732
1337509
1338191
1338327
1338412
1338429
1338974
1339755
1339967
1340482
1340598
1340715
1341234
1341363
1341747
1342740
1344684
1344733
1345598
1345861
1346697
1346879
1347302
1348210
1349026
1349205
1349362
1349562
1350729
1351639
1352347
1352638
1352917
1353390
1353806
1353912
1356519
1356982
1357161
1357497
1358415
1359382
1359644
1359845
1360353
1360910
1360969
1361020
1362102
1362683
1363195
1364487
1364989
1365886
1366126
1366410
1366599
1366947
1367110
1367208
1367906
1368127
1369198
1369502
1369982
1370177
1370608
1371247
1371547
1372288
1372564
1372930
1372992
1373287
1375212
1375259
1375378
1375524
1376234
1376477
1376866
1376967
1377355
1378562
1379148
1379941
1380739
1380927
1381152
1381218
1381715
1382231
1382548
1383211
1384050
1385389
1386192
1387671
1388395
1391071
1391224
1392352
1392360
1393547
1394023
1394044
1394045
1394140
1394493
1394707
1394770
1397526
1397545
1398925
1399609
1400155
1400410
1400465
1402237
1402575
1402820
1403137
1403233
1403535
1403778
1403881
1403907
1404229
1405071
1407008
1407185
1407463
1407841
1408138
1409722
1410416
1411211
1411515
1412880
1413187
1414304
1415124
1415859
1416246
1417710
1418566
1420862
1421255
1422145
1422450
1423035
1424281
1425361
1425569
1425782
1425976
1426466
1427135
1428386
1428622
1429226
1429527
1430111
1430718
1431003
1431172
1431256
1431636
1431777
1431857
1432721
1433097
1434680
1435326
1436204
1436471
1437512
1437724
1438502
1438531
1439137
1440730
1443249
1443267
1443854
1444530
1444722
1445575
1445627
1445716
1446196
1446332
1447779
1447995
1448312
1449130
1449142
1449393
1449798
1450237
1450689
1451131
1451149
1452110
1452115
1452542
1452627
1453490
1453904
1453935
1455538
1455638
1456031
1456477
1456816
1457425
1458792
1459554
1460058
1460367
1460670
1461504
1462015
1462504
1463632
1463902
1463992
1464445
1464484
1465075
1465322
1465405
1465553
1465752
1465863
1467015
1467316
1467548
1467825
1468439
1468764
1468984
1469195
1470097
1471044
1471340
1471523
1471670
1472177
1472628
1472669
1473049
1473333
1473449
1473687
1474481
1476291
1476452
1477035
1477168
1477498
1478231
1478550
1479792
1480616
1480622
1481942
1482189
1482263
1482987
1483600
1483625
1483972
1484269
1484582
1485791
1486757
1487265
1487435
1488590
1489015
1490339
1490957
1492146
1492751
1493654
1493766
1493839
1494114
1494784
1496414
1496556
1497594
1497868
1498094
1498199
1498563
1498719
1498917
1499188
1499221
1499511
1500561
1500885
1501254
1501376
1502211
1502813
1503688
1504381
1504756
1504837
1504884
1504969
1505768
1506204
1506541
1507511
1507813
1508071
1508454
1508630
1508993
1508997
1509419
1509479
1509931
1510276
1510356
1510834
1510906
1511412
1512985
1513654
1513713
1514944
1516119
1516508
1517121
1519181
1519691
1524306
1524614
1525077
1526041
1526166
1526756
1527974
1529221
1529840
1530343
1530998
1531127
1531442
1532798
1532900
1534380
1535233
1535413
1536164
1536195
1536499
1537381
1537685
1537751
1537768
1537792
1537956
1538551
1538744
1539205
1539341
1539420
1539904
1539951
1540523
1541960
1542647
1542744
1543003
1543571
1543598
1545666
1547765
1548176
1548271
1548545
1548980
1549462
1549604
1550107
1551920
1551934
1552602
1554649
1554969
1555171
1555327
1555427
1555558
1555852
1556068
1557464
1558235
1558422
1558677
1558807
1559019
1559234
1559837
1560566
1562575
1563100
1564062
1564720
1565109
1566073
1566188
1566540
1566563
1566836
1566912
1567171
1568007
1568231
1568932
1569231
1569259
1569465
1572248
1572590
1573351
1573741
1574114
1574531
1574607
1574720
1575207
1575779
1577286
1578128
1578315
1578718
1580245
1580276
1580819
1580965
1581607
1582216
1582540
1582673
1582831
1582949
1583197
1583366
1583734
1583791
1583948
1584402
1585772
1586576
1586823
1588169
1588420
1588555
1589095
1589317
1589505
1589527
1590294
1590400
1591088
1592079
1592472
1592788
1592898
1593148
1594197
1594950
1595670
1596951
1597488
1597903
1598371
1598719
1598969
1600243
1600469
1602567
1603363
1603388
1603578
1603728
1604288
1604322
1604359
1604700
1605053
1605699
1606849
1607414
1607768
1607932
1608745
1611343
1611594
1611787
1612063
1612332
1612798
1613090
1613396
1614068
1614250
1614626
1614973
1616149
1617031
1617296
1617348
1617698
1617795
1618662
1620551
1622742
1623098
1623162
1623514
1623946
1625030
1625311
1626449
1626496
1626931
1627104
1628274
1628437
1628632
1629311
1629455
1630592
1630793
1630899
1631078
1631113
1631158
1631409
1633055
1633125
1634403
1635011
1635511
1635968
1636543
1637925
1638402
1638624
1638653
1638840
1639071
1639228
1639251
1639424
1639492
1640228
1640611
1641926
1642155
1642939
1643975
1644196
1645943
1646102
1646518
1647564
1647686
1647794
1647916
1647954
1648050
1648406
1648881
1649455
1650820
1650897
1651090
1652405
1653043
1653398
1654544
1655106
1656484
1657358
1657545
1657865
1659314
1661485
1661991
1662834
1663745
1665083
1666158
1666353
1667074
1667137
1667336
1667525
1667710
1668006
1668013
1668193
1668352
1668391
1668521
1668581
1668984
1669554
1670657
1671530
1671583
1671634
1671768
1672237
1672724
1672733
1673006
1673129
1673453
1673570
1673603
1673973
1675240
1675640
1675693
1675788
1676016
1676188
1677479
1677512
1677810
1678710
1679010
1679259
1680354
1680542
1681285
1681932
1682299
1682682
1682811
1683006
1683608
1684177
1684219
1686231
1686646
1687914
1688338
1688609
1688649
1688703
1689082
1689362
1690914
1691293
1691431
1692378
1692690
1693125
1693369
1693539
1693766
1694225
1694554
1694941
1695068
1695687
1695917
1696371
1696464
1696910
1697687
1698195
1698369
1698967
1699191
1699212
1700426
1702455
1703509
1705431
1705656
1706279
1706347
1707615
1707637
1707929
1708530
1708792
1711009
1713467
1714198
1714800
1714942
1715836
1717063
1718532
1720914
1721113
1721599
1722210
1723475
1723486
1723498
1723579
1723975
1724031
1724300
1724565
1725786
1727392
1727647
1727824
1728061
1728501
1729011
1729669
1730111
1730919
1731809
1732447
1732979
1735231
1735453
1735561
1737273
1737617
1738059
1738175
1739719
1742359
1742625
1742777
1748957
1750159
1751121
1751425
1751951
1752393
1753015
1755201
1755543
1755703
1756973
1759251
1759371
1760209
1761167
1761383
1762301
1763119
1763805
1764611
1765671
1766629
1767303
1768817
1769495
1770223
1770901
1771531
1771541
1773423
1774765
1774935
1775185
1775243
1778353
1778533
1780027
1781099
1781105
1782941
1783717
1783843
1784385
1784927
1787821
1788203
1788757
1789683
1790005
1790299
1790347
1790611
1791635
1792159
1795011
1795389
1795405
1795579
1795727
1796237
1802527
1802863
1803125
1804049
1804519
1805535
1806831
1808361
1812961
1814861
1816495
1817219
1817583
1818899
1819531
1821699
1822043
1823043
1823427
1823649
1823715
1824669
1824915
1826121
1828194
1828804
1829194
1829452
1830476
1831022
1832682
1834210
1834276
1834498
1835062
1835132
1835884
1835898
1837522
1837640
1837830
1838230
1838834
1839416
1839776
1841660
1842292
1843036
1845838
1846432
1847648
1847666
1847784
1848696
1848748
1850936
1851084
1851784
1852900
1854202
1854710
1854898
1855316
1855734
1855990
1856662
1857240
1857906
1858028
1858058
1858622
1859228
1859602
1860350
1861012
1861120
1862370
1862924
1864588
1865040
1865652
1866654
1866950
1867010
1869968
1870502
1871210
1871346
1871494
1871942
1872090
1872130
1872354
1873844
1875024
1877530
1879078
1880222
1880432
1881032
1882284
1884104
1884904
1885884
1886944
1886984
1887414
1888692
1888854
1889438
1889514
1889752
1889774
1889826
1889960
1890360
1890694
1890788
1890794
1892354
1893602
1893956
1895100
1895362
1895612
1897204
1897368
1897776
1898930
1899318
1899484
1899952
1900322
1900388
1901174
1903288
1903292
1903762
1906654
1906900
1908924
1911214
1911352
1911512
1911866
1912854
1913346
1913586
1915120
1916378
1919460
1919584
1920582
1921606
1922300
1923062
1923094
1923810
1923896
1925246
1925380
1925442
1925576
1925606
1928748
1930754
1931632
1931730
1931832
1932138
1932182
1932438
1932754
1933100
1934944
1937156
1937252
1937624
1937970
1938234
1938856
1938864
1938908
1939866
1940188
1940332
1940432
1940636
1941304
1941752
1943198
1944292
1946220
1947774
1947950
1949944
1950572
1951346
1951892
1952148
1952690
1952838
1953432
1953984
1954844
1955046
1955084
1955312
1955498
1955610
1955818
1956392
1956532
1959746
1962204
1964868
1965038
1965192
1965536
1965620
1965658
1965772
1966544
1967466
1968150
1969520
1970206
1971574
1972562
1973044
1973942
1975098
1977184
1977386
1978330
1978506
1979168
1979256
1980452
1980936
1982990
1983200
1983254
1984940
1985290
1985692
1987162
1988358
1989098
1990576
1990578
1990630
1990926
1991718
1993102
1993118
1993354
1994136
1994276
1994290
1995310
1997646
1998582
1999068
1999280
1999984
2000322
2000870
2001012
2001272
2002040
2002842
2002880
2003798
2004230
2004266
2004776
2005134
2005314
2006236
2006592
2006790
2007668
2008822
2010814
2011100
2012592
2012980
2013004
2015192
2015776
2019216
2020324
2021460
2022046
2022776
2023290
2023818
2024098
2026504
2026512
2026752
2027194
2027944
2028534
2029702
2029726
2029966
2031212
2031760
2031956
2032196
2032352
2032362
2032488
2033772
2033802
2034100
2034770
2036232
2036486
2037504
2038076
2038186
2039260
2039426
2039714
2041516
2042692
2042902
2043398
2043586
2045010
2045124
2046286
2046492
2047182
2047308
2047862
2049648
2050286
2050402
2053096
2053824
2054294
2056078
2056186
2057230
2058226
2058364
2058482
2060250
2060514
2060990
2061504
2061938
2061950
2061974
2062462
2062708
2063308
2064172
2064342
2064446
2064666
2065082
2066244
2066930
2068406
2070174
2072402
2073736
2073828
2075544
2076208
2076640
2077300
2079804
2080580
2082128
2082188
2082302
2083926
2085824
2086112
2086172
2087980
2088472
2088486
2090498
2090802
2091976
2093374
2093576
2093980
2094474
2095526
2095822
2097176
2101106
2101588
2102294
2103374
2104248
2105226
2107184
2108326
2109782
2111588
2113434
2114316
2117498
2119650
2120064
2122270
2122360
2124314
2124682
2124828
2125256
2125342
2126276
2126336
2126346
2126488
2127230
2127994
2128218
2128920
2128960
2129678
2129888
2130258
2131224
2132568
2135242
2135602
2135674
2135802
2135944
2136142
2136170
2137196
2138340
2139270
2140510
2142876
2144634
2146302
2146948
2148782
2149508
2150574
2150688
2151452
2151646
2152272
2153776
2154098
2155234
2157282
2157920
2160428
2160914
2161012
2161754
2162854
2163258
2163600
2163862
2165768
2166222
2166580
2166682
2168014
2168910
2170304
2172460
2172586
2175432
2175660
2176408
2178078
2178500
2178686
2180528
2180884
2181932
2181952
2182076
2182550
2183502
2183540
2184166
2184586
2186456
2188058
2188306
2189616
2189958
2190468
2190572
2191056
2191270
2194822
2194976
2195104
2195554
2195738
2195934
2196430
2197330
2197738
2197774
2198912
2199190
2200624
2202152
2203778
2204036
2204776
2204812
2205122
2208022
2208186
2209196
2210296
2210544
2211458
2212210
2213146
2215264
2216770
2218952
2222574
2223632
2225844
2226660
2227824
2228126
2229176
2229438
2229452
2230652
2231394
2234260
2234384
2234476
2236240
2237768
2238228
2238660
2238826
2239422
2239772
2240682
2242018
2242494
2244470
2246744
2248002
2251838
2252068
2253614
2255594
2260982
2261720
2262488
2265308
2265492
2267930
2268076
2268466
2268954
2268970
2270034
2270838
2273704
2275384
2275698
2276894
2277260
2278946
2280924
2282250
2286800
2289294
2290156
2291538
2291550
2292198
