11798
28137
36050
90796
155599
169492
193832
206534
347700
480783
514744
559985
568887
596167
757599
771064
842663
884194
885936
954437
954639
991634
997522
1179102
1200306
1315436
1335045
1408703
1457592
1460367
1564659
1589279
1634403
1639439
1651777
1701337
1725439
1877530
1895100
1910430
2022968
2050286
2091054
2238228
2310814
2433726
2567778
2574908
2618508
2630504
2738540
2785044
2811256
2825030
2944724
2980668
3014848
3032388
3045879
3055894
3119206
3657701
4084161
4255031
5067821
5617901
5658921
5815311
6299361
6796441
7735881
7841951
9035721
9133481
11641301
11967091
12128141
12711881
13797691
13825821
14317671
14471931
14839461
15143111
15231521
15420311
15587234
15596225
15671315
15706969
15710991
15726334
15754928
15797480
15978527
16028388
16160515
16692985
16695088
20172814
20201428
20314600
20335051
20434933
20439295
27175597
27550213
27819817
27909060
29004482
29014324
29083128
29099432
29532581
29534878
29638879
29777439
29806471
29810412
29931219
30026118
30084643
30307841
30312511
30348316
30500646
30551173
30567215
30664623
30692628
30736887
30849241
31082396
31172140
31300272
31316544
31409774
31448506
31641561
31654607
31766278
31797942
31988181
32129707
32133313
32182070
32183085
32244163
32288681
32299566
32301946
32352848
32376022
32390084
32437808
32444603
32454918
32556320
32929368
33012343
33015800
33106804
33152906
33292729
33298365
33433912
33455400
33467222
33564612
33565098
33618340
33671913
33718512
34021836
34094382
34202335
34215086
34243702
34257982
34282381
34288861
34306039
34313704
34387564
34460855
34475518
34517642
34644523
34656089
34664661
34714895
34725190
34804432
34829884
34834788
34860976
34884676
35008493
35009237
35066240
35115318
35191439
35322329
35342566
35356466
35497249
35580368
35586471
35703455
35757014
35773220
35857033
35971388
36092519
36143876
36198175
36233947
36295327
36313076
36360447
36413583
36468700
36538189
36573470
36660866
36722553
36824816
36845327
36863105
36991232
37043833
37045120
37054012
37061663
37096030
37098117
37111569
37121970
37135893
37183393
37191067
37216298
37282818
37313925
37321660
37609810
37619643
37672932
37850681
37855813
37859556
37871689
37881385
37921378
37928042
37937293
37951232
37978482
37993821
38010354
38087037
38095687
38099266
38104917
38182077
38215952
38252875
38304654
38376291
38504120
38531018
38545678
38564916
38594007
38607551
38783981
38873307
39249006
39423203
39480855
39498303
39592726
39604976
39666126
39956902
39969276
40287750
40304817
40328496
40344160
40374533
40376269
40465984
40648907
40720638
40733463
40749111
40837826
40903138
40982320
41128286
41441868
41477852
41511205
41514691
41547182
41583566
41591751
41648804
41688552
41689901
41752041
41819191
41899444
41963216
42056861
42116343
42213000
42213061
42257680
42289107
42393610
42452426
42468526
42584673
42586385
42592435
42593502
42726156
42734274
42824514
42827427
42846305
42880664
42983434
42993963
43032483
43039161
43097358
43140368
43158835
43209587
43260335
43334118
43477110
43686943
43698619
43712100
43821616
43898011
43922291
43936362
44011125
44070277
44165505
44203347
44412070
44426653
44442114
44459233
44578271
44825566
44838960
44909512
44932052
44978239
45007394
45107432
45184976
45303065
45482123
45622192
45740493
45801559
45818068
45847721
46006290
46315435
46345088
46354270
46397030
47400755
47663542
47939488
