33263363
36851315
41287492
37078428
46058368
45555468
44165505
34243702
894969
3794711
46632286
46578483
3218856
40818502
1451909
46345088
975165
39036674
47955173
46576248
47877022
32676884
47940543
47663542
40945157
37054012
35793405
40574364
47389416
36413583
46989502
41286185
46226352
41629366
37750044
33567901
47752135
47491543
47854978
37962279
780674
47846874
47799520
44412070
41399936
43236174
38676877
46487027
47778906
38296369
30692628
47767266
30229260
47728664
6647601
6328601
38441864
16044663
1515190
44545745
37748639
36879718
34977221
31797942
47653635
45756987
1642310
43076820
690071
38065482
44536810
37314712
124891
47633742
731740
16119574
36753181
37634426
29925408
38087037
761552
30348316
34268940
44474780
47606246
38894593
40467667
6002901
16157598
37061663
1450237
219392
2604976
35356466
1430045
47397948
47533193
47533097
1748193
46659603
484918
35703455
336159
47515130
30161279
36421773
47427344
44070277
33375253
16457329
37251405
47359805
39889486
32561562
47490869
47487031
1701337
16710268
47468131
342128
31974640
830056
31448506
10195431
41547182
14522191
41576793
47433838
40442860
44169385
13446
2864498
39886727
34342257
34367432
2491948
483945
44002156
37124606
31660678
30430820
37296762
37183393
1313728
29638879
15231521
33015800
42116343
47454089
47452351
31781162
47450512
37736681
2618508
2831258
31880815
42177082
37391952
16464154
40982320
34149952
831528
1857240
30136276
46272525
2394390
46689782
35704433
29564986
44270317
27645211
26105
47022912
7540461
33823716
39969276
14190
38032583
1842362
40328496
2009368
29650066
22647238
787957
35776862
46477152
47134088
833768
1065391
857179
36058595
295776
40902096
35657092
256652
350737
41856164
2707220
514018
39672592
34252666
31644399
35241545
30527052
47378292
29323571
869561
47131837
47349661
38095687
3020399
15778105
15996864
34385049
28094275
13797691
45890261
32041576
38215952
20172814
3050151
2781112
22242426
31435765
852997
24655228
47167119
2861564
32419639
36400299
45525248
46312370
11406731
38413069
33197611
30330786
596167
15596225
41110482
40903138
47223195
37054377
33012343
43740077
14505171
47188647
32003071
36900036
37546190
16652077
28137
37178612
45002913
789336
45023377
35008493
35586471
41871077
1877530
41080787
44599867
42297858
47179247
37753812
43238394
36954591
33679974
42393610
2238228
885936
16692985
35949017
47163213
44585952
31512952
15623990
41285607
30251532
507929
30283038
119376
44235508
7373991
44442494
46323667
6299361
388335
41591751
47004168
36660866
29931219
37696208
47126069
30664623
36882626
47124526
16010326
16450480
29250137
32654735
31296827
155881
8425811
331561
30872897
11798
559985
38504120
32556320
36050
30682077
31524327
39663
42914761
44934170
2574908
43505159
41938688
1993354
41409819
41407207
1704235
41289194
13825821
30291452
39019515
32751758
9504571
34844369
36228888
35641801
34767399
757519
34261667
32898823
31813378
31363158
27899415
29667246
20511130
16571689
16129337
16109362
16096186
15710242
14313571
9724041
38
2981544
2794394
2764346
2197864
1979804
