4
10
11
12
13
14
15
16
17
18
19
20
21
22
23
24
25
26
27
28
29
30
31
32
33
34
35
36
37
38
39
40
41
42
43
44
45
46
47
48
49
50
51
52
53
54
55
57
58
59
60
61
62
63
64
65
66
67
68
69
70
71
72
73
74
75
76
77
85
89
90
93
94
96
97
99
105
106
107
108
111
112
114
124
125
136
138
141
154
156
159
162
163
164
165
169
171
179
191
193
199
206
207
212
217
220
238
253
260
262
267
270
272
287
294
297
298
300
307
315
316
317
345
346
347
349
358
366
368
377
378
389
390
396
397
404
405
406
417
421
423
431
439
443
445
449
459
465
466
467
470
471
481
508
515
526
537
540
549
550
553
556
557
559
564
569
570
571
572
581
591
595
601
610
611
619
627
635
668
674
686
688
692
698
699
706
737
738
742
743
769
773
776
777
779
787
790
791
799
803
807
810
811
817
820
823
824
827
832
852
854
864
870
872
877
885
886
894
897
905
906
910
912
915
916
920
927
929
931
940
941
947
964
965
975
984
992
996
999
1002
1004
1009
1011
1020
1028
1029
1048
1049
1057
1059
1063
1067
1074
1075
1082
1085
1094
1096
1103
1111
1121
1125
1137
1140
1151
1157
1161
1163
1170
1176
1180
1182
1186
1198
1204
1208
1220
1230
1234
1258
1260
1262
1266
1270
1277
1292
1306
1309
1318
1319
1331
1341
1345
1348
1358
1359
1360
1366
1372
1373
1374
1380
1387
1396
1399
1405
1406
1415
1417
1422
1503
1548
1564
1572
1576
1584
1608
1634
1668
1700
1721
1726
1731
1775
1783
1884
1932
1957
1992
1994
1997
2010
2094
2125
2134
2142
2149
2157
2250
2385
2390
2392
2472
2530
2590
2601
2646
2686
2749
2770
2789
2795
2806
2833
2844
2864
2922
3061
3074
3083
3103
3108
3146
3200
3255
3259
3263
3266
3286
3288
3349
3444
3452
3456
3483
3517
3583
3643
3669
3672
3867
3919
3971
3991
4007
4385
4388
4406
4556
4557
4830
4855
4862
4944
5003
5042
5054
5064
5077
5216
5288
5396
5411
5425
5486
5568
5649
5654
5657
5793
5806
5807
5823
5824
5829
5844
5968
5995
6031
6033
6036
6039
6062
6086
6141
6158
7897
10520
11798
12148
18635
26105
36050
39743
42819
48302
53804
79361
93248
124519
124891
128693
139713
145886
147580
156376
157250
164262
181052
182439
183485
187552
190271
191777
193832
194365
204906
208777
218373
219392
225063
225989
226516
228748
232586
253770
253940
257297
270521
272786
276167
276783
278840
288258
292483
297646
311546
315089
339390
348705
348832
356041
357237
359139
360832
361339
385838
390411
395362
395515
406857
418756
420967
427958
449062
480654
487840
510511
559985
589808
592937
596167
600355
672965
691098
695919
757393
789805
790656
806722
819730
827847
829489
831135
833768
847275
853534
854738
875782
885936
886367
900039
904061
907669
917635
935189
941885
954639
961735
971174
986818
989140
1002557
1007963
1055997
1093526
1100383
1110713
1137769
1146169
1167248
1170258
1185095
1200306
1207396
1214763
1243110
1255870
1324051
1393088
1397545
1410665
1430848
1433568
1443249
1483625
1523855
1544512
1562952
1602757
1608630
1628437
1636472
1680354
1688338
1695885
1701337
1725325
1737273
1784641
1796693
1849364
1877530
1895100
1906826
1910376
1936602
1964868
2114398
2128720
2136142
2189616
2201580
2220672
2270350
2288902
2319140
2326728
2353958
2381976
2393868
2717132
2723692
2811256
2864638
2880174
2944724
2988970
2993398
3008276
3025749
3028447
3057643
3083116
3123708
3160979
3185736
3222013
3441211
4045281
4150211
4694251
4804421
5119571
5438181
5981211
6059621
6422281
6490561
6553511
6586301
6720231
6721571
6906571
7121601
7221621
7347951
7451961
7708711
7784011
8020751
8292911
8329381
8458681
9257041
9848761
10174841
10271821
10529761
10887981
11229861
11320501
12180721
12471661
12711881
13797691
13994291
14522191
14788301
14887921
15559884
15567923
15595544
15596225
15623990
15640419
15700661
15754282
15755125
15787033
15814942
15816217
15974211
16022909
16027022
16060412
16091343
16099995
16155183
16362166
16692985
16727986
16740418
16750105
16768387
20163121
20172814
20287921
20439295
20480449
27014278
27122866
27420622
27426229
27527125
27757705
27799810
27937681
28094275
29049851
29086918
29099432
29135728
29170535
29244483
29262487
29266950
29311548
29317775
29333654
29616322
29638879
29640031
29752943
29777884
29787255
29810412
29889111
29902611
29931219
29956289
29968896
30007773
30064510
30161279
30204077
30242089
30283038
30332811
30335172
30444363
30630796
30707398
30736887
30746858
30774669
30884061
30925965
30929570
31058721
31140147
31213066
31404434
31448506
31649667
31654607
31664103
31759977
31789456
31844414
31985691
32004730
32006956
32011145
32130725
32225483
32246575
32276072
32288681
32302017
32306230
32325098
32353250
32376022
32390084
32444603
32554504
32556320
32560218
32561635
32561872
32603445
32614942
32665248
32669976
32698748
32764561
32775926
32789690
32836860
32854013
32976222
33015800
33063062
33158741
33169219
33195238
33213015
33259852
33260162
33305692
33355397
33446198
33461345
33471284
33490641
33596861
33658465
33698565
33705196
33713157
33726771
33740996
33747238
33750074
33778662
33787992
33832904
33849889
33868651
33887023
33961670
34015956
34064706
34085752
34085772
34085804
34098622
34176815
34183672
34232185
34244057
34257553
34261097
34271915
34277316
34286160
34292832
34295100
34306039
34323577
34351925
34352584
34385049
34457060
34508594
34558708
34562915
34633210
34643835
34689217
34714895
34795542
34798706
34811211
34844369
34857022
34950087
35038673
35059806
35082686
35099581
35099583
35101012
35180848
35181107
35192754
35200183
35283128
35310219
35338521
35343894
35347656
35376078
35388257
35390395
35454867
35480674
35497249
35542288
35573811
35580368
35586471
35710349
35757014
35814616
35877668
35886829
35906304
35938786
35950803
35976180
35987654
35993393
35997913
36002724
36072492
36090835
36099138
36104804
36117148
36117776
36137424
36142896
36159055
36159271
36161663
36167597
36207771
36228861
36239054
36262392
36266626
36292045
36292724
36295327
36305051
36327691
36342850
36344827
36347255
36419931
36436638
36448909
36579950
36580628
36583105
36656233
36666664
36722553
36726098
36991232
36994750
36999950
37008112
37036907
37043833
37076955
37096030
37112422
37112442
37123750
37142230
37162530
37182818
37183393
37198383
37217701
37220460
37234673
37254757
37285533
37295073
37446104
37573495
37619643
37628009
37684601
37701161
37725674
37736681
37794049
37841507
37855376
37855813
37871976
37873266
37910698
37930916
37946689
37987137
37988042
38003559
38087037
38141504
38227316
38246632
38400363
38421243
38504120
38539709
38564916
38697157
38763753
38838215
38866331
39009764
39010033
39011953
39137022
39140353
39498303
39685847
39709609
39886727
40703703
40774354
40903138
41170699
41505538
41547182
41689901
42181381
42297858
42520168
44442114
44572569
44599867
44950028
45107432
45639247
45692551
45838136
45839081
46025386
46133173
46292964
46487027
46908782
46962220
46970212
47026973
47131837
47144878
47178996
47206111
47223195
47230914
47376659
47408796
47468131
47508580
