46743233
48068440
43762390
41629366
27502726
15760788
1990488
41737790
47999744
40529543
46576248
37808009
37078428
46860034
47997114
7685751
46345088
47925338
47972301
40574364
979013
47663542
546075
42027587
27896356
1898930
30705059
14382921
44011125
47930026
1495148
43960729
37590552
31780851
41593559
36413583
42501030
977729
46302587
47389416
47879517
3119605
47491543
47809115
38296369
1366361
47824140
47616526
29777439
46537850
47799520
46898611
2429876
47176019
40678592
30692628
47758156
975165
47004401
45023377
47726396
47732363
47717548
30205043
47523972
43494458
47221767
39410289
46471018
47685771
47131837
35968725
38065482
47651430
1450237
47656573
47655207
47652854
47652747
47651703
47651446
47644540
47635619
47628530
47627083
30348316
46301843
47606246
1375382
47590413
36270805
47470333
47584482
1420444
47411493
47569242
45510587
38385633
47427344
46505586
30161279
46659603
29584060
2597358
47520005
6002901
46180939
47508580
37124606
44070277
47496356
46908782
44953642
2560106
1701337
36772578
27155863
40202215
47349661
44545745
46179917
32653535
43950042
40442860
46208977
16694692
32676884
1313728
31781162
35949017
1515190
33936364
47439872
47436666
30430820
1567169
14505171
41436722
38022316
36685011
47351929
4299991
42242756
869561
47322192
20310952
34385049
3039342
38215952
34656089
37203463
47167119
47188647
47161437
16606297
41576793
47223195
30025562
47207979
47206111
32814477
38678207
27936716
44022837
33285919
47183125
47178996
39237693
47177570
29293282
16450480
41285607
3124052
33860932
723052
15789805
419147
615869
37050730
37596867
33690920
12204791
1707839
34569924
34854332
33887023
44442169
47064544
47059930
885936
44441377
44220531
44214861
34818369
16652077
987929
37183393
47020213
47019991
156376
43133880
35891867
46991491
34664661
2864498
36080478
33667720
46487027
46133173
46972263
38535689
39447256
40388727
2811256
38385577
46954560
31384105
35600879
46938667
30283038
34935669
46928913
36253880
561672
3190499
32685060
40903138
46312370
46889236
29931219
16692985
29266950
31623338
40648907
8431361
33836930
46795141
38504120
2408716
33580409
7726311
46755081
44513121
31641561
39645605
46514375
40168236
46738063
46734922
38927846
6906571
27138115
1818663
32182554
44165505
46671544
35867886
46001613
41928997
46549382
39501304
1354597
2215016
251548
46674708
42537305
2777454
45865577
37546190
3043392
34937707
7840911
833768
46393156
44902260
46627340
1140447
29076186
956295
34853053
14522191
29561077
41578923
30242089
36954591
31194810
39535400
45818068
1338095
46605831
16086007
32191288
28174596
38538968
33012343
36588677
38087037
35577790
41286185
32664028
2648196
39672592
39880797
37748639
40038471
46153013
46539941
6772891
46519065
45800673
16117522
29779682
36614252
39688519
31366253
1148266
36863105
46504632
46479010
12384501
43376737
15724439
1904670
1201621
37451636
46481292
46478446
46476068
42723564
75898
1168694
514070
41250206
41539468
35293985
46460529
20855303
33182533
42811248
45113964
30063280
44412070
45525248
46429479
8789621
46424732
242813
36167527
38252875
46437274
46424470
338669
617528
46425603
38273490
508398
37518532
38579246
40940986
44909512
46402932
44406326
45830718
35976496
2909126
45450183
43712100
45574977
46006290
30075524
32899373
46213120
1085145
39859222
45433005
33342123
42297858
46219823
40688911
45574754
45303065
46315435
46314871
42046778
37321660
36458297
40344160
40144312
46012061
30251532
46258121
952584
45574529
38907515
37191019
35059806
41507229
41777543
46277257
237544
2567778
37786395
45576633
46212896
45525753
35874337
41193047
46025386
38957184
39623249
45132026
46209499
42734274
37741665
1035820
16425502
2600676
30835196
35613147
44851715
46221991
36515417
46036754
44027486
32409459
43924687
562927
46099706
44030022
33028865
45521473
45082986
44192326
36053754
35704433
46194282
178291
45876116
7768841
46186765
46179903
976580
31923832
45524877
1175641
3239683
397181
29047508
45577590
29131195
46137025
45524439
43762870
744855
597881
46099288
564507
45586785
31995113
46067854
1008866
37057697
34367432
14379241
34149952
38541316
46089001
45524839
42297177
44752682
46091660
45523925
27913213
37594761
1859602
46073472
15984702
33741778
35378818
34265652
1308678
40786301
16106547
45184976
38193560
45587754
650034
2050286
9117261
35511833
45589383
31860086
20272939
43104337
45531017
38495580
30548747
46034804
2337590
12342411
37028700
2707220
36809558
37075133
1029377
35092488
33117158
33796498
30522865
147035
33548178
32417387
45760437
31818624
35257421
41018492
45984961
45539370
40682440
34266068
33958436
45986956
579403
1550028
45974842
30229260
33864894
38441833
16030160
830065
44459233
42880064
31451167
403058
507749
44160588
43740077
33671938
45817836
29526947
588088
236068
45956239
36576341
1738997
37452480
5406761
16540867
39895988
45908079
30140934
32946820
710215
30110538
39257639
32625132
1994680
43076820
8507811
32494372
4132931
2787512
20405299
37290276
43547493
15721556
1672546
459808
45898819
39125569
45896058
45896631
45890152
45856997
1228236
45773803
29101730
35420305
43383305
45558296
2073554
38614688
31912962
11306161
3505851
41582800
23964537
1564659
1695629
31186911
34726927
45820839
9333001
37036907
41172101
36468700
33854343
44143082
502799
35497249
16396624
45810375
1034583
36201739
42615572
32693201
1132278
29894000
43098726
37554994
33628478
27038161
45794456
1564688
39608793
45790854
15604552
36575021
35621769
35355802
33738390
35085395
2629424
16174613
32960574
45780702
43371440
34268940
73744
985567
11229861
32491420
15829823
45757149
44935421
15809890
906568
4160301
1951618
45711720
41312418
44549923
33931346
45739812
43684853
27455299
36785613
30008136
16434997
2632766
34416982
41125613
16230332
35638176
21641287
27332995
45720045
2568744
45715971
45715796
42884138
15657732
34830285
34868094
42586385
32301681
608191
14030851
1618439
1505047
36749107
27889049
40648256
33711876
45693603
45692734
36919396
41569682
1557713
35017071
34775282
986947
34039531
30007773
37885530
954639
33900379
1741979
42608833
31644399
15729482
1895100
1445832
16658581
45564515
45639247
6894451
31296732
8804651
4096911
45643839
187756
2421214
34903603
38613314
36454396
9134
44532432
12245201
413349
31520760
45622192
45236322
36429170
40024934
31975906
33455400
15832185
34630035
39243483
43885995
36165552
1975098
45275129
43701102
338524
45215023
45593089
3115912
20201428
45447015
43480018
15735990
33160525
15710410
45587233
45573792
43172247
7736001
39634426
32024954
27562855
1398529
43373445
37667091
35203942
37817448
35703455
908146
3775021
979815
45564429
38127417
32659473
20312071
913159
43460079
588950
37005980
22620945
5796691
36862953
37956444
3095324
29554701
37545704
522072
20271358
29511895
43822772
29099432
37274141
7338381
255620
7987711
42742458
32398776
31833551
31401855
29512837
39155143
37787672
27629623
7676931
33497839
45516540
15686052
45513062
35536603
42498965
44970080
45299297
45267394
45409383
31534848
43104369
31696042
31429594
29071738
45472699
36887514
37497003
45471556
16072171
2721352
45496318
32724057
1755395
45426859
44270255
15829029
5958551
44775968
172609
27959120
38219088
40052369
38098596
1753661
570506
784244
45273572
29194948
45487444
2302726
31918971
38133099
29911328
15782834
3142613
36759668
1108551
16003530
251442
1661700
32561043
8132561
32315397
41282414
45474068
42162600
38007616
42168267
27917882
34094382
76934
39908880
635944
40759007
11934341
43253587
29290600
1803809
35800034
1509704
780635
45465754
31084605
44655605
31567807
15839635
37842897
43055636
507929
3139640
15988020
15992904
2457130
1209529
30806202
30151239
30883618
33106804
3238834
45316213
15749141
37792904
27360718
33965445
43004992
3845721
5109041
43077186
31103120
1553869
30336712
45225367
1123144
30369656
3053273
31205188
3664281
45437577
45214657
34548203
36442947
1499307
8580301
36286822
1018295
31076711
312866
6502891
35617157
12064581
35776140
30656932
1094077
32080611
216144
407385
36995972
15582106
3203404
862599
43246279
37340658
15578934
4914971
45365492
36353935
19957750
35079820
33332996
310223
38768672
2285330
40097591
1562989
15681438
38701668
45430445
40131983
41871077
45422707
640522
2366960
1571432
27092449
39255642
38958050
36271156
45276699
37473305
37282818
32067831
1153944
40463327
31313419
30262906
27404749
8504761
45362476
2438036
27612961
16283743
32873523
43119832
45187408
45218903
44141265
43094990
41023720
33283510
258630
44293977
461224
44726439
469198
43887655
36317846
9213121
34700783
31090390
44279235
36658033
33604028
34654025
45278265
37423790
37927004
29503502
33591923
15707471
32518543
29992699
29317550
27175597
1784927
39480855
31845531
1470788
233204
153989
698395
38067521
34980528
7704701
35322329
36644610
1482678
16219650
1906994
6596861
33052341
34721378
2663082
16089037
41234612
30991006
37973784
44794289
29106706
37590878
32431191
34850744
45343032
44404715
32805579
45340437
44231662
3880611
34741193
1537601
32121230
37094341
44007420
43505129
32476761
42584673
44531047
39720820
32004730
31001992
42127374
560401
33028937
45184352
42936594
31561300
33827049
36682596
35044288
29074813
3001406
44967214
10994851
43826560
40145129
323494
45007213
1390081
1279321
831528
36241754
195008
889807
37564399
1061777
2186258
7360151
3071062
34243702
31711411
39072259
42892439
5054
27753742
29051972
445550
29570863
29519541
2387306
33278514
6654481
37112530
45033057
338776
31408319
38593543
2059828
5477351
45210371
45266118
33159288
27928491
37124090
36303628
831214
2298368
235720
43804687
32429161
37201219
2694846
16165505
20328433
34025737
36777790
35755127
40949357
32354526
35656016
31548792
33269308
113973
45266183
32379681
32390084
33881883
2246538
37603730
434713
34059576
6202381
40348704
38975205
45253219
39876830
1727020
44838960
29233692
41834390
45219755
15596225
1192592
30882266
16464154
6193441
45246820
31727017
36275342
31287507
3055998
1913306
40304817
38250855
651369
765940
27550213
29106658
29928965
45235691
32795197
33786471
950360
485335
32430037
44974512
37242488
35249740
30004095
41834161
1146459
44167080
39300926
2777970
34743773
2268268
30418201
40447592
10195431
2581328
42993963
35785530
31984004
1091965
31564535
42507771
45127947
31177786
43680919
36007427
1561981
32483482
15669209
36733157
1599792
1077666
33051296
32747470
38888877
33371643
39914632
31432310
12693151
1807735
2431950
29300424
1276631
45108257
32300368
690071
33313938
34714895
6342431
35068344
37102
915984
998536
31946795
29292792
37023570
39209504
8048251
45205992
32319784
45201718
42157258
34475932
37404001
2043228
12423781
31328625
360050
1347657
452355
6569771
33113932
45202337
41641680
45009792
830056
358689
19031914
34867697
41398277
39022392
31887466
36174042
930744
36614161
539937
41104671
45184796
35615409
731769
16666969
30954624
892387
40735688
30736887
29887929
34550986
29209923
34624069
15225431
35276301
15407291
265732
45180563
40680757
45183409
45158155
30854756
33618340
15623990
37940237
44686463
4255341
36701042
44416407
6801871
45109725
15108091
20411878
1706767
400610
1686155
32927554
29870936
203107
40958957
1542744
31925269
32809758
38183281
34121641
42213061
27364207
44447339
48909
45140431
44414834
35240960
45142387
34285713
37177773
36517155
1655860
7294161
45107432
35289124
10238631
34415985
30204857
35768987
2044570
45107850
30790382
480783
34042846
9714781
37612113
5879751
11924551
2888784
1435856
2350506
1443088
12096961
41503642
33956771
7876371
39539796
43519671
833269
43184223
1127753
456957
35160006
613087
30634854
41133334
19572
33179635
44392944
10825091
44077883
44002493
298617
1177047
29018221
32305843
34595388
16610
3192038
40982320
2854614
889383
35491226
42712747
15640419
3120354
42445531
32752087
32304660
43200487
1873720
30651773
34481713
38439421
295776
137883
35212777
22979509
14496021
38239400
43504288
283565
504704
45025690
30308657
357778
29503023
44238567
45084328
42493097
32638739
38012361
35425599
35495855
41864342
559179
565560
274529
38032583
10988401
43021651
33433065
3119206
35491893
37251405
33037255
35279720
2785044
30501589
32624381
37297552
32238231
33212535
1054091
262103
20487505
1707084
27901078
37788492
44103923
45072018
1117022
36520210
617637
36991232
34098622
42874954
2846122
45068149
1871942
30818693
267648
34947124
1385151
39305017
37603651
333869
36058595
29310726
8604821
36863247
27570205
34385671
29268144
316016
38020149
45055193
37818317
38099266
41550007
33034499
35643298
30496144
45043488
2944724
293374
33146438
30118060
1145319
37550456
202451
16123375
15679694
34085676
35465958
27392644
29257842
45041699
16147721
38572780
38012845
8014631
34315915
538842
39100158
45039162
145958
39009764
27965453
315870
38723440
45032157
37471282
37223289
16232743
31820212
4100271
270968
37174539
35126582
43471161
45027825
30177003
43734740
44996990
165933
11621411
45027229
31845415
45025557
33236653
36666664
2710130
1730025
17987896
537358
1605053
37001434
43610478
43855044
1369502
30136276
1149124
3494271
32724775
7540461
1556001
36951861
31424767
17341
36351009
39255036
1043300
5375001
45013007
6292001
16338631
1624178
43008201
40308803
43158835
42653951
41101320
31128614
5460651
45007706
45007394
31675925
841977
13981871
36247416
45006365
37178045
37538969
39656439
78139
16500814
30000191
101070
36561605
102354
1535900
35664865
43319601
36233947
35893508
29833362
740601
38428368
33150806
29640482
40273095
36746727
16542901
33438471
44269315
27946325
42224139
35795863
9410311
29599869
3049907
44991240
36900459
43853811
44990668
36261291
38565443
27799810
43019077
1677987
29946275
39180512
44163334
11809591
44512232
747675
41730539
607939
36664238
43458771
31238461
37397494
44235508
14085291
30614743
29233080
16333216
3156019
193843
752160
9035721
1932138
15834143
35637375
37679141
31797942
39889116
76044
1870502
2143966
32811366
43515466
34306039
41032639
41361405
1716546
420541
1651057
2514396
44003248
35561457
41663092
29991438
5742861
1332384
34277316
29311587
4768471
27324685
34539614
39186224
37043833
43139456
1200324
32390437
36696017
14690121
35455246
30816628
16119574
30733303
1479629
36139558
389059
2871618
35141362
3061475
2728092
2815434
35514614
31792308
43586399
10834751
44042868
41583566
83651
39904765
44408377
136170
1697345
336743
36213874
38410704
37830402
44214452
2713502
35461160
35482120
39117598
2332404
36311632
43453841
2889014
1502356
35703274
31172140
17966551
38159090
44441310
158963
43773432
687191
16158111
6245251
3050151
30747842
32898491
1025083
1929708
16084020
1361984
1774953
40671917
38922360
31070973
43566415
778470
1304113
36222729
1325769
27131233
31951846
44355894
34340446
42196207
38843411
42703817
29004482
44935790
928632
44902124
29810817
23706801
16215782
406610
32929368
31065768
33796590
15706969
39305372
7821731
27263884
33949096
35818409
37180271
7764571
35139219
32979253
42476684
39354233
31036852
33263363
41009807
2310284
1066611
30553957
1810665
43962411
40328496
29143388
39738930
30004405
210233
41759138
33780370
5617901
34490550
1042038
41303431
3557951
23650846
16751152
29281426
31248009
39577502
44800416
44880372
41441868
150792
35418208
935495
44182551
36170647
36385359
34612997
41255322
35390395
29755202
29280587
44183353
44913371
35300210
2660376
2955500
44911373
3187773
162897
44592281
36145887
36538189
33877527
36009209
7784011
34325371
32000218
1095655
2651942
40701193
43780643
4192791
29502606
718097
954437
38449349
8438
33825222
338803
32705368
3444521
44129259
251217
639822
37700230
42938715
34158054
34285705
37061920
4575811
41791604
2810454
15729245
27884465
34620397
34857022
301013
36808298
38184493
1711920
31976226
14046131
8124661
348705
774335
36485470
1332865
34840508
757123
38860322
345859
31429093
38352625
38016812
2664712
2374278
44577889
3120406
30444363
3201994
29737098
63856
1651914
35212389
42835342
38594007
42212886
39382054
32444603
8697461
3089224
37777524
44760707
39937702
35677310
3061684
2995484
34497435
42440304
892535
33291320
837162
43787553
879982
12197821
18720697
239964
36920810
15602343
2873236
37423519
44248822
2280808
37355927
8867831
12278231
15698544
37585736
948301
44884482
32065696
34836135
30491627
38618118
725947
31361336
42739940
41527614
2714846
36486454
2501972
44882640
42170579
245154
2785918
2902212
15683839
15797561
29534878
30551173
44218891
1427130
843392
260869
44877521
14380531
33713006
3025588
6603541
38547419
771246
15744715
33305907
2920036
37851963
35455301
27571438
38421243
30574224
36912670
33708828
278778
37452015
32185231
35335689
1305319
229746
842380
34498386
39333685
16273870
34962537
44572569
446529
29198029
43684754
43111418
3239329
1036937
37146733
42184517
29158526
15742318
30479474
37727399
1348093
37727268
408993
16170512
42506059
30145966
34822385
36663285
968552
41170699
44548052
3172294
30828256
31311518
32525768
39150735
41177783
36494446
39890015
33490376
36370607
34354588
840957
2238490
377897
2188316
39041563
269343
37953907
29015921
27140497
1812889
35021150
34387564
35841731
3143510
1215755
33822124
36119661
31455264
34288861
36117710
39033410
27717268
44782872
44356983
31753085
37781234
20178997
1346216
14190
1766941
1696071
1709978
43273366
35710369
33076600
31898001
39747463
1898372
38186614
34959417
870479
633539
306442
44020017
44686439
214874
1096416
32826499
29059475
44798093
706581
33046825
31443615
34844
30148203
37718638
37070519
31468240
38971685
32895618
40005999
2323054
864853
237161
32166941
182881
38664568
36566912
139600
31246756
39054108
2038076
33035644
31631768
44508308
16075819
833575
43882475
40852884
31392608
2317946
34623214
699146
28137
31342381
38538728
262955
40105455
31010578
6745951
44482714
2029918
2196880
35797268
33061919
813805
42873696
1595664
39606850
33856254
36225197
38218783
33623446
33199695
5606051
11111411
27823636
31773402
42468526
31901303
1251541
119376
36366462
36230720
30793280
6299361
35821663
16127809
31956739
31394077
34013992
37275114
3174008
44840226
29102116
3229232
33085387
154222
2269744
33292108
32696309
23455
31484816
43517899
36726098
1356774
43954479
42528841
2534908
30514259
370225
32263125
37820613
16055253
972837
686361
810427
113897
29192923
32217369
40523124
36437426
1155347
32718935
1108159
41689901
38191849
36124522
41670506
32417872
44456717
30558604
42405041
44490524
37736762
31972541
38603441
1026597
384629
37718132
8182321
29108233
35959134
9347671
4787421
1225514
33952542
42591118
39592726
40682417
1334942
15543988
41819191
11096711
37100183
33694407
4023121
29673090
31654607
41585171
43391927
397814
16003233
35106960
35889893
32842748
32534149
33359260
343310
136864
15718009
1298334
37114522
40405701
29055069
29210845
30692888
29165738
40293456
1071516
41533789
37790713
884061
2540084
1782607
1228529
29077421
34407263
39892594
3010162
29913494
44433601
14938371
33811255
26105
35912758
16509976
34374004
35652721
35245209
43608312
31321106
4688211
42804788
3565161
6085781
40659011
20334616
39874516
39670270
16091343
1734259
34282381
2339528
1375507
20436838
43925
35826270
2568432
27183814
37313925
31312623
35394587
31525614
1324906
33279450
15990503
39858489
29584654
1176411
34874562
1642496
38197268
31107057
10487
15640848
44799628
30524285
1477035
16017694
38143254
29233237
36142896
22659442
2943264
15840919
43332102
1727911
1594950
33181084
33873266
96012
6864111
4873751
37076296
20429890
38095687
44142138
44819382
1002532
1517084
27925519
1113421
29815920
44789299
39327860
16060131
689838
30650361
733932
35567786
1938174
1235208
43931899
42774853
40638943
309398
590561
715756
32024217
15972138
37649718
1794175
33521438
30539384
44815426
27940960
38841780
585327
34130437
124891
16039001
12660841
22647238
36295363
2357054
31146427
1170875
39655565
10441301
38708605
37555318
1579038
32121342
68262
37937240
21614119
1181507
37735880
29832069
1230123
43057330
44567181
658145
44503863
34959361
32561635
11092161
43797771
42116343
33306303
594405
33129061
36419886
41547182
32262262
16028388
20197342
29592922
342128
42430884
33908192
32895407
37297354
731740
44406450
34251417
42775176
34679413
29965767
33551331
36677698
29097157
36496295
35098874
614021
3064384
2935842
31131833
42527675
3062417
674538
3220506
7044831
33434492
39004156
4273931
44298565
44029036
487840
31854307
15798631
1216709
14000441
41966625
44806563
514841
27548944
16345255
31562293
41363461
1047432
43343712
36142477
35669250
27461950
348802
44225465
328024
1725275
34943141
31965772
43630015
16349470
33461345
278193
29665000
29191474
35241545
38877455
13797691
31686376
1859874
675424
1483013
34245168
38856816
1427500
30949407
44803355
30696473
36753181
33888748
37292467
29513217
35776862
3084278
3070794
35356466
3969731
36638178
39476649
42022374
31698941
40183722
1165998
31019806
43624441
13446
41998402
434343
8741881
38181860
14500611
1033468
44228321
35697700
2843402
30167634
36200075
29969839
39747150
44117474
36842649
39006234
35757014
12711881
37413241
33719411
43558125
17358418
30740043
42913775
31059146
950759
42698420
16002278
38037858
1156223
917635
6499981
1093826
31988181
15583108
228748
37613983
5591351
38611319
40992884
2274000
1590101
40708147
308176
2876652
33381154
1672026
30547307
34168714
42508219
36196703
787652
36901530
37467177
39242007
35869112
2367066
32603445
43686943
4981411
13255
39375506
16131003
10706731
16037073
40205665
31759977
31015555
39684233
42032081
291249
787957
29159283
36386163
30595443
368046
43834030
35664782
34815842
32684482
44511636
37598502
874505
31575218
32013038
11967091
6864881
42729759
34176815
37242148
33613002
1634403
34979354
36042986
9328951
1492302
41939084
29188310
1875638
1449393
1320516
38705201
93640
4554401
38934359
31446040
3140811
937015
1143187
2013306
40430364
35547039
16195604
36047229
31296827
44795147
30693515
290745
38499
43179278
37991909
308822
31277460
8243761
3931101
43841885
33596879
36158040
16005986
37438389
37141018
40551805
39111101
30440362
31296846
37708655
29223785
600753
848844
43538236
31009760
33909240
35192164
30479845
699702
31744
866939
36770941
393271
39855206
3030417
6455781
16069970
720861
41015918
37964412
30527052
429966
44059284
32421158
37775362
1510906
34610234
2037332
43242287
29191617
36893526
33162046
38546252
9270081
43986975
40871742
37873266
37551899
31349895
40497953
16218536
32133313
15962880
32543426
1452996
44442114
2227096
1116296
31063177
253770
405070
38000457
262979
870226
39744491
43987105
1388397
44782404
40762006
16137460
64135
1006048
16681006
35290150
36198175
37848058
4720381
16054127
993088
29122948
15985096
44470372
144453
43974325
34111594
193832
14634791
20329657
31372272
39125648
19412
35887859
33931225
35648534
2597636
16198435
30664623
2452778
40487267
37499351
16168205
33430228
279202
2831258
2884918
1582216
1334955
15717800
32761555
40205656
13825821
1254280
37871689
43601805
44566600
31529449
15482841
37150861
32669976
1604322
36838596
36315543
42667221
36156541
37460392
7985671
15799268
38079991
31353623
37844394
144735
483945
35366575
29157047
37975890
40232211
38186706
15631017
12128141
541089
30317077
41436636
35130958
36792599
41464994
35505555
39853044
42165045
44404557
15783943
44780891
34829884
32362460
42056861
4319251
726426
16050617
5921361
36096719
38887361
36794375
35310395
9602621
40265019
1051286
33740996
365557
16231491
29831504
35008493
15634529
33597645
27683320
2317890
283487
1522808
44779013
20269321
40287750
306262
30580853
718047
16281223
35793405
318589
14633131
3065870
31430838
41856164
15707110
673376
44604986
37424907
42156053
34334606
34844519
37649449
34894748
2965132
33604010
90796
5815311
27453715
16070873
2459406
36094392
1187734
33208975
37623667
62697
11950821
555877
35570648
37218092
37177606
38715425
15827882
37800615
2815594
29914122
35593526
31426693
674578
36483666
39007267
38388818
32347243
41011363
35480995
5505101
44185667
35392879
40681432
3118740
2521114
36092519
43272346
44237642
2636336
32569432
33820495
16004390
34475518
37555494
43383723
41091419
44362123
514018
27243754
32046340
36859
30220183
38855155
1180900
39404266
39391346
2723410
2262378
34000110
36665881
43016837
39494336
32726147
44324627
1892260
252225
37873571
1250749
2365508
44180414
42230726
36358059
1932870
29966206
27962264
30682077
43375369
16169343
353044
44239457
38067335
41390495
36839991
31242314
30194730
32451867
614316
11893211
43231597
15694270
262763
37119843
29787255
27527383
1615461
32816893
20385562
1000408
34723667
34165800
11798
6796441
2783282
30567215
38579094
1891506
12441941
40509681
27320473
2394078
33537616
3120859
36685101
30630871
3397011
44455666
33015800
14449321
2967690
36654419
15710218
7659891
16678168
12783121
1364487
29583888
3168700
1269184
388335
350737
34390150
1583948
36295327
326672
44299443
35944731
16680160
39117617
951988
27547765
1946104
13961201
36088512
1341149
42870502
44509699
6698311
1397805
37839092
40360764
27647089
2798602
25255773
3017685
32311466
3235457
8458681
10887981
44556623
44223052
36317553
44140777
35027686
4696141
39360762
35645513
40976240
35542573
35884393
44707764
38897483
41395464
2145458
15862074
40674424
3078422
41046728
42588742
44180065
24339244
3170300
32031508
29918830
36226895
27482023
35128270
43335863
522830
30137038
31644084
155881
44770982
35276844
27832642
44699497
30369218
1748193
44648671
1103520
41073123
35969597
36359674
641304
8654851
37621094
35351862
31766278
20448532
3119371
3016297
34781901
41591751
30518547
10711851
40284234
30558288
37409164
289548
36076994
2066900
38012979
29670537
16753939
33221994
44125296
35944277
41306593
40818502
44285321
740929
30408425
30739720
40517135
4615471
1239972
35727758
31955639
4492701
8892541
13566561
38391762
44519117
39404232
1200306
7074961
39242507
41300795
1575779
38763643
6467761
44288882
36911912
35434157
33719282
31644998
43057309
36660866
43538658
29174536
31010995
38206730
11699751
208238
32008337
35688115
63647
42815971
42986642
34970169
29260744
1136495
36161663
33292729
31763060
652340
7113861
21900021
540348
20172814
516434
35787021
915548
30679721
37928042
40666041
14392951
33032038
36168038
12545151
36132341
37061663
39011023
29094601
37741202
20166991
16490560
2350152
7330061
38910283
33273586
31546437
1663103
39660577
33599119
245725
37860758
39061573
573227
2618508
2715074
31986394
36583105
1695917
1056519
44418143
32337262
33864485
34297224
1011340
36766421
41416708
35585026
15815877
36145829
39969276
372916
1475778
1146169
34034378
43026219
12238651
40078341
2295436
44470321
42200942
1683427
32079756
1639228
30532647
34346367
1346677
310033
27963076
15652765
43756177
218232
10694991
44754418
33072769
39877621
13999431
35844889
37051018
38258171
36221475
37296122
29576934
907173
35192754
27581353
33565098
36687407
34839033
3389051
2364434
1810793
39889644
9897431
36621785
571983
1887414
12633071
37314712
43976631
34083253
38141639
32676016
30994912
24655228
44046433
35842531
32460313
33938198
8364271
36593749
43807703
1169531
8135291
35586471
1508454
37641573
35454432
44083124
835603
34856429
32701763
3846811
43290981
36900036
15674567
41558686
37054012
32373798
38287187
33681928
16158500
40125266
37020281
32685864
35521013
356914
236628
6370871
40314144
33758008
514744
7961181
36174982
35580368
31676460
5321391
499787
16205806
36659701
16031116
44393601
38630457
2729330
42581711
38207003
33495562
10232471
35317334
33726771
37446469
42393610
37459452
37094468
2604976
1286661
29638879
36881448
9503481
1248698
15231521
2144976
16980046
38300929
953910
34342257
559985
39161111
10559921
32384815
34326116
37754847
35191439
1007746
2151646
31513049
2899692
316428
35470973
780674
15972982
595215
16075111
32722484
37947145
41391596
37672932
37834942
27246763
15386791
29574359
31866024
16096191
31248065
32029613
40521804
30094911
32966742
16096481
34526221
2627028
35670789
440114
42177082
33650487
43869336
42592435
2384610
1719162
40140241
596167
347839
779777
5416941
1960400
7733001
38823095
34093885
38001692
34884676
34074480
37199454
37096030
12022581
416683
8599771
1454595
16085689
32176103
34093276
569
36633842
39584459
42356176
35068227
58238
42309775
36655068
27869484
3018337
40751330
41600761
35180848
3421821
2790348
31875275
37609810
697526
33925978
3040854
38545678
36255481
1380427
14923481
734394
30457771
36449254
27415801
36437360
2265316
44606767
529334
998957
40246466
1473720
40479611
31177019
9948181
41128286
3024310
35096518
35405757
35180320
16764574
34389310
41622579
36582847
651530
1877530
2064932
4808241
14658981
35450311
27645211
44245407
32780609
2665106
34313704
3178636
33433912
330617
36141184
32543131
43872832
1171095
20505799
37567334
40410304
409155
35256897
34234467
673158
34271915
38218223
33580073
8329381
37513111
1674466
20390872
35822911
40158083
43137707
44246553
41283546
36520165
40640270
2356556
31409774
39101441
2574908
2455626
32288681
15979933
15669026
1406545
771064
35083318
2722854
336159
15671315
31172637
34738565
42279793
29307323
156958
15420311
14965351
36050
44283738
37937293
27960782
712206
16099995
44451021
40803031
39098696
347700
43459779
39498303
280596
42916817
1285622
7708711
42376279
672965
32854013
6586301
42181875
40211926
38163648
