47931056
37005980
1910430
46716098
31826510
46471114
46834358
46442278
41629366
46057587
41753120
31364
42333356
46563085
1477035
38242711
33548612
109672
44165505
36995972
10141841
35496
2269744
47177102
37746469
351192
16048343
1013720
30111361
47999744
47857021
48016257
46469597
41641680
3032431
36808298
47997114
1711920
519574
5617901
45940735
35241545
16257421
32932631
46345088
47955173
47291834
47972301
37078428
36947262
45027696
46473934
41412721
47940543
43962181
32649855
27896356
378214
7556591
31861325
34430318
14382921
1451909
22800
359395
38499
33894301
44803077
47930026
46592628
29047508
33854343
4803181
47925338
1228239
47646274
47619920
39359241
31076711
43960829
16091343
40574364
289548
873381
32626769
922703
46582741
36413583
47904696
38046326
32697764
1657384
46411886
47646128
47619611
38218070
30151239
46302587
33167125
43157388
16224716
35657092
43348474
21956
30873380
45800673
1001945
977729
37962279
37102501
47869672
47868102
564507
46543029
40723201
1468573
46185226
47865553
2951684
40464318
46537850
162897
37750044
47616526
47854978
47854410
1621375
1696371
43015770
47389416
47799520
44412070
10585491
46060844
3119605
262979
43236174
47835931
149574
47643906
20201428
37212632
47663542
168309
46122518
1895246
129858
251548
47715168
30955769
43762390
23207
11604
1727824
36677803
2143152
47795193
47778906
47790155
30736330
663774
14026241
47788452
47788675
12546361
2550754
47752079
975165
30787053
47564957
40678592
47665460
1785505
30692628
47596371
979013
47767266
33596879
47752135
315870
38098596
757599
4730761
47704429
47705046
39539062
31838856
2827480
36772578
47749874
47176019
422836
40439959
180315
9948181
16140825
47734735
47726396
44766777
16044663
47726522
47729792
47728664
46019657
44298062
45267394
44545745
1571432
4644921
33876379
1347657
3129369
47719552
39437876
37965600
47717659
36353300
137713
2332348
34977221
44439606
8896231
1092136
32198828
40663165
36675439
2020556
47566579
2350152
47566404
1696844
256652
43952785
43952461
43951763
43951651
27175597
43950633
43950272
39410289
47690171
47694511
14634791
34951373
32798
37937293
46635654
46415037
31289584
36635104
1628908
47559898
47651446
42027587
15988020
31811199
44519246
34352584
47685771
47653635
47658340
15720647
46210041
497208
47523972
45760294
45756987
16174613
47651430
35134764
2274000
45996525
47658982
690071
37748639
44574477
47656344
47652854
16161871
47652747
47651703
45956771
45931867
46447521
36660826
34196472
47583656
47644540
32454322
47619495
33490641
36295363
38065482
47411493
549368
35485916
112629
8438
31500860
8153821
47628530
6535071
47630757
31009760
27836164
386899
46828838
47627083
126356
45981674
37191019
29777439
45315344
16457329
45968710
64135
45757654
47616452
47618463
47338444
39827109
47615848
46302271
46301981
9923931
1126892
46301843
15538457
35883998
24989
40152266
38707937
43077956
384629
45505081
571983
30348316
47609488
34268940
44474780
47606246
47605745
27888568
1450237
42425580
42425397
35532108
47584482
46594008
22659442
38385633
47358620
30721492
47477025
37575793
268274
10148381
14788301
47569242
32602742
2186258
47565670
46753016
12471661
1944874
20508721
868144
121141
38206730
42430
42286107
39100158
41689901
42425241
46441158
34545443
77617
26625
47477154
46505586
42425016
47458057
47531399
39889486
29584060
47527875
29083128
484918
1430045
37234673
47519240
50422
47516881
11967091
39139537
47513477
36879718
1495148
46659603
33375253
43894753
32726406
44070277
43953717
42373741
43954196
43954433
43954545
38103026
22947237
761552
30745723
47496356
27562855
85536
37367732
44789299
422530
15640799
47490869
32867874
36851315
27155863
35755127
1701337
47122833
36789266
35941718
30444363
35322329
43950123
31744
41576793
41571423
41571299
41571180
31943119
44030221
47473590
42129151
40202215
16694692
37544256
37124606
34310489
32676884
36020360
235720
34288861
47004401
37296762
36298228
37984271
45223202
46848762
47454267
47454089
47452882
35638176
1313728
35520100
47452605
46216789
47452351
47427344
865574
37736681
1904670
47448912
63856
44029858
33696472
37391952
44029717
44029561
37991224
44029300
44029151
32357332
749247
2560106
46258510
45345514
36165552
46477152
44270317
30903005
39362247
31007302
47414919
2783196
47435147
47436666
31548792
32856134
46001613
30430820
47438557
15706969
27946325
1482678
136170
46199906
40730287
539692
16027022
47428088
42897269
44002156
47426893
46995917
16710268
36748465
456541
15789805
7876371
37028700
1000408
34029033
38327738
787957
8750541
790656
31698941
31050638
29650066
41436722
36696017
1716546
39170812
36656233
46907541
35677096
42441712
37422961
36270473
35260708
35356466
3043392
6647601
41328853
4232141
15640419
39297735
15907190
40442860
32775498
31781162
47322192
16123375
39510587
47028442
40680602
36685011
47376659
40168236
2257306
2269306
15706970
869561
35378818
47392486
262955
31448506
47329
27229858
2707220
1505095
33538253
20662
47387143
32650782
31193547
47383882
47383757
47381284
37057697
47378263
31124805
29294699
47349661
21335
1054091
36287210
1165533
47368273
33713157
37752457
30956566
36576341
2603098
29965767
76934
947424
15815463
31785086
37061663
34234467
42459225
41834161
2175706
30872897
45078170
47244423
455235
43158835
43506693
219392
31222247
407385
42373549
42090951
47335870
144453
29653756
34439726
15594926
31484816
47179247
32390084
47134088
47324560
15642790
45890261
46272525
44861241
38215952
29004482
47318977
32041576
561672
46212896
38860322
44754418
41294897
33292729
20163121
20163223
12064581
37560362
33495562
1284048
494835
11382651
842380
38534051
37203463
29928965
31373497
35124946
2947282
1388397
47298198
45787273
47295548
44963273
9744141
39195145
47227341
43376737
37881385
129131
29162618
1683427
47285585
35648534
185739
8329381
47280632
35556629
4319251
36094392
128606
41611890
1364487
39666126
32384815
37987137
31248009
862079
38421243
32390437
33794146
14094211
38541316
1537283
46576248
43221649
47161437
40600923
34249126
32209267
35875426
10238631
44536810
45863635
555877
41110482
1719692
62523
35793405
124891
36900036
29165738
43582570
1515190
37251405
44739795
1136495
112155
37764972
47082976
2859156
33187551
37054012
2029550
31529449
45656246
47230914
37623667
47131837
46746803
47226796
4768471
42200942
47188647
102527
47225036
34448564
47223195
16028388
47223105
42368559
35104523
2859554
1546064
34385049
32929368
31671909
40358476
47207979
32003071
3505851
46228924
2408716
33251267
28137
45262319
13255
30136276
3092941
32047423
3124052
44224329
37048405
5054
38296369
697526
789336
34232185
30149526
15689438
33028865
36703006
1630966
47194379
390411
44286036
46239326
32722484
44022837
45030226
47188455
47189365
1695917
29632585
40390485
37138991
32904985
35455246
316134
3192165
7338381
27715426
46363660
41871077
36766421
43494458
47185291
47185038
30161279
29290019
47183125
37567334
2618508
29148650
44138952
34198542
45692230
39203082
35449059
267648
45817609
355980
29101730
2568744
36846620
38389337
1475778
47171837
47144878
38032583
306442
36614161
31020841
188680
47178196
9333001
2394508
2162396
31409774
400322
34730060
2091054
33150806
987929
37058800
662901
191083
30418201
3020399
22264
2332404
301506
35721001
45007213
2238228
3118740
46752967
429966
32363017
1180900
38493267
44382235
32419639
32696309
14030851
29127118
38136722
32029613
47167119
475774
40078341
43686943
1163954
37862096
31092723
8859801
36859
40479611
46687273
16137460
507755
29564986
279202
2860462
27645211
20331820
41286185
15615189
1007746
16047033
34134004
33663295
339390
37727268
12467511
2225780
763504
41285607
37649449
13446
45002913
37174539
37843534
36359674
39007267
2795634
151922
45525248
1730025
1120639
46879905
409155
1403021
45803840
40235293
35861222
35470973
42728627
1502356
34093885
44235508
32482095
43246279
38024362
47139913
47054439
29833362
35114144
1375382
31421106
47141319
37220460
45136485
47140209
904061
33275209
47138892
35608300
360050
1000103
34553853
46716354
41824792
41007236
7147071
46014012
14505171
1500327
9663681
976580
47004168
46939557
47130750
40977108
34979523
445550
36496295
147035
38603441
43712100
37314712
33789715
36409572
36191259
1004384
10256221
39853044
129199
30664623
44874665
35499754
16450480
42896238
41125613
40145746
62635
46323667
44599867
15414
36709336
1179613
3407761
30813280
46559119
1035820
16169343
40027184
27354496
38763643
46387336
32246575
579467
33278514
31081682
40106988
41622579
41985646
29330355
45244743
45797216
32561635
32121342
16687039
180294
16158111
34854332
22620945
3034532
45273880
39327860
36728204
749226
33681928
43077186
488833
37997804
37224976
36954591
45937493
1557713
19456
43616552
41399161
42172566
41867272
36274227
35059806
838425
31491001
36558073
40038471
2171934
30251532
47101780
43119832
2296424
810427
29640482
38877455
2840952
1171095
15569913
35283646
37178612
47049846
1146169
45495061
40701193
36838596
37350959
115986
34277316
32055903
43985997
35561457
2945482
45163974
16472947
44442415
38252256
29561077
44442352
34524385
33306221
43519671
303699
33596280
41014521
36934797
922806
2955500
46716165
21484664
36583105
33860932
37804258
6455781
33825128
32636782
65177
33178978
35491226
2790348
4873751
3690841
46844955
15245241
819604
46025386
420401
44442013
228748
2227096
38653950
459808
40708147
198897
191777
42468526
8161241
29323526
40982320
38768672
35652721
337687
44441639
47059930
40127134
44441525
43325047
10912
44441296
45811143
47056102
4273931
35867886
36753181
41591751
46344418
8048251
44433601
2831002
42805490
115280
33548178
16434682
47037583
29621512
40682417
30514259
30077436
31897817
16333216
44221070
39670270
32624381
32512868
34625011
14522191
44221163
33777521
46400519
37499351
16652077
35703274
36177229
35935521
36058595
47043167
3088732
46434644
34959361
29097575
46471119
30148143
45719488
16311931
167479
38875555
33551478
46245577
30999265
1809421
46937264
43453841
38274110
15590438
12240291
37102
1200306
1701575
47022912
40328496
33235402
8243761
1473720
30551173
2050286
34313704
2394078
15797561
47032040
43076820
37478658
15797480
34580834
30671791
43493677
16520341
43591631
38580835
29802461
39747463
35881494
34168671
45023377
37590878
10941671
44233189
35068344
47025427
43184223
28094275
46377851
3049907
1589060
29003392
45780548
38124017
24339244
40982067
35755669
602538
15972864
33131540
31209702
32703125
47020892
480139
32646745
46533121
15102371
47019991
3931101
46533046
42246487
47019456
46532857
47018601
39354233
32613627
41998402
35684071
38302428
47018521
37149222
47018505
47018112
35180320
752175
44169385
2689610
29887929
36774708
38579094
84822
37199454
41618615
43349975
44798093
47015874
2849120
29039798
32262262
41630304
35290150
31863732
7179401
237544
30736887
46908782
2188316
650034
37590552
352990
38087037
42814603
1952070
38854994
638020
46122652
9527361
35008493
40725214
37351851
132010
40913860
34940039
38204030
34903603
20222428
44888708
38894847
40242478
36200075
40674642
27970421
335288
31153256
45751808
31901303
35160490
155881
36660866
46935234
32761184
1373118
38084248
35787021
1151871
37727633
38678207
41283546
880919
1590101
833575
31946908
30558604
40809991
1020055
41581844
38310286
8182321
1156452
2850222
46462341
15558219
11670
1080527
45092208
39149585
2404624
38500798
522830
3222797
1366361
12440481
514070
614988
44902260
39043240
44279975
38747840
3087607
36052231
36957144
42986642
41856164
4627211
46626427
42463761
34664661
38196585
33232042
46991814
46749877
30880736
46991491
36270805
31995113
39914632
45235954
46312370
916233
15710218
6865751
39155143
29018221
37820613
27913213
35703455
31265564
35943701
35959134
34039957
42361224
37860757
944555
1134513
30959763
36882626
1156916
42057895
32653535
199319
43962411
1806147
45335809
194365
2988830
43782815
2741918
7546591
2897210
46132779
34094748
1480870
39397094
32444603
7314191
2946014
36582847
31725661
43016837
747675
32721647
39022392
5666771
37735880
15699274
44117474
952584
37594761
34775282
34829307
5658921
45075218
3684401
923538
6299361
1188334
41156259
46487027
65062
15838692
36905639
52313
147854
36473370
46453821
11390321
36080478
45038177
33667720
2790264
42116343
2365508
2981972
41818793
33601770
13954861
35191439
34271915
46133173
15459021
46972263
27706267
38273490
34487881
43967843
46539941
38388818
39880797
27683320
13797691
34168714
40954605
46968504
3014848
36495902
1582216
885936
1522808
594787
46670601
31641561
29534878
40759007
4615471
40765587
45227760
37679126
36050
37012756
258630
27122866
1276631
42993963
336159
33028937
41615845
19412
31312623
12007501
30283038
46962220
32436565
45343032
4872061
37756277
6906571
42537305
32267702
2811256
35821663
46424470
29016187
37321660
4787421
150943
16114679
40344160
30008136
37555283
20391589
1025083
44617794
38099266
1895100
9451291
31797942
46532273
30369218
46532233
31414309
32185231
46532128
38933575
38385577
5958551
46531466
2036626
55188
40818502
46957122
4993381
46956787
46956493
1383726
45424770
46531170
16089037
46105785
45450183
36578450
46531118
16231491
32589937
771064
1550028
46275600
45322660
39672592
35310395
2707502
27799810
37107304
39493094
46807467
42172914
35803299
36633944
36289883
252225
35417620
40997679
44430385
34321591
1047432
39688519
6495561
5257371
1239972
6002901
7166211
1933250
558942
266915
35874337
16073157
780171
16450216
43762870
38181860
27126532
30483110
42929614
37016653
3113236
34306039
32133313
34884676
36261291
34867697
11287201
32865280
37846792
45558296
44265267
41583566
1573474
31777908
36726098
36467709
1440338
31658641
58238
44652948
29112962
37874948
40436877
34243702
26105
42793749
85796
46340528
2831258
38016812
934718
42173059
32462492
13825821
31766278
38001692
39249006
40771680
63647
37835801
40794706
15231521
44838960
45202771
43104337
10487
31887466
166651
35600879
15611881
45391268
36465784
46938667
46213120
39063633
35315526
29233692
39969276
37183393
46889236
36040285
46012061
45818068
35976496
35212777
46937961
35390395
81747
1543189
440114
44726439
34021808
595215
45479614
45392282
37546190
33679974
287534
31974640
39423203
480783
30229260
1909080
36471897
31090390
38961960
41593843
45154978
35106960
754161
33671938
46346458
16610
32409459
36124522
1761167
37828777
50293
32211627
1564659
40945157
40538385
46531026
16059810
13999431
39818466
46530204
33460352
39469361
34789727
34741193
2380600
31315712
34402907
45738459
34624069
34935669
16542901
602551
34700783
36449254
15671315
35949017
30631459
46529757
43344
45134645
31394077
30850436
15386791
33813751
46818054
38024575
16551967
36396839
43197742
57376
31644084
46698715
32603445
46076276
33650487
40318244
35743226
48909
43740077
42970899
34904085
36887514
35300210
2550436
5048441
7192801
30041408
37705088
46529734
348465
32143743
20172814
46623395
42218055
43701102
46771538
46814309
39140353
46529709
24655228
32672998
33799903
16257463
35586471
13741421
90796
427870
31172637
7540461
11662231
33726771
31205188
46597022
44163777
36359336
10921461
40363561
1035403
34008232
1596987
16131003
42880339
39886727
31726155
33350497
46529681
38594007
46529602
17341
43655
37296920
79759
46690
3174124
34714895
46585159
350737
35816075
14190
45026
1735
23455
16233757
40755081
15724439
10441301
37350815
3190499
596167
45184976
1085145
46226352
857179
45227449
27138115
1474421
34656089
1136020
35704433
15602343
2864498
2777454
46689782
38538968
753758
30289612
826460
33682517
42297858
2831626
3039342
31366253
42852451
48746
33012343
1354597
42405041
72082
1923328
1563881
46356931
38252875
38850077
30171681
744855
36464174
40903138
41578923
32124275
56798
84265
8519
39663
33811255
62697
29027196
15596225
9267
6499981
16050617
32685060
38910283
42102
68262
38504120
58228
33449
16692985
38012361
27753742
53111
1634403
3565161
833768
7627
38095687
3823561
559985
31759977
29931219
31660678
3168506
46492597
1368810
34039531
723052
3024929
29131039
38037858
32207901
45232300
39243483
45975684
31676494
10504941
2571472
45373684
31525614
31747800
37609810
44637327
29015921
31880815
29638879
2722854
32883304
43450029
43309687
42726156
42592435
41547182
34612882
42196158
41962151
41477852
20314600
36266626
41158309
33654851
40600260
34798706
34110308
39929308
39723771
169492
38264713
38263971
32775926
37240488
1154309
37130942
37029746
34064706
36966369
33373146
29902611
36504053
2852112
34936371
760817
24281495
36328847
34085850
36207358
7784011
35976180
1877530
1565285
29266950
35374782
35263668
33687535
35053786
35044014
35018005
33849590
2651158
1053903
2817412
16805836
30266717
33849889
34549154
34716628
29049851
29164309
34622045
11229861
34541224
30236803
34098622
32890809
30242089
427958
33760420
31930329
16010774
33169219
33013335
33770478
907669
27657706
282534
3231064
128693
5372051
64016
33213015
2220672
3025588
33216982
32614942
119376
1795727
549311
29194068
1398925
10529761
1234202
32479853
10520
32459865
1067922
181052
316205
549840
380154
31763060
360832
895724
11798
32022936
31921064
31872535
31466509
31116793
31048299
30958295
30924523
30065966
29799833
29321356
27914133
27098161
27050758
745332
16145948
15815772
14879851
6723221
6478411
4207031
3795191
3128949
3120968
3050299
2853108
2385840
