11798
26105
36050
119376
156376
253770
350737
480783
514070
559985
585962
596167
789336
833768
885936
952584
954639
1029377
1171095
1313728
1430045
1603185
1634403
1683427
1776379
1877530
2050286
2238228
2429694
2618740
2707220
2953018
3032431
3070338
3091582
3093789
3168506
4098391
4132931
5709121
6068061
6299361
8507811
9730111
9964321
11743551
13797691
14014381
14505171
14602111
15231521
15551636
15596225
15706969
15724439
15729279
16030160
16050617
16140381
16457329
16652077
16692985
16732825
16880026
16889638
16895257
17070793
17116843
17124193
17225296
17422792
17596474
17814262
17931103
18113983
18154750
18671959
18758707
18833947
19759069
19819306
19887136
20172814
27067609
27442210
27446155
29020165
29027196
29041754
29317550
29638879
29650066
29833181
29931219
29999892
30136276
30229260
30252304
30283038
30529730
30547307
30664623
30758434
30807999
31334548
31766278
31887466
31923832
31962796
32096052
32105360
32133313
32444603
32583704
32638739
32690778
33012343
33052341
33226577
33298365
33299612
33460715
33571838
33775152
34149952
34161633
34161684
34595388
34651665
34656089
34664661
34823531
35008493
35021150
35042853
35098874
35182649
35356466
35410865
35485540
35485889
35571612
35580368
35586471
35654053
35793405
35950593
35959134
36058595
36080478
36118088
36274227
36342408
36454051
36509586
36522474
36595407
36660866
36730017
36745623
36773427
36817501
36938953
36981173
37054012
37061663
37117433
37183393
37211477
37290276
37349967
37350815
37425820
37477497
37480669
37632419
37638400
37639320
37962279
37979864
38095687
38152339
38181860
38210382
38215952
38300443
38385633
38390047
38502299
38504120
38532010
38538968
38541316
38579246
38594007
38781824
39104744
39203993
39738726
39967949
40101476
40105364
40266754
40328496
40376269
40442860
40464318
40479611
40574364
40674424
40818502
40903138
41018492
41073652
41342142
41455152
41856164
41871077
42046778
42162600
42297858
42581711
42584673
42915062
42966440
43060808
43104337
43137010
43184223
43372826
43686943
43712100
43734740
43740077
43924687
44070277
44270317
44412070
44433601
44451964
44459233
44536810
44549364
44724275
44902260
45071324
45132026
45184976
45227760
45303065
45384104
45521473
45531017
45760437
45770929
45830718
45908079
45941848
45956771
45984961
45996525
46001613
46006290
46012061
46025386
46089001
46153013
46191075
46213120
46219823
46226352
46315435
46437645
46803804
47022912
47059930
47061639
47122833
47176019
47188647
47223195
47349661
47351895
47378292
47427344
47628530
47752079
47925338
