11798
18635
36050
63959
119376
157250
181052
193832
194365
228748
289548
349648
357237
361339
378152
408993
412971
507308
514070
559985
596167
600990
776919
790656
810427
833768
885936
886367
940263
954639
1029377
1053903
1061178
1078333
1085669
1110624
1167248
1265975
1294039
1313728
1397526
1464484
1470788
1477035
1478550
1634403
1877530
1885884
1895100
1929708
2050286
2175706
2227824
2386734
2474860
2505296
2514434
2560106
2566714
2593716
2623522
2785044
2811256
2831258
2944724
2987484
3057166
3091490
3122669
3131800
3153572
3154496
3164346
3183762
3184123
3184219
3199167
3670151
3705401
4039321
4504091
5119571
5377741
5643951
5681331
5762961
5881851
6002901
6141341
6299361
6880751
8047991
8459811
8620191
9631601
9965971
10852711
11229861
11699631
11985381
12047701
12056021
12711881
13797691
13820041
14505171
14788301
14822851
15210511
15231521
15559884
15587234
15596225
15645105
15645706
15816217
15828710
16029199
16050617
16101208
16185087
16209564
16450657
16457329
16600096
16695088
16749982
16805836
19859968
20172814
20201428
20219854
20390872
22410569
24655228
27103804
27122866
27131233
27233053
27254686
27361414
27395524
27520543
27757705
27966128
28094275
28193753
29000192
29011191
29085620
29099000
29099432
29124792
29199100
29333654
29592788
29610149
29616322
29638879
29650066
29663232
29665654
29676584
29777439
29780341
29787255
29931219
29965545
30008136
30040614
30061203
30100405
30101195
30109377
30136276
30161279
30186669
30229260
30242089
30253633
30283038
30407419
30430820
30704756
30884061
30923422
30968826
31027722
31063177
31081682
31119521
31120081
31128614
31147147
31157775
31194771
31199450
31225367
31328625
31448506
31556778
31568342
31577443
31649667
31654607
31700979
31778611
31779760
31794628
31804218
31844414
31916219
32004730
32092803
32092818
32182070
32300584
32307946
32312708
32314101
32325638
32351827
32353250
32355871
32366026
32370503
32390084
32405332
32444603
32469392
32469717
32495626
32496446
32496714
32496777
32522806
32622700
32742071
32789690
32797901
33012343
33015800
33052341
33073323
33106804
33158741
33169219
33199410
33222783
33325882
33450215
33455400
33461345
33471284
33478703
33565098
33596879
33618340
33663611
33687535
33720587
33727184
33735973
33738435
33750074
33778662
33787992
33811255
33848599
33851606
33965445
33990383
34037728
34090270
34146186
34176815
34183672
34240403
34242715
34244887
34297224
34315187
34385049
34393332
34408292
34460855
34508594
34607178
34711755
34741193
34818170
34844519
34879548
34910235
34916782
34934984
34935671
34947124
34966215
35008493
35030837
35038673
35040168
35053786
35126382
35279376
35310219
35390395
35411159
35454780
35467759
35467783
35467800
35468756
35468897
35473033
35497249
35575651
35584285
35584378
35585251
35586471
35615031
35642560
35654272
35700419
35701013
35708386
35708528
35708550
35708643
35708789
35708812
35710628
35757014
35802271
35810398
35810452
35810769
35810835
35811254
35811302
35811581
35814703
35886829
35896834
35897255
35919054
35919109
35919209
35919258
35919359
35919522
35919623
35919666
35919819
35920078
35920238
35922798
35922899
35932332
35949017
35976020
35976180
36012774
36018819
36018909
36019061
36019193
36026865
36026927
36026957
36045432
36045497
36045582
36045708
36045739
36052597
36052624
36058595
36064531
36099967
36152472
36161663
36168038
36174317
36235107
36244142
36292045
36295327
36299528
36353300
36362831
36366713
36386163
36479606
36496295
36517895
36523232
36583105
36660866
36696017
36808298
36832412
36834514
36863105
36865090
36886397
36954591
36991232
37054012
37061663
37063541
37076955
37094341
37162530
37183393
37198383
37234673
37313925
37404001
37425820
37474040
37573495
37580198
37593386
37609810
37624508
37794049
37846519
37854338
37854389
37854443
37855262
37855314
37877331
37921378
37962279
37987137
38018690
38095687
38099266
38146735
38146830
38146887
38147176
38215952
38296369
38421243
38504120
38538968
38594007
38594102
38661057
38662250
38663170
38663587
38676794
38807569
38852185
38852205
38852243
38852275
38852305
38852334
38852386
38852476
38885749
38886336
38886658
38886722
38972220
38972521
38972600
38972680
38972801
38972981
39005347
39082023
39206715
39226901
39244752
39244887
39327860
39480855
39597590
39598982
39654700
39655339
39666126
39688519
39701734
39701825
39702002
39702198
39702282
39702650
39703539
39703825
39704064
39704223
39954214
39969202
39969276
39977913
39978086
39978182
39978284
39978366
39978456
39978571
39978783
40164297
40272866
40274153
40274534
40274732
40275505
40275860
40299186
40328496
40395300
40405551
40406935
40498342
40574364
40818502
40865490
40903138
40970137
40970201
40970236
40972221
40972303
40972418
40972505
40972689
40972755
41250206
41314818
41314876
41315721
41315789
41428429
41428693
41428798
41428896
41429378
41429435
41429521
41505538
41569682
41571180
41571423
41571612
41587978
41591751
41871077
42177082
42279793
42297858
42407262
42468526
42586385
42592435
42699716
42872177
42979050
42986642
42993963
43016837
43053716
43078019
43680919
43855044
43905654
43949503
43950123
43950272
43950633
43951420
43951651
43951958
43952461
43952638
43952785
43952949
43953717
43954196
43954261
43954433
43954545
43960493
43960580
43960931
43961648
43961845
43962181
44007420
44015885
44028462
44029300
44029561
44029717
44029858
44030103
44030221
44070277
44085570
44283738
44412070
44442114
44474780
44599867
44851715
44909512
44967214
45002913
45006365
45082986
45107850
45109725
45184976
45225367
45288716
45450183
45512923
45525248
45612928
45622192
45671028
45787273
46002168
46272525
46314871
46315435
46750391
46751093
46795141
47188647
47192335
47349661
47378292
47427344
47452351
47452605
47454089
