4
11798
18128
28137
36050
50141
51268
51466
63749
63959
79129
119376
126300
181052
193832
194365
195231
221626
229245
235637
262121
263687
275264
289548
311351
311546
314232
315002
319951
324595
349648
378152
380574
385838
399240
403649
408993
444517
475697
484918
497208
499051
502744
507308
508099
527333
532859
549368
565889
596167
617922
627356
628860
629215
676928
732612
735634
764211
790299
790656
827847
833768
851632
852997
869561
885936
886367
952584
954437
954639
1053903
1054168
1085669
1095896
1118960
1167248
1170258
1179109
1257919
1280077
1281350
1313728
1352528
1375382
1385108
1388397
1397526
1418622
1464484
1470788
1477035
1511624
1519143
1525498
1528028
1560789
1587136
1597760
1612850
1614947
1630592
1634403
1642839
1661700
1685304
1692458
1730685
1740381
1767997
1820663
1855976
1857358
1869968
1871494
1873720
1877530
1895100
1898766
1935360
1945124
1995338
2043944
2051272
2057432
2106966
2144036
2205858
2234476
2238228
2311180
2433726
2514434
2562482
2564402
2634934
2707220
2810584
2811256
2831258
2852888
3020399
3035559
3158603
3200203
3309341
3705401
3751201
3764191
4612951
5119571
5143411
5377741
5554601
6011851
6299361
6490561
6880751
7569621
7784011
8138861
8308701
8620191
8958631
10796051
10852711
11029741
11229861
12128141
12377541
13797691
13999431
14505171
14634791
14646191
14788301
14938371
15231521
15325001
15420311
15569486
15587234
15589221
15596225
15658464
15706969
15783131
15790438
15816217
16049130
16050617
16099995
16115821
16152668
16156280
16192878
16652077
16749982
20172814
20201428
20329657
20390872
27020089
27040729
27089110
27375778
27695374
27757705
28094275
29004482
29041924
29250278
29266398
29275333
29291258
29333654
29534878
29638879
29663232
29676584
29777439
29931219
30136276
30229260
30242089
30283038
30342916
30407419
30430820
30492242
30538473
30664623
30696473
30736887
31070973
31328625
31448506
31453204
31627400
31649667
31654607
31660678
31686476
31697821
31766278
31781162
31797942
31887466
31923832
31926046
31933560
31976226
31985691
31988181
32033719
32041576
32190799
32355871
32366026
32390084
32429994
32444603
32556320
32662280
32676884
32677044
32775926
32797901
32976222
32996537
33015800
33052341
33158741
33208982
33222783
33292729
33307638
33455400
33461345
33471284
33472377
33478703
33494850
33565098
33650487
33663611
33687535
33740996
33750074
33778662
33811255
33831190
33832904
33864894
33968532
34061238
34063962
34176815
34191713
34271915
34288861
34297224
34313704
34343676
34352304
34385049
34548976
34595388
34612634
34664661
34725190
34777481
34844519
34859173
34887336
34910235
34934984
34954321
34976469
34991307
35008493
35030837
35030928
35039651
35053786
35192754
35290150
35300210
35356466
35390395
35393605
35495855
35497249
35617157
35652721
35704433
35727758
35971388
35976020
35986072
36058595
36132341
36144287
36149962
36159055
36161663
36180975
36191428
36200075
36262732
36263417
36292045
36496295
36583105
36625234
36656233
36660866
36748465
36808298
36863105
36991232
37048405
37054012
37061663
37075133
37076955
37096030
37123750
37183393
37191067
37313925
37321660
37592484
37609810
37619643
37684601
37701161
37725674
37855813
37871689
37921378
37928042
37962279
38012361
38061995
38067335
38095687
38099266
38181860
38254966
38410704
38504120
38531018
38541316
38564916
38579246
38594007
38894847
39007267
39480855
39604976
39688519
40304817
40328496
40407368
40574364
40678592
40735688
40903138
41108665
41306593
41514691
41522467
41569682
41591751
41645642
41686889
41718695
41867272
41871077
42183578
42200942
42235052
42279793
42527675
42586385
42592435
42773285
42913775
42936594
42986642
42993963
43016837
43021651
43435668
43612058
43686943
43973375
44007420
44011125
44070277
44129259
44165505
44182551
44188738
44412070
44442114
44459233
44511210
44572569
44789299
44807247
44967214
45002913
45006365
45184976
45341821
45383269
45385388
45830718
46132779
46315435
46477152
46538113
46556151
47188647
47223195
47349661
47997114
