9134
11798
23148
36050
119376
157250
185739
193832
206534
221748
289548
304985
347700
374221
480783
484918
514070
559985
571983
585962
596167
672965
833768
885936
982280
1085669
1167248
1313728
1314686
1375382
1450237
1460367
1478550
1564659
1619907
1634403
1648582
1688338
1715073
1873720
1877530
1895100
1964526
2050286
2186258
2574908
2756024
2840548
3109509
3153275
3163170
3168506
3226353
4255031
5666771
5815311
6299361
7530151
10887981
11967091
12056021
13797691
13825351
13825821
15231521
15596225
15738598
15988020
16014429
16028388
16050617
16099995
16117522
16128899
16160930
16652077
16692985
16695088
16764574
20172814
20390872
27057838
27966128
29027196
29131195
29266950
29541962
29584654
29596609
29638879
29931219
30101195
30161279
30229260
30283038
30348316
30444363
30567215
30696473
31128614
31140147
31225367
31448506
31641561
31649667
31654607
31656728
31727017
31759977
31766278
31849548
31887466
31923832
32004730
32130725
32197691
32390084
32444603
32522806
32685060
32747296
32949699
33012343
33052341
33146438
33152906
33158741
33194995
33292729
33298365
33329099
33455400
33471284
33811255
33829013
34021836
34099270
34110308
34126443
34164316
34176815
34202335
34261097
34268940
34385049
34419574
34460855
34664661
34844519
34854916
34884676
34886224
34934984
34936371
35008493
35158730
35192754
35300210
35310219
35313339
35322329
35356466
35468714
35497249
35580368
35586471
35648534
35652243
35652721
35658308
35704433
35738817
35788757
35867886
35949017
35978977
36058595
36148068
36242782
36263417
36292045
36299528
36342408
36413583
36559269
36583105
36625764
36663285
36696017
36719575
36742325
36838004
36862953
36863105
36865090
36886397
36991232
37045120
37075133
37076955
37096030
37104031
37150861
37183393
37212632
37234673
37262792
37296920
37321660
37350815
37413241
37516314
37580198
37609810
37619643
37631762
37636558
37690739
37721141
37722812
37794168
37850681
37855813
37871689
37871976
37873266
37910913
37962279
37989779
38034909
38095687
38181860
38215952
38254966
38421243
38453768
38502299
38504120
38535689
38538968
38594007
38594102
38622085
38631141
38669006
38671488
38858875
38870132
38872920
38873114
38927846
38967167
39139537
39155143
39480855
39489443
39608793
39645605
39683755
39688519
39890437
40183955
40304817
40328496
40374533
40421756
40714247
40735688
40818502
40865490
40903138
41250206
41286185
41359295
41569682
41583566
41856164
42104489
42116343
42213061
42235052
42297858
42586385
42592435
42993963
43015757
43078019
43097358
43145135
43158835
43184223
43309687
43565942
43601805
43686943
43974325
44070277
44165505
44225465
44442114
44459233
44599867
44717279
44838960
44978239
45109725
45184976
45253219
45384104
45391268
45450183
45510587
45521473
45760437
45787273
45830718
46001613
46006290
46025386
46219823
46393156
46576248
46671544
47177102
47188455
47188647
47223195
47335870
47351895
47368273
47520005
47703823
47939488
