35704433
46057587
359395
47177102
47663542
48001675
14382921
40574364
952584
1375382
42027587
37962279
149574
47176019
36353300
30348316
34977221
30136276
47694511
46689782
38065482
29650066
47628530
44474780
47368273
47358620
34664661
833768
1430045
15596225
35703455
47427344
484918
14505171
44070277
36775060
41632851
38215952
336159
47478439
36772578
47411493
37183393
35949017
1313728
33012343
1701337
3124052
37124606
38504120
46487027
29931219
45787273
47260202
16652077
47188647
33028865
33667720
885936
36080478
35959134
30283038
596167
40903138
46951413
46213120
46937961
46832291
46773243
2831258
40818502
45227760
46753716
46750391
45023377
46132779
40168236
34656089
39645605
1634403
46210041
42297858
38538968
45751041
289548
45521473
29777439
36342408
9134
954639
35586471
45303065
42032081
45391268
36614252
31660678
44144004
37951232
33052341
42537305
33182533
41578923
306743
45184976
514070
44412070
30229260
1085145
40344160
38252875
46315435
37321660
45531017
46012227
44459233
2785044
1564659
45817465
1477035
31887466
41569682
38095687
45608761
34595388
45564602
32638739
44182551
29638879
44007420
42584673
20390872
33106804
36726098
45182488
45107850
20505799
38012361
45084328
35425599
33015800
45025557
44163334
35192754
35482120
35300210
44129259
14046131
31988181
37313925
32444603
33461345
771064
16028388
34844519
810427
40304817
40183722
42022374
43624441
43686943
35787021
35008493
2365508
44283738
34297224
38630457
12128141
32288681
44750370
41170699
8892541
44611273
33565098
44442114
37609810
43016837
36660866
32390084
1368322
33455400
43612058
351192
36863105
37054012
42993963
34829884
31654607
41963216
20201428
37921378
32133313
5815311
37928042
38099266
38870132
37048405
35495855
38564916
38531018
43770150
6796441
43634339
38594007
43533752
36846620
42986642
37061663
41591751
42116343
34725190
42592435
39969276
39666126
43040176
27550213
37096030
26105
32182070
41441868
33354865
38874523
90796
2811256
42213000
37855813
42329757
41884150
34021836
35356466
2050286
42328515
32376022
37850681
842663
42071600
41299440
35497249
41535033
41412995
36753181
34110308
41360562
130444
41294908
31030722
41017478
40593603
35322329
40328496
40724820
39224496
1310439
33432979
37756277
31785692
34633210
37076955
32325098
39451789
34261097
311546
36865090
6490561
38053993
30314130
20172814
15797480
33471284
37873266
39005347
31923832
33292729
35980682
34164316
38671488
997522
38642751
34934984
30007773
38276173
31313419
37573495
169492
37516298
33152906
37212632
37944744
33493428
37857553
34768668
37567544
35956760
659560
34257553
1737273
29956289
37631762
31649667
37230188
2189616
37563071
374221
16198621
33848599
37584500
549368
1438458
37254757
33446198
1688338
1025083
34126443
36342850
37408553
37123750
13797691
37251324
37198383
37202982
37169680
31670149
36583105
1898930
36755323
32554504
32698748
36664302
29902611
36581096
36517895
33832028
29262487
36292045
2257306
2288902
1895100
33849889
36239054
35390395
15623990
36159055
36137424
33721407
7784011
1436893
35976180
35886829
35873388
35858083
32135047
35794851
6880751
31027722
27757705
34508594
35669568
353810
15685351
6586301
886367
220263
35552075
35155714
35544793
35501646
34174720
35490487
29200380
35423777
34385049
600990
35039651
33778662
34751237
29663232
31328625
16805836
2194976
1464484
559985
33663611
8697461
1397526
32662280
30242089
378152
32234341
32444074
34833401
30407419
33811255
33158741
33169219
1388397
11229861
446295
119376
1053903
32355871
31448506
34029757
627356
2760106
34295085
11798
31365609
32366026
34194247
32614942
181052
34094217
36050
29831504
30570058
32890809
29516175
848326
16030552
1476291
33421261
27254686
600355
10406001
18128
29085620
33128804
507308
1630592
27969640
33198530
33288817
3536441
32045327
30704756
128693
10754731
31431900
29194068
1041538
31128614
1179102
32686974
32579344
29099432
32144299
16114164
1877530
31784387
1455538
27080734
3136674
16695088
14388431
31303377
1167248
31014429
11699631
10529761
30253633
776919
13479141
660465
30241631
51268
29776181
15816217
27646570
27375745
405035
14702171
3200203
16644130
950863
4377621
977729
