1495148
44070277
47799520
38296369
40678592
31781162
39410289
38065482
46659603
30229260
37183393
1313728
37251405
33114324
30430820
14505171
2560106
47414616
30136276
38504120
41576793
47223195
38215952
47349661
833768
47188647
35969597
35281191
47333424
30283038
47283630
47144878
47101780
16652077
885936
46487027
40903138
16692985
34306039
29931219
41856164
46760637
44513121
31641561
44165505
2831258
46001613
39886727
596167
46529570
46529463
46529439
45817609
16050617
46529404
46529386
46529377
46529364
37350815
46529348
514070
46528845
46528826
46528415
46528371
46528363
46528393
46528860
46528342
46528325
46528308
46528297
46528285
46528273
46528253
34884676
44782872
39688519
46279408
46533128
46504632
46219823
35309271
33012343
45303065
44412070
29541566
954639
41871077
42046778
46315435
46046013
42297858
43712100
40101476
45830718
46213120
46314871
45521473
46313870
37321660
40144312
46025386
43413766
42162600
45184976
43740077
42734274
16030160
33741778
42405041
33132170
44724275
45447015
2050286
36614161
35182649
40479611
43734740
30008136
34595388
1564659
45820839
45819742
42468526
42586385
36092519
45614383
34161633
45574745
43373445
45184352
32302017
2219624
33028937
32638739
36488471
15578934
41689901
15231521
34176815
38001692
40131983
40228776
36660866
37928042
1470788
42302979
32747296
289548
13797691
34387564
33052341
42584673
33726771
29638879
41834390
44572569
34844519
31525614
15640419
8604821
44114714
33618340
45107850
35586471
1873720
33292729
44225465
36058595
40328496
43021651
29004482
36663285
34297224
16764574
37054012
37937240
771064
36538189
11967091
16028388
33461345
35787021
37043833
11229861
44611598
38181860
42913775
15623990
40498342
37061663
44442114
33565098
42056861
36313076
38095687
29015921
36292045
3049907
3931101
36645695
34315187
37609810
37623088
37623102
2566714
35322329
36808298
41946144
31513049
34093276
34243702
44233189
32390084
35690469
35520100
37313925
43334118
34313704
38012361
44218348
32444603
34268940
43855044
30369218
44022426
44186301
33455400
40648907
40818502
43612058
38067335
31766278
36233947
38894847
38594007
39117598
1634403
36504922
41303431
36863105
42527675
37191019
33881883
35580368
480783
44007420
39480855
35971388
42993963
2145458
44011250
29584654
15596225
33015800
41711478
36605420
37921378
30790382
38099266
41306593
43956145
40284234
1335045
31654607
38034973
368046
38677419
6299361
15671315
41641375
37413241
20201428
347700
35356466
43907326
36991232
119376
36413583
787582
41591751
31448506
35008493
39380507
11798
350737
20172814
5815311
40287750
43722814
559985
43858353
1877530
36050
38564916
35200183
218373
42846208
42986642
904061
41884178
41638207
41196202
40978567
39698765
37746991
37503333
37275558
35065070
35032932
34775227
34664860
31276351
31000683
30684981
20268232
16232105
11402631
7964541
