31773402
39140353
36421773
1251955
351192
35339600
47972301
46345088
359395
46635654
47961385
27896356
1126892
1898930
47663542
209124
34344312
29014324
743460
43158835
36413583
37545704
46302587
42375500
1375382
40678592
47799520
1564659
47839713
47176019
30692628
42852451
29777439
47523972
36353300
47664735
214874
1709978
30348316
794896
43762390
979013
675509
36753181
284409
46301843
1450237
38385633
44070277
6002901
1368810
30161279
14505171
47427344
36775060
38426540
35949017
15517331
1027920
47469760
29249166
33568229
37251405
32676884
1313728
44270317
47417343
44599867
38032583
34632967
35565667
32775498
39510587
38215952
47131837
1563881
47324560
544729
47227341
36557501
47188647
47223195
47207979
46323667
46969039
15789805
37590878
31421106
2864498
33860932
47101780
41359295
16652077
33667720
33887023
40023910
2878084
47020892
47018001
37835801
34664661
46133173
35959134
13999431
46487027
2966040
35859219
40903138
16073157
38181860
46012061
45392282
46529783
41578923
596167
37183393
34884676
2450842
885936
29931219
16692985
31880815
833768
42405041
33012343
42698273
1354597
38252875
34498981
30336008
35867886
39645605
38538968
6338431
44165505
34853053
43791882
45818068
45113964
43060808
46674708
34161684
38504120
36954591
30242089
46529348
3684401
46196797
35577790
46528371
46528393
46528308
46528297
46528285
37748639
38535689
33597645
46500335
46153013
46500264
46546063
46500222
46537646
46500161
46533128
15724439
16117522
40755081
46500147
31366253
46500125
46501547
46517772
723052
46500046
46500028
46279408
46500005
46499986
46499955
46499921
46499426
46499398
46499344
46499308
46499197
46499169
46499138
46499104
46499087
46499067
46499017
46498974
46498994
46498950
46498865
46498788
46498820
46504632
35309271
46219823
36261291
33298365
26105
514070
42811248
46465268
35021150
44412070
45525248
37314712
44144004
40344160
46424470
954639
33548178
45830718
16050617
38579246
602538
29541566
42046778
41871077
42297858
35024888
46315435
33061919
45450183
1975098
46213120
46046013
46006290
1085145
35654053
37594761
37321660
46314871
35703455
35017071
37177606
40144312
44433601
43712100
43762870
5731651
34714895
31642395
35301602
32636782
38907515
37698826
43413766
34161633
2636336
1801791
39623249
46258807
41367194
38193560
43740077
31248009
46089001
42734274
2955762
36092519
44851715
46216789
41852820
35417620
43924687
42162600
45391268
35704433
31923832
2785044
43078019
44451964
1695917
45184976
45521473
29564986
34597884
27753742
1008866
650034
20390872
43494458
13825821
45205418
33741778
33740996
45760437
32863669
40841626
40940986
40735688
41018492
45531017
30229260
45984961
38441833
35292835
33117158
34367432
3168506
3235457
36496295
41856164
45817836
588088
4132931
1672546
34651665
42177082
31317053
45820839
38410704
43853811
43751603
45760737
33299204
42586385
2716774
35355802
826460
45132026
45780633
34268940
14046131
32694530
45733213
45348917
9134
40655771
243750
39807286
42951544
44625354
975165
34440335
44331207
2944724
36075581
45039590
33816330
1051286
8188801
40405701
37546005
39672592
1460367
45288716
31766278
30008136
37189464
37028700
7876371
36370607
33106804
31820401
43686943
16131003
45709874
45518740
45470483
45463620
45451343
45435697
31887466
45329506
45305266
45299010
45274605
45122699
44977762
34176815
16488277
15943995
15706969
39102040
41569682
45663081
2815434
42936594
32433885
42849987
34595388
31172140
45686161
38630457
44959195
44957853
33583715
45679597
72491
31024889
44901037
12128141
336159
31007302
2394078
31948211
36614161
824634
9892861
771064
316755
33434074
8431361
33132170
38391762
39362243
2038076
45236322
350737
39128817
31670543
32512868
39125648
43039358
3931101
530853
37413241
34854916
37220460
31319252
34397644
42914761
31471104
507755
45362797
36645695
45596063
45187408
6679
34390150
139709
36900459
43885995
37140982
442140
45205992
30398408
31205188
1445832
33719282
20478610
45263566
1701337
27175597
27233215
31409774
36880650
29966206
45007213
44238567
246282
31753085
2744810
45108257
16028388
39808500
40982320
32121342
40818502
44775968
6370871
36838596
2242494
38594007
27578461
29638879
39969276
34242845
3032431
42200942
42584673
45365492
1898126
13797691
145769
35300210
3032388
44838960
34093276
15293811
45253219
43734740
31408319
440114
31432310
33292729
38095687
30171681
789336
2238228
37788492
34844519
32669976
36058595
29004482
41622579
35192754
37513111
289548
36359674
6850481
15231521
27217510
35652721
37674286
35787021
29810412
32288681
755052
37096030
36485470
32390084
38982060
36161663
12711881
34297224
42056861
33721921
32444603
9392901
44442114
33604010
2581328
39582627
33565098
37054012
38099266
33052341
33015800
36145887
38139462
9456781
857179
37061663
38067335
37313925
30696473
41011363
480783
44114714
37609810
36233947
14938371
40648907
1589769
43612058
15735168
34475518
41998402
39480855
29584654
1171095
37921378
34829884
41306593
40421756
20201428
3014848
36313076
41591751
16158500
31654607
1706009
39818466
5815311
40287750
34288861
40704817
38012361
35586471
31448506
38564916
41963216
38531018
32666
33004543
30838026
347700
6796441
949603
35240960
42993963
33618340
15765226
30767445
27139687
1286661
42592435
29615247
15692059
34761440
35497249
42986642
1510906
6299361
38273542
27644968
7937121
39956902
33467222
32556320
35008493
35977685
30459111
38991370
16419787
24507988
450619
42662669
2618508
34282381
407058
37048405
24522829
34886224
1042799
32029613
35356466
36845327
41363461
2395016
3055894
41441868
37881385
6499981
40720638
34385049
119376
1994320
31316544
42726156
2811256
1477035
32929368
41349929
30551173
29153283
40328496
37850681
41547182
35757014
1788769
467775
41477852
38375871
7708711
14462841
757599
11967091
42181215
434343
38087037
2050286
16231491
16146102
1877530
3163170
2738540
15596225
39498303
559985
35322329
35580368
11798
29072050
38388777
38910283
30682077
1200306
36050
2215016
29534878
522830
36890950
29663232
1692677
38783981
2630504
27799507
5658921
2138006
39444914
20172814
3020399
76245
41026882
37477808
2831258
39209504
1369502
39931678
35191439
39708990
646319
36660866
2418850
39432003
35566901
37352439
1965620
29818290
694466
20348344
37272101
34950386
36419443
36406295
36218544
36216610
35536651
35525505
35149312
35019039
34963935
34655164
32482658
34388042
33556237
33502018
33314174
11065461
32809247
32714371
32712545
32270340
32100559
1934634
31741718
31738878
31729951
31705004
31065889
30967671
30929946
30652746
30636998
5331841
30316369
30247644
30208026
30146457
29638032
29595611
29530360
29293981
29253663
27513172
27091045
27064480
20410438
10382251
14349141
16586071
566912
16537558
2613358
16210751
16166457
7653901
16020373
1054849
2111948
15987359
1271597
444354
14079921
7526131
8170561
15796171
15789813
15767648
1937394
3159847
