4
10
11
12
13
14
15
16
17
18
19
20
21
22
23
24
25
26
27
28
29
30
31
32
33
34
35
36
37
38
39
40
41
42
43
44
45
46
47
48
49
50
51
52
53
54
55
57
58
59
60
61
62
63
65
66
67
68
69
70
71
72
73
74
75
76
77
85
89
90
93
94
96
99
106
107
114
136
156
163
164
193
199
207
220
238
260
262
267
287
294
315
316
317
358
366
390
404
406
417
1004
2125
6679
7627
9134
10483
10912
10976
11798
13085
13700
13821
14190
14535
14833
15520
15704
15748
15877
16128
16623
17038
17069
17341
18128
18288
18635
18698
18978
19456
23904
24731
26105
27216
27873
28137
29420
30187
30467
31254
32664
32666
36050
37057
37210
39277
39450
42280
42459
42825
43709
44654
44827
44886
45026
45147
45582
48214
50974
51268
51607
52009
54442
54691
55478
55501
55559
56267
57166
59792
62697
63647
63856
63959
63980
64577
65323
65928
66366
67111
68971
70477
72082
72168
72602
73744
74955
76245
76876
76934
76988
78961
79242
80627
83947
88612
90796
93182
95216
97287
100613
102131
107363
112155
112267
113863
115914
119376
119843
122012
123022
124109
124318
124377
125164
125409
125479
126300
128693
128794
129199
130444
132743
133312
135686
138193
139713
140539
141747
144453
145769
149807
151911
153160
153215
154501
155881
156376
157910
161920
166602
167547
167705
168278
168310
168480
169032
169492
172866
174524
177030
177483
178291
180604
180617
181016
181052
181802
182908
185263
186718
187552
187756
190795
191777
192551
193832
194278
194365
196279
199193
202029
203473
205115
205195
207193
210920
212158
212245
212297
213251
213292
214196
215287
219375
226846
226958
233757
235720
236575
238013
239375
239964
241652
242076
242556
243007
243072
244164
250055
251371
253770
254965
255911
256406
257925
258398
260963
262979
266549
267531
267648
269061
269343
269592
271622
271683
273737
277477
279202
280479
281753
282237
284526
285990
286780
289548
290696
295151
299601
301013
301442
302304
302644
305838
305842
306743
308753
309398
312067
313488
313667
314165
315212
315817
317832
321868
322926
323485
326419
328846
329644
330962
331561
331580
332862
334939
335118
335305
336159
337376
340159
342201
342318
347700
348465
348600
348832
349648
350737
351192
351243
354723
356041
356914
358730
359395
360182
360832
361339
364345
368373
368381
369962
370225
372052
372916
373156
375329
376050
377428
377817
378152
378939
381826
384448
385838
386899
389231
392658
392665
396927
400322
402314
404524
405111
406610
406857
407648
412363
413349
413515
414507
416377
416496
417534
420967
423468
426793
427958
429966
434321
435839
436144
437628
440114
440575
442140
446295
450157
459808
475774
476124
477643
479472
480783
481933
486057
490152
494025
495403
497208
502799
507929
511171
511221
511876
514070
516765
522670
522830
525671
531655
533299
538842
540439
546517
547500
552174
552245
559985
573227
588088
595215
596167
597881
602538
608698
620444
650034
650445
672965
674578
697800
704369
711157
712206
735298
740571
757599
761552
763192
771064
772947
775272
776180
781716
787957
789336
815918
816139
831528
833768
842663
843111
843392
847736
857179
857423
859357
869561
879169
884061
885936
888613
890783
894969
907078
917635
918644
921048
922703
930717
930744
947815
952584
953910
954437
954639
968015
970723
975352
997522
998536
1007746
1008866
1013552
1019388
1029377
1035163
1038790
1051286
1052718
1058369
1064303
1064565
1065391
1080527
1085145
1092136
1097728
1136020
1140447
1146169
1146459
1151871
1167248
1169568
1171095
1172857
1177047
1180900
1183427
1192592
1192681
1195626
1200306
1201332
1240821
1241959
1243937
1254889
1255710
1256938
1266228
1274200
1290538
1310439
1312934
1313728
1322549
1333083
1335045
1346677
1357670
1368322
1369502
1381152
1382548
1385151
1393780
1400187
1405071
1431777
1445384
1445832
1447995
1450237
1460058
1463902
1470788
1473720
1477035
1478550
1482263
1498719
1505047
1510906
1534380
1534633
1537768
1555852
1562989
1564659
1575466
1579038
1582540
1589279
1589769
1592472
1625030
1633055
1634403
1642310
1651777
1657358
1672026
1672546
1675693
1679010
1682811
1683427
1684827
1693740
1695068
1695917
1701337
1707084
1715981
1722210
1723326
1737273
1751121
1761167
1775185
1788769
1796237
1809421
1831022
1842362
1849402
1857240
1873720
1877530
1895100
1898930
1903292
1910430
1960400
1964526
1975098
2007604
2038076
2040840
2050286
2051396
2064172
2091054
2133038
2136142
2136786
2141954
2142876
2151646
2153206
2163258
2175706
2178850
2186258
2204776
2215016
2238228
2242494
2245438
2332348
2389226
2413058
2418850
2443244
2450312
2450842
2463274
2474458
2482814
2536894
2550754
2567778
2573946
2585582
2603714
2618508
2630504
2636336
2665094
2689610
2695734
2698598
2707220
2722854
2723410
2724988
2728334
2738540
2756024
2785044
2787950
2795598
2811256
2831258
2835074
2864498
2916600
2923178
2940804
2944724
2955500
2955762
3006638
3014848
3020399
3025749
3032431
3039342
3040557
3041054
3041085
3043392
3055894
3095369
3100942
3109509
3118740
3119605
3140811
3168506
3168700
3202095
3226353
3235457
3236540
3239693
3494671
3536441
3684401
3931101
4045281
4064611
4134501
4189291
4232141
4255031
4603321
4719401
4720381
4833561
5045391
5074891
5658921
5666771
5731651
5788381
5815311
5889031
6002901
6140641
6299361
6314531
6455781
6490561
6499981
6569771
6604351
6796441
6906571
7011261
7113861
7158451
7179401
7474171
7540461
7552111
7708711
7764571
7783511
7835991
7909681
8188801
8293111
8431361
8859801
8892541
9347051
9786431
9965971
10441301
10585491
10706731
10711851
11016051
11277471
11967091
12128141
12204791
12222641
12240291
12433931
12711541
12711881
13797691
13825821
13943411
13999431
14046131
14317671
14350631
14505171
14522191
14592541
14634791
14962591
15102371
15137361
15231521
15420311
15569913
15583108
15587234
15596225
15623990
15640419
15640799
15652765
15671315
15673993
15689438
15692059
15699849
15706969
15706970
15729279
15735168
15739488
15751396
15752220
15797480
15843165
16028388
16030160
16039001
16050617
16063351
16067006
16072171
16099995
16113739
16116864
16117522
16126486
16126764
16131003
16136626
16158500
16158926
16169562
16174613
16210973
16389685
16419787
16430257
16432171
16445740
16457329
16575364
16652077
16666969
16692985
16710268
16728583
16764574
20163223
20172814
20201428
20261668
20314600
20390872
20478610
20505799
27089110
27093694
27120823
27122866
27139687
27233215
27253423
27344062
27364744
27544747
27608992
27645211
27719479
27753742
27817105
27872259
27889049
27901227
27935593
27962017
27966128
28094275
29004482
29015921
29039798
29058916
29065021
29072050
29129925
29131195
29145300
29178413
29203283
29250137
29266950
29267027
29327090
29532581
29541962
29564986
29572803
29584654
29596609
29616322
29638879
29650066
29653756
29663232
29753096
29753835
29787255
29810412
29821076
29832069
29876391
29931219
29956289
30004405
30008136
30026906
30136276
30152636
30161279
30167634
30229260
30244965
30251532
30283038
30330786
30365927
30369218
30398408
30410782
30418201
30430820
30467556
30468316
30479845
30498621
30529092
30534919
30551173
30553957
30567215
30664623
30667386
30671791
30682077
30696473
30736887
30739720
30767096
30767445
30811539
30944046
30948944
30999265
31008489
31009306
31020841
31024889
31082396
31172140
31172637
31209204
31248009
31296827
31313419
31316544
31326611
31328671
31366253
31409774
31419632
31448506
31478315
31500860
31512952
31525614
31539488
31641561
31644084
31649667
31654607
31660678
31668538
31676460
31677098
31759977
31765476
31766278
31773402
31781162
31789456
31797942
31811984
31849635
31880815
31887466
31916219
31955639
31962476
31963927
31974640
31976226
31985691
31988181
32001709
32023809
32029613
32066927
32121342
32124275
32133313
32182070
32221815
32235194
32244163
32288681
32300368
32350297
32370298
32390084
32410289
32437808
32444603
32482095
32487050
32496812
32547426
32556320
32595977
32602742
32622629
32625132
32636782
32638739
32653535
32676884
32685060
32726147
32747470
32929368
33004543
33012343
33015800
33028937
33052341
33072830
33105481
33106804
33108783
33114324
33132170
33146438
33150806
33152906
33194995
33196227
33211102
33227192
33232042
33235967
33279450
33292729
33306221
33309365
33321723
33359260
33372140
33375253
33424021
33432979
33438471
33455400
33461345
33467222
33471284
33519700
33520429
33548178
33564612
33565098
33580073
33580409
33596879
33597645
33618340
33650487
33654851
33667720
33679974
33721731
33721921
33731680
33740996
33741778
33748078
33787413
33794146
33796498
33816330
33822124
33829013
33860932
33864894
33881883
33925978
34000110
34021836
34039531
34042846
34059576
34093276
34099270
34134004
34149952
34161633
34161684
34168714
34176815
34202335
34205024
34218848
34243702
34261097
34268940
34271915
34281074
34285713
34288861
34297224
34306039
34313704
34334606
34341137
34352584
34377987
34385049
34387564
34390150
34405269
34439726
34440335
34491726
34497639
34504088
34595388
34623214
34656089
34664661
34667503
34693922
34714895
34725190
34726732
34730060
34741193
34803208
34815842
34829884
34844369
34844519
34850744
34853053
34856429
34867581
34867697
34884676
34886224
34888513
34903603
34927390
34934517
34934984
34936371
34962537
35008493
35126582
35128270
35180320
35182649
35191439
35192754
35200183
35208076
35241545
35290150
35293985
35294013
35300210
35300985
35310219
35322329
35326018
35356466
35372757
35388257
35417620
35417834
35497249
35520100
35561457
35566901
35580368
35586471
35600879
35621769
35645513
35652424
35654053
35658308
35701770
35703455
35755127
35757014
35787021
35788757
35793405
35803299
35806032
35822911
35834672
35857284
35864069
35867886
35870138
35941718
35959134
35971388
35976020
35986072
35997913
36037985
36058595
36075581
36080478
36092519
36093463
36094392
36132341
36145887
36149962
36159250
36161663
36167527
36177229
36233947
36242782
36251152
36261291
36274227
36292045
36295327
36296257
36298704
36304422
36313076
36351009
36353300
36358059
36386163
36392766
36402740
36405493
36413583
36421773
36464174
36485470
36495495
36496295
36515417
36523232
36538189
36556814
36561605
36566912
36578450
36582847
36614252
36645695
36654419
36660866
36663285
36683373
36696017
36722553
36726098
36740986
36748465
36753181
36766421
36772578
36775060
36780730
36804885
36838004
36845327
36851315
36863105
36879718
36879805
36886397
36900036
36919501
36934797
36954591
36991232
36992274
37023570
37028700
37036907
37041530
37043833
37045120
37048405
37054012
37061663
37076221
37076955
37078428
37096030
37103833
37121970
37124606
37127115
37140982
37165636
37177606
37182435
37183393
37191019
37199454
37220460
37234673
37234954
37251405
37254757
37282818
37290276
37292563
37311097
37313925
37314712
37319575
37321660
37355927
37382557
37391952
37413241
37441568
37513111
37516502
37546190
37546477
37590878
37592484
37593386
37609810
37619643
37622746
37623035
37623667
37624508
37638400
37642160
37698826
37788492
37804293
37835801
37850681
37855813
37859556
37867891
37881385
37885598
37921378
37928042
37933037
37937293
37950741
37951232
37962948
37987137
37993205
37993821
38001692
38012361
38017095
38020149
38025506
38032583
38063755
38067335
38095687
38099266
38104917
38139013
38151428
38181860
38182077
38204030
38215952
38218223
38233811
38250001
38252875
38254966
38255710
38273490
38277422
38285285
38298290
38322629
38327738
38390047
38420098
38441833
38493267
38494340
38502299
38504120
38531018
38535689
38538968
38541316
38564916
38594007
38614688
38621689
38622085
38630457
38640014
38640178
38669006
38677419
38697157
38708605
38751106
38768672
38861356
38862178
38866331
38870132
38894593
38908163
38910283
38922360
38962779
39007267
39011259
39072259
39117598
39117617
39137427
39149585
39209504
39253729
39354233
39362247
39406531
39422629
39432003
39442196
39447288
39477551
39480855
39498303
39645605
39656439
39666126
39683755
39688519
39708990
39747150
39808500
39818466
39826347
39876830
39880797
39886727
39892594
39892986
39895988
39914632
39925176
39931678
39969276
40005999
40041746
40101476
40144312
40168236
40202215
40241860
40246466
40255440
40287750
40304817
40328496
40344160
40374533
40376269
40388727
40421756
40436877
40479611
40526551
40630452
40648907
40704817
40720638
40735688
40755081
40765587
40772045
40801268
40818502
40818891
40864275
40902096
40903138
40940986
40990078
41009807
41060137
41064061
41080787
41170699
41197966
41250206
41270125
41278044
41283546
41286185
41290321
41300795
41306593
41324465
41349230
41359295
41367194
41386918
41388309
41399161
41441868
41464994
41505538
41514691
41517513
41533789
41547182
41552820
41578923
41583566
41587978
41591751
41593843
41613091
41622781
41634247
41645642
41683713
41689901
41714204
41763343
41783347
41791536
41791843
41819191
41835338
41856164
41864342
41871077
41884150
41928997
41961537
41963216
42046778
42056861
42104489
42116343
42151644
42157258
42162600
42177082
42200942
42213000
42213061
42223633
42279793
42297858
42405041
42440304
42447539
42462285
42517159
42532721
42581711
42584673
42586385
42592435
42593502
42648524
42698273
42723564
42726156
42734274
42744699
42846305
42873696
42897269
42913775
42925195
42970899
42986642
42993963
43016837
43021651
43060808
43076820
43097358
43098007
43104337
43158835
43184223
43231597
43236174
43239788
43293093
43332102
43334118
43376737
43413766
43458771
43492226
43535873
43535978
43565942
43601805
43612058
43616552
43686943
43718955
43723309
43726966
43734740
43738147
43740077
43762870
43791882
43821616
43851111
43853811
43905654
43924687
43947541
43956145
43993170
44007420
44030022
44070277
44081214
44097281
44114714
44125296
44129259
44145362
44154564
44165505
44181773
44184269
44225465
44233189
44235508
44283738
44301149
44307414
44332583
44382235
44399210
44412070
44430385
44433601
44440837
44441348
44442114
44442352
44442415
44451964
44459233
44513121
44554342
44599867
44671877
44691217
44698660
44717279
44724275
44775968
44838960
44851114
44851715
44863496
44900121
44902260
44955861
44957931
45023377
45032157
45051373
45107850
45109725
45113964
45132026
45175610
45184976
45205992
45213117
45227449
45227760
45235954
45242473
45262319
45303065
45335809
45391268
45405728
45450183
45521473
45525248
45531017
45558296
45609863
45622192
45634858
45639247
45645420
45692230
45719488
45725949
45739812
45760437
45770929
45787273
45800673
45802257
45820839
45830718
45984961
45988048
46001613
46006290
46012061
46025386
46046013
46067854
46099706
46153013
46186765
46194282
46209499
46213120
46219823
46258510
46266219
46269091
46312370
46314871
46315435
46323667
46368670
46387336
46429479
46437028
46437274
46480270
46487027
46510374
46519065
46585159
46626427
46659603
46689782
46719510
46901479
46908782
46972263
46989502
47131837
47134088
47153504
47163213
47188647
47206111
47223195
47227341
47349661
47389416
47392880
47414919
47435147
47496356
47854978
