27896356
47177102
47857021
46576248
40574364
35793405
40442860
46226352
29777439
23207
2491948
47477025
47427344
6002901
484918
35703455
32512601
43894753
44070277
32561562
47464693
1313728
47417343
38215952
47378292
47188647
44599867
47179247
43376737
47223195
37590878
47203920
1072650
14505171
2864498
16652077
26105
47022912
46515161
36080478
885936
47025427
43184223
41856164
34664661
45235954
46133173
40388727
33012343
46962220
39672592
15611881
37183393
39140353
37350815
42297858
40903138
38504120
29931219
32685060
35317334
45830718
34656089
34714895
40168236
38065482
833768
1634403
29784554
6906571
37987137
46701272
46639959
45113964
31248009
38095687
39608793
514070
45391268
15724439
36092519
43033878
37951232
336159
44412070
954639
44909512
39243483
42847742
46315435
42046778
46006290
46391106
46364556
38300443
45184976
46219823
41871077
40620425
45450183
40688911
40144312
32498882
44851715
41367194
35008493
987929
15231521
36745623
43373445
46012061
2523534
32370789
42056861
37054012
33015800
2707220
46023616
46098895
35278737
502799
1564659
29638879
45379706
45294933
43796884
43016837
1146459
45053830
6283841
37061663
36132341
33565098
32390084
37609810
20390872
39517521
27889898
33455400
36863105
42993963
43878019
38531018
43682367
43406419
32854013
43176319
43025309
42592435
38285285
3153572
42735045
2811256
35380944
42568677
35586471
35322329
34021836
35497249
997522
35356466
2050286
35366575
37619643
29131195
41879195
37545051
40328496
41250206
39007267
29591788
36824816
40881090
40524606
37836109
40465496
40459679
38622085
37794049
31421106
3168506
38866331
40354646
40272459
40135953
40041846
39605229
29794300
39878112
39826347
39830254
39761091
37076955
39703181
20347216
39525009
6490561
38233811
34261097
39307156
39226901
39206715
38204030
33596879
37873266
31784386
20172814
38962779
36228861
39009764
31009306
38862178
33471284
36991232
30444363
37580198
33292729
38594102
32426694
38640178
38631141
31213066
38003559
30101195
31313419
15596225
37593386
35279376
36742325
30161279
38461911
540439
35652721
30007773
29217144
34550908
38314068
38314060
35580368
36299528
36886397
30418299
37979149
1688338
3109509
38030667
38061995
596167
38095233
1733101
27937681
29071738
36696017
37212632
37992377
14962591
37962948
36556814
36905639
37953347
228748
37924410
36865090
27122866
31778840
34196472
35128753
37624508
37725674
37737929
32353250
659560
34306039
34257553
29956289
37641742
37563071
28094275
5502861
35141024
33108783
37177773
2630504
32775926
37257065
1737273
2189616
35956760
33046106
37311097
33446198
37254757
37123750
37368952
34953507
13797691
36583105
37161447
37146538
37043833
36893489
36825797
829690
16798735
35482588
36543182
32698748
35710349
32554504
35516148
7784011
29902611
36614018
36581096
36292045
33787992
36534481
36323648
357237
32522806
35390395
1436893
35886829
29616322
35976180
32004730
27267088
15685351
13999431
33576120
34174720
600914
27448576
9965971
35635331
99352
886367
35472280
35396230
34212482
790656
35428940
5377741
2276476
29786748
34385049
385838
34892131
30307841
6880751
35098117
35053786
600990
35039651
33778662
33478703
27103804
3309341
34993410
220263
378152
34976469
34976170
34975728
31328625
194365
31683422
33687535
34935671
16805836
30686173
9961841
33518125
6299361
33750074
34910235
3057166
29663232
15549108
33849889
2194976
1464484
33158741
559985
30242089
33811255
32444074
11798
31448506
1397526
34622163
11229861
34465864
33990383
1179102
1053903
34198658
36050
130444
32370503
33909799
33886908
33842302
29610149
33603322
446295
32477002
360832
619151
119376
33198752
33116167
335556
431858
32620151
31849548
32217369
32297955
31469754
32169213
16128899
139713
29266950
32085413
1680956
31422604
31851101
27919520
143381
31902153
22410569
455608
31298825
31128614
1877530
128693
3136674
29006286
445171
1298619
806183
8173141
29099432
30311231
2871300
16555285
2580352
16569283
2391854
1599840
31625211
31300272
196859
16695088
16169343
31590865
1398925
31452472
30175088
1380087
199473
660465
31448691
436144
2270100
3064653
3107560
31217622
31214112
352624
30222412
620437
31132672
12263821
1562622
31112633
181052
119423
2181244
31069764
1032646
30690853
29668339
27915492
15806751
30664534
30960870
30959074
15828710
30930244
30918147
30905070
29811414
30891614
1643702
16023074
30382692
1858316
30694730
9875601
20471869
298278
1167248
2835074
1102202
17834065
30127167
2716046
1349101
487223
954628
30396063
776919
37712
30243414
30241631
381826
29550179
349648
51268
15840538
29288129
16164636
887471
15816217
1448626
27907619
27901159
27455848
1221326
976313
97669
136827
969614
6071991
