26105
48026814
48020007
34923350
47972301
45505081
41285607
4803181
27896356
37124606
44412070
47799520
47818218
47777095
1700577
38065482
40574364
47632970
47645071
47627083
46505586
869561
45510587
14505171
1092961
11967091
44070277
47496356
37183393
40442860
46208977
47417343
1557713
47439523
47427473
31006285
33788293
2675052
38215952
33012343
30136276
44536810
43371440
42297858
47217989
45525248
33667720
47177570
37590878
45692230
47092466
44599867
1842362
44062238
16652077
39880797
34664661
30283038
2864498
40903138
32685060
46907541
29931219
833768
38254966
34783967
38504120
44736857
36143876
31759977
31140147
38252875
46752163
35867886
46514375
46738063
39886727
253770
46619169
36167527
38300443
46605831
46132779
15724439
39688519
46494637
369003
46219823
45830718
37177606
45030226
1085145
35704433
42157258
45184976
42576727
46388705
45531017
46006290
29777439
952584
46314871
588088
46315435
45521473
37321660
46313870
46025386
34714895
35874337
42423569
46228336
43413766
35106960
9134
650034
33106804
33741778
45939372
46073472
13825821
31887466
33548178
45587754
1366361
36296257
954639
33609538
33796498
40877485
43104337
3505851
37639320
43924687
44459233
1672546
1564659
37036907
34595388
16072171
45770929
2573946
45747366
33279450
26361
41569682
34039531
39243483
42586385
37788492
39608793
41856164
2186258
42162600
32703125
39702608
45316213
36165552
38763753
38391762
44129259
309048
202810
43021651
36496295
27089110
41834390
7550111
38860322
45158155
45188944
42200942
37754298
45107850
40735688
45127947
45107432
15640419
44208313
43855044
44798093
43016837
45027825
33726771
41063699
31654607
1892260
34844519
43686943
33650487
35192754
44182551
34176815
39861949
36726098
44862282
44819382
37937293
44789299
16028388
15990503
14658981
15231521
32288681
42913775
20329657
35787021
15587234
33461345
31172637
34741193
15420311
43601805
35454432
32722484
44235508
41170699
12711881
36660866
29638879
34297224
44442114
42056861
36149962
44502841
44007420
44440138
33565098
41009807
36725974
44450186
20390872
38095687
41648804
41752041
35621769
38708605
36335402
3407761
480783
37609810
32390084
32444603
44206841
43882475
36863105
33455400
44171961
35283128
38067335
44151309
38012361
44114714
43974325
33015800
43612058
31172140
44020514
38894847
1910430
34288861
33881883
31525614
41514691
307891
43008201
230737
16687039
33555378
37048405
34829884
37623667
43929794
36413583
43015434
40526326
42847350
43821616
5815311
43878019
38870132
32512868
43803536
34457060
38564916
41963216
31766278
36313076
37191019
43148989
15754928
43500576
34711755
37520551
36200075
43452684
3043392
43384540
42181463
1134513
43360478
42697499
30026118
37921378
42773788
37868152
38099266
42747410
41591751
42993963
43172247
42986642
43097358
10747191
30813280
41533789
36648487
42235052
881021
27057673
34753512
1214763
43129302
374221
42592435
42946864
43138566
42584748
38182077
38531018
1146169
10171741
32352848
20201428
1460367
42499512
36140039
2268970
73744
42499116
1656484
38285285
37978482
40982320
29943794
41441868
112629
1728548
4255031
39895988
2041258
32182070
37313925
37933037
2569192
41907077
42104489
42855817
38061475
42860779
36478175
38874523
38087037
38777646
34313704
42822494
229746
1549534
42726156
596665
33996801
108250
1349101
42729759
326672
36582847
31985691
842663
37881385
90796
42213000
41547182
40287750
37855813
37673181
40571483
2689610
16432171
41280317
41570707
42448682
1822837
13903
15706969
34612997
6796441
34281340
37096030
42257680
34804432
37871689
39480855
42181381
35857033
14471931
37094341
42145099
154501
36828046
35586471
36266626
29793560
36879805
41664678
1975098
41905998
8068871
32522574
1512999
3017434
132056
30664787
453240
41593019
41477852
41324465
41290321
37217446
41918758
34021836
41879381
41804218
41804421
29815920
24328586
41850586
41879250
41771314
41801985
41775802
41775610
41824132
1318926
3049907
37619643
35310144
31916219
41689901
34470821
40184158
39498303
41665237
36400299
374779
27453715
34742982
3025051
35640554
41399161
41398626
31773402
40738444
41248896
29099432
36168038
2944724
36957144
41250206
15386791
41420682
433814
38606502
41426007
41412995
36753181
12180721
40597911
326443
41360562
32670286
195104
41350388
130444
31030722
7708711
35497249
40493021
1619907
34360203
28137
35793405
34110308
36419931
29131195
32647929
2394508
36449254
33239512
34191713
1112852
24577572
39154171
41093354
41030531
40613368
41062588
947424
44886
30714370
39683755
1971472
1648406
39829462
40992969
36824816
24920900
40974013
29189898
337687
40005999
37084520
40328496
39969276
1351980
40824191
40824239
1593617
16027022
34202335
37780538
203107
35322329
15379291
40582857
40781897
15671315
40771290
331418
141745
40745520
40742829
1398144
40280338
38069802
40724820
36992274
38982036
34268940
32235194
40674857
40495750
32764561
474744
40596747
16103773
33486639
40437157
33481426
36093463
36776160
37672932
496660
35852827
40398270
39927137
40370993
1373118
37987137
40157713
2630504
38873114
31421106
40428152
40426713
37794049
1310439
40245640
16002278
3168506
38622085
29640031
38866331
37103992
27433246
40342718
30152636
40333241
30369218
356080
40272459
230192
27191155
36607708
40232227
30717800
464821
37140982
40191071
36059861
35232232
30514259
2050286
30004405
35300985
40110741
790656
40087793
40045020
40085293
40083143
39166191
35993393
1161063
40042662
33432979
40035731
485918
39692938
1167248
602298
39992594
39894289
33232042
1301533
1318380
39894049
39953254
29794300
39934097
34633210
1505047
39907602
39905548
388414
39894752
27645211
1294736
39770914
18442
2616396
171342
2366674
33235967
39847854
37076955
904061
421901
37756277
386241
687486
39751810
35735993
27966128
39724724
39724098
39691020
1015295
24510306
37850681
38630457
2323498
15558219
38145156
38127643
27080734
39324081
32849808
39664521
165191
31207301
31819967
32325098
36409309
1417092
36197702
39627938
39624203
20347216
38852434
1169153
36468700
615562
1277025
36317553
36199759
180049
39471235
1584313
39563606
38538968
11839921
659677
39378168
1088210
347700
764211
12148
37804293
251442
389378
33881532
3014848
37781885
34487380
37836622
39461261
34099270
39454433
2086932
265732
1059294
37864378
39441605
2698984
35180848
34261097
14483571
1318353
38661958
33194995
335428
37355927
37632196
15578934
36752390
38858875
734394
37867880
76044
39363952
38689323
541246
250170
1112602
15543377
32430037
20439295
595215
37730952
38733844
500839
320765
311546
32513129
1397545
848461
491825
39267569
356912
129131
102652
32377196
814974
39248057
38141309
38138929
1929708
33046106
460766
5054
1893312
337876
38677204
169492
977729
38607775
8697461
2252198
1899896
32301946
39182066
39178964
3561131
39178611
38141236
39139415
239375
33187551
2230652
16039001
38662648
13999431
16031116
38209809
39151272
1639228
158470
63378
39111402
268637
38910283
260869
36644610
288179
39137022
39140353
39140479
348705
38990171
6490561
38404594
477643
420401
37873266
101070
39100158
165933
450123
2509638
4855
445899
950759
38838215
382119
37851820
1052687
309398
1749855
1645539
38962779
357736
37021876
1500598
373149
174094
261840
39005347
44603
39010033
1094
94091
121948
1034892
1124338
36228861
773529
35082686
33877176
802735
158963
2254660
842198
38987674
324178
38975779
267599
181052
1334942
757057
35043482
2098570
357391
775272
277351
38862178
30567215
38967167
1932870
38785498
132010
2570524
422530
16158500
22798071
38202997
32597240
1600110
38933960
339044
38861157
38108260
530926
310183
1993908
31923832
2713502
180604
466500
33449
38903711
213251
317057
433807
313667
375443
273217
1202211
2605898
35781052
44912
38671828
1339939
38400363
1624178
38236337
4628221
549119
36791991
35762757
33471284
38151428
37845187
38861356
30732006
35853753
9701
950360
538043
109672
25086175
535309
37150861
31995113
13446
121722
38204030
38671921
36838004
104251
936611
1308678
38802564
3172294
2429328
604153
35580368
16563685
10881
29185215
34725570
21915986
38671488
278193
36515770
1628437
1163954
37516502
36991232
38740877
32654612
997522
1192592
33199695
899089
36295327
38424113
1536721
1504814
136170
108944
109567
27138115
514275
549368
1471893
2298368
328626
16333216
776676
8014631
120594
128988
33450215
76934
48946
20385562
38669006
321592
15720267
1952070
2452778
36834514
153215
5502861
2232002
76773
37715574
32426694
150524
37631762
16049071
72849
76099
78422
370225
718047
15738598
38640178
38631141
2558356
7987711
2408716
37728953
37545051
18720697
37649718
38594102
38594007
4371741
15559015
2170304
33292729
2550754
30444363
38010354
35297357
121936
1232953
342128
1787821
37049869
27512458
31213066
38613225
35997913
879982
2383356
16658581
38322629
531655
850714
1177316
338669
315447
872936
35884393
36818413
2418850
20172814
535550
32854446
427248
1851914
20528335
1497959
815918
24250561
1162173
35658308
2175706
2723410
219392
370285
897175
456957
2679824
1195626
36005251
12197821
314293
31512952
9942
147854
21900021
33008968
38547419
33571551
892688
466974
20484526
17341
301013
659560
152025
2190572
20269321
38570373
540439
2323444
33131540
1609374
1656182
170772
1597760
3050151
1363195
1610948
36467709
33596879
216696
1106136
1621709
38572516
38018690
36661015
30148203
113003
29642097
129199
32389844
2196430
30471596
2394078
19456
1033468
847595
34306039
2815434
2846122
1117022
32224897
35557339
191777
2652992
1651057
677893
31219844
38259161
7859441
38501671
20449939
37069775
144735
35589685
31548792
1619557
38500646
31623338
709437
10238631
1412537
842782
187756
942250
539692
31120081
38130465
2618508
181600
1095896
34658317
446889
134768
30914265
335118
440153
35652721
35755127
1695917
1204656
27957405
31070973
348802
562124
37041530
2144614
32246575
27884465
30411051
672965
132137
36124522
75471
849318
1124668
829690
16347220
31610722
27298831
8127411
1492302
1254215
390411
353634
7115281
32625326
45026
719993
370435
33551478
27122866
38508546
30161279
884061
923538
1077104
36814156
749226
29019936
1608224
29015623
1061540
740929
34903603
37859556
8519
1562952
1510276
6906571
596167
37885598
38233811
8438
2002880
38346605
33597645
36545200
38410490
36304422
506498
332862
1066611
32784737
488833
36865090
331561
1634403
37271813
151911
35074587
2317946
35944663
2339528
37282818
1686155
245725
4720381
1993354
37054012
38546417
1709978
36780730
36047229
15581377
1127468
33599119
38546529
429187
30736330
33471300
1292300
38305440
8173141
1496505
36562156
975165
308176
1440338
37203463
842380
2311224
35699762
35480995
573227
1007746
65062
37580198
15862074
37118395
36593100
37991224
12471661
617400
522830
1582216
1857240
10694991
477713
35405757
30600093
1562989
62697
2156100
38421243
32096052
32979253
336159
1068500
14190
38277422
885936
2038076
33514407
914936
2281866
172609
1950762
1604322
1446315
641304
73306
8310561
1156452
16369510
4171421
16665880
511876
179614
31744
29276716
32780609
283592
356914
62523
193
1030937
970814
16266781
65177
37522074
16434997
301506
93640
32263125
29062726
36263795
35376078
38013060
35279376
38537275
35108768
15797480
38317762
30101195
38053993
38424129
16130770
38388521
38246013
37023526
35911395
30007773
352990
27799810
32461768
37516426
450870
3226353
33718067
123022
185739
34352584
10887981
38273198
37599821
31627450
37488592
35455309
29653756
37979101
34936371
36886397
33263363
35104103
6982121
38222928
35983367
655533
34934984
38206730
38205989
38052802
38186143
380154
20416126
16089037
31313419
38101418
637781
37516298
37516255
38059708
15834175
34932181
37930916
38003559
36556814
37970376
37962948
1688338
37950741
1322549
37928050
37850322
37942349
37903642
37516117
37937221
37931046
29071738
37262792
37694265
33909240
2829346
37719703
37514092
37910698
37908584
37779628
36295363
882367
37722725
34768668
37790048
35757014
37763497
36696017
149807
37513906
29596609
37234673
36566912
948416
37593386
32276072
37722812
27239512
32353250
36299528
6947111
228748
37554475
37435296
37623035
36335729
37583339
37583272
1171095
37583148
37583032
36832113
37580266
37562137
36680226
37424896
37562173
37424632
33738435
37424366
36452476
36573271
1689762
37257065
908695
34498888
30607864
35008493
32775926
34257553
34244057
2811256
35830324
31649667
32302017
35712214
15596225
36342850
50293
37383739
37123750
37370617
2877614
27958007
36098654
36666664
37333669
37332488
37308253
37297434
1443679
32789201
37273920
37274767
155881
37274170
15597086
34810223
731740
941885
16213043
37250540
37250036
328399
37246263
37245504
13797691
37222860
37213862
269592
29262487
36448909
37111283
37198383
852015
29591225
36036876
20328433
29787255
37168576
1810157
27175597
35727758
36583105
33596861
37111710
37135773
37135337
37133533
37133679
37112272
1185389
37128105
37123854
37120394
37111866
15497521
37117017
37115061
37103833
32376022
37112614
37104217
37104063
37101162
37097366
30873468
35864759
37090666
29388434
36777790
36305051
37043833
36660760
36656233
37050997
1806057
37044077
37043900
37043773
33811255
32130725
37040949
35922572
37026430
7263681
2609460
418194
167705
32603445
35099583
34357002
9632211
36860227
1041405
3137336
32669976
29543333
36955333
34064706
1481841
36941955
36766421
398945
2670044
29526947
32522806
42102
217047
36933791
36434583
34335512
36929674
36928999
34708949
36908867
36908592
93248
36896428
34095767
1906826
3168174
1730025
32291291
36902359
303699
285078
1187165
16111354
33892034
35194738
16134014
35988329
1200306
36856328
36864420
36654419
35773220
11229861
998717
36762829
3057703
119376
36002724
36829241
35246303
36664360
35650333
34708704
30639903
34373068
36799696
36695300
27629623
35561833
36298704
34126443
15560080
1418566
1608402
36781880
879494
35390395
254523
29065116
36525623
365229
2709952
36318098
31974773
7784011
33212535
107218
1477035
36762078
36761538
36761353
36760285
5287711
1006131
2847182
1102115
33849889
3565161
524718
3182556
2220672
917635
1090005
996539
33681928
27780457
29616322
4875351
20163223
1494985
32183742
35482588
139713
1832530
32004730
34305588
36120562
927008
10154631
3084278
2273796
35293744
36543182
2616086
465227
33164071
36719095
31448506
36292045
36715320
36713854
564812
36713332
2234476
36675191
25162422
36702850
16647
35155714
33307638
16798735
32554504
34385049
32698748
30408753
153989
30446350
37851
1718693
10520
36432575
27869484
32928954
559985
4615471
1684998
36050
847736
34980528
33672786
36661392
36655420
35956465
611709
361339
36659398
36650291
36637954
36655213
34857022
16060412
33652552
35937748
35378469
36648533
2463294
35969575
11798
36645611
20163121
354956
29783402
1895100
29318698
16254910
33490641
35980682
29537807
36638010
3185736
269312
1201572
33358197
12711541
34098622
816865
124891
36601528
1898930
34395141
36572820
36579857
36579837
15963626
34074480
36579792
36579799
35469813
36546152
36489732
35059806
35356466
34111873
36467839
34074639
35855565
36450238
35850589
36449913
36449794
36449762
1117032
36431901
36410123
36339521
33787992
36309414
36253241
36153707
35542288
10529761
35673547
35550436
35548286
33146438
35419145
35359229
35275940
35214790
35207442
34436448
34801556
34729502
34726703
34647276
34598857
34120781
33724230
31952926
33671339
33668628
8897091
32791811
33322141
33064611
33216900
33131463
33092558
1877530
1368322
32571338
32561912
32097054
29831504
32362514
32354897
32299476
1507994
31657818
8104921
31866148
1088701
31742384
31648890
31481263
31298970
31237455
31232984
31104569
31014449
30979818
30905172
30871483
2140194
162956
30704571
30580218
30569886
30509166
30302240
6424631
29924038
29825851
29821924
887471
29500050
1388397
1420032
29072893
27897722
27810040
27294118
27103498
20563510
20415202
20411419
2145530
16537891
16510114
16157877
15838158
16112345
116401
1564864
8835551
15986757
412971
12819971
