46411886
29777439
37962279
39944063
37847929
38022316
30283038
30229260
47368273
484918
47525137
885936
14505171
44070277
1313728
47427344
31781162
44270317
47349661
46477152
41856164
47378292
38215952
47188647
833768
47316572
13825821
45002913
3020399
46687273
47022469
2494990
42297858
31140147
47223195
41359295
28137
33887023
2785044
12469781
37590878
16652077
29931219
40903138
34664661
46012061
33012343
37183393
2831258
954639
38254966
39688519
46753716
31641561
46750391
44165505
39969276
46219823
1085145
46001613
44955861
35867886
514070
30790382
40755081
39645605
41286185
29027196
38538968
122801
36863105
38504120
36253880
15724439
46460529
43376737
46424470
42046778
45184976
46006290
46315435
45450183
46258510
37321660
38541316
3088005
44433601
952584
336159
2567778
46226352
987929
15231521
38957184
39623249
41777543
2707220
33275209
35970341
43016837
44511210
40818502
43104337
34854332
35586471
41283546
43924687
44459233
42832604
45820839
41172101
31499398
42468526
45219585
35417620
45787273
35621769
31976226
37313925
30008136
41569682
34297224
42213061
45447015
43373445
32638739
42162600
2574908
36660866
37058800
16072171
44775968
34844519
35158730
34093276
43686943
45263754
3119206
1470788
2808072
45425393
34387564
42586385
29638879
32614267
36964504
32613627
45134889
34884676
1712617
36496295
12128141
36037985
32390084
30004749
33565098
44455666
34724356
33052341
33580073
51268
357778
44442114
31525614
38067335
37609810
44311049
41103846
36149962
30225298
44187096
33455400
42104489
44045534
44007420
29584654
1910430
1693740
37121970
43646136
37426813
36313076
38099266
20201428
43907326
37921378
43897408
41591751
31248312
43821616
38095687
42993963
1589279
241777
237418
33931225
485079
37620755
2268970
42747208
3234155
38182077
42772995
1335045
43117691
42592435
32182070
13825351
30136276
42805682
37672932
42744699
42634391
1477035
41547182
37673181
1648582
30991006
3033264
33780078
35783624
42549059
3057703
32244024
35322329
36288010
39007267
787652
42197749
39776010
204536
34021836
15968056
38458859
842663
32556320
42267379
42266974
37850681
37871689
34612882
32522574
41950973
41477852
2630504
41850586
41881999
41531649
41783347
41714204
41657338
41683713
41645642
27453715
35773220
41329665
41622781
41399161
39603062
40908765
40801268
41552743
40630452
40582972
40593918
41452758
41458347
41250206
38910283
36753181
2944724
29226796
40287750
41349230
41360562
35497249
1619907
41268741
40627321
41197966
33239512
41145511
36449254
2394508
41060137
41096713
41094100
36495495
32647929
41028747
40328496
35658308
31421106
40398270
37987137
37794049
40346119
40256191
2050286
33232042
37076955
31930387
27966128
36300389
34099270
34261097
38053993
33194995
311546
31313419
6490561
36853590
20172814
37055960
37873266
39140353
169492
39005347
36228861
39009764
38987674
38961065
540439
33471284
33292729
38209809
38830995
36838004
38003559
37580198
30101195
38501671
1634403
38424129
30007773
20406
27937681
35580368
37049869
38202997
596167
38185161
3109509
1688338
29217144
38032477
37094468
36843585
1525544
38054002
35310219
37996939
37984002
7863801
36432338
29596609
37684601
32428275
35757014
36299528
228748
34770777
31649667
32775926
36342850
33596879
502382
37254757
36583105
33446198
37123750
13797691
27914610
34810223
15596225
32440310
4993381
33596861
36777790
357237
36999304
36951969
35660283
33618340
36878202
36782211
36244142
35388257
36555786
32183742
16798735
36724821
34385049
35155714
33307638
32698748
36693364
16031116
36432575
31546456
2136142
35969575
35690568
35482588
30161279
713850
20328433
36517895
36572820
139713
33672786
36292045
36560394
36552052
36551059
36548892
30280713
36499963
1418566
308564
1895100
3081832
36368416
36368913
36340477
36297461
32444603
36310338
6447741
7410461
34085804
36238523
36222841
35390395
14788301
36159055
35948177
1412537
34218848
34240403
35744162
8593571
15601971
35472453
34492179
35577858
35468709
34819320
35468549
35617842
9965971
886367
33498344
35126316
35119871
35314555
35288340
35275854
29963197
35196339
33086611
1940432
35110018
385838
9961841
33968532
34711821
33352017
32234341
33832028
33849889
1464484
16805836
34063962
2175706
32654523
559985
34871753
34869929
8132501
33811255
34818170
32662280
34777481
12377541
32931021
73744
2035076
34758553
10620331
34376754
2688664
30527987
29319200
2621356
1085669
34689444
32496777
27871309
670483
1397526
33450215
31988139
3057166
33158741
378152
243251
2205858
30307841
31686476
31328625
34498888
27676381
2048070
29790706
11229861
30766738
29916840
34533571
296433
14378181
32482658
31041138
34377117
1053903
34244908
20724031
32366026
573076
34244887
34248188
31005008
34205385
33428945
33106380
32562913
7281691
1110624
32614942
34190801
34094217
29648975
29831504
36050
166653
2987484
34146472
30419119
34093270
32789690
33954187
32300584
33209150
2260730
33906902
33877766
33771141
897175
29811414
33823928
32092705
31448506
32355871
33744652
32092150
33720587
446295
32469717
20274577
29610149
29516175
1683859
1727401
1025717
31285314
32469495
1685304
260869
1861202
32469392
600355
33470462
33497156
2688970
2806198
992829
27254686
1449403
2781112
1280077
31736453
16068231
33368090
32300613
33208982
30202147
7430491
32469967
155881
18128
16029199
119376
490526
32327291
2380876
32033901
33246506
32368844
32366213
29229321
32368980
1722105
32795013
30218280
33269965
29624833
264218
1334798
33228741
1095896
32318473
33211005
16163651
32307946
475029
3705401
33101406
15623990
32544216
33156589
33156056
30704756
863527
32007010
33119102
15811258
16543549
32067730
32581731
3536441
3092439
33101621
33088544
33066407
31785201
33025836
32308153
128693
32961177
32395955
5358161
32935830
32935138
29126540
32892341
1740381
109049
32868143
32858448
29136432
531846
32771666
32295746
761552
29107899
335556
920617
3309341
1748957
29124792
454122
32658928
29085620
8458681
1316947
15610501
31748986
3150548
689475
32335225
29099868
32621996
12056021
1198813
31431900
30391551
30616300
1615358
332426
1188350
30397254
29282748
32576269
10887981
258953
1877530
32447667
32472485
2475598
29663232
1170258
734912
15723300
790656
32362673
1673453
32310145
2350512
360832
2000322
852997
31849548
15552912
31201667
29003102
30519413
11798
12503831
29080495
443598
31128614
29266950
16141632
29099432
20387101
31765463
1855976
15832185
31624973
32186654
32024783
275515
1519143
32134409
27482233
3528631
2810584
31453127
3098586
145190
27934556
31712913
1000205
27904977
2009368
27207484
1611938
32115519
31438229
1505529
158470
31981262
31973881
2519244
30679531
29592922
1846306
29179902
31609679
4064581
31549617
31382378
31264180
2435242
31043266
849197
1716742
29786941
30796163
30253633
177811
1167248
1010169
30684751
30618147
30558000
349648
627356
11220
30148893
30311365
13775221
2808210
15817831
30176765
295151
30147395
30104013
29994800
2866308
2387726
3045637
1597367
29784810
15327921
11787451
29316795
29314705
13918181
29262523
29236607
3033268
29142696
29108935
29117156
29067147
29017409
27929308
8786961
27889223
27603439
27253063
27193930
27179938
15095921
20496034
20373919
20171230
16796788
1168749
442183
12252911
16248589
1949178
15537494
1280829
16133566
16115032
4185311
16075507
13639791
1158255
3220964
15796212
4868191
399240
