36050
191777
311546
522830
540439
549368
559985
596167
672965
776919
840597
857423
888613
997522
1167248
1168335
1200306
1557321
1634403
1688338
1877530
2050286
2433726
2630504
2815434
3158603
4628221
6234671
6490561
7031581
11229861
14870671
15157821
15596225
15738598
15816217
15842667
16039659
16068560
16153747
16695088
20172814
27139687
27453715
27884465
27966128
29099432
29164309
29244483
29596609
29663232
29885707
30101195
30314130
30616300
30704756
30714370
31120081
31128614
31142858
31225367
31277825
31367431
31431900
31649667
32355871
32389844
32406594
32461966
32512935
32513129
32522806
32620069
32825687
32949699
33015800
33194995
33292729
33471284
33596879
33811255
34067412
34099270
34268940
34276313
34297033
34460855
34562915
34816185
34922446
35158730
35322329
35356466
35497249
35520100
35580368
35640554
35658308
36148068
36180558
36299528
36409309
36449254
36722553
36753181
36838004
36865090
36879805
36886397
36991232
37054012
37055960
37076955
37234673
37282818
37296920
37545051
37580198
37619643
37649718
37722812
37727399
37850681
37871689
37873266
37885598
37984306
38059889
38204030
38233811
38353535
38421243
38459305
38499804
38566645
38594007
38594102
38631141
38858875
38862178
38866331
38910283
38987674
39214997
39277677
39610258
39931678
39950919
40328496
40865490
41003588
41203402
41224330
41250206
41398012
41399161
41477852
41589302
41615480
41645642
41763343
42181381
42213000
