46592628
45525248
36421773
47588057
46936911
41110482
24980431
359395
47177102
41286185
46226352
39944063
47814722
44298062
35417834
33567901
37847929
47705390
46441989
34951373
44519246
30136276
32265722
45176306
29650066
47619495
47568202
30167634
40202215
33513379
47499248
37336000
47408424
32838831
37200076
38215952
47378292
47188647
45384104
47335870
596167
47223195
16073157
13825821
46312370
47004168
16652077
46515161
40328496
47053180
43184223
33609580
45235954
34234731
33012343
31718809
46923931
40903138
29931219
42993963
32028416
32685060
40755081
34853053
38071184
45023377
38504120
1634403
46803804
39688519
45184976
44165505
27803710
954639
34656089
37942090
38898679
31887466
46549382
20172814
46579728
40344160
9134
34714895
37551899
29777439
45939372
45450183
40144312
31244623
32820954
37573558
37005980
36479049
34752860
38254372
46204417
36834648
45999102
42104830
37092716
45244552
37609810
29113668
44534651
43924426
43028265
34488307
42181381
41437886
34313704
30249880
35497249
41558997
32814547
41412077
32241442
40542008
37638457
32926201
40251458
37987137
37174539
38823095
37076955
31618315
37154466
33888748
31977242
39399580
39277677
27913111
34301001
34523776
38909630
33143559
38304696
2116326
38451510
38651014
29520899
38419249
38082098
33874947
16731796
33111210
29045919
37887306
30595909
35956664
31481326
34770777
36654419
16610458
37316536
15596225
36583105
37118069
35107561
34042846
33780146
32572509
30939722
12278231
16093298
32513129
29176352
36640952
32192069
32617033
35165069
36499934
36334714
32369536
32809507
16074236
36130034
36149847
11383191
35976180
1877530
35902329
35697373
35891867
35885703
35542573
30477116
35792791
29594897
29565591
35744668
31372642
34011602
35643108
35583321
32600182
35462175
35489079
35465661
35417543
35417274
35411799
29188841
20206645
32520555
34877123
385838
35200366
30308657
33737384
35069756
34845561
559985
15706005
34759649
30230122
34518315
34819417
34107830
34807684
34301281
31810771
3239316
31195620
34089684
34442237
29061690
34661126
34038754
29602231
20199352
625458
34344499
33159288
34495575
33610813
33003093
33980965
32610708
30002737
30262581
29154825
32904283
119376
32656909
31133539
20180236
31063177
31999191
31100355
1612850
33521044
32142385
29330354
29609227
8878971
29831504
33607740
36050
31128614
33608062
34004373
31791987
30450833
32274112
30420609
4701891
31208086
29047171
33772719
14196341
16211694
31448506
32355871
1187496
31208597
34099652
33937367
33800451
33513900
33452475
33299377
33227053
33172546
33169506
33161762
16048038
32924427
32268260
562537
31655420
1054168
29099432
32353784
32336454
32263125
32166776
32043607
27684190
14483571
31933607
31799309
31656147
181052
31498458
31372143
31142569
31060183
30787853
30643622
30455282
30240951
29895515
29798057
29752524
887471
29254241
29095814
16066789
27899406
27858922
27778645
27098905
11638681
20439229
20414359
20347573
20210701
16731064
16323094
16288921
15648872
16145245
11260381
11635731
