35599492
48045081
47997114
47931056
38910283
37078428
43639163
47663542
31478552
44549364
33737124
44803077
27345577
40574364
20391454
41681898
27683320
44283823
47177102
30692628
38528989
33794146
33147886
47491543
35320619
47052924
30229260
47632970
47176019
47723991
30348316
46899706
39410289
44519246
38420098
37191019
47643432
44536810
47619495
39140353
44070277
46659603
47541037
35703455
14522191
47433838
47448131
1313728
40202215
47454089
31781162
44270317
30430820
29650066
47408424
30136276
31306461
32578912
44747247
15706969
44599867
39139537
46966079
38215952
37598502
47385881
47351929
47188647
45786714
36479049
46951793
28094275
43376737
38452354
33375253
46312370
41359295
44308993
2785044
37808009
47161414
37903429
37183393
32820954
47153504
46969039
47141319
47004168
46950649
2864498
46670601
47101780
46100681
16050617
47053180
46515161
885936
45391268
37288974
47007345
43184223
31538252
33460715
33667720
33979228
37590878
13825821
38066594
45235954
41286185
35959134
34664661
46487027
40388727
34935669
44285272
46923931
37350815
833768
40903138
29931219
42236733
20206645
38071184
38566770
37652118
954639
15991012
45184976
27321661
596167
38504120
2831258
32358163
39969276
45830718
38538968
33012343
39662668
33232194
29592136
42297858
27138115
44955861
46671544
33892037
46549382
31887466
46619169
29239747
46579728
3239316
35588016
38535689
46533128
122801
38927846
46504632
38273490
33298365
40755081
34400995
44412070
46448674
1085145
40344160
31173901
35270976
46012061
9134
46315435
16200290
46314871
29777439
37942090
45331792
33610498
30165139
35822911
37321660
34714895
31642395
45817836
42995151
35704433
34737170
46133922
34367432
29819785
30147283
43762870
32409459
46001357
31725661
34039531
33864894
32318771
45559169
42586385
44775968
45756987
41569682
43295881
27784066
41378777
41856164
45481747
36887514
41071432
34176815
32747296
32034070
40116612
34544706
38170035
36834648
32403950
35021150
29638879
42584673
20390872
45244552
15231521
30008136
44214452
34844519
40765587
29015921
42200942
44838960
31691480
440114
34297224
45218678
38845853
16031116
31432310
45109725
40735688
16390255
42213061
1873720
44225465
39290158
16028388
35495855
39255036
30267446
36058595
41128286
32265722
29004482
33726771
34884676
43021651
43686943
33046825
43517273
33461345
44283738
38181860
42056861
33650487
32390084
43519283
38095687
42177082
31654607
33565098
12128141
33052341
34315187
37609810
38630457
37620755
35366575
35869112
2995484
44114714
33455400
37313925
43612058
36863105
39117598
42838717
480783
32444603
35417834
36660866
44007420
38104917
39480855
33015800
41711478
41514691
3014848
34829884
43535978
37426813
36313076
15990622
43907326
35971388
40982320
5815311
38870132
41963216
31766278
43762950
42508219
6796441
34313704
38447743
38099266
42986642
43140368
30026118
20201428
43342176
39922367
130444
42993963
41591751
37642160
20329234
38182077
34202335
42592435
43040726
1171095
32182070
37096030
38777646
37855813
40328496
38803386
35303135
35586471
37871689
16646392
37850681
35008493
29600043
32901599
36879805
24522829
32434075
41324465
41905998
38254372
36400299
37061663
37054012
35963535
33862146
39931678
31140758
27884465
41645642
34470821
649469
31916219
31454654
33991160
37721141
15652765
37545051
35497249
34268940
36449254
32764561
35322329
35234746
30005179
32434430
31394077
36966646
40183955
37009309
40714247
35781052
33471636
34830285
37984976
40626121
27933340
35712328
38872920
2050286
34339975
40628591
1648406
37794049
39558702
39662514
1373118
40437157
30514259
487840
35652721
32713577
32459102
29642151
37610865
36479606
40152491
40118591
39910946
39909303
39907602
39893216
33471284
34752860
34450376
32558336
37234673
37076955
32325098
33877604
1634403
20347216
38233811
34099270
29669724
1388397
33194995
31244623
30420609
11406731
311546
39206715
34347769
34523776
37873266
36618530
37487245
20172814
39010033
35277384
38785498
31009306
511876
34155332
36991232
33455219
36146415
38640178
33292729
30161279
30101195
31213066
38546417
35658308
38250001
38246013
36299528
34934984
30007773
36742325
33390952
33797837
35376078
33992531
37200076
34029339
38141504
31662621
12036781
36736662
37873835
37792921
34382403
1993354
38061995
38013460
38025506
38017095
37992647
35310219
336159
36583105
37962948
37150861
34232451
29229144
29267654
1167248
32784679
1825501
36886397
37779628
37789181
31498417
36512827
37870985
33108783
29596609
1478550
27122866
37624508
37625144
37593386
228748
36696017
33770016
30908831
37652002
29956289
37177773
34257553
34770777
34102371
16297996
37546945
2811256
27364207
37556425
37048273
34584295
37352183
34232272
29204736
33848436
31649667
31414539
1737273
2189616
30270567
35956760
37254757
36342850
33446198
37123750
13797691
36773332
33599119
15596225
16249777
32129707
30287822
29957110
34117584
31846940
35400172
31255056
1577861
35981292
32513129
15816739
35120025
35175118
36656233
35755642
1794077
33250533
34042846
30690891
29755139
30696292
16798735
32698748
34488307
36244142
35956664
32554504
34405896
31546456
31211237
30849522
33504195
36327691
29312239
30650361
36573533
33672786
36292045
27861040
30477116
36406535
35287548
35797666
33139420
36468352
1895100
35497466
325649
35832530
33652265
35356466
32430037
36400892
32192510
36305051
32318929
8458681
36335838
34620632
32405998
16152450
3072016
15543988
34950087
34301281
36159271
14788301
36159055
36152472
34085752
35390395
31090390
32306230
36129493
34820068
27947179
36111188
30468554
29075883
36102288
35573811
5287711
155881
35229113
31399812
29168092
16091343
27799975
33003093
34107830
35112374
32572509
33202319
31418596
35902329
29569708
35401790
35542573
33829876
33720980
32908062
35763279
30304781
32228080
31234639
34922019
35744668
11383191
35173049
35736266
35470019
34783803
6930511
10694991
33150483
10195431
35644725
35414813
35472970
33102396
35562655
32734025
33288720
35489998
35462175
34265951
35342418
32513174
35369871
31926834
34027574
32515534
35285133
29120209
31789610
34248062
33273789
32156994
32202440
31917120
34598658
32369536
30873155
27461941
33888272
34385049
29193093
33248937
30251774
31913241
16670224
35267821
35241624
31195620
32741784
29286119
31506450
30450833
32722150
27678379
31220497
32216754
35207466
35200896
27891641
35190062
559985
667194
35120232
33781843
32285373
33737384
34949421
30230122
32429561
35043580
33968532
29243407
34935671
34572035
34862982
34918217
34915001
88206
1464484
31810771
34852342
34038754
31039395
33811255
34711755
29602231
34743767
497208
1730685
31993602
2931480
34089684
1397526
1085669
2043944
6880751
34612634
1053903
33778662
33158741
11229861
34647289
33687535
34352304
32044253
33843725
1877530
446295
1281687
8697461
1899896
32496714
34344499
32482658
1179102
32355871
27949427
34440932
119376
1938856
34351175
31448506
11798
34403257
1078333
36050
33608062
34307876
34145270
30804339
31791987
33772719
32274112
31691398
16211694
29831504
32421158
31208597
33607740
27483856
34133140
34059719
34013911
31614806
33927246
33926399
32012290
33909791
33873050
33714597
31199675
30389076
32534523
31677462
31655420
29811657
29972337
1112852
