7425
8097
10520
11798
18635
26105
36050
51844
73967
78807
89798
89866
119376
128693
136170
148099
155881
157250
169492
181052
191777
193832
195325
203071
208730
227533
229854
234786
235720
236456
253940
289548
291812
310368
311546
313301
314321
314436
316154
317908
322006
335556
339080
342541
347167
349648
351192
354840
369591
372441
373095
374519
376938
378152
380257
385838
391715
393219
396027
403612
421901
431710
434461
443783
446295
465068
472852
475697
480211
480783
483006
491046
497208
502799
512053
524875
533681
535550
538043
538219
539484
540206
544081
549311
554596
559171
559985
560039
573099
573243
573251
596148
596167
600355
616093
625458
628661
649469
650034
660465
662403
672965
700282
704114
704961
705656
721148
741530
753218
761552
768849
775272
778302
786241
792456
794996
806515
829690
831740
837470
839960
842198
850812
864853
867101
870922
882877
885936
887471
888972
897175
906004
914236
922044
923744
924188
924354
937038
937824
941546
950829
954628
954639
956295
961917
970216
978338
986146
991189
992829
994904
996224
997522
1015295
1020710
1021541
1025717
1029377
1040237
1040290
1041043
1041538
1044122
1044963
1047433
1053903
1054168
1055997
1057664
1085669
1097444
1114036
1120828
1143693
1146459
1147572
1154360
1154886
1164620
1167248
1179102
1180749
1187496
1212446
1219707
1236224
1256939
1258884
1269605
1282267
1294039
1297833
1307769
1310492
1315436
1317035
1322608
1329599
1333426
1340482
1342132
1346422
1347697
1349101
1362766
1363468
1379122
1382572
1388397
1395052
1397526
1397964
1399227
1413120
1424931
1434410
1443249
1455538
1464484
1468439
1468939
1468984
1469412
1470788
1476291
1483625
1492345
1501254
1501262
1508879
1512939
1522904
1526742
1527795
1538203
1543876
1546069
1561940
1563923
1564659
1568006
1575207
1579069
1583180
1603363
1605053
1619907
1620427
1620854
1624804
1628437
1634403
1639251
1644423
1647870
1651091
1651777
1652706
1672546
1686445
1688477
1730685
1737273
1744725
1748957
1749855
1753661
1773725
1800779
1803157
1810367
1815139
1820663
1830510
1832472
1843354
1847648
1853926
1861234
1871816
1872444
1873720
1877530
1877666
1877804
1885884
1891580
1895100
1901486
1902084
1907634
1914230
1916396
1932870
1938350
1939342
1941040
1941228
1953490
1954968
1967018
1973090
1975098
1992016
1993354
1995598
2007970
2050286
2075048
2078212
2082394
2082694
2094376
2108064
2109302
2115414
2131408
2136142
2161784
2163242
2168538
2173224
2174664
2176260
2180880
2189616
2197104
2204674
2210732
2221278
2225268
2227824
2235156
2237450
2245116
2261884
2267360
2267696
2305238
2305636
2315094
2330870
2332282
2336210
2350512
2353958
2359544
2371476
2384436
2387152
2392302
2394078
2411354
2412180
2424064
2439414
2444046
2446434
2461388
2470828
2474958
2482428
2490168
2494564
2495200
2514434
2533298
2534854
2549096
2555726
2565794
2573416
2573946
2574908
2579030
2586022
2602564
2620560
2623492
2625410
2631490
2677352
2682582
2688970
2701588
2707220
2708754
2709764
2709952
2717760
2728334
2742682
2745458
2756024
2772508
2776466
2785044
2800032
2811256
2813620
2813730
2817118
2821276
2825978
2830612
2831258
2836370
2870656
2912964
2914402
2921636
2963888
2965194
2975232
2977984
2985336
2987484
3020856
3023305
3025397
3025749
3026013
3036335
3045417
3048928
3049428
3050587
3052927
3053402
3056771
3058958
3061684
3063314
3065201
3065904
3071517
3076070
3079254
3086090
3093177
3097602
3105385
3115912
3119463
3124284
3132166
3143281
3147149
3148645
3151982
3153275
3153572
3161252
3162620
3169064
3170284
3175679
3186885
3206137
3226204
3340351
3394931
3415551
3538091
3657861
3666061
3705401
3935931
3982871
4031791
4099731
4183011
4198661
4255341
4298521
4299011
4308771
4336871
4470721
4566591
4661141
4724571
4817021
4863551
4993381
4999481
5014821
5106441
5119571
5313031
5347831
5364611
5377741
5404851
5417681
5756671
5948881
6010661
6036271
6309181
6322731
6407671
6422281
6478881
6490561
6492081
6495561
6552411
6586301
6693911
6952571
6984451
7023391
7221621
7296861
7725991
7768941
7893581
8079551
8112301
8384391
8446231
8458681
8697461
8728291
8845421
8864041
8958631
9035721
9193771
9242251
9308661
9451481
9766061
9930151
10192951
10359441
10529761
10615561
10661821
10694991
10719571
10754731
10887981
11062631
11229861
11276811
11396081
11541821
11927081
11944241
12043861
12276141
12540791
12665571
12722611
12741301
13760101
13780311
13797691
13999431
14030851
14118561
14177871
14279121
14401991
14483571
14634791
14643571
14757281
14788301
15096211
15099671
15143611
15157821
15177851
15231521
15449671
15550318
15569913
15578934
15582766
15594760
15596225
15608768
15620197
15640419
15641934
15681208
15687582
15691415
15697469
15707356
15711465
15719134
15723087
15731014
15742829
15747342
15753894
15758706
15770397
15806871
15811258
15812005
15838995
15839832
15843258
15980880
15991494
15994542
15996245
16026487
16026801
16029199
16039001
16044843
16060521
16060886
16063351
16066662
16072171
16074161
16088723
16099995
16139125
16141632
16159518
16199404
16229687
16239709
16303108
16314037
16319533
16367122
16407712
16477336
16537102
16563685
16638394
16652077
16653964
16658581
16661365
16662010
16664029
16693084
16749655
16758676
16783189
16796422
19859968
20145394
20172814
20181652
20201428
20210251
20226835
20230537
20347216
20349643
20362954
20387842
20390872
20440564
20449939
20492716
20500264
20511820
20561788
20565223
21175567
23611534
23870604
24492178
24958915
27002761
27011209
27122866
27123661
27139687
27216760
27228319
27235684
27254686
27267088
27280819
27297463
27298831
27311101
27364207
27422818
27453715
27454525
27459133
27462250
27505717
27513439
27527725
27587071
27634228
27649411
27689854
27695836
27708247
27755002
27835000
27871006
27886034
27910218
27911837
27933924
27965399
27966128
28006407
29004482
29006419
29011151
29016368
29016719
29037462
29045234
29049851
29076851
29078643
29085620
29099432
29099868
29124792
29126540
29143610
29148485
29153482
29177610
29194068
29216241
29243407
29258749
29260563
29270920
29272404
29275078
29300314
29303680
29305955
29312514
29319200
29321716
29332421
29513136
29550182
29552461
29555114
29558997
29573860
29583667
29607208
29608470
29610149
29616322
29622686
29638879
29641272
29663232
29754764
29780009
29786748
29791921
29794300
29805321
29811414
29876444
29897810
29902611
29956289
30007773
30008136
30008796
30053388
30081017
30121123
30128665
30139001
30176986
30200413
30206340
30218280
30221755
30242089
30248431
30253633
30266084
30280713
30307841
30371209
30387668
30411022
30432340
30497962
30508626
30527987
30531931
30551638
30567215
30572500
30638832
30704756
30769359
30796702
30813059
30866216
30866494
30870525
30884494
30949407
31001306
31009306
31027722
31030432
31047987
31051769
31081682
31083645
31118888
31128614
31133711
31145374
31159360
31279954
31285314
31306882
31313419
31314472
31355000
31365702
31383348
31421106
31431900
31433318
31463290
31535493
31536619
31547385
31608919
31622540
31622698
31623338
31636924
31644084
31649582
31649667
31653362
31655420
31670149
31684917
31700447
31705869
31713198
31721571
31730687
31777041
31797942
31815650
31833845
31887466
31891560
31894498
31916219
31928372
31930341
31933822
31942002
31951855
31952926
31974087
31977186
31980908
31999191
32004730
32006859
32007010
32044253
32066927
32068511
32068945
32076338
32092137
32092705
32092843
32092852
32112130
32113446
32130725
32155116
32155530
32160666
32172603
32176673
32196479
32201730
32207333
32224897
32251543
32252817
32280127
32300270
32300584
32300613
32305940
32306130
32306230
32307767
32307946
32318473
32327291
32342400
32355871
32365848
32370365
32372874
32378771
32385996
32395253
32395955
32417999
32421794
32434075
32444603
32469392
32469495
32469717
32469967
32472485
32482658
32495626
32496446
32496714
32496772
32496777
32503565
32503760
32512868
32522806
32543426
32552615
32586825
32596151
32614942
32620450
32625132
32627981
32632448
32638468
32658122
32662280
32665248
32671683
32693776
32700605
32703868
32709291
32773267
32775926
32794878
32797901
32809507
32820119
32855727
32892341
32898389
32923155
32960433
33012343
33015800
33028937
33042032
33052341
33101621
33106804
33108783
33119102
33125357
33128804
33129287
33129379
33131454
33141791
33148236
33156589
33158741
33159288
33167708
33187551
33194995
33199410
33222783
33227839
33228741
33232042
33234650
33239512
33251267
33292729
33294056
33336965
33367375
33433912
33434380
33446198
33452362
33455400
33471284
33481426
33521438
33559604
33565098
33596879
33599119
33603017
33652931
33657117
33661730
33663611
33668091
33671030
33680642
33681928
33693696
33714597
33720587
33720730
33741778
33749542
33750074
33765504
33784686
33796498
33800608
33811255
33868748
33869419
33877176
33877492
33877604
33895659
33917350
33949788
33990463
33996842
33997210
34020869
34021836
34022153
34022598
34029757
34037563
34067804
34085752
34094217
34095794
34099270
34102508
34111316
34144549
34154698
34155513
34176815
34183672
34198658
34204107
34212482
34234997
34240403
34244887
34297224
34306039
34313704
34344499
34351175
34354561
34369348
34385049
34386693
34387564
34393332
34402408
34440204
34457871
34460855
34595388
34611842
34622597
34668315
34697776
34708050
34714895
34715872
34716882
34736307
34751894
34757059
34770777
34777789
34787683
34816185
34818170
34844519
34855714
34859953
34868501
34883417
34897636
34920730
34934984
34956226
35008493
35030837
35040168
35132371
35146339
35158730
35168790
35191439
35306572
35309271
35322329
35340475
35340912
35376078
35378818
35390395
35395714
35400072
35453597
35472877
35482588
35497249
35586471
35599492
35621769
35652721
35658308
35735993
35747647
35757014
35762757
35764824
35773220
35791948
35793405
35875426
35886829
35913707
35948177
35971388
35976180
35988329
35993403
36061359
36090835
36121475
36142896
36172794
36176032
36292045
36298000
36298704
36313076
36336240
36351853
36355207
36362831
36368416
36405493
36410007
36432575
36479309
36485470
36503709
36504922
36509239
36522884
36556814
36583105
36614161
36626226
36654419
36726098
36749107
36777790
36811176
36834514
36838004
36850260
36850334
36863105
36865090
36867972
36886397
36991232
37015049
37043833
37076955
37123750
37142230
37165636
37177606
37222860
37230188
37242551
37254757
37255335
37280110
37289646
37321660
37338740
37452617
37468164
37501878
37545051
37552938
37563071
37571319
37580198
37590878
37593386
37609810
37624508
37638400
37684601
37722812
37848908
37850681
37871689
37873266
37877331
37879770
37880735
37921378
37953347
37958032
37962701
37962948
37986232
37996929
38001692
38018690
38034909
38053993
38061995
38095687
38099266
38128193
38141504
38151428
38170666
38204030
38214955
38239400
38246013
38285285
38310652
38339964
38353535
38420098
38424129
38546417
38622085
38640178
38671828
38672389
38697157
38766635
38828087
38857042
38858875
38861356
38866331
38894847
38962779
38975205
39206715
39254184
39517521
39702608
39720820
39826347
39826543
39931678
39950919
40005999
40190689
40304814
40328496
40374533
40376269
40437157
40517135
40553589
40613368
40745520
40794787
40869824
40903138
40988671
41170699
41203402
41276605
41324465
41360562
41477852
41569682
41587978
41591751
41763343
41856164
41863073
42162600
42181381
42297858
42447539
42586385
42592435
42892342
42993963
43016837
43021651
43033878
43078019
43104337
43184223
43255121
43313915
43319379
43373445
43413766
43418727
43477110
43565942
43686943
43821616
43907326
44007420
44085570
44114714
44163334
44165505
44189226
44256480
44442114
44513121
44716019
44851715
45025557
45107850
45179345
45184976
45205992
45303065
45315654
45316213
45391268
45447015
45521473
45531017
45561241
45574529
45575711
45576214
45760437
45770929
45818068
45830718
45889110
45964355
46001613
46006290
46012061
46025386
46046013
46089001
46219823
46315435
46623395
47020892
