37413241
40982320
41287492
16073157
46473934
975165
41737790
1013720
47857021
47959613
43158835
47945452
47936937
35793405
47925787
40574364
36413583
43236174
37103833
37124606
47875864
47874439
47871848
41283546
35951610
47855539
47855014
47850411
42698273
44412070
47841377
47838508
47830660
47643906
47818496
47815229
47813629
47807255
46487027
47802373
47801353
47800485
47797665
35322329
47777095
30229260
1092136
47762546
47762590
47742657
336159
47723991
34951373
37748639
47705390
42027587
7128081
46441989
39410289
24655228
36353300
45176306
979013
47656573
47655207
37638400
36772578
44536810
34268940
35520100
35949017
44070277
44545745
40464318
39139537
47427344
38385633
34439726
46659603
34134004
30161279
43894753
32561562
32676884
47478439
35703455
47468131
44002156
1313728
47454089
47417343
1964526
47349661
30430820
3020399
47437326
29650066
869561
44599867
33114324
30136276
45002913
14505171
47131837
34714895
47377583
38215952
28094275
30283038
47227341
39688519
47223195
37054012
47188647
45995954
47054439
45525248
36677803
11967091
16652077
41630304
26105
36080478
47022912
2864498
885936
36056581
34664661
30664623
33012343
45392282
37183393
37350815
40903138
16050617
571983
38504120
29931219
16692985
42993963
43221649
41003588
32685060
833768
33052341
42405041
37941413
38252875
31641561
39645605
34656089
29541566
44165505
39672592
36938953
43791882
39886727
1634403
43060808
31172140
42046778
46674708
9134
35867886
45830718
34161684
27861880
34288861
46001613
33298365
34306039
46153013
37951232
514070
45303065
42811248
46437274
46437645
954639
46425603
38095687
41871077
42297858
13797691
37177606
45820839
1975098
789336
6299361
46314871
46219823
15724439
40144312
39939581
39007267
27476272
35356466
45184976
34867581
34161633
987929
36058595
46212896
43413766
119376
37043833
46216789
41852820
38594007
43686943
44030022
45391268
44851715
46132779
33028865
40818502
35574552
1619907
37061663
347700
36660866
37788492
44430385
46011611
43016837
34176815
3220985
42162600
40024934
37005980
13825821
35580368
35586471
40328496
20172814
1010244
2050286
573227
35008493
11798
350737
29638879
596167
559985
1877530
42584673
15596225
36682596
3397011
36050
16319284
132137
2899692
33137836
27246763
44544112
42125730
970689
38071053
37679970
37200810
35648724
35536650
34927721
32715951
31314545
30580585
27806983
16109644
