40818502
35793405
40574364
952584
538842
46226352
47176019
37847929
47712969
44536810
47628530
30161279
46659603
44070277
869561
484918
1313728
41856164
44270317
47223195
47131837
47378292
38215952
30136276
38087037
28094275
13825821
47227341
43376737
34822783
44599867
47188647
14505171
1200306
45525248
15789805
37590878
16652077
33667720
33887023
39688519
2864498
43184223
33012343
15611881
35959134
596167
30283038
46133173
15652765
40903138
885936
480783
37835801
37183393
3190499
38566770
44902260
37788492
37361325
31484816
29931219
16692985
15610035
32444603
833768
34656089
33052341
42405041
31759977
46689782
31140147
38504120
37941413
1354597
38252875
38254966
44165505
39969276
43565942
40259456
39645605
43791882
35356466
43060808
1085145
34161684
31409774
35577790
40755081
38095687
46562032
38535689
34306039
46153013
30664623
46001613
15724439
33298365
514070
42723564
1562665
42811248
46219823
45303065
31248009
29777439
954639
16050617
40344160
46437645
46422871
35743322
2050286
45830718
15706969
46425603
42993963
38579246
37951232
41871077
42297858
42537305
45391268
45521473
30736887
36509586
13797691
40101476
46360615
37054012
36614252
45964355
37177606
35586471
6299361
35293985
46006290
46315435
43712100
38001692
27476272
44909512
39859222
34161633
2636336
45789120
30229260
36058595
36496295
46012061
15231521
46089001
44513121
42699517
119376
42162600
37043833
46216789
41852820
31729428
46132779
45184976
38594007
43686943
44030022
46186765
41023720
350737
37061663
36745623
36660866
31172140
5658921
194365
35580368
11798
34384448
42584673
35008493
559985
46042249
41569682
2831258
37836622
37781885
36050
1634403
20172814
38567677
37722812
38256608
31649667
36542342
27908659
36175103
8458681
35602682
35525098
35519406
35493529
34841402
34358200
34075180
27933156
34013116
33949251
33495577
33194176
33066490
32885734
32813743
32675906
32624651
32433887
29099432
32281445
1088701
32151380
1877530
32022767
30521383
30316521
30263809
30147426
30062297
29559342
29534434
29262880
29208741
29056219
27950721
15860095
339264
