35704433
41046611
44165505
35322329
47177102
31478552
36413583
47052924
44070277
30229260
47176019
39025562
30348316
45210965
47682362
47160416
1701337
833768
30161279
47093689
32561562
41553930
37183393
4008431
885936
47223195
47192335
16652077
29931219
45558296
47060445
46291007
47141319
34863666
37590878
30283038
34884676
34281744
45391268
43184223
33994738
35959134
13825821
46992007
34664661
40903138
596167
46670601
34753197
46312370
38504120
46390909
46777805
31759977
42003330
34912606
31641561
36665881
41286185
27138115
46001613
44902260
45113964
46671544
36954591
40755081
954639
45830718
35309271
33662232
39969276
37183593
35654053
16050617
44412070
45184976
40344160
46415503
46411091
41871077
45820839
45792994
41933350
9134
46046013
46315435
45521473
46258510
37321660
46025386
35630562
2567778
46213120
40149414
38252875
16030160
40116053
40818502
42405041
33132170
33741778
44724275
35182649
34840697
650034
46053173
46028959
43734740
3235457
40877485
37425820
45804273
45789916
1564659
45599116
45770796
30664623
42586385
34595388
35586471
45132026
34268940
36076114
45288716
33106804
45718812
41569682
45259240
43021651
34039531
36887514
32209267
45559166
38095687
33052341
30008136
39479048
42789606
1634403
37039559
34176815
37884601
29638879
34856429
42698273
34387564
42177082
35021150
35561457
36370607
36682596
35008493
36058595
37054012
6299361
35279376
6654481
45297853
1601151
31063177
43016837
15975514
45215851
8892541
40735688
15640419
45107850
37061663
1873720
34714895
32910895
36663285
45022366
289548
35192754
38391762
34844519
44864697
27948588
33833596
2365508
31988181
37964412
44884482
3147618
43787919
40304817
40183722
12128141
41591751
43834030
44754418
44736000
36660866
33843176
37609810
15420311
44740667
39442196
36466227
36132341
39125227
44214452
34297224
27203833
36054931
42056861
27128602
43947940
44442114
1473720
27063121
33565098
44484037
20390872
43574446
32444603
38067335
38012361
37313925
36808298
32390084
44291772
43612058
37121970
20175490
33455400
36863105
44107250
37781889
31671054
35520100
347700
43990729
38808141
43535978
39899203
43926883
38564916
38099266
38531018
38870132
43848003
31766278
36295327
16174613
2810584
41747509
38447743
43457242
33719411
38915324
30680058
30026118
15656671
32756363
38582484
41545969
42427561
43015368
42979774
42705259
41533789
39858634
41371160
42642407
15756719
2482814
37881385
42479222
37855813
42315781
42466551
38803386
29326685
42319914
42242382
6796441
15706969
39796148
29534878
34021836
34804432
31719968
42211958
10994851
42172749
42024693
41983593
41980964
41832769
39931678
39231804
33879216
30369218
37604868
41655025
41647249
32476823
39672501
41399161
649469
41518763
31916219
37721141
31006223
41383689
41312343
41344052
41344002
39714202
41314400
31030722
40905278
1619907
41192209
41187199
38074324
41076716
40991292
40183955
40714247
35793405
38872920
37565953
39274145
40746157
40748907
38262982
40548144
40495526
40485062
20245666
37661794
1373118
40437157
38873114
31421106
487840
35652721
32713577
37610865
9061141
40268310
40170137
40102308
35983367
38551133
29511725
39911757
516765
27966128
39894266
39893962
39892986
39826347
38291277
36513868
39773042
39610258
16615627
38924591
39457308
36815326
14571771
39568571
39209978
35301560
35269636
311546
37748864
37843611
39426018
38192145
39389456
37076955
36460588
39382069
32883304
39284197
37873266
39358817
38946740
16129951
20172814
29750195
39170644
39111101
30990456
39095844
30007773
38815378
38962779
38233811
38204030
34526691
38850533
38798744
38712060
35862908
38764887
37055960
30444363
37911510
38640178
38631609
38534948
38546672
37938707
38489415
34934984
38436009
34985566
38192933
38369308
15811933
38372906
36742325
38315848
3226353
38116811
35376078
38246013
38197084
16062164
38165389
37077649
10171791
37962112
38141504
1543611
38119331
36043241
33682612
38008153
38067166
1993354
38061995
34678026
38024774
38017095
15844212
33156596
37150861
36447362
37779628
35652243
37701161
37962948
37890737
37923748
37931133
37908711
36886397
36474159
37890627
37128772
37826592
37849942
37831909
37826545
37801493
27122866
31789456
37792904
37790302
37775681
1737273
37593386
37732828
35575651
36023064
228748
36299528
37655682
37649575
29956289
2189616
37634599
37301013
37212717
32775926
37576536
36117027
32361220
1688338
37140295
20374537
37043557
15596225
1480870
36292045
29241961
35020213
33596879
37503727
37492652
37492292
37150232
36928785
34322578
35956760
35630819
1322549
37254757
11118001
31649667
16022909
35735993
33446198
37123750
27089977
37360106
37331045
2811256
13797691
37337286
29787255
33745439
37016803
33150328
37267108
35882907
37224265
37164084
31796943
16791529
37063106
37045981
4871851
36955178
30032661
33832303
33871814
7989931
32881224
1200306
36847420
1672684
36444134
32229612
35457925
10930371
35486646
36682866
16224274
27393688
36159055
25086175
11967091
14788301
15623990
35735326
32732189
16092590
1877530
16265641
29596522
33024377
34385049
628860
10534511
1388397
33663611
16500814
559985
33811255
33687535
194365
32465873
34675873
32517696
30405337
545793
6880751
1397526
16120323
34016792
1085669
29164309
31988139
31328625
34352304
27401893
15646124
33877731
33638608
1053903
34267749
11229861
34135797
915846
33158741
30167634
1340482
31804157
24492591
31915849
34025876
29119374
29786748
32355871
13768441
31686426
32993520
29596870
33409967
1078333
181052
627356
33100642
586452
764211
8697461
31448506
119376
11798
36050
32596867
32402799
34222383
32494599
16766728
1420754
