47398570
46442156
30692628
41737790
45789566
38413069
46511090
47974602
46345088
37962279
43462496
35793405
47925338
47703823
43236174
40442860
35657092
15814942
33823716
46185226
47799520
1701337
38912565
47176019
31781162
40574364
30348316
1368322
30136276
39410289
38065482
1430045
29650066
44536810
39140353
46659603
40464318
44070277
47427344
47468131
43900021
44169385
1313728
44270317
47452882
14505171
47435147
44599867
30430820
38215952
47383882
47349661
16228379
46487027
32041576
30283038
45692230
24655228
43376737
16652077
47223195
47188647
40600923
190795
28137
47188455
37590878
45525248
885936
15596225
46323667
45803840
46752747
3032431
41359295
596167
40903138
37622746
33887023
47022912
43184223
33667720
15652765
37835801
33012343
38181860
3190499
39645605
37183393
37788492
29931219
37361325
16692985
45023377
46794154
35704433
31759977
38504120
37941413
1354597
34714895
44165505
40259456
34656089
2831258
46001613
32638739
44955861
45113964
833768
27901078
35757014
38538968
2777454
16117522
39672592
34884676
44782872
1460367
39688519
46153013
34306039
33821400
15724439
35106960
33298365
901862
46489362
723052
46487117
46486148
46485295
46484424
514070
31995113
5580171
35654053
46454010
46213120
44412070
39226111
46437645
46424470
789336
38273490
31654607
16050617
38579246
42297858
45303065
35024888
37350815
45820839
38300443
45830718
46012061
46219823
46046013
41871077
46006290
35703455
46315435
46258510
37321660
37177606
3088005
952584
46258121
39623249
36496295
40344160
46025386
38957184
33015800
45132026
31248009
44433601
44513121
43413766
1470788
38252875
46036754
37054012
45184976
711157
15706969
44851715
46196797
45521473
42314463
9134
45740493
41286185
16030160
43104337
14317671
42405041
1683427
33132170
3091681
34149952
46067854
45524839
44724275
40421756
37594761
35182649
45818068
40479611
1029377
40818502
45760437
33548178
34161684
43686943
26105
2450842
31766278
36887514
30229260
35292835
588088
37425820
29317550
36485470
43734740
36058595
43924687
41283546
34161633
45908079
119376
4132931
480783
1171095
42847742
38594007
42584673
34651665
41856164
253770
43847832
45626922
37036907
2864498
30664623
31560489
35241545
34595388
16174613
198897
36660866
34176815
45671028
45622192
1634403
33741778
41852820
32775926
954639
41569682
3020399
45447015
39423203
37061663
3235457
1564659
42586385
44331207
34039531
33864894
45343032
33052341
34844519
6299361
350737
42162600
29638879
43373445
35366575
37005980
30008136
35580368
43701102
38095687
2050286
13797691
35586471
20172814
39608793
40328496
35008493
45520084
11798
1877530
43104369
35971388
37058800
34767125
559985
847736
31020335
35468714
34093276
30736887
45107432
44283738
32444603
39604976
36050
36435162
40374533
36638178
43153171
230737
34313704
36317553
42823084
38521942
37888271
36438570
36176601
35134764
34158148
32105137
31078439
29818398
29542767
8262111
2694128
