4
9134
11798
18128
18635
24154
36050
41543
49762
51268
63959
66655
76923
83032
90158
100612
101534
119376
128693
134700
139494
139713
144626
155346
165876
181052
183922
187293
195423
200162
205517
216144
218989
223344
238973
240836
256652
265097
270898
279728
286325
289548
323630
328456
336159
347700
349648
349763
350737
360832
362952
370712
386716
400120
401370
405821
405882
406482
407847
448574
463373
478879
480783
482095
484918
508099
514070
522670
559204
565500
571246
572656
575640
596167
604752
606069
627975
633192
638110
641587
660465
672965
686640
686845
703872
731466
745974
756968
800862
813599
819730
833768
840050
846594
885936
886367
887471
935585
948718
952584
954639
976952
1006908
1016815
1054168
1094374
1115722
1117256
1139162
1153722
1153856
1155662
1170258
1209712
1251443
1265735
1315392
1357198
1403881
1430045
1443249
1450237
1468187
1477035
1478535
1480097
1503461
1508454
1511624
1534000
1543671
1581541
1621375
1628317
1630592
1642839
1658728
1670515
1706829
1731265
1733051
1842362
1847648
1877530
1892566
1895100
1898930
2000322
2025416
2045010
2050286
2061274
2089708
2095300
2186258
2234476
2285258
2411024
2433726
2560106
2608354
2690806
2758276
2811256
3146202
3158603
3200203
3215282
3235457
3426131
3475161
3536441
3621631
3899521
3986221
4098391
4172581
5287711
5643951
5722481
5815311
5828261
6002901
6141341
6299361
6691871
6796441
7600471
7708711
7855941
7909481
7994521
9084561
9385581
9570671
9762811
10754731
11113561
11126981
11229861
11699631
11703781
11902631
11967091
12051321
12591161
12806611
14388431
14505171
14634791
14788301
15194391
15231521
15445701
15543573
15575605
15596225
15608768
15655356
15701888
15736708
15759741
15794944
15802290
15811258
15816217
16025572
16029199
16030160
16049130
16050617
16052866
16072171
16189470
16222252
16255252
16333096
16507216
16510462
16567339
16692985
16749982
20172814
20329657
27089110
27197827
27247030
27695374
27810805
27911814
29064728
29099432
29099868
29106260
29119740
29153283
29206275
29208630
29638879
29650066
29663232
29786941
29787255
29811414
29816414
29931219
29997745
30008136
30100405
30136276
30138818
30161279
30241655
30253633
30261136
30265652
30282354
30283038
30284130
30348316
30382692
30406528
30407419
30428866
30430116
30450318
30512209
30527052
30571226
30586247
30588452
30589171
30599988
30610417
30611175
30631078
30655505
30681273
30692628
30726687
30747386
30884874
30940986
30980586
31024367
31024597
31024787
31027722
31038481
31097846
31112271
31281033
31448506
31560807
31649667
31727017
31750514
31754185
31759975
31759976
31774666
31776631
31776936
31776962
31776999
31777035
31777061
31781162
31870410
31870432
31870553
31930598
31964523
31972218
31995113
32065012
32124344
32133313
32155997
32217369
32295746
32300613
32302017
32306543
32309349
32309373
32309497
32309583
32310145
32310283
32317834
32318473
32327291
32404648
32404749
32406594
32444603
32469495
32469717
32469967
32490033
32496777
32540282
32547426
32556123
32556320
32561562
32585097
32614791
32616257
32662646
32687199
32702698
32718041
32797901
32833602
32853698
32892341
32898389
32923155
32935138
32961177
33012343
33015800
33052341
33101406
33106804
33222783
33228741
33375253
33452362
33455400
33471284
33548178
33548487
33565098
33693219
33740996
33833042
33841304
33841541
33841721
33841816
33841903
33841987
33842081
33860932
33909764
33946870
33946983
34021836
34112647
34121658
34122600
34122661
34122753
34176815
34240403
34268940
34297224
34385049
34403257
34403368
34403551
34403689
34403917
34404138
34426428
34427319
34439726
34466402
34527269
34595217
34595388
34605912
34606906
34607000
34607120
34661078
34664661
34725190
34743635
34818170
34829884
34844519
34934984
35008493
35106960
35119512
35119567
35119621
35125665
35125794
35125890
35126652
35133521
35146799
35182649
35192754
35203449
35240225
35266426
35310395
35344373
35345141
35345701
35345942
35346051
35346578
35346826
35347128
35347897
35356466
35359464
35362254
35363080
35363417
35364645
35392769
35411159
35467713
35468631
35468845
35469105
35472970
35482588
35497249
35586471
35598641
35657092
35703455
35704433
35710349
35793405
35951610
35959134
35976180
36149962
36203865
36286132
36292045
36366713
36375907
36413583
36419624
36421773
36434583
36517895
36583105
36594778
36614161
36654419
36838004
36863105
37005980
37043833
37048405
37054012
37061663
37076955
37096030
37117173
37425820
37546190
37593386
37609810
37748639
37777004
37787672
37855813
37871689
37933037
37962279
37987137
38047832
38067335
38095687
38141504
38215952
38385633
38504120
38531018
38538968
38594007
38957184
39139537
39255036
39498303
39595747
39720820
39826859
39853044
39969276
40230393
40328496
40344160
40374533
40407095
40464318
40574364
40629077
40818502
40903138
41018492
41022086
41283546
41412995
41569682
41591751
41670506
41686889
41836843
41852820
41856164
41864342
42046778
42162600
42235052
42297858
42586385
42592435
42596122
42698273
42726156
42742458
42849987
42986642
42993963
43015770
43016837
43140368
43221649
43376737
43698619
43885995
43953617
44070277
44412070
44459233
44474078
44474780
44599867
44803077
45023377
45113964
45205992
45391268
45471556
45510587
45558296
45576214
45587233
45663081
45720045
46006290
46012061
46119721
46149233
46219823
46315435
46460529
47176019
47349661
47427344
47478439
47628530
47694511
47752135
47807255
