30692628
46345088
46576248
35793405
40574364
40442860
46226352
47176019
30229260
47758156
30136276
44070277
34714895
47655207
47628530
30161279
38385633
484918
14505171
40168236
40817704
1313728
44270317
47351895
46272525
30430820
833768
41856164
47325262
43376737
38215952
45002913
46687273
41359295
47188647
47223195
28137
47188455
37138991
44599867
1200306
30283038
37590878
16652077
33667720
35959134
47022912
2864498
43184223
37183393
47020892
34664661
596167
38535689
40903138
885936
30664623
33012343
46954560
1443249
16692985
29931219
41003588
31759977
38504120
316755
1354597
34288861
38254966
31641561
44165505
32638739
2831258
41928997
39645605
43791882
35356466
1634403
43060808
44902260
35757014
38538968
41286185
39688519
33298365
35180320
34158370
34306039
46153013
36342408
39672592
46001613
29919230
514070
33052341
46219823
5580171
29777439
35021150
46454010
44412070
29541566
46437274
46437028
46424470
954639
35743322
34844519
2050286
39243483
46425603
42993963
16050617
38273490
42537305
38579246
42046778
42297858
253770
31766278
46212896
45830718
13797691
38300443
789336
37290276
40101476
46046013
1085145
13825821
41871077
35293985
36496295
46315435
15724439
37951232
43712100
37177606
46006290
3088005
45303065
37321660
40144312
46012061
24655228
39007267
39623249
45184976
44909512
40344160
34161633
46213120
44248822
15231521
36745623
39880797
42162600
336159
46191075
33015800
44433601
43413766
42699517
1470788
38252875
46216789
37054012
46025386
41852820
38594007
44030022
36614252
36495495
15706969
42213061
42314463
46196797
45521473
38541316
16030160
46089001
31923832
350737
358730
45941848
38181860
42405041
43762870
597881
33132170
35586471
2707220
194365
44451964
33741778
37061663
34149952
35580368
45531017
46067854
31083446
42581711
20172814
36660866
27913213
43104337
36295327
45818068
1720935
1029377
42584673
31172140
40328496
35182649
31248009
1877530
36058595
34161684
15596225
38390047
43686943
480783
40479611
26105
15729279
27377800
32147331
31049200
45627411
45001984
588088
35008493
40818502
6299361
119376
11798
559985
45864656
38095687
45998279
36050
43734740
31887466
1376076
32444603
36253880
39683755
553112
36576665
36302154
35648467
35324521
33284825
1882624
34620397
34262303
33998374
33797941
33571039
33332842
33075383
31450681
887471
29247202
20173654
