11798
18635
28137
36050
42102
119376
139713
169492
181052
193832
228748
308564
311546
347700
348832
357237
480783
514070
559985
596167
600355
659560
776919
856287
885936
940263
954639
997522
1054168
1055997
1080527
1093526
1167248
1170258
1200306
1313728
1322549
1351020
1420754
1443249
1566519
1621375
1634403
1642839
1647870
1688338
1877530
1895100
1898930
2050286
2136142
2234476
2281778
2314810
2560106
2679824
2724988
2756024
2811256
2815594
2831258
3025051
3055894
3158603
3222393
3532971
4166071
4255031
4554401
4993381
5119571
6586301
6796441
8644131
8958631
9596061
10248271
10534511
11229861
12128141
12180721
12711541
12711881
13795701
13797691
14035021
14505171
14788301
14870671
14896631
15587234
15596225
15706969
15754928
15790136
15816217
16031116
16034911
16050617
16128414
16168715
16174613
16692985
16695088
16733968
20172814
20261668
20373202
20390872
22696320
24817960
25086175
27122866
27128602
27175597
27604459
27757705
27966128
28094275
29027196
29099432
29099868
29169169
29333654
29616322
29787255
29831504
29902611
29931219
30007773
30136276
30167324
30229260
30283038
30366249
30535480
30588741
30704756
30831842
31047397
31140147
31142858
31402780
31448506
31540271
31649667
31654607
31658370
31670149
31774666
31810481
31849548
32004730
32011145
32036526
32118566
32182070
32217369
32297955
32353250
32390084
32405332
32444603
32522806
32600242
32665042
32693776
32698748
32789335
32892341
33012343
33015800
33052341
33103967
33147620
33228741
33239512
33307638
33374580
33455400
33471284
33550480
33565098
33596861
33596879
33618340
33672786
33718512
33745439
33787992
34021836
34085731
34085804
34085850
34094382
34111873
34202335
34261097
34297224
34313704
34322578
34387564
34460855
34664661
34714895
34725570
34844519
34853053
34885027
34934984
34935669
34947124
34988903
35008493
35059806
35126582
35310219
35356466
35380093
35390395
35411898
35482588
35497249
35573811
35580368
35586471
35640554
35652243
35652721
35690568
35703455
35735326
35757014
35767644
35783624
35787021
35834850
35913877
35956465
35971388
35976180
35988329
36058595
36080478
36129370
36137424
36143618
36149962
36159055
36161663
36168038
36180975
36228861
36233947
36292045
36293098
36295327
36299528
36305051
36313076
36318098
36327691
36362803
36362831
36406535
36413583
36432575
36444626
36479005
36543182
36581096
36628102
36637954
36654419
36696017
36722553
36742325
36804929
36838004
36863105
36901530
36991232
37054012
37061663
37076955
37096030
37123750
37150861
37182435
37183393
37212632
37254757
37282818
37292563
37513847
37545051
37564923
37580198
37609810
37636558
37750044
37754298
37804293
37815761
37836622
37847929
37855813
37871689
37871976
37873266
37910913
37937293
37987137
38095687
38099266
38182077
38209809
38215952
38236337
38353535
38421243
38504120
38531018
38538968
38553073
38564916
38594102
38800942
38870132
39072259
39140353
39209504
39480855
39604976
39688519
39933061
40287750
40304817
40328496
40398270
40582972
40593918
40630452
40801268
40890460
40903138
40908765
41170699
41349230
41412995
41420682
41441868
41452758
41514691
41552820
41569682
41591751
41622781
41645642
41657338
41683713
41714204
41763343
41783347
41886838
42056861
42159860
42267379
42279793
42297858
42311020
42549059
42556317
42595421
42986642
42993963
43001172
43016837
43184223
43376737
43420491
43535978
43698619
43740077
44070277
44182551
44412070
44433601
44442114
44459233
44545745
44599867
45267657
45297853
45643839
45688392
45780702
45794456
45810375
45833782
45856997
45896058
46001613
46034804
46091660
46136499
46173759
46226352
46250307
46307743
46337786
46409715
46476068
46507888
46540812
46554512
46611537
46659603
46692857
46719510
46755081
46938667
46964809
47411493
47428088
47459168
47516881
47527882
47752079
47846874
