35549764
5292291
44165505
35322329
47177102
47997114
30161279
44070277
46012061
36413583
40574364
3119605
44412070
37391952
36353300
41856164
47723991
39410289
37191019
44536810
1701337
36270805
47586890
30229260
39139537
1430045
36748465
44599867
833768
47427344
39889486
47305854
47478439
35703455
37183393
2560106
31660678
46554512
45485012
1313728
37546190
14505171
47454089
2835074
47452605
40903138
47452351
31781162
35949017
43158835
45343619
46477152
596167
29931219
47349661
30872897
16652077
30136276
885936
45525248
47092466
30283038
33012343
38504120
38538968
46006290
45830718
514070
2831258
45184976
46314871
37321660
38252875
45391268
1029377
37788492
46089001
45818068
33741778
16030160
13825821
41018492
15729279
16575364
37290276
46002168
37425820
3235457
45917637
40818502
44235508
42584673
36263417
43078019
30664623
42468526
34595388
42586385
45671028
44428078
34268940
45288716
39573295
33132170
30008136
45298303
41569682
3020399
35586471
20478610
15231521
29638879
42162600
44007420
36995972
8604821
6299361
36660866
43734740
289548
40304817
43680919
43348474
33292729
45109725
40735688
16137460
45188944
43021651
41689901
45107850
37114522
44513121
33263363
45032157
32177469
43686943
36561605
29004482
20505799
2501972
37054012
33650487
35290150
33359260
15583108
28137
34176815
3140811
31654607
42200942
16028388
35887859
33461345
34844519
20329657
14634791
37061663
15587234
42279793
37043833
40008024
38181860
42056861
44520174
44442114
31172140
43610974
35008493
1634403
33565098
2064172
37609810
20172814
44081214
38067335
20390872
38095687
33052341
347700
42986642
31766278
37937240
27089110
35727758
42469581
37313925
37937293
6455781
8329381
36583105
43823170
32390084
480783
33015800
41514691
36149962
44257367
40328496
38012361
32444603
43612058
30369218
39480855
33455400
1589279
3153572
41768361
41250206
41094043
32764561
32405332
40467631
33471284
38111188
37950741
15596225
31649667
33881532
37403093
37123750
13797691
35712214
33596861
36793148
33307638
36655420
36292045
29143388
36398223
1895100
36344909
36298785
36211648
35390395
1403021
559985
32603445
29777884
35976180
34963903
32820417
15559884
28193753
16588261
35585070
35154358
35149105
91427
34991537
2384436
34904856
497208
1085669
1053903
11229861
33158741
1340482
627356
446295
8697461
34372981
33325882
34198658
34231198
34194247
34222893
34193840
32614942
34189095
31128614
34031054
36050
33181286
181052
14196341
29233080
31453127
34084819
2987484
1697514
31081682
33209714
9855421
31448506
32355871
29099432
33791094
33575761
30704756
1294039
32847677
1877530
16091343
29253996
30822269
32683060
32674314
32643839
12056021
30616300
32495582
32432983
32431767
31774666
32217369
32297955
32258950
32221608
16128899
32082584
5548431
31998990
31958603
954628
27052513
30931688
4615471
1745839
6829001
993088
30427581
30239058
30220443
2477496
27171286
1700422
29221801
29105705
29025333
29005404
27919895
27108259
20511802
20379739
16582771
2084916
16253545
16162271
1254889
16086638
16085965
16059443
16014707
16014122
16011798
15713444
15701871
15687949
15545828
15380391
6100111
10238831
