36413583
16652077
46208381
38667277
46537850
35951610
37750044
36677803
37075133
47176019
47564957
256652
36058595
47734735
31287507
36040285
46689782
44070277
37748639
47627083
43762390
38215952
44599867
44474780
29579428
47411493
1621375
596167
336159
30229260
40903138
46554512
47398570
29650066
47122833
47453801
47452605
37391952
46001613
30136276
38504120
34656089
1136495
47223195
14505171
16137460
29638879
41591751
885936
33667720
16692985
33012343
45558296
37149222
36660866
32685060
514070
29931219
46738063
46661575
39688519
44412070
13797691
46314871
41569682
44182551
20390872
34844519
41080787
406610
34271915
12128141
31654607
37609810
39517521
32444603
5815311
41587978
38594007
43564275
6796441
38099266
16174613
39666126
24522829
4255031
32182070
34202335
3055894
37096030
37474465
37855813
38182077
42447539
37871689
37850681
40199202
36573470
36879805
35497249
37061663
34705505
34021836
2630504
775272
35640554
36168038
41412995
130444
38800942
40328496
24294931
35322329
40724820
34268940
32764561
40370993
2050286
33232042
33432979
33471284
1324906
37054012
6490561
32301946
39005347
38987674
37516502
997522
36991232
32426694
38594102
37580198
20172814
38421243
31120081
30101195
37885598
30007773
27884465
34936371
27871006
38029968
37991224
36538189
9347051
37701161
19456
359395
37542896
1007746
37631762
37501878
36865090
1167248
6906571
33596879
1652679
37804630
2418850
27122866
29596609
37654169
29810412
34218848
28094275
33618340
549368
35141024
356041
37257065
37301013
32714052
1737273
35956760
31649667
1322549
33795418
37254757
29956289
2189616
37230188
33446198
37123750
37248556
24199387
32129707
34820068
29787255
36583105
37103833
35735993
34064706
35988329
1200306
35580368
36842978
36769605
829690
16798735
36555786
33307638
32554504
36432575
31546456
36655420
36637954
35482588
1211340
29902611
36614018
36517895
3057643
36581096
139713
36292045
33787992
35356466
30280713
33693219
36318098
36503942
36479005
886367
1642839
36375907
36474119
36255284
6586301
308564
36444626
24817960
34934984
8697461
36406535
32004730
1895100
2234476
119376
30905457
36368416
32522806
29616322
15623990
36238523
2618508
2002880
35486156
36267317
33608416
35390395
34085850
135120
3057166
11798
31448506
5058081
559985
36050
1877530
34784840
2811256
11229861
35427071
35318363
30586215
35268318
33687535
29663232
32662280
34778236
34535422
627356
27246961
33530993
1364989
958621
214808
32682458
382119
808613
31128614
32217369
10585491
29099432
559670
32130136
31845460
31672662
31552007
2826652
31498800
31293892
31176886
16376452
30592744
30569157
15692694
29794303
29644354
29541193
29323162
29200823
29194754
1881318
20288377
16298917
16150064
16132368
16059422
16020265
15964274
15777600
15666989
14685481
13748141
12381081
12201391
297029
9889071
6662471
4445051
304629
3189860
3182761
3162596
3162568
3093234
2991672
2884696
2782730
2749280
2716968
2057876
2581186
2483356
1622930
952523
2382050
2363124
322926
2299364
1289710
2233772
2204726
2175192
2167712
2157252
2038536
1130927
2146966
2037040
2019252
