8885
9240
11798
15748
18978
28137
47199
67813
90796
119376
126015
139713
150910
155599
162191
175325
175863
192998
231890
234297
261370
264194
265215
267052
274052
289548
306795
307161
318548
326443
335556
347700
360832
367894
368046
370057
372677
375073
379369
382680
447048
453308
479642
484918
487694
501109
511910
528321
532858
540439
559985
577698
585693
588088
595215
596167
600355
620313
649881
656074
657789
660465
695500
703836
710215
723052
732088
757599
767689
810226
822210
823874
828023
829690
831740
842663
857345
869561
890703
907424
916523
933310
953682
954639
963999
981564
994973
997522
1017218
1021999
1029377
1071765
1072591
1078333
1085145
1088701
1136495
1155641
1171095
1179102
1200306
1238452
1255710
1258509
1261895
1310018
1313728
1322549
1357161
1368322
1389204
1397545
1398284
1398925
1404464
1413815
1420627
1460367
1468984
1477035
1480870
1540056
1564659
1568478
1572988
1596122
1619907
1634403
1638624
1642310
1646868
1659314
1688338
1748957
1774929
1807089
1877530
1892260
1895100
1904656
2050286
2086496
2086818
2136142
2160712
2238228
2371744
2373152
2433544
2446434
2474860
2492574
2507254
2581328
2593716
2616396
2630504
2648976
2651158
2738540
2742622
2758276
2800388
2811256
2815434
2859554
2922786
2944724
2948544
3027971
3028703
3039342
3055220
3055894
3072600
3073874
3081359
3093805
3109509
3130586
3157764
3572371
3725221
3899521
3903931
4058591
4098391
4255031
4396271
4860811
5617901
5658921
5815311
5856431
6002901
6299361
6350741
6499981
6796441
7211261
7221621
7290231
7330061
8336071
10441301
10753781
11699631
11703781
11744331
11967091
12711881
13479141
13797691
14471931
14505171
14522191
14634791
14788301
14938371
15231521
15542713
15610051
15610352
15640419
15671315
15706969
15754928
15797480
15980530
16050617
16100591
16652077
16768387
20172814
20242633
20314600
20328433
20329657
20385562
20390872
20439295
22407044
22410569
23233982
24275497
24522829
24524806
24817960
27078529
27175597
27199756
27433921
27453715
27482302
27874792
27887242
27957917
29004482
29015921
29065313
29066950
29099432
29164309
29516175
29534878
29584654
29610149
29622533
29638879
29650066
29777884
29787255
29831504
29997745
30007773
30026118
30059017
30101195
30136276
30251532
30253633
30375447
30514259
30518547
30519413
30551173
30570058
30599988
30664623
30704756
30727246
30804878
31027722
31070973
31120081
31128614
31140124
31172140
31213066
31372272
31478877
31525614
31649667
31763733
31774666
31988181
32072208
32092192
32130725
32182070
32244163
32302017
32390084
32444603
32543426
32638739
32718041
32811880
33012343
33015800
33052341
33152906
33182533
33194995
33232042
33258697
33292729
33307638
33421261
33454295
33455400
33461345
33471284
33519359
33565098
33574362
33596879
33654851
33726771
33796498
33843176
33869998
33877176
33881883
34021326
34021836
34134004
34176815
34194247
34202335
34271915
34281074
34288861
34297224
34340446
34385049
34460855
34475518
34562915
34651665
34656089
34713373
34714895
34725190
34741193
34768668
34804432
34829884
34844519
35008493
35059806
35192754
35241545
35243680
35316369
35322329
35356466
35390395
35497249
35542288
35561457
35586471
35621769
35743322
35773220
35857033
35911395
35919792
35949017
35965528
36050166
36060471
36132341
36142896
36145887
36158078
36190120
36233832
36233947
36238523
36292045
36324644
36352288
36405493
36413583
36488471
36525623
36538189
36583105
36625764
36645695
36660866
36745623
36746727
36747329
36748465
36824816
36838596
36845327
36851315
36865090
36991232
37036907
37043833
37045120
37048405
37054012
37061663
37071754
37076221
37096030
37103992
37121970
37138991
37191019
37203463
37216298
37228149
37282818
37321660
37391952
37425820
37473991
37488592
37546190
37573495
37580198
37609810
37619643
37623667
37638400
37642160
37649449
37698826
37722812
37730952
37850681
37855813
37859556
37871689
37873266
37881385
37901054
37987387
37991224
38001692
38012361
38032583
38034973
38061995
38067335
38095687
38099266
38141504
38182077
38215952
38222928
38246013
38252875
38312805
38424113
38531018
38579246
38594007
38640178
38708605
38962779
39007267
39100158
39195145
39243483
39249006
39480855
39517521
39592726
39644011
39666126
39807286
39969276
40008024
40168236
40328496
40376269
40465984
40577916
40613368
40749111
40894369
40982320
41003588
41041317
41062588
41170699
41266356
41285607
41511205
41514691
41522467
41547182
41569682
41587978
41589302
41591751
41645642
41648804
41655329
41688552
41689901
41752041
41791843
41819191
41834390
41846285
41855403
41905998
41963216
42056861
42116343
42162600
42232579
42235052
42257680
42405041
42452426
42586385
42592435
42726156
42808286
42914761
42938445
42986642
42993963
43032483
43097358
43102877
43104337
43158835
43249130
43278562
43361093
43460079
43477110
43612058
43686943
43803536
43821616
43882475
43885450
43956145
43974325
43986657
44007420
44030022
44125296
44165505
44203347
44233189
44248822
44412070
44412078
44459233
44519117
44599867
44648586
44722207
44758835
44838960
44851715
44902260
45107432
45184976
45362797
45525248
45817609
45817836
45818068
46012061
46208977
46219823
46287249
46659603
47054439
47122833
47131837
47139913
47141319
47185291
47188647
47207979
47223195
47227341
47349661
47376659
47411493
47412419
47417343
47427344
47452351
47452605
47454089
47473590
47531399
47569242
