38189050
37632996
46473934
37413241
29650066
30692628
46927069
519574
47971245
1450237
47857021
37078428
37962279
43158835
44055731
1738383
44070277
359395
33904007
30229260
36413583
44239137
47818218
44412070
47176019
47752079
47665460
40574364
29777439
39410289
34951373
30136276
38065482
44325
37638400
36772578
44536810
47338444
38707937
30348316
45510587
40464318
1430045
37124606
14505171
39672592
32561562
336159
47485355
47223195
1313728
44002156
31660678
38215952
46554512
2835074
47454089
35949017
46272525
45343619
31963927
30430820
15706969
885936
47349661
47406113
46487027
30872897
47131837
38678207
37590878
16692985
2864498
45558296
43112703
35959134
34664661
46970212
29931219
44233189
37183393
40903138
1354597
34853053
38504120
34656089
571983
39403372
44165505
39886727
45113964
514070
833768
954506
46646387
38538968
30790382
46621700
29027196
45818068
37350815
38181860
46393156
42297858
3043392
41286185
36167527
33298365
44782872
39688519
36253880
952584
15724439
46481292
33182533
13825821
1923328
30736887
16050617
37951232
42537305
38252875
46046013
45740493
45830718
32636782
35654053
46213120
46025386
46006290
46012061
1085145
46315435
35703455
46219823
45184976
44851715
45521473
37321660
37177606
45450183
46314871
46287249
33012343
39950919
44238567
1008866
33740996
306743
16575364
36887514
40877485
43104337
44459233
3168506
43740077
37290276
37036907
44799628
44430385
34884676
502799
42586385
42213061
35621769
43885995
30008136
41569682
43361093
954639
2186258
34387564
218373
42914761
14046131
34595388
44182551
44225465
8604821
33106804
37788492
35561457
38001692
42584673
44967214
29638879
33363448
45210371
37112442
36964504
36485470
39914632
45107432
41834161
1146459
45109725
42157258
45107850
34714895
6569771
1873720
41689901
45032157
30291452
44686439
7540461
43686943
289548
36233947
3049907
41583566
35192754
44129259
36660866
408993
33455400
44798093
1477035
35787021
34844519
37555494
34176815
857179
14658981
771064
44283738
12128141
44203347
15587234
42279793
31172637
39442196
38630457
36466227
44125296
37114522
1892260
42200942
30567215
36132341
41170699
34297224
8892541
41791843
38095687
37313925
44114714
44621843
42440304
44554360
41014521
38441833
43869336
36386163
8329381
33461345
33580073
29145300
42056861
36149962
33565098
44173792
31654607
16099995
37937293
29015921
38067335
20390872
38012361
44442114
36808298
33052341
44435999
34315187
351192
2141954
31525614
37592484
41103846
480783
37609810
32390084
41514691
1634403
35366575
1459183
44022426
42698273
41001452
42162600
39480855
33015800
43612058
487840
36863105
4873751
29584654
35971388
44007420
34829884
1910430
43535873
43535978
34741193
32444603
36313076
37860989
33881883
43821616
32133313
5815311
38870132
38564916
43848003
31766278
39969276
2831258
37191019
39432003
2724988
34313704
38099266
175863
42156302
39604976
31248312
24524806
34548976
41591751
43273366
42993963
20201428
35628321
6796441
37855813
31314215
42986642
43277138
38531018
43097358
38293995
37642160
36295327
43088536
1460367
37921378
43032483
40982320
41441868
32182070
36845327
36478175
3055894
42592435
42634391
40629437
3020399
38182077
40273095
2738540
42452426
997522
27453715
2689610
37045120
42298128
42250849
37096030
42181381
37619643
36863247
28137
36468700
36275640
37094341
37871689
37850681
29534878
34021836
24522829
34281340
15797480
36573470
35586471
34149973
422836
76245
36879805
32522574
41850586
41963886
37061663
41783347
41714204
37389267
39819640
31916219
41657338
39007267
41683713
37545051
39498303
41665237
41645642
35497249
41622781
41399161
41615480
41398626
2630504
559985
2944724
41552820
41552743
8806041
35640554
36753181
41452758
2050286
41250206
41349230
36274489
20314600
2394508
41203402
41197966
33596879
41145511
41060137
41096713
41062588
35322329
39818466
40328496
40990078
40990236
40908765
40818891
37867891
40801268
1255710
11277471
40745520
1566530
34268940
40650885
32235194
40280338
37794049
40593918
40582972
32764561
33654851
1488056
40304814
40437157
31677098
40369823
36093463
40190689
38690456
33432979
33232042
37987137
37174539
224049
37054012
34168714
27645211
30369218
33580409
39900601
37963733
39826347
39691020
34099270
37049902
37418291
38233811
6490561
38053993
33194995
33292729
38689323
311546
33471284
39206715
590798
37873266
20172814
38962779
37649575
38204030
37021876
36838004
38987674
34767399
38862178
1169153
36304422
37183785
37055960
35082686
29185215
38566645
549368
31009306
30444363
38669006
38546417
15738598
950759
38640178
37580198
37203463
38421243
31120081
35699762
35279376
30101195
573227
522830
30007773
37118395
531655
37094468
35508117
37573495
38246013
3109509
35641278
33152906
27871006
37823935
38031148
31313419
33450215
169492
38030967
38029932
3134148
38061995
29071738
38042215
38017095
35310219
34281074
37962948
14962591
37779628
36693868
36556814
37958032
37950741
37928050
29263308
37722812
36865090
35599492
37925865
36656233
596167
1478550
33108783
37722725
33493428
149807
35956760
35757014
1737273
36696017
37624508
37734906
37593386
37726556
37701161
2785044
37684601
228748
36299528
34306039
35983367
36886397
29956289
2189616
35997913
37631762
37257065
32775926
36335729
36623461
34770777
15596225
7603691
37049881
33848599
30664623
2811256
37230188
36573271
37542671
35008493
36922403
1171095
1688338
37405765
36342850
31649667
37347777
37346379
13797691
29596609
37254757
36190120
37332488
37295891
36159271
37198383
33446198
33774277
37256224
37178043
29388434
36036876
36583105
33596861
37137268
37043833
35356466
32183742
191777
151503
36920436
36908867
36811176
16060412
36525623
465071
16798735
3097314
34962537
36605550
34514115
30679721
33307638
27799810
32554504
32698748
12755601
3057643
36645818
29902611
2002880
36327691
36593969
33672786
36292045
1895100
34934984
538948
36375907
33787992
420967
32430037
36429386
31448101
29832069
36333406
36410007
1055997
36362831
24281495
29333654
36335589
36305051
5361551
33608416
29786748
36061359
36215514
29640031
10887981
36257931
2830612
36244142
35059806
34085772
35891498
35390395
600355
31365702
1612046
33519359
36159055
31972541
454924
36118183
34820068
1397545
33305692
36120498
14788301
35294013
33657367
5070211
34226283
966897
34428664
641304
32522806
34862392
35993700
35682654
35976180
29616322
29097157
32004730
1385233
35953137
8782501
35747647
3588611
35917631
781268
6586301
29319200
35879996
35902329
7281691
894310
35791948
1012893
42280
31537714
29581080
35793077
34240403
35735993
32719296
35822441
16366282
35812322
34508594
354998
34388172
35463178
34963903
15559884
30884061
35652721
834164
10729131
35725645
35643298
33146438
15623990
32504440
35225646
2087550
15676723
5377741
343779
30959857
6686711
35516608
35511757
34988835
3057703
33733730
34870478
35501335
190701
35482646
20326693
338752
33474365
2057438
31667243
31147147
8593571
34959264
16232743
34856477
35426936
35030837
32080989
35400072
33980442
161326
3142539
34866803
373036
35384136
35384006
35381471
30161279
34224765
35030558
35356231
30411022
35338947
33305632
35336121
35306064
2073728
32371566
3115380
35301000
7290431
441411
35287804
32651203
60216
34866328
34385049
32344554
1940432
30558199
32222425
15336371
12431291
35160027
3033264
1088437
2492870
1457806
33085785
34935671
29042850
35053786
30918653
27679414
2333808
20244988
34993843
34235595
1468432
7221621
27196954
378152
4416791
34063962
1092705
16805836
9961841
31328625
2651158
36050
27103804
32662280
2175706
13653781
16067126
3166470
32301946
32654523
34351175
13999431
33849889
33663611
2194976
32200260
34846412
1593564
34850990
33478703
600643
34711755
33811255
34839418
952722
31053012
34818170
33575250
32754475
29302068
34812598
2002508
20269321
34709353
3198933
33855558
2090184
31353411
30634854
32788611
2825260
410991
34218848
1307769
34711139
1085669
34442237
15777277
30064861
29049851
33778662
34638249
34613411
32495895
1397526
34595434
11229861
30527987
2350512
33388120
34543764
34536285
977729
34522325
34517770
34089291
32482658
33158741
1078333
34242461
16697509
34356243
33325882
2565116
32496446
32181772
627356
34285144
31365609
16426819
34244887
29226123
34248807
30307841
29521709
34194247
1053903
1110624
34120121
31081682
15682262
34098500
33251024
1372992
30242089
34043176
2987484
890879
32267870
7868791
31688477
33717845
30250183
31423818
16141632
10390841
9875
33687535
33013335
32495626
1400904
9774601
1443249
32092705
2728334
33750074
33800608
5331841
33778818
33759708
33705516
32698453
29941809
656360
9296221
33638900
32092835
33730970
31856236
31856215
33727184
32092843
907669
29610149
1628437
32068511
32585562
33651795
32469717
897175
32165341
1841660
33653809
33438780
29124792
33680642
33673714
33603322
32233697
33666483
33608546
15929370
33605035
32068945
13479141
27246961
2045010
30834352
11008031
1057386
33603017
74955
29516175
33483149
1938856
2277928
33218463
33595030
32202898
31207301
610002
31235642
32469392
1373118
31421070
800306
32166471
16029199
32045153
31760940
32069324
32069361
766330
2437498
3118179
33288062
5101821
827722
141745
3079152
1593617
65200
6660341
1127074
32620450
2688970
31374056
30599988
33445682
992829
29627710
33438274
33434492
32368598
33334193
4478221
33370496
7974821
32702698
11061271
33355809
653891
32895407
563662
3055286
33283481
32572784
32234341
33277554
269592
33155718
32069285
1605053
32046544
27543700
3164346
745974
1779551
1052718
32660662
32977657
16151811
33101406
341440
18128
27298831
5965091
32809507
32677551
33217674
32492975
33202475
33201924
27879083
32776123
1179102
842198
32007010
15592367
119376
33129481
33155188
33140131
33148236
30704756
33119911
32365848
16647958
33119102
33117863
3536441
16044745
27293797
15811258
33102973
33101991
32640711
33090362
30732006
1580377
32454094
2385310
32629515
285840
1551295
32361938
948050
31476511
1104545
330962
433807
16031116
1143187
5993151
31481117
29550885
6062641
29790706
136170
15732258
549311
7654501
610293
3020856
8842761
29126540
32796311
1492780
32864018
30729024
32849948
2394078
29194068
32852501
29816700
2324224
31763060
29043098
31439848
32833204
32790885
32833128
32832956
32832603
38499
4359601
1633815
16711189
15799268
1297461
1497128
1506485
29606510
32814397
32268260
1892566
32263125
1021190
27590923
32502731
8885
31460660
32693953
3147935
1328139
32739195
32771223
32770608
32766357
32765703
32006028
3309341
31655420
966931
32646299
859857
16091343
29253996
32725076
32718349
32646600
15580483
32658928
1885884
32580991
32388275
31903006
1027101
31431900
12056021
20508430
1416812
382119
32528253
2475598
31234230
29663232
47244
405389
991288
1102115
32092625
30822269
2228240
32456657
74747
32454323
1854898
2724230
32448569
32448235
20492716
1459148
2074548
32404648
2000322
388807
32309497
32362673
360832
31774666
31879493
31753907
220263
32149365
32297915
16749982
31748986
288382
4018161
27952265
697526
1619896
117153
1255404
16733167
808613
11829551
92470
967091
151911
152860
29231809
31562610
32016014
20351758
32327510
20223712
1755163
2286800
16202778
32297955
63959
31411036
31627400
32290589
32277133
16569283
14584201
32217369
6307861
30938099
9063161
734912
29831504
31554685
391682
334373
2946350
15680274
20387101
3231996
32203081
32188486
2585450
32190981
32164823
29194587
29251794
16088020
290776
30038970
32154807
2858616
32169213
2712368
139713
30100405
835228
32142433
32135201
790299
380141
11798
32111117
573243
1308678
1481942
1966870
788416
15763635
16131003
2791204
1205431
1816687
16645093
16085864
30089251
29290626
15538894
16771987
1100421
927470
421828
104251
790024
31930598
1156460
1497635
1005614
31081900
11780841
1573855
660465
29103748
547534
31422604
4983091
31853550
418403
341587
3384141
3111980
1065391
1468439
1540946
31902153
349648
1088701
31845460
31460896
31760622
31435245
1135097
911065
455608
30311231
31244980
31128614
298617
412241
2594560
2039694
1877530
2085418
3430241
1427500
1557811
335428
31762675
1244208
29251755
22410569
14094211
31726269
2270100
499546
718434
181052
887471
14872911
806183
4873581
31653362
324178
88612
16139766
15546458
5351031
655533
642091
16695088
1349101
31640550
29099432
3136674
155881
268836
120594
95485
1167248
31507468
662715
3136214
15684306
31500844
16024572
31193162
31128610
935189
31084304
8660211
30715930
30880612
2985000
30665278
30639338
30391262
30311155
30197726
29902780
923768
29181436
29127796
27943420
27876625
27383350
27129412
20520889
20409793
20276353
16338691
16091333
15839795
1436245
15764952
15708719
15689881
15606272
15041201
14161821
12531151
12523001
11652351
11278141
8536171
8383291
3982281
3875341
3508871
1070482
3183798
3151088
3106583
3106342
3070113
2932592
259693
2607430
2423176
2398336
1141310
2294580
2281816
2218740
2018708
2013400
1958296
