9134
10520
11798
18635
26105
28137
36050
46448
56267
85858
119376
130444
151503
154501
192247
193832
194228
228748
289548
351192
355348
356041
409898
455329
484918
492051
535495
538842
540439
559985
564812
571983
596167
605963
754642
771064
775272
833768
885936
952584
954639
968015
992633
997522
1011442
1029377
1085145
1088210
1200306
1313728
1322549
1449393
1470788
1478550
1573255
1634403
1688338
1701337
1820663
1877530
1887570
1895100
1898930
1942238
1957146
2050286
2077752
2219624
2234476
2365508
2418850
2460926
2474340
2618508
2621356
2630504
2648928
2689610
2756024
2766930
2811256
2815434
2815472
2831258
3106521
3119463
3172858
4064611
4615471
4801071
4873751
5287711
5815311
5987751
6002901
6023071
6299361
6490561
6906571
7158451
8618471
8620191
8697461
11229861
11304551
11713401
11967091
12128141
13797691
13999431
14505171
15231521
15591850
15596225
15604013
15671315
15987910
16039203
16050617
16099995
16179059
16216799
16692985
16774390
20172814
20279056
20390872
20526364
24655228
27122866
27175597
27239512
27268375
27391378
27396160
27861880
27871006
27884465
27966128
28094275
29004482
29027196
29083955
29134372
29145300
29208595
29266950
29291702
29311548
29322335
29518231
29524470
29596609
29601140
29616322
29638879
29663232
29777439
29787255
29931219
29942752
30007773
30008136
30101195
30136276
30229260
30312576
30348316
30398408
30430820
30664623
30790382
30820516
31082396
31225367
31248009
31355085
31409774
31432310
31448506
31641561
31649667
31669250
31670149
31797942
31880815
31894652
31974640
31976226
31988181
32112245
32182070
32301946
32390084
32406594
32444603
32522806
32595977
32669976
32676884
32685060
32698748
32775926
32883304
33012343
33015800
33046106
33052341
33085387
33156596
33182533
33194995
33216203
33292729
33432979
33461345
33471284
33480413
33503792
33565098
33584069
33596879
33618340
33738435
33741778
33774277
33811255
34021836
34064706
34176815
34202335
34218848
34261097
34271915
34287134
34288861
34297224
34306039
34313704
34387564
34395270
34595388
34656089
34804432
34808600
34844519
34854916
34862648
34934984
34936371
35008493
35021150
35125941
35172277
35180320
35192754
35310219
35356466
35486156
35497249
35561457
35566901
35580368
35586471
35622580
35640554
35652243
35658308
35703455
35704433
35727758
35743322
35746777
35757014
35773220
35864759
35935521
35949017
35959134
35976020
35983367
36058595
36080478
36090835
36092519
36168038
36219143
36261291
36292045
36295363
36299528
36300336
36313076
36342850
36448909
36491533
36509586
36538189
36557501
36559919
36566912
36583105
36654419
36660866
36661015
36682596
36696017
36719575
36722553
36766421
36775060
36865090
36991232
37005980
37028700
37043833
37054012
37061663
37076955
37086661
37103833
37111283
37111418
37112282
37114522
37123750
37138991
37148431
37178043
37183393
37191019
37198383
37254757
37292563
37299366
37311097
37312961
37313925
37321660
37350815
37375246
37382557
37391952
37425820
37488562
37501878
37513847
37580198
37590878
37592484
37609810
37619643
37624508
37701161
37708039
37725674
37794049
37804630
37868085
37871689
37987387
37991224
38012361
38018690
38034123
38067335
38095687
38133412
38181860
38182077
38204030
38215952
38254966
38286060
38293106
38296369
38353535
38421243
38502299
38504120
38531018
38535689
38579246
38594007
38783981
38862178
38870132
38910283
38987406
38987674
39007267
39139537
39155143
39206715
39517521
39688519
40144312
40157713
40287750
40328496
40376269
40735688
40738444
40774354
40903138
41286185
41359295
41398626
41412995
41441868
41569682
41578923
41583566
41645642
41763343
41856164
41871077
41905998
42046778
42056861
42162600
42177082
42279793
42297858
42468526
42586385
42592435
42643524
42698273
42734274
42772995
42775176
42993963
43001172
43021651
43104337
43158835
43236174
43325047
43383305
43413766
43494458
43535873
43610478
43624441
43712100
43821616
43869336
43894753
43956145
44070277
44081214
44114714
44129259
44165505
44169385
44224329
44225465
44382235
44412070
44442114
44513121
44599867
44719985
44782872
44851715
44909512
45188156
45288716
45385388
45391268
45787273
45830718
46006290
46133173
46208977
46213120
46219823
46314871
46315435
46345088
46460529
46473934
46504632
46533128
46633532
46750391
46908782
46969039
47101780
47139550
47223195
47349661
47484822
47628530
47664735
