35704433
45739855
46471114
46442278
36353300
44165505
29638879
37649718
48027507
40818502
395362
1975098
2782366
34714895
40574364
31172637
10487
36995972
42501030
2384362
32703125
35648534
34607339
47900761
46345088
24980431
37864378
33894301
37078428
2942492
119376
43686943
32613627
5658921
43762390
45739577
37937293
46473934
30161279
30664623
41547182
37672932
40708147
40595838
36266626
26105
45023377
47607833
35981618
43236174
34854332
47940543
1589279
40903138
46415037
39886727
36177229
47663542
44803077
45505081
43077186
47921973
46592628
40945157
45940735
47177102
37054012
15640799
31811199
33012343
40982067
29887929
42393610
47925338
37096030
35290150
2636336
2864498
41514691
3136011
37962279
37546190
44412070
81698
185739
46576248
37413241
40982320
43158835
37374584
1171095
47799520
47491543
16652077
46543029
47842542
256652
46208381
41399936
41856164
35951610
37750044
47389416
47854978
11798
31311518
32209191
32198988
32198828
32198539
46939557
29777439
35134764
20172814
35039943
596167
30251532
47752079
47772368
1785505
47176019
1059426
46180939
36058595
40730287
31781162
47752135
1092136
33167125
30736887
975165
36050
44070277
350737
47728664
35008493
37061663
41196633
1877530
40722450
559985
46635654
44747247
39410289
34161684
32444603
