11798
18635
36050
97669
115987
119376
139713
193832
228748
256652
289548
472852
559985
564812
596167
663682
715925
723052
823609
829690
833768
885936
956295
957702
996224
997522
1041538
1080527
1085145
1167248
1179102
1200306
1210248
1255710
1282136
1294039
1313728
1315436
1322549
1374700
1379122
1398925
1564659
1619907
1620854
1680956
1688338
1737273
1877530
1885884
1895100
1898930
1932870
2050286
2189616
2245116
2322018
2337668
2474860
2491948
2495200
2564482
2567778
2630504
2689610
2756024
2785044
2811256
2894638
3014848
3061684
3095324
3536441
4123741
4899331
5287711
5815311
5934151
6490561
6495561
6796441
7231111
7778531
8079551
8620191
10754731
11229861
12056021
12459071
12741301
13797691
14404161
14505171
15231521
15592264
15596225
15608768
15640419
15706969
15734754
15742829
15811258
16028388
16050617
16091343
16099995
16117522
16758676
20172814
20207188
20387101
20390872
20481226
20492716
20558224
21793170
22410569
23578649
25162422
27091312
27222622
27259183
27298831
27453715
27817105
27966128
27967471
29099432
29099868
29168004
29262403
29266950
29596609
29753096
29754764
29787255
29870016
29887820
29931219
29956289
30004405
30007773
30101195
30136276
30161279
30369218
30407419
30408425
30696473
30704756
30822269
31128614
31140147
31145374
31225367
31403102
31431900
31432310
31448506
31460780
31460896
31561258
31562488
31562610
31649667
31655420
31759977
31858505
31923832
32072208
32112130
32133313
32176897
32217369
32263125
32268260
32274089
32324943
32325098
32370933
32405332
32444603
32556320
32638739
32665042
32764561
32773267
32775926
32855727
32892341
32924305
33012343
33015800
33052341
33108783
33239512
33292729
33336965
33446198
33461345
33471284
33548178
33738435
33740996
33794600
33796498
33811255
33848599
34021836
34064706
34099270
34176815
34202335
34257553
34261097
34268940
34306039
34385049
34523776
34562915
34673491
34768668
34770777
34844519
34855714
34857022
34884676
34934984
34936371
35008493
35279376
35309271
35322329
35482588
35497249
35580368
35586471
35654272
35658308
35690568
35704433
35735993
35757014
35793405
35875426
35949017
35988329
36040285
36124425
36242782
36292045
36298704
36313076
36402740
36432575
36442947
36458297
36496295
36525623
36556814
36625764
36655420
36663285
36742325
36777790
36838004
36865090
36897030
36991232
37003893
37043833
37054012
37061663
37076955
37094341
37123750
37178043
37183393
37198383
37212632
37217701
37230188
37254757
37313925
37545051
37563071
37573495
37580198
37590878
37609810
37624508
37631762
37722812
37727399
37794049
37835991
37850681
37873266
37964412
38095687
38181860
38204030
38215952
38233811
38285285
38353535
38410704
38486718
38504120
38556316
38594007
38765351
38858875
38910283
38957184
39007267
39010033
39072259
39137022
39206715
39243483
39480855
39683755
39853044
40005999
40328496
40347005
40903138
41003588
41277288
41360562
41412995
41569682
41587978
41763343
41850586
41856164
41963216
42197749
42213061
42297858
42586385
42592435
42993963
43341956
43565942
44114714
44165505
44270317
44412070
44442114
44536810
44545745
44599867
44851715
44856971
44884482
45107850
45109725
45188156
45316213
45528367
45560641
45576360
45692230
45818068
45830718
46001613
46132779
46219823
46258121
46279408
46323667
46500147
46500161
46500193
46500222
46500264
46500289
46500319
46528253
46528273
46528285
46528297
46528308
46528325
46528342
46528363
46528371
46528393
46528415
46528826
46528845
46529348
46529377
46529570
46529783
46537646
46546063
46619169
46659603
46750391
47188455
47188647
47478439
47643906
