2646
2686
8684
11798
36050
50965
51268
70844
79538
90312
109049
126239
139713
149574
161461
168480
178472
181052
193832
212247
215890
224851
228271
228748
237418
245725
250686
257466
262121
280356
308564
311351
315002
317760
322926
334993
349869
351192
359395
378152
383959
399240
420249
422836
462793
486438
493320
514070
559985
565560
576640
576707
585962
596167
600058
627356
659560
735156
737186
754300
784143
789228
833768
863527
875581
885936
888613
889634
892387
907078
943501
949324
957766
965332
976952
987242
1025083
1082567
1092136
1100421
1126892
1155456
1167248
1171095
1200306
1224222
1236698
1246686
1289056
1295513
1305220
1313728
1321059
1354597
1362080
1391737
1403084
1436107
1445384
1450237
1454474
1477155
1480870
1495148
1507076
1525498
1537595
1562952
1564659
1583547
1612850
1642310
1644297
1650234
1655823
1681897
1688338
1688360
1701337
1707084
1737273
1742599
1877530
1899896
2007604
2050286
2145458
2164214
2186258
2189616
2257306
2298630
2310338
2350512
2400158
2404624
2433726
2756024
2945482
2987484
2995484
3033131
3069241
3092941
3109885
3119605
3168506
3200120
3226353
3234605
3764191
4064611
4099001
4644921
4787421
5580171
5981211
6647601
6780201
6906571
6975641
7128081
7303881
7568291
7876371
9620281
10499251
10852711
10887981
11229861
12469781
13797691
13825821
14505171
14634791
14705631
14891711
15231521
15238601
15596225
15689438
15706969
15729245
15816217
16104955
16137460
16155135
16191763
16652077
20172814
20329657
20508721
24655228
27122866
27571639
27715426
27871309
27896356
28094275
29027196
29099432
29131195
29217144
29245920
29266950
29579428
29638879
29650066
29663232
29777439
29931219
29956289
30136276
30161279
30205043
30283038
30363218
30444363
30491393
30495123
30917191
30991006
31140147
31201667
31432310
31499398
31525614
31569823
31641561
31649667
31759977
31766278
31781162
31849548
32004730
32015805
32044124
32102535
32224897
32288681
32290238
32302017
32363494
32444603
32466013
32522806
32554504
32602742
32603445
32614267
32662280
32721699
32775926
32883304
32924305
32999111
33012343
33015800
33046106
33052341
33076938
33106804
33108783
33194995
33208982
33292729
33446198
33455400
33495562
33521438
33559419
33565098
33567901
33580073
33596879
33667720
33698365
33816330
33821400
33876379
33894301
33908192
33931225
33956963
33998332
34021836
34039531
34042846
34093276
34100162
34158370
34281074
34297224
34306039
34385049
34460855
34562915
34607339
34612997
34656089
34664661
34714895
34753197
34804432
34859262
34884676
34981474
35008493
35034148
35310219
35322329
35393605
35549764
35555374
35586471
35621769
35648460
35703455
35704433
35757014
35793405
35906528
35940829
35949834
35956760
35959134
35968725
36040285
36058595
36149962
36223368
36255414
36261291
36270805
36292045
36303628
36342408
36357044
36364597
36412618
36413583
36442947
36496295
36553080
36556814
36583105
36629092
36655420
36661302
36663285
36682596
36720345
36748465
36753181
36809558
36865090
36886397
36954591
36957144
36990448
37016653
37045120
37049869
37049881
37054012
37054377
37058800
37061663
37076955
37096030
37114522
37123750
37162530
37177606
37212632
37254757
37301013
37313925
37422961
37425820
37504093
37512420
37534871
37545051
37545704
37563071
37590878
37619643
37624508
37626759
37794049
37840608
37850681
37855813
37871976
37873266
37937293
37944267
37962279
37991224
38087037
38095687
38151428
38170666
38189050
38202997
38204030
38215952
38300443
38346550
38353535
38424113
38424129
38501671
38502299
38504120
38520122
38538968
38622085
38861356
38875555
38910283
38934359
38987674
39007267
39039893
39206715
39480855
39688519
39692938
39720820
39933061
39969276
40212040
40304817
40328496
40344160
40375763
40439959
40442860
40464318
40678592
40755081
40809991
40818502
40903138
41110482
41280317
41559384
41569682
41615480
41645642
41763343
41856164
41908175
42056861
42177082
42213061
42223633
42271083
42415995
42441712
42536044
42592435
42734274
42859337
43104337
43158835
43184223
43348474
43639163
44070277
44085570
44182551
44270317
44285347
44350933
44412070
44442114
44474780
44511210
44599867
44729966
44803077
44817565
44902124
44902260
44982095
45002913
45032466
45056955
45057736
45071937
45288716
45303065
45316213
45472678
45510587
45521473
45525248
45655908
45739577
45740493
45760294
45760437
45865577
45876116
45912388
45963376
46001613
46006290
46023294
46025386
46046013
46058368
46067854
46208977
46213120
46302587
46314871
46336736
46345088
46441307
46442156
46465268
46471018
46477152
46487027
46554512
46592628
46606977
46635654
46659603
46844955
47022469
47079052
47164193
47188647
47207979
47223195
47559898
47619495
47690171
47698924
47749874
47752135
47799520
47861140
47898686
48016257
48027507
