41287492
1929708
46345088
37864378
47972881
40574364
16233757
43158835
30161279
47846874
149574
44070277
30229260
47752079
37191019
36353300
29777439
40168236
46554512
40464318
47368273
1430045
596167
47527882
44599867
31683324
15596225
44643776
37183393
2560106
14505171
33012343
38420098
1313728
33114324
47452605
885936
38215952
47335870
833768
16652077
40903138
38504120
37590878
47191392
2864498
46670601
27942260
47027454
13797691
46132779
44165505
35941718
44433601
2831258
46001613
45521473
514070
29027196
16050617
37350815
38181860
36793148
38273490
27817105
39688519
46219823
46213120
44412070
45830718
42297858
46012061
43740077
38252875
1008866
33741778
45531017
44953686
44459233
36645695
37425820
35703455
1564659
30664623
42468526
34176815
45787273
35586471
32775926
30008136
36092519
33455400
32302017
32638739
44775968
38095687
34844519
33052341
45316213
30736887
42698273
289548
29638879
14046131
34387564
35561457
36370607
42584673
36682596
36058595
44442114
6299361
43016837
45107850
43021651
34595388
33263363
45027825
11304551
36660866
35192754
35008493
34297224
37054012
12128141
37061663
16099995
44114714
37114522
33565098
37609810
38012361
43612058
32390084
36863105
33881883
37048405
31797942
34288861
38594007
34008499
42993963
42986642
33796498
38182077
28137
42592435
32182070
37672932
34021836
37850681
37871689
37619643
41763343
41645642
33015800
35497249
37545051
35658308
41250206
41402838
1619907
38873114
31421106
10887981
2050286
33471284
39826347
311546
37873266
20172814
34911788
39117604
38962779
36991232
38421243
36299528
3226353
38246013
3014848
32130725
31313419
38141504
2811256
37104031
37993205
36742325
37779628
36556814
37212632
36865090
37150861
37880563
35019422
35356466
34306039
1478550
34768668
1877530
32044253
37289646
37725674
37794049
36696017
37593386
37731771
32353250
228748
1737273
37254757
181052
36152472
37123750
36583105
36292045
34492179
36340477
35390395
36186042
36159055
14788301
32522806
3160979
35976180
29616322
6880751
8593571
15601971
34819320
1397526
32996537
886367
35419981
27254686
34959264
29663232
30242089
27103804
33811255
119376
1469842
11798
11229861
34385049
36050
559985
31448506
31776801
35050059
34760542
34633549
377512
33583524
29099432
3929311
32370377
31804242
427119
