46345088
29650066
30692628
47792524
47997114
7879801
14382921
42027587
359395
47177102
952584
30497962
43236174
41283546
30161279
44412070
47818218
9134
47176019
30229260
1923794
16195604
31539488
47698924
39410289
44519246
47658982
27354496
10912
1254889
47632970
38065482
47619495
47628530
46301843
46659603
39889486
35703455
47459168
44070277
14505171
32561562
47468131
37183393
35949017
44169385
37124606
1313728
47452605
31781162
44599867
30430820
38215952
35704433
30136276
857179
885936
2323054
41436722
47349661
833768
47366808
32784737
27526900
41867272
47188647
2295436
43376737
32041576
24655228
13825821
2861564
1068008
33472377
596167
47259189
16652077
41110482
40903138
47223195
29931219
47206111
41350753
47064126
16692985
47029298
35959134
33012343
38504120
33602703
46750391
34039531
38538968
34714895
46059606
46671544
36954591
16050617
15724439
45830718
39688519
35309271
46455574
45184976
38252875
41871077
46391604
39072259
46006290
37321660
40344160
45574529
44459233
44851715
2445952
46221991
1683427
650034
40818502
36887514
40877485
37425820
43740077
45854532
37036907
502799
30664623
1564659
36614161
45720045
41569682
34595388
42698273
198897
33052341
1820663
41856164
37787672
33106804
34176815
42177082
45471556
45496067
412971
2350152
39969276
45451114
34094382
1803809
44655605
44007420
38697157
1470788
34387564
29638879
35021150
35561457
36685101
20390872
44967214
37054012
6299361
34059576
45298718
3129467
30008136
36058595
44214452
42200942
842663
2785044
2238228
45210371
43686943
34844519
37061663
37114522
15640419
43145135
45084714
36520210
45055193
45032157
45025557
44225465
44902124
31988181
3140811
32390565
36726098
408993
15583108
1477035
36660866
12128141
35787021
32390084
44643062
1406545
37313925
44114714
33495562
44554360
44585092
42056861
34297224
37609810
33650487
44502841
31654607
33565098
44442114
38095687
34315187
2566714
38067335
32444603
2995484
33455400
480783
36863105
43612058
41303431
41386918
44045534
41711478
43361976
44032142
33015800
29584654
41591751
35971388
43698619
37191019
6796441
15754928
38099266
42993963
34313704
38012361
42235052
42116343
40374533
43241343
36295327
43115315
39480855
28137
38182077
41441868
37978482
20201428
32182070
35597765
29269820
31316544
42744699
29099432
39895988
32929368
41477852
41547182
38277422
41041317
2482814
42213000
37871976
42569603
37855813
38803386
37850681
29534878
42303196
37871689
37096030
42029492
5048441
35586471
35008493
34535980
32556320
33188785
42127493
41802346
36223368
39007267
36344827
34470821
41250206
41412995
37721141
35497249
130444
1619907
35793405
20314600
30369218
37545051
41194456
33239512
41089599
40328496
40183955
40714247
2724988
35106960
38872920
40800978
2630504
35300985
1431593
36385033
40495750
32713577
33374580
40588562
2084692
36093463
32764561
35580368
40398270
40157713
40437157
37610865
31421106
3168506
38622085
2050286
36260117
40250569
40157784
33232042
31726532
40031256
39877988
39826347
35875426
39691020
39732964
27966128
38878926
34726732
1346696
8284911
20347216
30717800
35658308
37076955
38233811
34099270
311546
38614688
34261097
6490561
37836622
38858875
37873266
775272
1634403
38053993
38733844
16347220
33709600
1997
27123661
1375507
31313419
39173383
38962779
38987674
38976757
1932870
38785498
32597240
20172814
31995113
38204030
33292729
36991232
997522
38424113
30444363
38669006
32804997
38594102
38640178
30101195
38421243
36253880
169492
38486718
30007773
37722812
540439
38059708
35652721
36742325
3226353
33718067
37573495
35455309
38246013
34936371
31627450
37979101
672965
38141504
655533
33471284
34523776
37991224
24451259
38061995
37150861
38033330
38025506
33152906
38018690
38017095
2679824
29295503
35310219
37992647
37701161
37962948
37962701
37950741
37501878
37953347
36865090
1167248
36886397
33596879
27259183
20449939
27138115
6906571
33108783
29956289
1127355
36696017
34042846
32004730
3050151
892688
36068233
37804293
34768668
28094275
27122866
35757014
33046106
37684601
27298831
37513906
32775926
37686888
32263638
37299366
1308444
34306039
29541962
228748
37631762
15596225
8112301
33848599
1948356
37551670
37488592
36654419
739402
36342850
29309697
31649667
1935800
31202768
37254757
37123750
37296165
10258171
36159250
29787255
37127078
37244994
37127139
37229977
36448909
29262487
7778531
37198383
37142230
33596861
36583105
35710349
29592786
35059806
37043833
35773220
34064706
34991471
1200306
35988329
34674042
3061684
33832446
34673491
829690
36298704
2730172
498897
35482588
36543182
34372913
36655420
34218848
13797691
32554504
34385049
32698748
33307638
29752943
36432575
35956465
35690568
29902611
36593969
1898930
27380221
36581096
36327691
1684827
36591456
139713
36525623
36586573
36576032
1748193
1269605
30408425
33672786
29832069
12180721
35755127
36550565
2098068
36376935
34728637
33693219
36515770
34111873
34934984
8697461
36292045
36479005
886367
30148203
30925620
1642839
30634854
956295
36375907
36474119
34462018
31448506
1167880
31658370
308564
16069970
1861234
29622686
29175841
36444626
34154698
900542
36435178
36406535
27312238
29333654
1895100
33849889
35404855
1501254
36368416
36305051
36158078
2234476
31145374
36336240
15623990
34689214
1055997
34418902
30944046
31411482
535550
29642097
36238523
27215611
774896
1315436
499787
33608416
35390395
135120
34085850
11229861
31990831
7784011
32522806
2353958
36060471
2136142
5058081
33811255
29616322
36258303
36262477
32855727
27908659
6576801
36050166
1877530
14788301
357237
559985
36050
317567
11798
12711541
1179102
35347656
36142896
34950087
2830612
32434075
36182344
35762757
35627173
35240405
33805284
33087628
31136448
3706251
29331616
2270978
647390
3097060
