40827772
44412070
44239137
833768
47411493
484918
32676884
29931219
33667720
16652077
16692985
30283038
34664661
40903138
38504120
46619169
39688519
549311
39072259
42627888
42734274
954639
13797691
45505607
34039531
35621769
42832604
1564659
31880815
41569682
45127947
289548
2953366
33565098
12711881
36149962
33052341
37609810
44442114
775272
29638879
33455400
32444603
5815311
347700
34313704
42993963
38099266
40287750
20201428
15963179
42424264
36140039
36271156
41587978
39895988
41907077
34202335
90796
42634391
34261097
37855813
42592435
997522
38350148
1605053
29534878
35586471
34021836
36863247
37850681
37871689
40199202
5048441
39249006
36879805
30664787
32376022
40595808
36494446
37094341
37043833
41324465
301225
31421106
37619643
41783347
34110308
41714204
39828779
41657338
235720
41683713
41622781
38910283
2944724
41552743
41452758
3025749
36753181
38564916
41038108
41349230
35497249
39931678
41268741
31030722
41197966
41060137
41096713
40328496
40990078
31394077
40990236
40908765
40818891
2050286
40801268
35322329
40369823
914041
38053993
16002278
191777
255620
40630452
32235194
37794049
40593918
40582972
36776160
2630504
30717800
3168506
38866331
38622085
1310439
1942238
37987137
30004405
35580368
39936138
29185215
37234673
34633210
27966128
37076955
33194995
37873266
672965
33811255
6490561
34855714
38204030
39010033
30314130
38987674
1236224
27139687
16432171
31009306
33471284
30161279
20172814
38671488
30444363
596167
511876
34164316
38436651
38638408
36991232
38640178
37580198
38546417
38594007
30101195
38010354
38421243
36148068
1634403
35658308
30007773
35652721
27871006
2799634
36242782
34936371
35376078
31313419
33877176
34385049
37516298
695919
15797480
36719575
37516314
34854916
37991224
33881532
637781
33152906
32301946
64016
169492
38025506
140734
38018690
38017095
2679824
37104031
33156596
35310219
36742325
37992647
36583105
35652243
37701161
29071738
37212632
37962948
37962701
37150861
37501878
37953347
3126954
37950741
37722812
37779628
37939662
37928050
31656728
36865090
1167248
253940
36556814
35727758
549368
6906571
37841507
29956289
1478550
37845302
37513937
33596879
128693
37804630
1481369
34042846
20261668
37684601
32004730
30495123
37789638
37328700
35757014
31789456
15623990
37497003
27122866
32276072
36999950
1662881
37136660
35956760
29596609
1652679
37725674
36696017
37177773
37534208
34820068
2815434
149807
27239512
35356466
36990448
36905639
33738435
37299366
34306039
37624508
31649667
119376
2811256
27889049
36050
37108085
37631762
33718512
36342850
27799810
11798
559985
374221
1877530
228748
4064611
28094275
829690
32522806
32775926
16158500
15596225
37026430
34064706
1525079
36292045
15837069
36298704
16798735
35294526
33307638
32698748
36741243
33490641
36637954
2418850
35793405
385838
34098622
36572820
34785554
10520
36338474
1895100
33673234
3019374
