33610498
16073157
46471018
45525248
46057587
46345088
37078428
1450237
37864378
36753181
35951610
47389416
30348316
42027587
34656089
37962279
46537850
44412070
1785505
47651446
40574364
29777439
39410289
44519246
38065482
47619495
44536810
29650066
40168236
46301843
336159
41578923
44545745
41856164
44070277
47411493
2560106
47473590
47466546
35780359
14505171
36772578
40442860
14522191
1313728
47408424
47349661
885936
35949017
38215952
46908782
47351929
47179247
43376737
42297858
47188647
47153504
38032583
45002913
37590878
47161414
47183125
16692985
44599867
30664623
2864498
38910283
34884676
47053180
571983
36080478
34854332
45558296
35959134
34664661
36473370
37183393
40903138
596167
29266950
29931219
499787
46564196
38504120
35704433
33012343
12693151
44430385
46133173
44165505
34853053
31641561
45113964
833768
46619169
36954591
16050617
38538968
34288861
45391268
46490987
15724439
42537305
46481292
514070
35021150
1923328
45303065
38273490
37951232
40344160
42046778
31766278
1470788
45450183
46346705
46012061
1085145
35654053
46315435
45184976
37177606
37321660
40688911
38541316
46213120
45132026
40940986
952584
46212896
46287249
36496295
44459233
44851715
46214008
31923832
43078019
37788492
1008866
2707220
39007267
31887466
33740996
1672546
45770929
37036907
43885995
42586385
35621769
32775926
30008136
41569682
30696473
34595388
42698273
13825821
45205992
198897
1820663
32638739
42162600
14046131
39155143
39969276
15231521
2574908
33832904
44225465
35561457
34387564
38001692
30736887
44967214
29638879
33292729
20390872
44838960
45242473
2238228
45129219
8892541
40735688
440114
41867272
43850878
44214452
34714895
6569771
42144115
1873720
31988181
41689901
45057892
289548
30291452
41819191
35192754
31976226
36538189
41303431
36660866
408993
31525614
34176815
12128141
34844519
16158500
15587234
41998667
36132341
39442196
36466227
34271915
31007302
32390084
34297224
44513121
36161663
33461345
44125296
38095687
42056861
33565098
16169562
31070973
44442114
2728334
39517521
44425474
36808298
38067335
37839092
37313925
32444603
43538236
480783
37609810
44114714
36149962
38012361
30574224
1284048
33455400
43612058
1255710
36863105
37061663
2141954
44007420
41711478
42527675
39480855
33015800
37921378
38099266
31654607
20201428
5815311
42592435
36313076
41591751
43907326
42986642
32133313
38531018
42993963
32703125
43332102
33564612
130444
42116343
43097358
40374533
39956902
42235052
38182077
1171095
41587978
42081635
6299361
32182070
35008493
42499213
36478175
37054012
37871976
37096030
42213000
37855813
757599
42545732
35586471
40273095
42032081
36295327
5048441
37871689
37094341
36879805
32522574
41850586
41905998
41645642
41398626
41250206
33284661
35497249
2050286
33076600
27057838
40279483
37721141
35638249
40328496
35300985
39880535
39224496
33580409
24524806
39863551
31995113
38873853
31670149
341734
32405332
33194995
38233811
311546
36865090
6490561
20172814
37873266
34934984
39084348
38962779
34855714
37649575
39010033
38987674
38873710
36304422
35082686
511876
35106960
37580198
36991232
38669006
549368
31009306
38640178
30101195
31313419
522830
30007773
37516426
35652721
38351402
3226353
38246013
3109509
35641278
33152906
24252121
37516400
37516337
37991224
34281074
38061995
37516255
33471284
38036062
38018690
38017095
37212632
33156596
36115816
13446
35310219
37804293
37150861
36742325
37992647
36583105
37779628
31789456
37962701
37962948
37701161
37501878
36050
15596225
37516167
35599492
1167248
37516117
37513675
6906571
33108783
27889590
1478550
33596879
33493428
470053
37805654
35956760
36696017
35727758
37513847
27122866
37734906
37725674
36299528
2525096
37299366
331614
162188
34306039
29956289
37631762
36335729
34770777
2189616
37563071
28094275
37230188
1737273
31649667
33446198
37254757
36342850
37418301
37295846
37198383
13797691
36593969
29787255
36993647
36933046
36352288
1200306
36434583
829690
16798735
34462018
35482588
36543182
36432575
32698748
33307638
36378265
36515770
31546456
36655420
36637954
29902611
36614018
36581096
36327691
36292045
33787992
34218848
36518581
35725645
16060412
14896631
12180721
35356466
34111873
29591225
29333654
32522806
32430037
29616322
1895100
36158078
2002880
35390395
34232185
36060471
1179102
36050166
34085772
36222425
600355
33519359
14788301
36159055
1397545
395362
2234476
2811256
15559884
34767399
30161279
155881
34212482
1340482
30411022
790656
34385049
35289318
35252686
33687535
35130496
29663232
35053786
34235595
35045236
30686173
2175706
559985
497208
32044253
34773945
30242089
34719408
34472853
34701393
33811255
1085669
32662280
33778662
33158741
34622597
126300
1053903
33245263
1877530
11229861
446295
8697461
32355871
31431900
1281687
32477002
29099432
31448506
885277
34298059
29790706
841583
34040687
181052
2987484
33919366
1605053
918644
3430241
33653809
16733167
10529761
364925
18128
3536441
119376
29126540
32903624
32696144
32703694
31891560
32530061
421828
2350512
32362673
360832
32321102
571005
32217369
11798
32185103
2317446
31726764
31280173
31565323
30076337
816689
29272700
8660211
30916852
678670
662111
349648
30339768
30031037
29900359
29896194
29807862
29782790
29614346
27887782
29569298
779977
27608410
15797402
20519053
16349791
16197960
16155862
16136246
16022011
12806611
118123
15776529
15707550
168310
15667660
15610039
15412311
15083471
14424551
14115821
3457161
13956721
8674371
8445381
7176681
6531581
3751711
3404301
1666917
3219432
3136305
3078580
2747002
380610
2297110
2217484
1987706
1921136
