46057587
5292291
1929708
30692628
47999744
2782366
46345088
37962279
47995217
27715426
1450237
44350933
40574364
47930026
36413583
3136011
34884676
34656089
44239137
149574
44412070
38296369
47176019
37391952
30348316
1701337
29777439
47697321
47619495
47618663
30229260
47358620
44070277
45510587
39139537
37124606
47477154
1430045
219392
47496356
1224222
36772578
32653535
1313728
15046851
47428088
36748465
3020399
885936
38215952
39688519
47223195
47225036
14505171
16692985
37183393
44599867
37590878
47130750
2864498
35704433
42297858
38678207
30283038
47061639
40127134
47056102
34935669
47015874
46487027
32685060
37835801
46991491
41578923
34664661
5666771
36473370
46964809
3119605
43218256
38538968
40903138
29931219
1354597
46564196
38504120
954639
46133173
37938734
38218223
46579728
44165505
39886727
45113964
46692857
14522191
833768
46619169
45818068
36863105
36253880
952584
9134
42089141
45830718
42811248
46507888
15724439
46481292
46001613
46476068
514070
35293985
45521473
36775529
596167
1923328
38252875
16050617
44909802
41871077
45303065
46006290
35024888
46012061
40344160
35654053
46314871
1366361
2219624
37698826
38907515
38957184
46132779
33012343
41777543
44909512
46025386
46216072
41350753
35208076
16030160
46067854
2707220
42405041
33132170
1008866
44724275
46091660
31642395
45184976
33740996
1029377
35182649
46034804
34708704
45760437
43104337
40818502
37425820
43734740
43113031
1672546
45896058
45856997
37036907
1564659
45810375
42468526
42586385
45794456
35621769
45780702
30008136
45688392
41569682
33106804
45643839
13825821
45593089
45573792
45578492
32638739
45564429
34288861
538842
42162600
14046131
36145887
16072171
15231521
45474068
45472865
44225465
42698273
37788492
45406038
30664623
45385388
45383269
35561457
38001692
34387564
36058595
2186258
1470788
29638879
37054012
6299361
45297853
44838960
36964504
43016837
39914632
36485470
40304817
36726098
42157258
31070973
37061663
45109725
45107432
34714895
31988181
41689901
29004482
45032157
43686943
45007706
41730539
41583566
44511210
41303431
1892260
44129259
36660866
44877521
44782404
30630871
35241545
15587234
34176815
44789299
34844519
33279450
771064
36496295
44754418
35787021
34856429
42279793
31172637
39442196
44283738
36466227
36132341
38441833
34297224
1406545
44621843
2089848
44513121
42056861
41170699
36161663
44114714
37114522
2995484
8329381
33461345
38012361
336159
44502841
31976226
40498342
43612058
43610974
35008493
38067335
37313925
33565098
44173792
38095687
39517521
20390872
44442114
36386163
40894369
34315187
36645695
41514691
34243702
480783
32444603
37937293
37609810
32390084
33455400
41103846
33748078
2145458
12377541
2141954
34254434
33654963
43986657
44007420
39480855
1255710
29584654
1910430
31654607
31525614
36295327
32761184
36165552
31248312
36313076
34829884
36177229
43821616
43862187
5815311
38531018
32133313
31766278
42986642
32703125
33719411
41250206
43698619
29270675
43332102
38410704
2810584
42993963
38099266
175863
34725190
20201428
42183578
37921378
39969276
42773285
1146169
43249130
38594007
33062685
43102877
37042692
41587978
42592435
43088536
30518547
40982320
31932246
32182070
32603445
35597765
37111569
36478175
30551173
41547182
42699716
2811256
37881385
42116343
35783624
37855813
42504952
40273095
39423203
3228871
16163291
39776010
27453715
32866452
36233832
41041317
15706969
36746727
37045120
37096030
33211844
33188785
35586471
39644011
35531087
36879805
41850586
41477852
1496505
41905998
41805046
33015800
31007302
842663
39498303
34612997
34427918
1295513
40287750
31916219
6947111
35497249
41618405
41645642
35793405
41398626
35310144
2944724
31030722
37721141
36168038
41282639
41056220
32647929
1619907
41016923
40328496
35376078
40864256
35322329
40687190
15726649
1648406
36776160
31677098
1373118
38866331
1584313
2050286
38862178
33432979
33232042
1291615
34168714
29794300
39892986
39858752
39826347
38141202
31995113
15752957
38873853
34099270
37049902
39595747
38885697
37418291
33194995
33881532
311546
38053993
593743
38689323
39206715
37873266
34855714
38962779
487840
39010033
36838004
33471284
16432171
34548976
36991232
20172814
24510306
29185215
37649718
37516502
35106960
522830
511876
31009306
38669006
38640178
1634403
38631141
30444363
37580198
33292729
37930916
38209809
34934984
33043160
31120081
38570373
38546417
37885598
2230652
38424129
30007773
37516426
35652721
37555318
531655
38206730
37573495
38246013
36791991
27871006
3109509
35104103
32761143
37979149
24252121
38017722
37823935
38141504
31313419
655533
37516400
16347181
36625764
169492
672965
37516337
32043628
37991224
38061995
37516255
38017095
35310219
35727758
16333216
14962591
36693868
37967034
29596609
37962948
37516167
35128978
37262792
1275523
36556814
37722812
37516117
37694265
36865090
15743657
306225
34481284
37513675
34844369
36654419
6906571
33108783
1478550
33493428
34042846
37684601
36696017
35757014
27122866
37624508
28094275
37734906
37593386
37728953
36990448
34306039
37701161
37513906
35575651
34257553
228748
35997913
36299528
36886397
29956289
37631762
36335729
13825351
34649292
33848599
1688338
37551670
31535856
35141024
829690
32775926
37311097
1737273
16158500
2189616
35956760
33596879
36768721
36342850
15596225
37254757
37230188
31649667
33446198
37296165
4064611
13797691
663774
37332488
37127078
15974211
34103337
36120562
34810223
37248556
33618340
1403084
36525623
37127139
37235728
37222860
29388434
33791742
31670149
33596861
37142230
36583105
1297994
3067517
37043833
30991006
5229951
1126892
36434583
36842978
29889111
31186639
36762829
32698748
34962537
35045608
16798735
36543182
34514115
36655420
1421446
33307638
32554504
36263795
32004730
36432575
34390150
3057643
31757003
35482588
1797913
29902611
36581096
36292045
36266626
30280713
32023184
32313983
36503942
36479005
31797942
3817921
36474119
36318098
34492179
308564
36444626
32430037
10729131
29832069
36406535
597538
24281495
1895100
33849889
5981211
36328847
36368416
35246303
1630592
36340477
2353958
36297461
33713157
36167597
36117148
36238523
36142896
14788301
34820068
1612046
33519359
2288902
29624833
32306230
32961177
245725
35390395
36118183
1397545
32522806
32935830
542545
11220
5109041
29616322
3053542
35951882
35948177
35976180
27757705
30161279
35810523
28138697
34240403
35708590
35708664
35708677
35708767
35701108
20326693
35472453
31627400
35468845
35468709
34819320
35468549
2194976
8415311
9965971
11744331
35468631
15652765
34174720
886367
34988835
243019
35453597
35411159
34212482
35126316
35126052
1340482
34385049
3206749
35125585
35120296
35120100
35120038
35119871
32520885
35030837
11814541
1940432
35040168
31032918
475697
35086110
1549960
34008691
34751894
385838
6541621
35053786
7221621
33968532
33681736
32200260
16805836
86038
34921869
30686173
27274060
559985
34818170
32662280
34777481
34550896
34642603
497208
34581334
31698606
2621356
34494535
34751237
27627238
34426496
32496777
31448781
6880751
1397526
1085669
34593850
34680373
34607120
34607069
34686224
34683291
31479009
20202538
34679900
15777277
1806057
32426210
36050
1999898
126300
32931021
1746007
34599585
34108572
34258105
34622597
34498888
1585586
34613072
1582216
13943411
34096052
32044253
27871309
34608438
309205
34343676
15746830
32919319
1091619
34592729
33075351
243251
27899415
438543
65177
30307841
10887981
27115000
11229861
34549363
3057703
34540994
34213184
30633761
30242089
1281687
2257306
1168460
31328625
33811255
34344499
2531326
31431900
73744
34457871
33756626
33480281
1740381
33990343
32898389
33862921
151897
2540256
1232416
33699388
29528004
31644084
34402408
34393332
446295
30107135
447522
29091894
1078333
8697461
30173618
1610058
764211
31448506
32355871
32496446
27239512
30064861
34269952
33687535
33815643
32366026
353810
11798
34244887
32543426
1095896
34198658
31146427
224851
33450215
4056571
1112602
34234997
34022013
1612850
34194247
1053903
1110624
32614942
34094217
34181080
33158741
29831504
34120121
34119924
852997
29233080
34037563
29615695
34111316
3536441
34102508
2728334
34095794
34094795
7430491
627356
34068653
966436
34057308
2568432
34040562
1898766
267633
1609047
34022153
3107635
4099001
32307946
784143
1450750
2446434
33950943
32300584
16141632
823835
1418622
30173175
33895659
32495626
16152668
16101208
1597760
33793607
3184993
688618
32092705
1986698
30223052
29663232
33156589
1385253
12064581
342613
32299314
33771141
33753878
656360
2781112
31831542
1893504
2380876
29610149
33735973
33720587
32469717
29124792
33117061
31778611
31760758
33438780
29119740
33212508
33548487
32469392
848326
32895407
32791811
33108471
2688970
992829
33452362
15623990
16029199
33208982
32366213
32556123
18128
1398925
33228741
119376
15811258
1443249
32892341
32923155
29126540
14177871
16758676
29099868
32472485
20492716
1673453
32310145
2000322
32217369
2350512
32209800
32163624
30100405
1519143
29169169
31930598
31573251
31460896
31460780
31460621
31463958
1877530
1179102
31762675
13479141
31300272
3136674
16695088
31422398
909097
181052
4064581
29965545
458281
1899896
30769359
15721556
15781038
29786941
4170371
381826
349648
20171230
2267930
30305457
574426
30253633
10754731
37712
660465
2244710
15814942
29219470
16749982
29811414
15608768
2987484
1712001
1781105
1073522
868969
790656
887471
29099432
399240
349574
27695374
3073518
27919520
15816217
2095300
16066789
4984491
270968
51268
27534883
2702790
14164921
27544591
27469399
20373052
441254
3158603
5200071
9762811
15684306
1842916
5201071
5856431
64016
8811751
7659271
7671121
781121
996817
3528631
723086
1167248
680109
2400158
1220732
1159676
444517
1614256
115914
605677
195241
139713
1524135
935968
322926
462793
1314013
109049
168480
199193
943501
493320
203048
737186
262121
347055
264454
61399
378152
12924
