9134
11798
26105
36050
119376
149574
350737
497208
514070
559985
571983
596167
690071
735157
833768
885936
954639
979013
1126892
1200306
1354597
1368322
1430045
1443249
1458875
1474421
1634403
1701337
1964526
2050286
2756024
3020399
3190499
4937111
5292291
5493261
6299361
11967091
12204791
13797691
13825821
14505171
15238601
15596225
15724439
16050617
16652077
16692985
20172814
21184532
21251500
21385597
21451359
21457542
21492706
21573094
21996510
22069372
22252994
22750591
22750715
22865263
22872175
22882344
22946487
23163521
23266589
23548641
23591533
23594473
23594484
23604551
23650846
23665601
23855538
23880474
24127490
24175489
24334743
24377787
24448587
24608945
24655228
24682055
24980431
25172549
25381563
27962017
28094275
29027196
29145300
29266950
29541566
29650066
29678294
29679201
29829293
29894728
29931219
30095377
30136276
30205043
30229260
30246529
30251532
30283038
30348316
30664623
30692628
31140147
31421201
31448506
31622964
31641561
31660678
31759977
31766278
31781162
31831267
32444603
32602742
32638739
32653535
32685060
32685455
32729045
32845101
32951603
33012343
33052341
33072830
33258697
33298365
33312225
33887023
34161684
34268940
34277316
34439726
34595388
34607339
34656089
34664661
34755810
34867697
34931848
35008493
35024888
35027686
35134764
35322329
35356466
35580368
35586471
35630430
35648534
35703455
35704433
35780359
35793405
35867886
35949017
35959134
36058595
36073279
36080478
36249297
36253880
36274227
36342408
36353300
36422432
36647333
36660866
36748465
36938953
36969040
37054012
37061663
37124606
37183393
37294857
37314712
37350815
37391952
37495749
37545704
37590878
37808009
37847929
38065482
38095687
38133407
38181860
38188975
38254966
38502299
38504120
38535689
38578175
38594007
38721735
39358608
39423203
39645605
39688519
40101476
40144078
40168236
40302253
40328496
40376269
40545787
40574364
40818502
40903138
41285607
41473737
41591751
41630304
41651433
41709942
41856164
42046778
42297858
42405041
42698273
42993963
43001894
43060808
43158835
43184223
43791882
43837163
44070277
44165505
44190163
44235508
44474780
44519246
44523735
44599867
45002913
45023377
45391268
45525248
45558296
45692230
45803840
45830718
45908079
46001613
46006290
46132779
46133173
46153013
46219823
46323667
46487027
46575259
46607562
46635654
46670601
46694091
46719510
46795141
46936911
46972263
47022912
47040519
47053180
47073685
47079673
47131837
47153504
47161414
47167119
47177102
47188647
47223195
47227341
47244423
47408424
47411493
47427344
47496356
47559898
47651430
47705390
47799520
47982553
