11798
36050
48416
83896
119376
120293
126300
190795
193832
289548
313488
323698
340159
350737
408993
466230
471278
484918
538859
559985
596167
771064
833768
876337
885936
939578
997522
1006048
1046638
1107929
1146459
1171095
1200306
1255710
1313728
1315195
1354597
1430045
1460367
1463902
1470788
1477035
1505565
1571432
1620526
1634403
1656484
1659151
1707693
1709978
1799811
1848222
1873720
1877530
1892260
1895100
1946566
1960346
2050286
2238228
2534466
2538938
2630504
2722854
2738540
2785044
2811256
2861564
3055894
3175812
3349481
4893821
5815311
6002901
6299361
6569771
6785521
7011261
7784011
8604821
8620191
8892541
9361461
10660141
11229861
11967091
12128141
12711881
13797691
13825821
14046131
14522191
15231521
15587234
15596225
15623990
15671315
15706969
15752220
15994542
16072171
16109198
16117522
16169562
16450480
16692985
19231597
20172814
20390872
24655228
27057838
27176269
27634159
29004482
29015921
29076750
29102340
29226796
29287180
29317550
29534878
29638879
29810412
29931219
30007773
30008136
30136276
30161279
30430820
30549972
30696473
30736887
31070973
31082396
31172140
31367431
31432310
31448506
31525614
31641561
31654607
31766278
31887466
31988181
32041576
32047423
32133313
32288681
32304660
32356740
32390084
32390565
32444603
32457057
32547426
32556387
32638739
32747470
32775926
32878035
33015800
33028937
33052341
33106804
33155597
33155967
33263363
33292729
33455400
33461345
33565098
33618340
33667720
33726771
33740996
33816330
34021836
34134004
34176815
34268940
34297224
34387564
34656089
34664661
34715859
34725190
34844519
34853053
34935669
35008493
35191439
35192754
35279376
35322329
35393605
35417620
35497249
35561457
35580368
35586471
35621769
35640554
35757014
35787021
35949017
35959134
35976020
36058595
36132341
36145887
36149962
36161663
36203865
36313076
36359674
36386163
36466227
36468700
36538189
36557501
36561605
36583105
36633842
36660866
36663285
36726098
36863105
36912670
36954591
36957144
37043833
37054012
37061663
37096030
37114522
37183393
37251405
37313925
37413241
37459399
37545051
37546190
37609810
37619643
37654088
37721141
37758960
37850681
37937240
38012361
38067335
38095687
38170311
38209265
38215952
38504120
38538968
38594007
38606502
38630457
39128817
39155143
39170812
39255036
39373648
39403372
39480855
39498303
39648620
39969276
40168236
40213118
40304817
40328496
40442860
40479611
40648907
40735688
40903138
40982320
41062588
41170699
41199637
41250206
41285607
41303431
41326446
41583566
41688552
41689901
41818793
41856164
41864342
41963216
42056861
42116343
42144115
42162600
42177082
42200942
42213000
42213061
42279793
42297858
42354468
42405041
42452426
42499213
42581711
42584673
42586385
42592435
42698273
42726156
42913775
42993963
43021651
43253587
43319601
43376737
43519671
43547783
43612058
43649202
43680919
43686943
43712100
43885995
43905654
43956145
43973375
43982336
44007420
44070277
44114714
44129259
44235508
44248822
44259241
44270317
44442114
44474780
44513121
44572569
44599867
44775968
44838960
44902124
44967214
45002913
45027825
45084328
45107432
45107850
45297853
45316213
45362797
45447015
45519214
45564429
45593089
45643839
45688392
45780702
45794456
46409715
46487027
46659603
46692857
46734922
46964809
47101780
47188647
47193351
47223195
47253962
47318977
47338444
47349661
47388175
47428088
47485355
47516881
47531637
47586679
47587708
47628530
47651430
47652679
47673982
