11798
28548
36050
119376
149807
154501
156376
181052
191777
193832
228748
253770
347700
480783
511876
549368
559985
585962
596167
655533
672965
952584
954639
997522
1029377
1085145
1167248
1200306
1460367
1470788
1478550
1564659
1610948
1634403
1737273
1873720
1877530
1895100
1942238
2050286
2630504
2811256
2815434
2831258
3014848
3109509
3168506
4098391
5815311
6299361
6490561
6906571
7708711
12128141
13797691
15596225
15724439
16002278
16050617
16072171
16099995
16432171
16494700
16575364
16692985
20172814
20261668
20390872
20505799
21337625
21448636
21457542
21462625
21677600
21793170
22023121
22262576
22586741
22696630
22774732
22942950
23025240
23117210
23179751
23264064
23312471
23393295
23423006
23440636
23536260
23602266
23650846
23709088
23941561
24026928
24039978
24116962
24127490
24181303
24207256
24281495
24294931
24364408
24416160
24448587
24451117
24464773
24507648
24555410
24565675
24655228
24829707
24865086
24885680
24912252
24964358
24991048
25077571
25134198
25162422
25172549
25233752
25258830
25259045
25376096
27239512
27453715
28005465
28176310
29131195
29592786
29596609
29638879
29729149
29870016
29883318
29931219
29946473
29956289
30008136
30050560
30101195
30161279
30283038
30369218
30385506
30444363
30616629
30664623
30808513
31007302
31009306
31104686
31313419
31314215
31349979
31421106
31649667
31650239
31656728
31766278
31789456
31887466
32031508
32325098
32353250
32444603
32454918
32522806
32775926
32854013
33004543
33012343
33015800
33052341
33106804
33152906
33232042
33292729
33446198
33455400
33471284
33565098
33618340
33738435
33811255
34021836
34151490
34176815
34202335
34268940
34288861
34297224
34360203
34385049
34422549
34460855
34548501
34562915
34714895
34768668
34844519
34854916
34886224
34936371
34947124
35008493
35047997
35117875
35129029
35208076
35279376
35294013
35356466
35376078
35455309
35497249
35580368
35586471
35654053
35658308
35727758
35743322
35757014
35787021
35793405
35956760
36010457
36148068
36223368
36225038
36253880
36292045
36299240
36299528
36313076
36317553
36475886
36509586
36556814
36583105
36660866
36663285
36696017
36719575
36748613
36783488
36813055
36865090
36879805
36886397
36954955
36990448
36991232
37054012
37061663
37076955
37098117
37108085
37123750
37162530
37212632
37221599
37230188
37250963
37253745
37290276
37293801
37296920
37299366
37307095
37328700
37389267
37425820
37495749
37513937
37545051
37580198
37609810
37619643
37631762
37684601
37722812
37725674
37788492
37836622
37842049
37850681
37853514
37871689
37873266
37946689
37951232
37962948
37979101
37996929
38003559
38034973
38059708
38061995
38095687
38141504
38181860
38182077
38198062
38204030
38233811
38353535
38421243
38483502
38533465
38538968
38546417
38564916
38579246
38594007
38622085
38640178
38718181
38858875
38870132
38924522
38957184
38962779
38990171
39002399
39007267
39010033
39098781
39392578
39454963
39489443
39498303
39525009
39573295
39584269
39608793
39667683
39688519
39692938
39697834
39698843
39730758
39783372
39826347
39827815
39950919
39958511
40098891
40101476
40287750
40328496
40344160
40421756
40714247
40940986
41131480
41250206
41278693
41278898
41399161
41521473
41536025
41569682
41582800
41645642
41730539
41763343
41871077
41905998
41910368
42213061
42213068
42369826
42447539
42468060
42468526
42584673
42586385
42592435
42664950
42699517
42723564
42752459
42855390
42993963
43078019
43104337
43140992
43165648
43184223
43376737
43441212
43565942
43686943
43698619
43712100
43740077
43841276
43956145
44030022
44053572
44076500
44152988
44165505
44412070
44430385
44459233
44513121
44774354
44851715
45043488
45107850
45113964
45184976
45450183
45671028
45818068
45830718
45883866
46001613
46006290
46012061
46079962
46186765
46213120
46219823
46315435
46465268
46502697
46527229
46619169
46780168
