40818502
975165
35793405
40574364
37962279
30692628
1092136
47752135
30136276
690071
44474780
30229260
38385633
1430045
37054012
29650066
869561
37391952
1701337
885936
47122833
31448506
1313728
47461312
37183393
14505171
26105
44002156
787957
2238228
47378292
47131837
833768
47349661
40328496
47188647
43868759
2631490
28094275
33794697
32041576
38215952
31140147
47179247
34439726
13825821
514070
45002913
46312370
33472377
3020399
40903138
15596225
47223195
16652077
789336
35949017
45525248
30283038
11967091
36058595
47022912
1200306
46132779
46972263
42297858
30664623
33012343
596167
37061663
29931219
16692985
45023377
35586471
38504120
34656089
39645605
34844519
44165505
38594007
35356466
13797691
1634403
43060808
954639
119376
2050286
34161684
4581761
36660866
16050617
44235508
46001613
35008493
38087037
35580368
350737
39231832
20172814
6299361
33887023
46140584
559985
11798
31660678
36050
24448587
44548579
40290809
24127490
40350786
