4
10
11
13
14
16
17
21
22
23
24
26
27
28
29
31
34
36
37
38
39
40
41
42
43
44
46
51
52
53
54
55
58
59
271
470
1064
1253
1396
1661
2293
2833
3003
5054
6679
6862
7372
8230
8263
9134
10487
10520
10881
11220
11600
11798
12148
13446
14190
15414
16006
17341
17389
17783
18128
18698
19021
20064
24989
26105
27391
28137
30754
32666
36050
37102
39450
44325
44897
48131
48909
50293
55188
56798
57028
57429
58238
63647
64135
65062
65177
65445
73744
75103
76044
76245
77224
78433
81747
83284
83440
83651
88025
90310
90796
93640
96743
98548
102083
102527
109672
110197
112155
112629
113973
117520
119376
121936
123022
128693
130444
131074
132137
139524
139709
140075
143639
144453
145769
149574
154222
156376
158963
159073
162369
163171
166653
167587
169492
173274
173684
180294
181052
183485
183767
188680
191158
193832
195008
195104
198897
202810
204536
206534
210233
216144
216160
219392
226498
226846
228748
230737
233204
235720
237418
238558
239964
243717
243750
245810
253688
253770
259587
260869
262103
262763
265732
266915
267648
269343
274206
277351
278077
278193
278778
279202
279935
286325
286780
288439
289548
290140
294775
296092
297101
301013
306442
309048
310223
310796
311505
313488
313667
314317
316134
316407
317197
318325
319171
325649
326443
334628
336159
337687
338669
339390
341756
346589
347700
348802
350737
352990
356041
356961
357736
357778
359395
361367
361418
361926
370225
370911
372677
374221
375193
377897
384629
385838
390411
391318
396410
400322
406610
407393
414862
416371
418756
419147
423574
429966
434713
440114
442140
445550
446529
454944
456617
456957
463958
469825
475029
475321
475697
476092
477713
478879
483044
483226
484280
484918
490693
494835
502799
511876
514070
514841
518394
518994
521987
522830
526005
531655
536554
539692
539937
544729
545149
549119
553112
555877
559985
563972
565324
569094
573243
588088
590561
594787
595215
596167
597881
599906
600355
611702
611709
614442
614988
619151
620403
625027
632142
637796
640680
645654
646319
649469
656158
660465
672965
675521
677037
690071
692889
704804
710215
725947
744687
747359
747709
749226
749247
754161
756468
757429
757599
758065
771064
772230
775272
780674
784244
787957
790656
792623
802847
804235
806183
812380
816270
817141
833575
833768
833822
834022
837162
842663
843392
857179
862079
868144
879861
884061
885936
886151
886367
887116
889807
892387
897175
904061
907173
912871
914385
914936
916233
922119
922681
947424
952584
954437
954477
954639
968015
975165
976580
976952
979013
986947
987929
992829
998957
999339
1000103
1006258
1007746
1025083
1030937
1034763
1036839
1047467
1051286
1053903
1056962
1068008
1070510
1071516
1074794
1077553
1080527
1085145
1088701
1092136
1093526
1096416
1106749
1110563
1120639
1123205
1126903
1129829
1136495
1140447
1146459
1149124
1149811
1156417
1162459
1164393
1167248
1171095
1183427
1187165
1192331
1194427
1195626
1198813
1200306
1208243
1216723
1222804
1235208
1236224
1239972
1243368
1254215
1256153
1279321
1284048
1311660
1313728
1315436
1338095
1340482
1341149
1354597
1368322
1390419
1398529
1430045
1443982
1445832
1451909
1456488
1470788
1471513
1471893
1472806
1474421
1480870
1492302
1496505
1497959
1503461
1503553
1510906
1517084
1537768
1546518
1564659
1571432
1575921
1578106
1592207
1599792
1615461
1621375
1630966
1634403
1639228
1642310
1648582
1659295
1661700
1661822
1669502
1670400
1671194
1672026
1673568
1675508
1677531
1684998
1686524
1699234
1699660
1701337
1701575
1719692
1720014
1720935
1723820
1724565
1734019
1766941
1775253
1775569
1812889
1823053
1827236
1834498
1834562
1844576
1873720
1877530
1892260
1902060
1903292
1923328
1932138
1934826
1959860
1975098
2013306
2030918
2050286
2057194
2066900
2162046
2162396
2182600
2205364
2219624
2226490
2227096
2227824
2251142
2252198
2269306
2303488
2306130
2324744
2364434
2365508
2412222
2429876
2438036
2495426
2521274
2523534
2560106
2563220
2566714
2574908
2583942
2597636
2625024
2636336
2648196
2689610
2707220
2721352
2724872
2744810
2777454
2827104
2827480
2831388
2836434
2850924
2851182
2854614
2859554
2864498
2866518
2888784
2896550
2914670
2942492
2943264
2945202
2960298
3002476
3016297
3022921
3024929
3025954
3032431
3034532
3043392
3049907
3062816
3064114
3088062
3092299
3101490
3119206
3122373
3130951
3136011
3140811
3168700
3172664
3174008
3192724
3220506
3226353
3373881
3557951
3598061
3814771
3931101
4045281
4201171
4223511
4575811
4628221
4694251
4720381
4768471
4917821
4993381
5082351
5199211
5375001
5460651
5477351
5591351
5593911
5603241
5606661
5788381
5797771
5958551
6085781
6109961
6299361
6373591
6499981
6558191
6569771
6644511
6654481
6734001
6935141
6947111
7011261
7074961
7081891
7086231
7090751
7134721
7147071
7158451
7211261
7373991
7602851
7676931
7853871
7876371
8002661
8113001
8174081
8450161
8537901
8577901
8892541
8898841
8956761
9035721
9213121
9361461
9948181
9965971
9976211
10238631
10400551
10512181
10601321
10668511
10814411
10825091
10941671
10950551
10988401
11016051
11197841
11296961
11373711
11406731
11507611
11515201
11744331
11752141
11753871
11809591
11967091
12101241
12111721
12197821
12276241
12459501
13797691
13825821
13959421
14000441
14046131
14251621
14261141
14379241
14449321
14464261
14505171
14522191
14596871
14634791
14658981
14731311
14788301
14938371
14950211
15046851
15102371
15231521
15349881
15386791
15407291
15420311
15582312
15583108
15587234
15594766
15596225
15602343
15611881
15613541
15615189
15623990
15640419
15640799
15652765
15671315
15684676
15692825
15710218
15724439
15735168
15738126
15752016
15752435
15782834
15789805
15829823
15834143
15963179
15981733
15997048
16009902
16028388
16030160
16054127
16072171
16073157
16075566
16084020
16097008
16099995
16105336
16107040
16118909
16127809
16131856
16137460
16145559
16161882
16168205
16170512
16174613
16187074
16213182
16224097
16273870
16281223
16370623
16394092
16444381
16457329
16467337
16507216
16563358
16652077
16666969
16692985
16710268
16755772
16764574
16809148
17358418
17987896
18720697
18785815
20166991
20172814
20201428
20328433
20329657
20331820
20450740
20478610
20505799
20508721
20529232
20531353
20724031
20810700
21614119
22033382
22765193
22979509
24448587
24655228
27009985
27089110
27092449
27122866
27128602
27140497
27156520
27183946
27222079
27242581
27243754
27304948
27324685
27347215
27364744
27397792
27417679
27449548
27507784
27508093
27550213
27581353
27629623
27694312
27715426
27753742
27789274
27799810
27814894
27871383
27878605
27946325
27959852
27963076
29002891
29004482
29009065
29015921
29023105
29027196
29047508
29071738
29073876
29077421
29080328
29082263
29099432
29099846
29106706
29131195
29153220
29170535
29173895
29191617
29204597
29210845
29217144
29250137
29252948
29290600
29304995
29307323
29310726
29311243
29317550
29327353
29503023
29513431
29519541
29546835
29554701
29562754
29564986
29572773
29579428
29629710
29638879
29639158
29650066
29755139
29777439
29810412
29810817
29813854
29815920
29889801
29896313
29902611
29923884
29926640
29928965
29931219
29933752
29965305
29991367
30008136
30008796
30010836
30059327
30136276
30251532
30283038
30291452
30388753
30392498
30430820
30431450
30440362
30446670
30484191
30514259
30529730
30549617
30565901
30596458
30614743
30671791
30679209
30692628
30726248
30736887
30774565
30776898
30787053
30793280
30813280
30828256
30835196
30884919
30896737
30914879
30948944
30959763
30977520
30984761
31017565
31020335
31032137
31040635
31068752
31082396
31089854
31128614
31130900
31131833
31140147
31155103
31172140
31172637
31197848
31205188
31248009
31248065
31250638
31253909
31296846
31319252
31361336
31365702
31372272
31394077
31408319
31409774
31414309
31421106
31432212
31432310
31452368
31471104
31484816
31500860
31525614
31529449
31534848
31539632
31543514
31548792
31549745
31551646
31560870
31567807
31585248
31630323
31642465
31654607
31660678
31671909
31673430
31683324
31684917
31696042
31718060
31747800
31748986
31759977
31761068
31766278
31773402
31781162
31797942
31821114
31856196
31861007
31864717
31870936
31875348
31879493
31880815
31882301
31884662
31887466
31887697
31894253
31898212
31901303
31916219
31964758
31965164
31974640
31986666
32016191
32023717
32029613
32030533
32041576
32067831
32080331
32119883
32125553
32133313
32163760
32206597
32238231
32246575
32249085
32268128
32268420
32272739
32281100
32288681
32299314
32301681
32302017
32306543
32315397
32333116
32373868
32377365
32390084
32390437
32430037
32444603
32476761
32483482
32493978
32512868
32543426
32556320
32560799
32561562
32572284
32586215
32597240
32603445
32614267
32615633
32626780
32638739
32647929
32650782
32676884
32699705
32703125
32718935
32722142
32724057
32724775
32747470
32752087
32762417
32766058
32766292
32775498
32786124
32787535
32795197
32819524
32820417
32823055
32825687
32826499
32842748
32849169
32868740
32924686
33002152
33015800
33028865
33028937
33032038
33052341
33106804
33114324
33132170
33137913
33146438
33149140
33152906
33159288
33167125
33168918
33178978
33179635
33205347
33212535
33236217
33236653
33247409
33258697
33269308
33270605
33276191
33278514
33279450
33283510
33298365
33306221
33307262
33307638
33329099
33333932
33359260
33363448
33371643
33372140
33375253
33430228
33431612
33433065
33433912
33438471
33453663
33455400
33461345
33490376
33495562
33500587
33503543
33537616
33551478
33552771
33553623
33565098
33567901
33583715
33591923
33599119
33602703
33605464
33618340
33620027
33644561
33650487
33654851
33667720
33671938
33672786
33711876
33713006
33719054
33719885
33726771
33743998
33765451
33811255
33816330
33820495
33827049
33832904
33842382
33843176
33860932
33876325
33880811
33881883
33931225
33958611
33967482
33979702
33982731
34000110
34013992
34014023
34021836
34029339
34031594
34039531
34059576
34077065
34085676
34093276
34094382
34098846
34110308
34111594
34116810
34121641
34134004
34168547
34176815
34196472
34245765
34253782
34266439
34271915
34281074
34282381
34285713
34288861
34297224
34305057
34306039
34306321
34313704
34314960
34317415
34321591
34325371
34334606
34352584
34354588
34360203
34385049
34387564
34389310
34403078
34418751
34432163
34440335
34449206
34462018
34466369
34466402
34481713
34487570
34491726
34498981
34511692
34512328
34520336
34520895
34524385
34535980
34548976
34550986
34571044
34595388
34620397
34623214
34634128
34656089
34664661
34668616
34704798
34708704
34709057
34714895
34744982
34753774
34767125
34767634
34769906
34789727
34815842
34820068
34829884
34844369
34844519
34850744
34853053
34867697
34868094
34873497
34914963
34943141
34947124
34960316
34962537
34973867
34977221
34979523
34980528
35008493
35021150
35024888
35029355
35044288
35049478
35051047
35053786
35056694
35084072
35084304
35096518
35126582
35127044
35130958
35134764
35160490
35163118
35166066
35180320
35181315
35182649
35186315
35191439
35192754
35199195
35240960
35241545
35245209
35249740
35257421
35277072
35279376
35284656
35290150
35296632
35300210
35310395
35315526
35317334
35322329
35326018
35335689
35344054
35344812
35345360
35356466
35366575
35372757
35390395
35417620
35417834
35459255
35468714
35471685
35480820
35480995
35482120
35488521
35491226
35499754
35505555
35514614
35521013
35531328
35532108
35537506
35547039
35549764
35552136
35561457
35580368
35585297
35586471
35589799
35594895
35617157
35623352
35638176
35656016
35658308
35669250
35677310
35678047
35700964
35703274
35703455
35704433
35710369
35721107
35733175
35749953
35755669
35757014
35761113
35776140
35787021
35793405
35816075
35829902
35852827
35867886
35874337
35887864
35889331
35889893
35906528
35919873
35933887
35935521
35944731
35948177
35959134
35965164
35971388
35976020
35981618
36007427
36024561
36035431
36039555
36042022
36055964
36058595
36060602
36061514
36077410
36080478
36092519
36093463
36094392
36115182
36117710
36125755
36131473
36132341
36139558
36142896
36143876
36149962
36177229
36180595
36190907
36197702
36203306
36214250
36222729
36230720
36233947
36241754
36242980
36253430
36253880
36255481
36266626
36271156
36275342
36282658
36286132
36286822
36291235
36292220
36295327
36299528
36300336
36303628
36304422
36317553
36320428
36335589
36340318
36341590
36353300
36359709
36366931
36370607
36394019
36400299
36402407
36405493
36409067
36410518
36413583
36419886
36434146
36437426
36449254
36449380
36469941
36481637
36485470
36489601
36496295
36523232
36527696
36538189
36554995
36561605
36583105
36584328
36606574
36614252
36621277
36643797
36660866
36664238
36682050
36682596
36685011
36687407
36692597
36693868
36696017
36701042
36726098
36730119
36730561
36741055
36746727
36749107
36753181
36758043
36766421
36777790
36783052
36791068
36792136
36792599
36800152
36804885
36808298
36811176
36834476
36838596
36839991
36846620
36851315
36859743
36887514
36893526
36900459
36901530
36925117
36934797
36947411
36952015
36954591
36956789
36956799
36964504
36995972
37001434
37005980
37006981
37036907
37043833
37048405
37054012
37058800
37061663
37076955
37098117
37102501
37112442
37117433
37117582
37140982
37142382
37150861
37177606
37177773
37178045
37180271
37182175
37183393
37197602
37199454
37201219
37217453
37223289
37224771
37265652
37270043
37282818
37295817
37297552
37307355
37313925
37314712
37319575
37321660
37332376
37332488
37336000
37341234
37349049
37365283
37399262
37404001
37409164
37413241
37416830
37424273
37426813
37429872
37431417
37452015
37457331
37459410
37467198
37467782
37471282
37473305
37473991
37493677
37522074
37541334
37545704
37546190
37564399
37568933
37576455
37586053
37590552
37590878
37603651
37603730
37609810
37623069
37641573
37649449
37649718
37658138
37665623
37668966
37675919
37681738
37690739
37718638
37727399
37748639
37750044
37750750
37775536
37781737
37788492
37794049
37797944
37820613
37830402
37840647
37846792
37850322
37871563
37885530
37918277
37921378
37928042
37929556
37937240
37951232
37953907
37959406
37962279
37964412
37971440
37974411
37987137
38000457
38001692
38013744
38016812
38032583
38034973
38037858
38065482
38067214
38067335
38071820
38082292
38095687
38098784
38099266
38101457
38105214
38107984
38108556
38127417
38128193
38133407
38136270
38139013
38139462
38141202
38158495
38181860
38182077
38183281
38185184
38186706
38188989
38197268
38204030
38206511
38215952
38227316
38238455
38239400
38250855
38251952
38258171
38290401
38296369
38300443
38302428
38352625
38361319
38385633
38390047
38391762
38413069
38421243
38439421
38441833
38454053
38458859
38495580
38500832
38502299
38504120
38508273
38526781
38531018
38535689
38538968
38550002
38563039
38566610
38579094
38579246
38580835
38593543
38594007
38607770
38611319
38626060
38630097
38633776
38640667
38653950
38673309
38678207
38697157
38701668
38705201
38745652
38753165
38763753
38808141
38854994
38860322
38870132
38903722
38918479
38930625
38931817
38957184
38958050
38975205
39002189
39006234
39009764
39011023
39012655
39022392
39039170
39041563
39056349
39060558
39072259
39083943
39100158
39102040
39117598
39118454
39125648
39128809
39149585
39155143
39161468
39193270
39195327
39198616
39243483
39249006
39255036
39255642
39257639
39282866
39300926
39305017
39310677
39327860
39354233
39360762
39369587
39373492
39374179
39380507
39389456
39413874
39414759
39471707
39479048
39480855
39498303
39504905
39578140
39581020
39583157
39584459
39603362
39605832
39605929
39608793
39613812
39614562
39621372
39623249
39631002
39634426
39647536
39670270
39692938
39702608
39702688
39720820
39750978
39817498
39818209
39826543
39832060
39834708
39853044
39855206
39861585
39876830
39880797
39886727
39904765
39908880
39914632
39922367
39933061
39963370
39969276
39969551
40023910
40031861
40101183
40101476
40116294
40118531
40145129
40152266
40158083
40166136
40168236
40178038
40183722
40201082
40225654
40227824
40232211
40242367
40246466
40255440
40262073
40271736
40286802
40304817
40328496
40369823
40375763
40376269
40390485
40404613
40405242
40426903
40436877
40442860
40463327
40464318
40479611
40487267
40498342
40517135
40521804
40523916
40553349
40574364
40577916
40595838
40600923
40636150
40640270
40642181
40648256
40651700
40654395
40671917
40678592
40701193
40704817
40721308
40722450
40735688
40738444
40758638
40771544
40786301
40794216
40852884
40862301
40877485
40901447
40958412
40958908
40959309
40960544
40973245
40982320
40988671
40991499
41018492
41022086
41023720
41032823
41040824
41101320
41110482
41125613
41145317
41167324
41225405
41234612
41255322
41280317
41282414
41284605
41285607
41303431
41306593
41324465
41338107
41359295
41363461
41378777
41406399
41426139
41429684
41441868
41450735
41461061
41464994
41491530
41503642
41514691
41533789
41576793
41583566
41593843
41600761
41622579
41643062
41645370
41685295
41689901
41710454
41730539
41732766
41742571
41762461
41818793
41819191
41834161
41834390
41835338
41836843
41856164
41859413
41871077
41877913
41894592
41899593
41939084
41959632
41961853
41963216
42010939
42029492
42030580
42032081
42056861
42108194
42127374
42146622
42157258
42162600
42163015
42165045
42168267
42173059
42177082
42200942
42212886
42213061
42223633
42235052
42279793
42340592
42344732
42360764
42373885
42400830
42405041
42407388
42409810
42416662
42423462
42425241
42430884
42440304
42468526
42493097
42498965
42508219
42517159
42532721
42538183
42551688
42581711
42582992
42584673
42586385
42600013
42608833
42647858
42665791
42673553
42698273
42712747
42719252
42742458
42744317
42775176
42777602
42793749
42798547
42802315
42809078
42809394
42812962
42815971
42832604
42847742
42855390
42855456
42867663
42880339
42887890
42905728
42914761
42936594
42970899
42979000
42983434
42985947
42991383
42993963
42994924
43004992
43008201
43016837
43021651
43026219
43036475
43037349
43038019
43064917
43077186
43094990
43098007
43119832
43134729
43137707
43138566
43140368
43158835
43168115
43184223
43221649
43230027
43236174
43246279
43253587
43267714
43272346
43276504
43279637
43289943
43290981
43316446
43317911
43318525
43335863
43336838
43355279
43361752
43373445
43413129
43440349
43453841
43458483
43458771
43460079
43493677
43504288
43507376
43515466
43517899
43519671
43538236
43557039
43558125
43566415
43582570
43583238
43591631
43601952
43608312
43610974
43630015
43642690
43680919
43686943
43701102
43711967
43712100
43726554
43726966
43734740
43740077
43747917
43756177
43762390
43767882
43772284
43782815
43787553
43797771
43804687
43807703
43822772
43837163
43853811
43855044
43861425
43870370
43872832
43885450
43885995
43887655
43890481
43900701
43905654
43915907
43916192
43917731
43923609
43931899
43954479
43956079
43956145
43959437
43982336
43986975
43992663
43992755
44002156
44003248
44007420
44022426
44029036
44055820
44071528
44088527
44114714
44117474
44125296
44129259
44142157
44144004
44163334
44165505
44167080
44169385
44181773
44182338
44182551
44183131
44186802
44187132
44204975
44209178
44214452
44215481
44218891
44222116
44225465
44231662
44232013
44235508
44238169
44246553
44246877
44248815
44248822
44262970
44265267
44283738
44298062
44353373
44355894
44382994
44404557
44404715
44408377
44412070
44433601
44434001
44434008
44439606
44441310
44441475
44442114
44447339
44447787
44459233
44474780
44486361
44486941
44490524
44492436
44508308
44512232
44519246
44531047
44532432
44536810
44537512
44545745
44556623
44558449
44572569
44574477
44585152
44599867
44606767
44611754
44617794
44640077
44648586
44649598
44651510
44652948
44658264
44671877
44673180
44673752
44677517
44678323
44686463
44688714
44691217
44691311
44694102
44695897
44698660
44702440
44707404
44707764
44709165
44709891
44717279
44722207
44724275
44736514
44739795
44742248
44743197
44744360
44747240
44748278
44752264
44752682
44754418
44754672
44758691
44758835
44766777
44771015
44775968
44777877
44782872
44785091
44789299
44798093
44798172
44804509
44806023
44810461
44821735
44832146
44838960
44840226
44842014
44846075
44849404
44851114
44851715
44856875
44866623
44882640
44883119
44885958
44890681
44898450
44901037
44906111
44912861
44924725
44925732
44932052
44935421
44937585
44941475
44947563
44953974
44955861
44957853
44959195
44963273
44965507
44967214
44977762
44990668
44991240
45002913
45007394
45007706
45008270
45009792
45023377
45024188
45027825
45033057
45039162
45039590
45041699
45043488
45055193
45068149
45080613
45081808
45085069
45090131
45107432
45107850
45109725
45116522
45122464
45122699
45127947
45129061
45132026
45136544
45140431
45144374
45145072
45145639
45149149
45156370
45158155
45159979
45184352
45185374
45188944
45189288
45202337
45205992
45213117
45214309
45214657
45214839
45215023
45218678
45219585
45220079
45220368
45229380
45235566
45235691
45236322
45239781
45240489
45242473
45244552
45244743
45246820
45253219
45263033
45266118
45266183
45266261
45267657
45273572
45273880
45274463
45274751
45275241
45288716
45293742
45297853
45298718
45305081
45306693
45307266
45310884
45313886
45316213
45318521
45320035
45326596
45340437
45341403
45343032
45343698
45346432
45362476
45362797
45373191
45378072
45381621
45385388
45388618
45391268
45404491
45407094
45408881
45409383
45422707
45424770
45426599
45430445
45437577
45438101
45446233
45447015
45449216
45449664
45450183
45458182
45463721
45471556
45472865
45474068
45482123
45485304
45487444
45490374
45496318
45496545
45499435
45500203
45505081
45510587
45513062
45515766
45516540
45519214
45525248
45535614
45537743
45543273
45552245
45558296
45573792
45587233
45612210
45622192
45623194
45727234
45741227
45751808
45757654
45757801
45760437
45789566
45793855
45803840
45818068
46006290
46012061
46019657
46019884
46020057
46058368
46089001
46132779
46179917
46185226
46196797
46207189
46208381
46213120
46219823
46226352
46292964
46301843
46301981
46302587
46328212
46328267
46328525
46345088
46368505
46412128
46441283
46441435
46442156
46442278
46445891
46456878
46470870
46470946
46471018
46471114
46471228
46472758
46481292
46483659
46487027
46500918
46531170
46539941
46542374
46543029
46549382
46605831
46611352
46659603
46666913
46671544
46689782
46729178
46734922
46750391
46807467
46898611
46907541
46910152
46956493
46956787
46969553
46995917
47004401
47018112
47027454
47054439
47102461
47122833
47171837
47172457
47177102
47177570
47179247
47183125
47185038
47188647
47191392
47206111
47219433
47221767
47223195
47226796
47230914
47265284
47349661
47358620
47368273
47408796
47411493
47412419
47414616
47414919
47417343
47422404
47427344
47435147
47441089
47450960
47452351
47452605
47452882
47454089
47459168
47459659
47468131
47484221
47487031
47490869
47508580
47510498
47511529
47516299
47519240
47520005
47523691
47523972
47526733
47527882
47529210
47532853
47540850
47551910
47551987
47564695
47565670
47569242
47606246
47609488
47613114
47620459
47627083
47628530
47633742
47651430
47651446
47652679
47655207
47665460
47688630
47704150
47704429
47705046
47726396
47752135
47799520
47831728
47869672
47874439
47875864
47876007
47879517
47882106
