351192
43236174
44412070
46689782
47752079
36957144
29650066
47349661
1313728
46001613
30136276
885936
44599867
39139537
40168236
38215952
47188647
31140147
29931219
766110
47101780
29027196
1136020
37594761
46487027
46133173
596167
40903138
33012343
38504120
38252875
13797691
33132170
42584673
31432310
21414783
38594007
37609810
42056861
41514691
2811256
5815311
15814942
34202335
1975098
41547182
40328496
2689610
42181381
37619643
37061663
38139013
35531087
35322329
41645642
39498303
41399161
32376022
36879718
41613889
36583105
37140982
31172140
41412995
20172814
33471284
37054012
997522
38003559
27937681
36696017
28094275
36990448
37047665
31649667
32775926
37123750
37024761
34064706
32698748
32554504
12755601
29663232
36292045
2136142
32522806
34934984
1898930
2021908
1642839
6586301
1895100
30161279
453308
32004730
2234476
21386617
559985
7784011
34212482
420967
21601651
1464484
30091556
31619912
33687535
34711755
11229861
2760020
32662280
30425039
27262423
30242089
34401276
36050
34309457
447407
181052
30307841
31448506
627356
34200258
254965
32603445
22724530
22301864
724048
600355
33421261
21410459
11798
128693
33128804
29292672
119376
3536441
745974
381826
30704756
33115309
7109071
30573282
29580048
12056021
32065054
31128614
31842277
455608
3136674
1877530
30382692
16695088
28548
31201667
29099432
42819
29982963
25597609
30051542
30988740
24226109
29330334
29233855
30179358
887471
28114345
22410569
24286804
24274458
22464371
