11798
18635
36050
119376
157250
169492
181052
228748
357237
378152
430424
447407
497208
514070
522830
559985
596167
627356
747739
833768
987929
1029377
1053903
1085145
1085669
1136495
1171095
1281687
1313728
1340482
1354597
1397526
1464484
1470788
1634403
1820663
1857358
1886272
1892260
1895100
1964182
1973810
2217314
2497496
2514434
2530980
2649580
2722854
2804826
2988960
3017434
4505931
5119571
6373691
6712101
7221621
8261621
8620191
10304301
10519341
10800731
11229861
12044511
13797691
14505171
14950711
15559884
15623990
16020229
16050617
16076260
16697509
20172814
20278378
20463694
20493232
20576191
24252121
27138115
27239512
27477784
27763384
27966128
28094275
29004482
29099432
29187319
29205092
29219438
29326498
29521709
29559218
29596609
29638879
29805174
29889111
29931219
29956289
30007773
30229260
30242089
30283038
30342287
30359473
30476171
30586215
30714061
30905192
30938099
31057461
31128614
31225367
31328625
31448506
31642395
31664103
31855840
31876212
31887466
31909170
31923832
32032151
32211081
32355871
32386077
32390084
32442946
32444603
32522574
32522806
32636902
32665248
32698748
32797901
32873267
33008968
33012343
33052341
33057372
33084439
33158741
33171615
33222783
33292729
33307638
33432979
33446198
33450215
33455400
33461345
33471284
33565098
33687535
33750074
33778662
33811255
33962462
33968532
34198658
34212482
34385049
34512944
34514115
34540481
34562960
34643679
34656089
34708949
34714541
34844519
34956355
34969295
34977221
35008493
35053786
35139219
35293985
35347656
35360059
35390395
35497249
35534480
35586471
35621769
35652721
35848990
35956760
36092519
36098654
36149962
36161663
36215514
36292045
36305051
36327691
36335589
36372923
36426431
36478175
36496295
36579941
36663309
36753136
36808298
36838004
36839812
36863105
36865090
36953521
37043833
37053649
37069775
37076955
37103393
37114522
37123750
37183393
37198784
37245504
37313925
37321660
37425820
37580198
37593386
37609810
37622746
37673181
37722812
37734906
37804293
37809441
37864378
37873266
37930916
37937293
38001692
38012361
38067335
38095687
38215952
38252875
38254966
38322629
38353535
38504120
38538968
38590644
38800942
38838215
39480855
40008024
40724820
40903138
41018492
41250206
41279454
41342753
41664678
41689901
41850586
42213061
42297858
42592435
42682758
42699517
42993963
43016837
43104337
43184223
43319601
43610974
43612058
43686943
44114714
44129259
44298062
44442114
44451964
44851715
45184976
45298303
45479634
45671028
46001613
46006290
46012061
46219823
46315435
46750391
47054439
47615848
