47649907
44232013
47971245
37673371
44756953
15640799
47857021
24189067
40574364
47368273
35951610
44070277
492572
47752079
47777095
38368855
47734735
30205043
38385633
46208977
44298062
25561025
30305822
39672592
35780359
47539285
484918
32676884
1701337
1313728
14505171
38215952
35630430
41856164
47349661
885936
35949017
43837163
24147987
35384274
37052997
46487027
34911673
21291183
47244423
47188647
12204791
37183393
45525248
46969039
31176393
38621931
2756024
2864498
23626041
38910283
22652585
37590878
33312225
41359295
35011420
24031187
41470116
25559325
24448587
36080478
23062501
35959134
42297858
38535689
46531170
33012343
596167
39645605
37677218
46012061
46529783
40903138
45023377
29931219
36543194
833768
38504120
24809106
34844909
33964543
43176830
42852866
36148669
38252875
31641561
34656089
2831258
35648534
38538968
46001613
35867886
46529570
46529463
46529439
46279408
40755081
14522191
42328826
46529418
38284073
46529404
46529386
29027196
46529377
46529364
46529348
45472699
33298365
514070
46528845
46528826
46528415
46528371
46528363
46528393
46528860
46528342
46528325
46528297
46528285
46528273
46528253
21251156
34884676
44782872
36249297
24022210
35779246
46118480
46434644
45669370
954639
39688519
43376737
35309271
46213120
43033878
44412070
45184976
46460529
38273490
46006290
40344160
46315435
37321660
45391268
34723761
38218070
46089001
42734274
44513121
37005980
22064897
16030160
39395042
40818502
42405041
1683427
45132026
33258697
29753835
597881
40940986
32619307
41850586
23832733
30229260
34039531
33864894
24843847
35613147
37425820
44724275
1324906
43734740
44459233
45883866
1564659
33132170
35241545
42468526
42586385
45787273
45785289
36405493
41569682
34595388
42581711
36092519
41818793
1146169
39155143
34176815
16072171
44225465
38001692
29638879
44007420
45373191
45268338
34387564
35279376
36370607
45306693
24655228
44838960
42855390
15231521
45242473
38630457
34297224
8604821
43158835
45109725
36286822
36663285
45184352
45107850
45179345
44114714
33181286
36058595
33292729
3140811
1929708
6455781
44572569
2238228
43686943
44182551
42213061
35289124
15640419
34844519
38095687
45043488
45055193
32951603
41730539
289548
771064
36538189
36660866
35787021
16158500
32444603
16099995
12711881
41170699
24526073
33565098
20390872
39517521
33052341
44442114
253770
2566714
13825821
44233189
37609810
41514691
32390084
43974325
44147799
33455400
36863105
38067335
39480855
42133595
2145458
25316474
37061663
44003248
2141954
39117598
41303431
33015800
29291258
43956145
31654607
38034973
43912940
41519479
33881883
5815311
41963216
35971388
33919978
34191713
20985255
38594007
42986642
36200075
30026118
42235052
39604976
35495855
37474465
42993963
42116343
31971836
34725190
42592435
34998831
43178718
29828926
37642160
39969276
40245872
39666126
37855813
1171095
41587978
6299361
39369709
24402492
41441868
35008493
35356466
34202335
32182070
34313704
16050617
36953585
3055894
35586471
41473737
31984354
37054012
20810700
37096030
37094341
34021836
36879805
37619643
33869676
23650846
30156423
25233752
39007267
36753181
35658308
15652765
41412995
41360562
35497249
35793405
31394077
789336
35781052
37880999
22333350
21737547
40714247
2050286
16027022
31166745
35572160
32543517
36969040
24294931
35322329
40328496
33856254
16002278
40471500
40144078
38499949
34170967
36954955
40317351
37234673
39904930
21528854
23189329
23484824
24386322
31386568
24443480
40166260
37338343
40157784
40142664
22522479
40126891
37294857
32875814
31036599
30333926
23910907
30022306
25010444
22700512
37595972
30696569
35750156
24794707
24141981
24470165
22031858
25024608
30659317
37541334
22325565
39835662
32729045
33471284
39858516
37076955
39827815
35027686
39730758
39584269
32898206
21614119
31644084
39525009
33194995
39454963
311546
38546417
39392578
6490561
38053993
31313419
37873266
39098781
20172814
38204030
38987674
38975779
38881519
36991232
21281591
1634403
37516502
33618340
997522
38677786
30567215
31070973
38421243
38594102
38631141
33596879
37580198
30101195
38305440
36253880
169492
37885598
37722812
30007773
30194805
38059708
35654272
35652721
33493428
15596225
33718067
37573495
35455309
672965
37901054
36299528
38018690
38017095
35310219
2679824
36556814
1167248
36865090
36525623
33108783
1478550
37684601
34042846
24550013
36422432
35757014
28069956
36696017
37686818
140734
34306039
2785044
31622964
29956289
34770777
37563071
2189616
37254757
35204574
23179751
33848599
181052
549368
1688338
37230188
1737273
35956760
31649667
32775926
33446198
37257065
32302017
37301013
37123750
13797691
34111873
37198383
37142230
37111710
36583105
37043833
1200306
32698748
1898930
36292045
34934984
1895100
2288902
29333654
36362831
15623990
36340477
33849889
357237
950759
36159055
14788301
24127490
32031508
23312471
36072492
33721407
7784011
29463754
32522806
1137769
35886829
35976180
32004730
29616322
34866281
24257583
348832
1443249
29663232
15559884
1080527
33800568
35690469
6880751
1877530
31985691
34508594
27757705
28138697
35655253
34819320
1397526
32996537
9965971
35580368
2811256
886367
2175706
22798071
119376
33811255
33158741
5377741
34212482
11798
21457542
35282162
790656
11229861
1469842
34385049
1464484
559985
36050
385838
35040168
31448506
25002804
25601947
25509867
23491594
24529148
29719307
22149108
32355871
29099432
20387101
1179102
