38189050
47857021
1251955
35203439
40827416
37413241
43158835
46471018
46442156
47177102
43762390
37078428
46345088
3032431
47997114
29813854
44625354
38678207
46140584
29220600
47925338
30692628
36413583
41629366
1375382
47389416
47752135
1477035
46208381
35951610
47491543
44412070
45227760
47176019
29777439
39410289
44070277
47671137
37191019
37124606
47338444
1701337
33816330
30229260
45510587
36748465
47427344
39889486
484918
35703455
47478439
36775060
336159
32676884
47452605
30430820
885936
47131837
47223195
16073157
38651345
27123661
29931219
41867272
40127134
45391268
43184223
2864498
37183393
46533121
46533046
46532857
47018521
46487027
2871558
37590878
13825821
41578923
39155143
34664661
36473370
38535689
46532273
46532233
46532128
46957122
46956787
46956493
46531118
46531026
46530204
44902260
46529757
46529734
46529602
40903138
29266950
1354597
3034532
46564196
46719510
31759977
29810412
38504120
46133173
31641561
34884676
30736887
35867886
44165505
46001613
38538968
833768
46210041
39688519
952584
954639
35309271
33012343
46481292
29143388
514070
35704433
45113964
5580171
33548178
46425603
38273490
38579246
42297858
37350815
38252875
40755081
46315435
39140353
45740493
45830718
46006290
45450183
39072259
46046013
46219823
46012061
1085145
40344160
36496295
45303065
37177606
37321660
39243483
37698826
33106804
46258121
46287249
32636782
44909512
46213120
15231521
38957184
45184976
37928042
44775968
46025386
44030022
38541316
45941848
42581711
2707220
1008866
44752682
36295327
31642395
43104337
1029377
857179
31887466
40436877
4132931
40479611
1564659
44430385
44007420
35241545
42586385
35621769
34595388
30008136
43361093
29887929
2186258
9134
42698273
43460079
15582766
33052341
32638739
38095687
39950919
34288861
42162600
41856164
14046131
35158730
33430228
29145300
2574908
37788492
35561457
44794289
35021150
36370607
15587234
36058595
34854332
35279376
24655228
43016837
41834390
29638879
39117617
8892541
440114
45109725
34714895
15640419
35300210
41689901
289548
16764574
350737
41583566
42157258
37758960
44911373
2365508
44129259
31988181
44825149
34176815
16028388
40304817
34844519
43686943
15652765
771064
44283738
32288681
20505799
35787021
35180320
42279793
33740996
31172637
32133313
42200942
1406545
37313925
1335045
42056861
41170699
44114714
33650487
37114522
36808298
33461345
38012361
44442114
43612058
44519673
38067335
33565098
16099995
20390872
12128141
35586471
34315187
41514691
37609810
36149962
30567215
43062835
33455400
480783
36863105
41303431
36663285
44145862
36042986
36660866
43208417
36145887
34741193
42726156
39853044
42527675
31974640
36900036
32444603
36144287
31654607
34858547
33719411
33881883
41591751
3014848
32300368
40421756
36313076
38564916
40982320
38531018
41963216
1589279
5815311
37754298
42986642
31766278
42592435
39604976
35971388
2831258
34313704
43610974
42993963
36200075
43140368
38099266
20201428
39895988
37668966
34202335
34886224
1460367
38285285
37921378
36288010
32182070
3055894
269592
90796
36261291
34261097
39480855
42634391
3020399
15706969
6796441
37881385
42257680
35640554
37855813
997522
41003588
37096030
37871689
35773220
41905998
36879805
36223368
37061663
35008493
37859556
41886838
39498303
33015800
41420682
30007773
41783347
41714204
1975098
41398214
41657338
41683713
35793405
41622781
649469
41399161
41398626
35356466
41552820
41552743
41248896
41452758
36168038
2538938
36753181
39007267
1080527
32603445
41349230
35497249
37234673
20314600
34110308
34960588
41197966
28137
596167
41145511
36409577
40865490
41060137
41096713
41066390
40990078
31394077
40990236
39362247
35781052
916233
40908765
40818891
2050286
40328496
38630457
7708711
40801268
1255710
30717800
35322329
33654851
34268940
16002278
40630452
32235194
32713577
40593918
40582972
35852827
40369823
38233811
39415497
39442196
191777
33432979
790656
37987137
27966128
34168714
24524806
37076955
37140982
36944482
31693655
185739
37054012
37809441
34099270
38141309
37781885
36644610
311546
37873266
20172814
37452015
39082023
37649575
36304422
31213066
38987674
38975779
33596879
37636558
36838004
35082686
1634403
522830
33292729
7115281
33738435
35652721
672965
3226353
37807862
36742325
33503543
38018690
35310219
37150861
37779628
35567786
36693868
36696017
37722725
33046106
37804630
37593386
30896737
2689610
37722812
36299528
37513906
35575651
228748
15596225
32775926
36335729
37620363
29057564
36305051
5502861
37488592
35580368
2630504
356041
1322549
789336
36159271
36159250
37265652
37198383
37181068
29787255
24199387
1200306
35087368
3002636
36525623
32597240
32698748
30161279
33307638
3065053
36675191
36292045
757801
33787992
32620327
27406756
34934984
34031252
1480870
36165552
16682296
1330924
36297461
34897636
35992984
34820068
32935830
36072492
2234476
2811256
35948177
35810579
11744331
1443249
35705406
30884061
48302
31145374
278193
1895100
35585540
35581973
35467736
35467713
11229861
34154698
5377741
35400072
35344812
35126945
35294671
35293894
29663232
600990
33687535
35135555
25002804
332348
7221621
33222783
559985
32044253
10520
497208
34700800
1085669
73744
34108572
831740
34510251
32898389
33471284
34443515
33944899
4776021
1730685
36050
30587329
30307841
34177533
34194247
33158741
33860309
15826263
31856194
1284736
2205112
446295
16029199
33575538
33565436
549311
33429570
32300613
31423818
4692961
13797691
264218
119376
163421
15811258
32996051
29126540
16239709
10887981
2430016
30052620
27298831
15610501
3065904
32657843
431858
3022507
2350512
1179102
32421794
660465
32217369
109567
20357767
31627400
1088701
11798
361418
32152359
32043865
29179492
31128614
22410569
1877530
31769878
29099432
3136674
1398925
30382692
31516104
30919942
31422604
31422398
181052
46607
31042787
31040805
1204656
30194812
68059
30421968
30975390
30747386
3146202
29648119
13479141
30261136
29811414
2655588
1394404
128693
1712001
15840538
29329611
15816217
29166182
2095300
29064118
16049130
1511624
977748
27473320
832579
27653803
27796744
51268
15684306
15844265
16176019
429561
6692861
27478384
15862074
27368497
11014831
15538482
2202326
15839293
27354547
192551
27305779
16050617
27304210
390123
270968
27273127
27270925
27243637
6981961
27243328
27228577
303456
318592
27106657
38013
27081631
314131
12157861
1305323
27000805
2082488
15724996
1092961
1314485
297799
125998
1048226
12146511
15843349
20348869
1155406
16216633
5200071
20233867
2304358
16034549
377817
965529
16407898
349648
81320
73617
3158603
1800895
16604134
1506196
416496
16535320
16571008
1131758
1172779
16498063
1555171
376483
978897
15343601
10529761
16366936
16099539
1427191
16292344
16072004
16176263
16228474
16224615
16211315
15997095
16186360
16175870
3070868
16025285
1281122
3096506
16133284
5061351
15964065
79520
2512554
9465971
14632941
16079881
16048741
719993
2688786
3841961
15970206
16046165
7429721
16035661
16018763
15823006
12234721
15194391
16011657
11947031
533320
15551913
15560785
15969703
632812
15543897
15579452
15836042
2716046
9839421
44804
1551890
98533
15785160
1664524
15786768
1762349
15760025
15752476
15752795
15746852
888610
5021801
1537864
15695880
2596878
12703961
298177
887831
458550
1842916
15654811
9575821
1767777
525548
15651367
22714
14784591
626274
14323581
34221
1593404
1553221
15602882
10424421
15586801
386899
1126188
15569426
14113571
15558156
15448951
15458061
15429531
14146111
842664
82365
2148818
1982464
7319221
1969932
356080
741879
1225514
3238471
95548
1759009
1657384
3385191
14858981
14717131
14343561
14565881
1639228
10464081
3239804
521743
1640190
1167248
1571989
3042235
977729
1653313
4479791
2763532
1753365
11607941
14229271
12297181
937024
10614911
13810561
334993
149343
13646091
1110320
4190211
12722261
748487
1615313
12407741
9637641
1783339
11433851
1277643
1504353
827496
772093
230192
1662648
1499415
11364241
8587201
566613
11005321
487223
593278
328921
14098
375644
11248961
443520
72164
216400
2710248
2205858
324595
10715011
1680956
2144822
11220
702536
10300631
10269011
447455
615069
3947441
1804797
244539
1505047
9940771
9937601
1494177
1467715
1508454
9882341
1217594
7043831
1359151
9544831
1931186
50207
490701
9451261
4056571
2697246
605677
342951
9234551
1728991
4483411
8681211
8948411
1465975
1382566
3210980
1659180
8807031
8697711
3528631
8348011
360003
444517
8352691
8287341
471255
250686
109049
3529261
1414219
1562952
54691
7133671
7355021
2400158
3108016
2051400
2884528
6491211
716805
4360461
2354946
723086
223069
3194105
752559
680109
3583001
922332
1136620
2658048
857876
2604636
3191865
2545230
3129214
1210757
1576751
1691220
3129293
2625470
2242532
1412708
2186828
590289
322926
97669
1040307
139494
938711
2628492
587861
2790312
225402
2666626
2642176
2542682
2336548
802028
2138474
2198022
2146370
2110942
1902368
