11798
28137
36050
47135
82454
112525
115960
119376
120602
120733
133686
134962
173389
185778
192998
193832
212440
215587
225028
237103
237901
243072
244152
289548
347700
351166
356017
367183
377817
399105
428070
464737
469603
480783
508383
521994
524823
559985
564683
572329
596167
610660
660093
674665
707955
778350
791224
843392
847736
848566
860209
878122
880459
885936
898524
920608
959527
977729
979319
992712
996916
997522
1012997
1032181
1055997
1080527
1081732
1131473
1140095
1168758
1190721
1199652
1210674
1222160
1238261
1255710
1261171
1283917
1300899
1302610
1326171
1357783
1363868
1370032
1375900
1398925
1399801
1400867
1417532
1426911
1455538
1460367
1479265
1483338
1502278
1503104
1510866
1511399
1516851
1520133
1520417
1528277
1559844
1571456
1572790
1589279
1619907
1621611
1634403
1637129
1651463
1660199
1679129
1686257
1700280
1711981
1738383
1873720
1877530
1895100
1934362
2011348
2050286
2067078
2072910
2074138
2141954
2173372
2233334
2270726
2316960
2356556
2398226
2423798
2482814
2566714
2574908
2593716
2630504
2644332
2701528
2721352
2723410
2768726
2796758
2815434
2840548
2944724
3014848
3024943
3041019
3068751
3091681
3124835
3153572
3172241
3195885
3203004
3211324
3218754
3228791
3302393
3571011
3710761
3899521
4293231
4298941
4804491
4808241
4961691
5048441
5147401
5611101
5658921
5779981
5780181
5815311
5964121
6217701
6299361
6604351
6697491
6796441
6935141
7090191
7708711
8089811
8371671
8595891
8620191
8855171
9340521
10264431
10859411
10887981
11229861
11256881
11332431
11455691
11891361
11967091
12579241
12832861
13797691
13999431
14169431
14628891
15547847
15576411
15578934
15596225
15623990
15624151
15630716
15640419
15652765
15671315
15687174
15704043
15757872
15774298
15790853
15794172
15814942
16080663
16082428
16099995
16189890
16192119
16235683
16467172
16513555
16514590
16680274
16700869
16764574
16798735
17855836
20172814
20201428
20241511
20314600
20366986
20390872
20418901
20574376
20602654
20848514
20877764
20892823
21408600
21929991
22520001
22574928
22898830
23461118
23476239
23507498
23602769
23687458
23803858
24224027
24965826
25515056
25598095
27038728
27080734
27100261
27175597
27262423
27275239
27433246
27453715
27575665
27611632
27736501
27799810
27859204
27887242
27966128
29004482
29082394
29131195
29156113
29269159
29292672
29561182
29568723
29612157
29638879
29785498
30242089
30303048
30303946
30304596
30362970
30369218
30567215
30696473
30770350
30838058
30849241
31008471
31027872
31057880
31067914
31118434
31140124
31219844
31225367
31226587
31367431
31394077
31466453
31525614
31654607
31727017
31766278
31773402
31819967
31916219
31918899
31945221
31985044
32120049
32149921
32180353
32223885
32242403
32244163
32266969
32288681
32342995
32390084
32414729
32444603
32497887
32618603
32713577
32747470
32772095
32781033
32788438
32854013
32949699
32978365
32999111
32999171
33015800
33052341
33138348
33239512
33346517
33426226
33455400
33461345
33471284
33471636
33481426
33508689
33509595
33563008
33565098
33596879
33682137
33713992
33719411
33796768
33811255
33933339
33967410
33974264
34021836
34031594
34132610
34152938
34176815
34202335
34252454
34253250
34261097
34268940
34281074
34289270
34297224
34313704
34315187
34315662
34378091
34460855
34535980
34542149
34562915
34668616
34696238
34741193
34768338
34799434
34804432
34844519
34852108
34886224
34968009
35110826
35192754
35198661
35300210
35322329
35356466
35376078
35468714
35497249
35520100
35556629
35580368
35586471
35652721
35787021
35793405
35830900
35852076
35864759
35907106
35965528
35971388
35976020
35988326
36045718
36093463
36144287
36145887
36149962
36157749
36161663
36180558
36223368
36253880
36257667
36261679
36302475
36313076
36317553
36344827
36364917
36370538
36400299
36402740
36456456
36467796
36479533
36518886
36573470
36625764
36638178
36663285
36682596
36722553
36742037
36747329
36761353
36809028
36809558
36863105
36879805
36991232
37014679
37045120
37048405
37094341
37096030
37098117
37149222
37191019
37201580
37234673
37282818
37284889
37295966
37296920
37306501
37313925
37413241
37436558
37474465
37545051
37588533
37609810
37618979
37619643
37744128
37770430
37850681
37855813
37871689
37871976
37875713
37921378
38034973
38067335
38095687
38099266
38131804
38144816
38285285
38293995
38425091
38476417
38531018
38564916
38594007
38679707
38800942
38803386
38858875
38870132
38872920
38894847
39007267
39011023
39088345
39139472
39362247
39437477
39442196
39471787
39480855
39489443
39491200
39587537
39604976
39608793
39621372
39683755
39692938
39702217
39719499
39829462
39914632
39931678
39969276
39983483
40157713
40183722
40258038
40260813
40280338
40304817
40328496
40374533
40388252
40398270
40421756
40588562
40593603
40596747
40597911
40611069
40627321
40719322
40720638
40735688
40818502
40847329
40865490
40982320
41170699
41199637
41225405
41234612
41250206
41256116
41290321
41303431
41314827
41329665
41398214
41399161
41464994
41477852
41514691
41575530
41582800
41591751
41645642
41655329
41689901
41707236
41752840
41763343
41791843
41834390
41879381
41886838
41899444
41905998
42056861
42059597
42074817
42104489
42116343
42159590
42162600
42197749
42213000
42216798
42235008
42235052
42279793
42370667
42527675
42584673
42592435
42698273
42726156
42729759
42993963
43097358
43477110
43535873
43601805
43686943
43840197
43882475
43923609
43956145
44007420
44081214
44125296
44225465
44257444
44442114
44838960
44851114
44978239
45084328
45107432
45158155
45210371
45253219
45343032
