43158835
46345088
1013720
33894301
47959613
47952768
47949602
47945452
47930334
1450237
36413583
31443847
47882106
47875864
47874439
47869672
1468573
44239137
47855014
47850411
47848860
15231521
47842848
47840307
47839713
47838811
47830660
47815229
47813629
47801353
47776643
35704433
44298062
8896231
29777439
47559898
35949017
47653635
1701337
45760294
45756987
35134764
44599867
47656573
47655207
38385633
44070277
219392
6002901
47520005
47495677
47477295
47458848
1313728
45223202
31781162
36405493
33114324
1842362
47437326
47378292
38215952
30136276
36982540
43376737
29561077
45002913
31187751
30430820
33012343
37968085
46902541
37590878
34198542
41350753
2864498
27308275
41867272
40127134
45811953
46133173
37183393
46533121
46533046
46532857
47018521
30283038
34664661
468509
40903138
44902260
46532273
46532233
46531466
46957122
41578923
46956787
46956493
46531170
46531118
436913
27970325
46531026
46529757
46529734
46529709
46529681
46529602
46928913
34835345
833768
29931219
42297858
1354597
38504120
34853053
12144311
41928997
27861880
16117522
46501547
45303065
31140124
33298365
35309271
46219823
45830718
46012061
45184976
45424770
954639
35139219
27476272
46287249
952584
15757312
37005980
24655228
34714895
40688911
2707220
1008866
31642395
43104337
33740996
45298303
43016837
43686943
31026216
37425820
45917637
1470788
45406926
42586385
45288716
41569682
15640419
42742458
14046131
34595388
32676884
29148650
29638879
44214452
41834390
41834161
31172637
34844519
41689901
35586471
34176815
1892260
36663285
44789299
44266799
41170699
42056861
33650487
8329381
33461345
32390084
38067335
36313076
31654607
32444603
12128141
38095687
44442114
36645695
36660866
13825821
41514691
44283486
37609810
36233947
33455400
44007420
36177229
33015800
43986657
34829884
42986642
31766278
43698619
42993963
38564916
20201428
41591751
6796441
31314215
37921378
43273366
34725190
43249130
37772465
37076221
39969276
41587978
39666126
42592435
40982320
34947124
42892780
36746727
41441868
40956110
32182070
1648582
412971
37391952
8116811
42699716
2811256
34288861
37855813
36582847
37096030
20366986
41905998
33251512
36223368
35310144
39498303
41398214
41645642
27453715
34470821
41398626
41399161
649469
31916219
622828
37545051
36753181
39007267
35497249
41387235
37336002
7708711
35793405
75898
2050286
41030531
40328496
40714247
40837826
35322329
40800978
37867891
33796498
31677098
33553623
37794049
35852827
30369218
1584313
36295327
35300985
37234673
24524806
155066
1648406
32325098
1277025
39612250
32567851
6490561
2491948
33194995
311546
4133941
38053993
1323982
596167
15584254
38045849
37055960
32580326
37873266
2899692
20172814
260869
1425103
1449874
29821442
3010162
31313419
39140353
487840
39130056
39082023
33877176
36228861
39009764
33596879
33471284
38151428
38861356
15596225
37649718
3158048
522830
36991232
2022364
804198
1893312
38669006
37979631
31549124
38052802
29610954
33583028
30444363
37580198
34887904
37298467
1022228
29311587
3219963
29533793
32426694
38003559
38209809
38594102
30101195
38573898
37704691
36253880
30007773
37722812
38059708
27937681
38317777
38275042
38297008
36905639
132137
29653756
27871006
38206730
35455309
36299528
37979101
38222928
37979149
3109509
29263308
38141504
1688338
169492
14962591
16319284
38018690
37950741
228748
34257553
36377644
31649667
36654419
29309697
13797691
37295891
37127078
37198383
37178043
37127139
37222860
29388434
37175854
37043833
1200306
126300
32698748
33307638
32904059
31546456
33672786
36292045
36466549
1895100
36410007
36362831
33608416
15671699
29832069
776676
296816
35283128
36198188
24980800
31863776
34085804
36180975
35390395
34738246
36143618
36159055
1612046
33519359
600355
11967091
14788301
30161279
1397545
15623990
1373118
559985
4694251
1877530
3363131
12733501
33003093
32522806
35976180
2162468
136022
102527
15559884
34950087
2398624
35459183
29616322
32004730
2234476
886367
15652765
34096171
34212482
1340482
34385049
32629572
35040168
35067279
33750074
7221621
33968532
33478703
35008338
378152
31328625
33811255
787465
1464484
33663611
34859173
34822330
30656400
29663232
34784795
16156280
36050
34397062
34711755
16653979
30407419
32662280
31448506
33940040
34442237
1085669
34612634
33778662
31988139
31435765
33158741
34635798
29164309
15772890
3397011
2593808
34622597
1397526
7211261
661509
11229861
33687535
11798
32429023
32355871
1059294
34444004
119376
1053903
34194247
2987484
181052
33718766
29099432
33622016
32157394
1123205
16261252
1167248
51268
20373052
20181223
587569
5201071
14492281
3109885
2684868
322926
2489028
2519294
301505
2458906
