45760294
46576248
14382921
359395
35134764
47898686
47177102
36413583
33794146
34624069
47835931
47818218
1923794
250509
44519246
47658982
47632970
29650066
47338444
35949017
11390761
1254889
219392
27354496
1701337
38215952
38022316
29931219
30283038
37183393
38504120
45525248
14505171
47073205
3153275
46025386
34854332
571983
34656089
47029298
885936
41856164
34664661
33667720
40903138
16050617
31539488
1458875
32784737
35867886
46514375
44165505
46001613
1354597
43001894
38538968
42297858
45184976
37228149
514070
42734274
33012343
1085145
37951232
46315435
46429479
42046778
46006290
45560641
40144312
46258510
37321660
46314871
45303065
954639
35017071
46228336
34714895
952584
27476272
45576360
46287249
45528367
46132779
15706969
45576904
46149233
41018492
31995113
2707220
597881
480783
45760437
30229260
45974842
16030160
37425820
32924305
43740077
40479611
33816330
43924687
44459233
36271156
45856997
41350753
36520210
33132170
42468526
35241545
37290276
42586385
4098391
43885995
45720045
43021651
45343032
35182649
39243483
34630035
42440304
16072171
34387564
14046131
42162600
1470788
44775968
39621372
39114303
33028937
34281074
36995972
42200942
41441868
29638879
20328433
35279376
42584673
27753742
44007420
7783511
42936594
40704817
42177082
45297853
35106960
45298718
5477351
36058595
30008136
5658921
38001692
1007746
43734740
31525614
12545151
44838960
1695917
36660866
36561605
29015921
36515417
41834161
34844519
29810412
39914632
45109725
34268940
37061663
33236217
45107850
35289124
41864342
30790382
1634403
34595388
44077883
43686943
44002493
45025690
42144115
44405486
15640419
44166824
1873720
41689901
44398790
2295436
32638739
40328496
1171095
2323054
36663285
8604821
29004482
954437
289548
3119206
31797942
32444603
20505799
20150803
1859874
33015800
45024167
39480855
2238228
41303431
33052341
35008493
44182551
350737
31128614
45006365
40738444
36233947
559985
44269315
35186315
32177469
31155103
44180488
15420311
11967091
34176815
36161663
37609810
33461345
1473720
37937293
38095687
1368322
3024929
33694407
42592435
38531018
8030301
43277878
40374533
36295327
29099432
41477852
40273095
997522
35586471
35355781
15716635
892688
39007267
41645642
27453715
3846811
2538938
36168038
35497249
2050286
1619907
37545051
33239512
40719291
1032743
24920900
35658308
40941605
40627321
2630504
40800978
40304814
30866494
37610865
1464543
596167
33235967
3050151
2084692
39992065
30621117
1471893
38990171
34099270
38858875
39439261
15596225
37873266
39335112
20172814
33292729
36538189
38785029
1932870
38785498
33471284
31313419
35580368
38204030
37203463
38669006
123022
30007773
38061995
24451259
33909240
37931046
36050
33108783
37594505
27122866
2785044
1899896
32276072
37686888
1308444
228748
20449939
37625125
34762970
32775926
32522806
36342850
2173224
5154501
1054168
994295
37337061
37334168
533140
1935800
1127355
36159250
37296676
28077968
37245090
37251989
37244892
37244808
13797691
36318098
29307307
37229977
3057703
37209774
37204727
35787676
908695
35390395
37043424
37036365
34602879
34064706
34385049
35988329
36292045
34674042
33832446
36814615
498897
829690
2029316
1041538
36298704
29616322
83166
29752943
152025
9020721
30787729
2332282
33307638
8557511
32855727
1800779
36655420
35969575
6863241
1877530
11798
31202768
1895100
31448506
1413120
31145374
32434075
1684827
36591456
36525623
30944046
30408425
1748193
29832069
27380221
1179102
36515770
1269605
27215611
29622686
16069970
499787
34462018
36210851
34463465
35149933
34533100
700083
27486415
16642975
16226122
16037777
16011649
15542182
3061684
