46860034
44011125
38296369
47389416
40678592
47176019
31159735
27175597
47627083
30348316
833768
484918
40442860
37422961
44070277
37183393
14505171
32676884
36748465
38215952
30136276
34656089
45525248
44536810
33667720
30283038
46025386
16652077
2864498
33012343
34664661
514070
16692985
40903138
46907305
29931219
8431361
38504120
40818502
38252875
46752163
35867886
46738063
38300443
16117522
39880797
33597645
39688519
46501547
46494637
44412070
37177606
41018492
2219624
1085145
46437274
46219823
35703455
45830718
46006290
45184976
39072259
952584
46315435
37321660
36568691
34714895
44851715
42734274
22870373
46191075
43413766
46209499
45760437
35941718
33548178
45587754
588088
45589383
40877485
36520210
525548
43740077
43924687
43734740
44459233
32625132
45883866
3505851
37036907
1564659
39859222
36925375
45762505
41569682
34039531
45721209
45719378
42698273
954639
45210371
45564515
45573792
32302017
41856164
15735168
34884676
43021651
42162600
45316213
2574908
29317550
34387564
32522895
42584673
29638879
31525614
45297853
34059576
24655228
38001692
36496295
1146459
57028
42200942
44182551
6801871
44758835
15640419
45107850
44225465
1873720
35495855
45043488
384629
44798093
41170699
15231521
33726771
7540461
43686943
22023121
38499949
11967091
34271915
34176815
33650487
44129259
3140811
39747150
771064
16028388
34844519
42913775
44782404
15587234
39480855
33461345
36161663
36466227
15420311
32133313
857179
41791843
1603363
12711881
38181860
44171637
36092519
44007420
16099995
34297224
44549923
33580073
32390084
42056861
44235508
44502841
33565098
43016837
33052341
44442114
12128141
38095687
20390872
36132341
38012361
37937240
27764383
1146169
8329381
36766421
9006571
37609810
44228690
1368322
40421756
32932631
38067335
33455400
34281074
44146627
44168690
43612058
44141251
44140778
44139241
1910430
34741193
43993170
44085511
44085570
38894847
37649718
36863105
33881883
480783
44020514
41514691
35615031
43956145
32444603
36233947
38104917
42219388
5815311
32352848
34829884
43535978
38870132
38564916
36177229
31766278
15245241
21457542
16174613
2810584
32875814
41730539
597881
43400552
34288861
31314215
43502686
42993963
1397545
43376751
35395138
8877
41328521
20201428
1737201
38531018
33152906
16033322
23189329
9293661
33062685
42235052
42808286
23650846
41505538
22700512
2268970
73744
24507988
40720638
41587978
38285285
37978482
338875
40982320
37830557
6299361
42975274
34886224
41441868
4255031
34313704
32182070
3157764
41363461
42822494
31976226
42726156
3055894
1460367
659560
42251486
42634391
37881385
41477852
42213000
42592435
38308167
32376022
38873307
42549059
37855813
26105
36327691
2811256
37054012
11816271
301225
41003588
38186614
6796441
22031858
42253619
37045120
32779166
29810412
37096030
35586471
39249006
38182077
42104489
42181381
36828046
20366986
22054791
37871689
42145099
35008493
14471931
154501
40199202
77617
3899521
42029492
30664787
36879805
15992852
1975098
41905998
37061663
38494340
38244450
36957144
35039943
39969276
34466402
24577572
37619643
37389267
41804421
41879250
40273095
338669
37526528
39822756
3153572
41763343
41783347
1295513
36223368
34021836
41714204
6947111
41398214
41689901
41657338
41683713
39498303
41645642
34470821
36296257
41622781
35640554
649469
41399161
31916219
36295327
41552820
41552743
41420682
36427374
37545051
672965
41452758
31030722
36168038
1687227
38063288
40375098
28094275
39007267
38894760
2715148
41435752
39683755
1619907
41412995
37721141
1080527
41250206
36753181
754199
17358418
33228745
16214943
16196176
130444
35497249
21281591
718047
36680524
40279483
21614119
22602333
15428221
40740440
36969040
7708711
1496505
33046106
22333350
16002278
16158500
37794049
16107611
27122866
20813367
147854
32898206
36298704
20314600
41268741
38800942
478879
41207821
31367431
41197966
27571615
41145511
41060137
40865490
28137
41096713
33481426
7876371
842663
41062588
40514753
30714370
35520100
40714247
39829462
40990078
40990236
36824816
33654851
40005999
40908765
32102981
40254524
1901316
40818891
40837826
36809558
40824191
40824239
33263363
36625764
40801268
2630504
40774354
1955610
15671315
40757495
35322329
30398408
40328496
40724820
34202335
35793405
1255710
37675919
40679063
40678789
34268940
36538189
1600243
36385033
40630452
31520449
40596747
40593918
40582972
15558219
40280338
32764561
36776160
29131195
18128
16157589
36865090
38015421
1609374
34285713
1679010
14317671
529334
40398270
2798602
31421106
1504814
40466259
32716706
32235194
29512837
1373118
4416791
40437157
40370993
39818466
2944724
34390150
31972541
32387580
39209504
7659891
1310439
32669976
268813
2178078
34844369
31321106
40089827
3118740
31623338
30667386
2724988
1857240
39931678
38130465
1508454
32031508
76245
30514259
31145374
37987137
40369823
4720381
33471300
36838596
429966
32337262
30240854
7474171
2618508
15798631
16031116
37066292
36304422
32543426
35480995
32041576
32752087
31677098
5658921
38176109
2713774
36593749
40116294
17962
3168506
38866331
38622085
819604
30152636
729246
1472628
38276173
32795197
31699369
37947145
30007773
31120081
347700
36479606
472852
236575
2050286
2698598
36605420
31221962
35300985
33232042
39764835
39846735
38594102
8040861
129131
30004405
37512180
40095093
31518078
24294931
34168714
40009391
15542713
12148
1161063
591264
33432979
14466541
16434682
1291615
31172140
30369218
11839921
227988
1584313
16445740
1110320
39934097
39894049
39919187
568884
348802
37234673
38910283
39907602
39890437
38570675
29157047
586895
88206
35566901
32772438
39892986
36623461
33471284
33580409
29541962
27871006
39858752
37028700
33235967
27645211
31726532
19456
38202997
2616396
35491226
39840376
29802461
39442196
243019
538043
15738598
39494
30444363
429187
37756277
31995113
814974
39791931
30567215
36448909
2534908
35376078
36029101
997522
13999431
39761054
39692938
687486
33066466
31819967
325649
38141236
36292045
38424113
37573495
37464390
37809441
38878926
32325098
38879248
37859556
39662614
596167
33051337
33848599
531655
390411
10520
39691020
29787255
38421243
2418850
3014848
31070973
37140982
36644610
2815434
35191439
15838692
397181
155881
1195626
3109509
33298750
1893312
37076955
8425811
230737
562551
30242089
35106960
38142003
37867880
15652765
33292729
33371643
36213874
36705075
522830
1932870
2230652
37070519
35652721
38614688
16123375
29564986
27871383
511876
1277025
33719282
27966128
29233692
2038076
30161279
35875426
29217144
37850681
39324081
370911
276167
36468700
31313419
124786
255620
168310
39525009
251442
38233811
38858875
39454963
34099270
33187551
38630457
37864378
34261097
9965971
37855931
33194995
2943264
38689323
328024
35108768
219500
38962779
35757014
218232
337876
64016
412994
1695917
143639
475774
15797480
169492
25342
36838004
6490561
39098781
775272
20172814
37873266
38862178
37471624
104251
4855
95485
382119
15596225
822983
37021876
38353535
76934
30314130
354956
1200306
60734
38987674
29244483
802735
3536441
33596879
31209204
35658308
15778105
357780
1388397
339044
359395
38861157
38236337
48909
29653756
34548976
1688338
38209809
540439
613087
97997
38204030
210233
301013
15414
490152
37282818
44912
342128
38594007
417658
41240
35580368
608191
628860
19412
283487
6499981
10094
773529
3226353
473810
33877176
123022
306442
587558
9701
37580198
37891606
338803
27884465
35356466
58007
37885598
524718
36556814
1369502
278193
36991232
864262
1033820
37094468
487840
309398
38631141
72082
4581761
124891
8519
136170
1634403
764211
53111
191777
477713
29663232
2151646
4615471
38671921
2394078
96012
36660866
348705
885936
336159
36299528
29596609
34768668
31622964
31649667
37123750
13797691
36583105
37111418
1895100
600355
35390395
35976180
559985
29616322
35791948
21078936
34212482
34385049
33687535
33811255
31644084
31328625
34622597
34098500
34108572
11229861
24541207
25159037
30749001
20387101
32258628
627356
32355871
29099432
181052
22149108
31448506
178291
11798
119376
24397137
1078333
24127490
22038341
1877530
36050
28040628
29831504
33965683
446295
29415926
21737547
29719307
23626041
23023634
