359395
47971245
43961557
36413583
47880055
1375382
47818218
1701337
43952237
38504120
47569242
885936
33667720
37590878
37183393
16692985
34664661
33012343
45533258
954639
38538968
31641561
34656089
45818068
44165505
31880815
34853053
39688519
44144004
44412070
45184976
38252875
35743322
38579246
46315435
34714895
46219823
40554302
36509586
43712100
35787021
45560641
45303065
37321660
39007267
45576360
45528367
46025386
43565942
45521473
42699517
44851715
46174820
40940986
33741778
43740077
45760437
13797691
44459233
33132170
502799
45818021
1564659
29810412
20478610
39702608
44007420
29638879
42584673
40704817
34176815
6654481
35300210
43016837
44182551
2238228
31887466
45107432
34503010
29004482
36663285
3140811
44978239
289548
38391762
35192754
11967091
15583108
43686943
34093276
44754418
42279793
33843176
33461345
1473720
31766278
39442196
36466227
44652755
36161663
37114522
44214452
44114714
44621843
34297224
27128602
44415363
39033410
43612058
42056861
44433327
33565098
16099995
44472424
44081214
37313925
42468526
20390872
38012361
44442114
12128141
34710325
36242980
44414502
38095687
37839092
44420245
38067335
34315187
37609810
41514691
32444603
33455400
33681928
36660866
1932870
33015800
33748078
38894847
39853044
39480855
42643782
1975098
5815311
32363494
42993963
38099266
24524806
43140368
30767445
37642160
20201428
37620755
41591751
16050617
41587978
4255031
38182077
40098197
34202335
32603445
35597765
2010020
15692059
42592435
42116343
37855813
997522
2173224
204536
34021836
41003588
36233832
41073123
35586471
37096030
37098117
5048441
37045120
14471931
37619643
37850681
37871689
37094341
35773220
35008493
36901530
32395253
29897810
36879805
41477852
41763343
3025749
37061663
37054012
34612997
35531087
1295513
38233811
2724988
41645642
37545051
1934362
41399161
41615480
41429084
423574
1310439
32376022
2944724
36753181
39683755
40328496
35640554
35497249
33599119
35322329
34268940
2689610
41099350
41203402
33239512
28137
2831258
40870085
36625764
40646740
40745520
33796498
35300985
40398270
24728183
39692938
40191656
3168506
38622085
39931678
29612157
35191439
269343
37140982
40190689
30369218
36479606
2050286
31677098
33232042
33432979
37651355
38874957
3118740
35561457
1895100
39610258
39826347
38785029
37076955
37812694
31995113
37809441
36409309
1634403
38858875
37023570
37055960
35658308
1328839
2332348
6490561
34261097
37855376
33780078
32353250
33435437
38099471
34855714
39044749
311546
33292729
915846
33046106
36838004
30314130
35875426
33811255
33187551
35566901
152155
39114949
30007773
31985691
36626226
38962779
38204030
38987674
38052802
38975622
34385049
20172814
36991232
15706157
33066466
35106960
38697910
38669006
30444363
31009306
36058246
27139687
38594102
30161279
38640178
15738598
38594007
38421243
840597
36148068
32389844
1998012
38259161
29295503
37944148
38384868
35652721
35478329
336159
33493428
34306039
15677085
32750133
35557339
3226353
2234476
33877176
35525197
31627450
38246013
37958032
6299361
36242782
34936371
32130725
35376078
347700
27871383
34844369
34934984
37885598
2618508
31313419
38141504
37094468
672965
34536389
32044253
36719575
37516314
34854916
31859162
37991224
33152906
14522801
8898841
38061995
169492
2630504
351192
35313339
37665863
33471284
2811256
37468700
38018690
36261291
1993354
38017095
36696017
37104031
35580368
32547426
33156596
36115816
35310219
37804293
37993205
37150861
36742325
37992647
37989779
37779628
31789456
35652243
596167
37701161
29071738
3126954
37212632
37962948
37962701
1877530
37501878
1688338
37262792
119376
37234673
29541962
36865090
35356466
31656728
37868366
11798
36050
6906571
33596879
1625030
34768668
34042846
36855214
36556814
35757014
36282658
37593386
37177773
29596609
37725674
37322158
37715574
37673632
31623338
36299528
37299366
34048264
20449939
829690
37631762
228748
33645999
32775926
36342850
1737273
8458681
35956760
37254757
29956289
2189616
37230188
36422006
33446198
181052
37123750
33372208
15968056
15596225
7778531
310368
31762969
37211998
3061684
31670149
37142230
36583105
31448506
11287741
11766571
37043833
36656233
36499759
559985
1620854
29099432
115987
