48027507
46345088
31478552
37962279
35793405
40574364
44284849
37750044
30161279
1450237
34607339
1092136
36353300
34951373
47653635
43762390
30136276
44536810
43376737
31540271
44002156
9035721
44474780
47411493
44070277
336159
2491948
46659603
38504120
34664661
44599867
40168236
47427344
1072650
256652
1313728
14505171
47349661
885936
38215952
46487027
42297858
47188647
37590878
11967091
47054686
16652077
39688519
30664623
37835801
33012343
39672592
37183393
596167
37350815
40903138
46559119
34656089
37788492
29931219
32685060
833768
44165505
6906571
954639
45227760
34853053
45830718
6299361
289548
34306039
36342408
15724439
33298365
43033878
37951232
42537305
514070
29541566
30229260
44412070
1085145
40344160
46424470
16050617
40940986
1564659
1470788
42046778
37054012
35586471
45525248
46315435
46314871
35703455
46006290
45450183
40144312
39623249
46012061
43936362
24655228
46001729
6495561
952584
42360764
45184976
35008493
43104337
45379431
38087037
32444603
987929
35889893
42734274
43016837
36496295
39608793
29638879
43686943
35192754
44946860
37061663
36161663
41170699
44573710
37609810
16099995
32390084
33455400
36863105
43535873
38870132
31654607
36313076
38894847
5815311
37048405
38531018
31766278
38594007
39969276
42993963
40374533
39666126
42592435
1460367
37673181
41570707
42453156
8068871
41278898
41850586
35497249
41702163
39931678
41360562
41112865
16027022
40328496
37867891
35322329
39846735
29131195
40525796
33553623
32387580
37794049
38910283
35490102
38858875
30004405
33432979
33232042
1895100
37234673
27966128
33471284
36838004
31819967
37809441
37076955
36317553
6490561
34261097
39335416
39242507
37873266
39140353
20172814
1245109
36228861
39009764
35658308
540439
38204030
36991232
37845187
33292729
37580198
37649718
38664213
38616492
30007773
38415603
36299528
37049881
37879426
1737273
2229504
35310219
27799810
29956289
28094275
228748
37254757
181052
1688338
33446198
36908366
27935593
1480870
36292045
37123750
13797691
36159071
36583105
37068618
2323498
308564
36368416
35246303
36238523
2353958
34085850
2136142
36304182
32522806
36244142
36267085
36167597
36117148
2234476
35390395
36142896
886367
35480461
5023171
34385049
559985
35121429
29663232
35053786
33478703
33750074
34526963
33811255
30242089
34859173
34822330
34784795
16156280
34789851
34711755
33575250
33940040
1085669
1397526
30407419
33778662
33158741
1053903
34343676
31448506
32355871
11229861
33687535
34597899
1078333
36050
11798
33470462
18128
119376
30140269
32482858
30904838
16889359
8347321
32214195
31128614
15821626
11780841
31948056
31460896
1877530
31460780
22410569
3136674
16695088
1620854
30382692
1398925
2323444
4509411
8264351
16129157
20134147
27738001
15495801
31070032
19541512
16118206
27319147
29020165
16948192
16068579
20385541
30170307
1167248
30975275
30253633
10754731
3076070
3200203
29811414
29099432
15608768
51268
29796437
15607940
27756961
5200071
2859772
16524988
15596225
3158603
1778697
16400926
16400923
16203168
888613
16115821
851632
11098121
8450161
15554941
781121
1426905
1842916
15557774
10529761
12715011
8148951
1949320
5856431
10065221
2440020
1660555
10498151
4023121
2545044
9154121
2400158
1370677
1398789
1686147
7659271
996817
4279361
3784631
2747986
1377574
1873114
2792578
2748920
1716142
2661912
