688
1783
5968
6403
6719
7852
9134
11798
13494
21685
28137
36050
37267
37851
42819
55256
63959
66493
75122
76934
77185
78092
85307
90796
95485
101634
108478
108804
109672
110267
115914
119376
121030
124833
125409
128693
132439
136170
136470
136971
137883
140740
143673
149070
150910
154448
157250
161493
161554
162714
165193
166653
169169
169492
180523
181072
182439
183544
186927
187750
192436
193832
196097
198732
202541
202993
207047
209357
210920
213252
215222
219267
220263
221569
231245
235720
236481
241620
241829
243500
246879
247118
249693
250306
253770
253940
254965
256048
256207
260549
261319
262103
263351
269592
272360
273445
275127
275407
283896
286325
286480
287594
289548
293618
295560
303809
308176
310577
310813
312387
313389
315219
315747
317073
319590
325590
327908
333859
333940
334771
335556
336159
342900
345437
346616
346840
349648
350520
351545
355685
357237
357272
360832
362262
372240
373811
376626
377588
382119
383583
385463
385752
385838
397775
408993
411060
418004
418530
427127
427660
427958
433807
444252
444759
446295
449062
452588
469530
480654
480783
487840
489930
493488
499036
501855
503527
507308
507576
510511
513130
515865
522097
523974
526710
531252
531846
541246
549311
550460
559670
559985
560252
560659
571983
572412
573243
576062
580106
585693
585962
591903
595874
596167
599362
612972
615562
616572
618374
619151
619357
633262
649708
656158
656360
660465
672965
692634
693132
706517
707279
715925
722306
731063
731740
749854
751677
755147
785764
790656
795436
795859
802735
811974
818278
819730
831670
833768
841653
847457
858715
861033
883730
885936
887010
888613
893819
895724
908668
911564
913302
935189
936536
940412
941387
943846
947448
954488
954639
959631
966220
974454
992712
992829
998568
1023337
1025280
1027892
1034021
1034563
1053903
1065391
1067922
1078333
1085669
1088701
1092782
1097444
1119273
1120847
1124579
1127419
1128176
1142239
1147301
1163954
1167960
1179102
1184858
1192060
1195197
1209172
1216340
1231120
1258884
1263923
1266819
1268242
1271172
1280363
1281687
1282938
1284727
1291992
1294039
1313728
1329019
1329963
1332297
1343524
1368322
1388397
1397526
1410381
1443249
1454276
1459183
1463782
1468764
1476036
1477035
1479224
1482434
1483444
1494985
1508454
1508480
1509818
1529705
1530020
1533484
1537283
1542633
1551173
1551745
1552775
1557713
1558235
1581545
1583782
1590257
1599085
1602757
1605053
1605329
1628437
1633529
1634403
1638117
1647870
1684998
1685122
1689438
1693740
1702455
1712599
1720131
1741663
1743779
1748595
1782947
1788999
1829690
1836268
1846956
1873720
1877530
1895100
1900368
1906826
1909300
1910430
1917900
1940478
1944206
1956380
1966026
1974890
1977790
2007114
2015776
2030236
2041628
2045010
2050286
2063246
2063336
2064342
2066790
2073318
2082960
2084372
2088022
2093576
2113594
2119122
2125188
2141462
2141954
2160914
2163636
2167124
2173506
2180776
2216770
2216986
2220672
2226746
2227236
2227824
2243856
2248002
2270650
2271848
2274180
2280696
2328052
2350512
2381976
2394598
2398996
2409396
2434504
2444046
2472314
2475598
2493878
2504598
2504946
2509722
2514434
2529362
2535272
2551456
2553122
2557706
2575896
2580716
2593238
2593716
2631092
2650552
2680014
2689610
2694938
2708822
2756024
2777032
2777454
2789790
2818412
2831258
2854576
2866956
2876244
2880174
2910778
2961358
2968076
3003492
3012066
3020399
3020856
3026272
3030401
3042542
3045290
3047678
3048079
3057238
3057783
3065801
3069262
3073518
3102279
3103092
3110823
3123708
3137336
3157764
3163170
3186544
3193338
3204121
3209432
3393281
3407761
3525091
3536441
3565161
3767001
3989451
4109771
4148621
4232951
4412601
4495241
4504091
4539131
4840641
4855831
4920321
4942451
4981411
4993381
5088461
5119571
5209351
5217211
5240011
5247791
5287711
5438181
5620891
5643951
5815311
5865071
6004111
6062641
6199811
6342431
6417311
6422281
6524941
6548541
6562701
6796441
6880751
7076881
7116461
7130251
7262281
7395541
7451811
7557621
7590571
7709581
7725081
7733001
7840911
7865251
8234841
8336781
8434291
8745501
9132001
9144921
9490431
9853551
9918111
10414911
10529761
10728201
10769051
10859411
11229861
11341651
11432631
11780841
11875671
12056021
12116851
12234891
12434681
12598231
12627461
12821811
13797691
13803811
13992441
13999431
14036451
14110981
14164921
14174801
14276741
14279281
14505171
14532391
14705571
14783121
14788301
14927891
15550136
15552912
15556027
15559884
15562990
15587234
15589312
15596225
15610501
15612119
15623990
15635693
15640419
15665530
15667154
15690818
15700661
15707303
15714288
15721730
15763159
15780246
15794409
15810432
15816217
15842188
15991012
15994542
16000444
16026487
16026873
16029199
16030362
16031074
16050617
16064029
16080559
16100028
16128899
16136185
16156599
16158500
16160658
16173492
16174613
16176263
16202778
16204553
16214910
16219164
16221031
16223071
16225821
16229561
16286749
16370251
16486615
16540240
16572046
16592425
16650463
16652077
16666969
16687039
16709002
16798735
20163223
20172814
20201428
20210251
20304457
20349973
20390059
20390872
20400568
20435416
20467543
20497357
22410569
23611534
24522829
24655228
27019690
27039019
27039214
27062995
27083719
27087508
27187243
27191155
27215464
27254686
27269812
27429268
27453715
27525391
27554317
27564667
27599647
27666739
27667705
27741910
27757705
27759625
27820840
27842722
27886262
27899216
27924403
27933141
27963360
29017745
29032198
29059772
29061043
29070564
29091894
29099432
29124792
29126540
29131195
29132635
29137784
29158093
29166766
29170483
29183643
29194068
29212729
29229321
29231809
29266950
29299297
29300033
29318487
29517447
29521709
29610149
29616322
29623014
29627710
29637396
29638879
29642097
29649316
29753835
29787255
29831504
29931219
30007773
30100405
30136276
30229260
30281024
30307841
30370561
30407419
30411022
30464041
30470907
30519413
30532801
30599988
30668220
30692628
30704756
30713643
30736887
30822269
30833693
30854429
30876796
30888029
30890547
30938099
31049813
31060316
31062524
31128614
31140147
31175175
31225367
31248009
31265190
31284519
31313419
31315106
31315394
31328625
31366403
31372272
31431900
31432310
31436832
31448506
31453127
31460660
31464766
31546456
31550612
31554685
31562610
31573370
31629621
31641561
31644084
31650779
31654607
31660678
31700979
31713111
31760940
31766278
31774666
31845460
31849548
31867344
31892309
31935513
31962476
31974773
31985691
32004730
32011145
32035844
32046105
32055514
32065620
32068511
32092137
32092625
32092835
32092843
32093094
32095127
32097054
32101105
32101584
32104860
32105030
32105271
32113963
32130725
32159831
32163159
32163566
32163825
32176897
32180261
32182070
32200615
32200869
32209693
32214195
32217369
32222488
32232024
32232396
32235711
32289627
32295746
32297955
32300613
32301946
32302017
32307946
32308153
32310145
32314446
32317804
32318473
32327291
32351827
32360874
32361406
32362140
32368875
32369104
32380697
32384989
32386752
32421794
32424420
32429455
32436993
32439949
32442956
32444603
32456936
32469967
32478036
32486492
32486844
32493900
32494332
32495456
32505065
32508849
32511073
32517630
32519180
32520060
32522806
32554504
32556320
32561635
32585562
32586998
32592284
32614942
32619605
32665248
32693953
32696144
32698748
32775926
32794952
32810650
32820417
32854309
32854518
32898389
32929368
32929820
32935138
32935830
32961177
32991034
33012343
33015800
33025836
33052341
33099440
33102973
33115936
33117061
33129985
33146438
33158741
33169219
33178402
33227839
33232042
33234650
33258697
33259051
33269333
33283510
33284491
33298365
33303922
33304434
33307638
33432979
33455400
33461345
33471284
33564612
33565098
33571253
33596861
33596879
33663611
33672786
33693696
33720478
33722523
33741778
33778662
33779707
33787992
33800568
33870385
33891926
33987270
33990263
33990311
34021836
34037728
34093276
34098622
34110308
34144549
34176815
34183672
34232370
34257005
34288861
34297224
34306039
34360203
34385049
34460855
34508594
34562915
34612882
34656089
34658357
34664661
34779107
34785474
34810223
34818170
34844519
34874442
34884676
34934984
34935671
34947124
34951373
34969999
35082686
35106115
35251087
35279376
35309271
35322329
35356466
35371914
35468714
35486646
35497249
35531087
35586471
35617157
35652721
35654053
35692099
35712214
35787021
35876827
35886829
35950803
35959134
35976020
36037985
36058595
36080478
36145887
36292045
36297461
36313076
36318098
36359674
36362831
36413583
36517895
36555786
36614161
36614252
36655420
36707096
36722553
36760285
36863105
36865090
36879805
36934797
37008656
37043833
37045120
37049869
37054012
37061663
37076955
37094341
37096030
37111418
37114522
37121970
37138991
37178043
37183393
37262792
37295073
37301013
37313925
37350815
37379263
37391952
37422961
37435296
37516400
37516502
37545051
37590878
37609810
37619643
37620996
37623035
37626759
37672932
37722812
37788492
37808009
37809441
37835801
37839092
37850681
37855813
37859556
37871689
37871976
37885598
37937293
37941413
37951232
38012361
38018690
38032583
38034973
38053993
38067335
38095687
38099266
38123256
38127643
38181860
38202997
38215952
38254966
38276173
38424129
38501671
38502299
38504120
38535689
38870132
38910283
38987674
39005347
39139537
39214997
39410289
39442196
39480855
39608793
39645605
39688519
39886727
39894289
40328496
40344160
40375763
40574364
40735688
40818502
40903138
41170699
41250206
41303431
41324465
41359295
41505538
41514691
41577369
41587978
41591751
41618615
41645642
41689901
41763343
41856164
42056861
42183391
42213061
42279793
42297858
42370667
42537305
42586385
42699716
42726156
42734274
42986642
42993963
43150765
43376737
43477110
43535873
43535978
43612058
43686943
43936362
44007420
44070277
44081214
44114714
44129259
44152944
44165505
44225465
44283738
44412070
44433601
44440138
44442114
44502841
44536810
44545745
44572569
44599867
44621843
44719985
44967214
45084328
45107850
45109725
45113964
45127947
45184976
45205992
45242473
45303065
45472699
45516540
45558296
45663081
45692230
45818068
45830718
46001613
46001729
46006290
46219823
46279408
46314871
46315435
46323667
46345088
46442156
46471018
46487027
46529364
46529377
46529386
46529404
46529439
46529463
46529570
46529681
46529783
46531118
46531170
46542374
46659603
46749877
46752747
46908782
46957122
46969039
47037583
47176019
47223195
47452605
47454089
47586890
47628530
47723991
47752135
47985542
