4
947
2686
9134
9279
11455
11798
15487
16128
17875
18635
19957
20347
20510
26105
28137
30187
36050
36983
42629
45582
45676
45711
47591
50495
50965
50988
51268
55295
56267
61399
63959
63980
65122
67711
75898
76245
76934
76988
79129
87182
89254
93171
95485
96212
111948
113240
115164
115914
118302
119376
125714
128693
130444
132137
132743
136170
139713
141849
142455
151069
153989
155881
157250
162185
162714
166391
167455
167547
169032
169469
169492
170269
171887
178472
181016
181052
187233
188202
188420
190265
192551
193832
194293
197648
207896
210025
214044
215313
215450
221477
223114
224851
227533
228748
231890
234297
235277
236838
247118
251442
260065
260322
262121
279201
280389
288005
289548
298776
299271
301505
304528
305552
306122
306743
306795
311546
311741
314202
315212
316479
316708
317449
317705
322926
323485
325649
327798
335273
335556
336159
348600
348705
353810
354840
356540
357237
363662
366144
378152
385838
392146
431858
434085
446295
465071
477788
480855
483117
484918
487840
490570
497208
503316
507308
508099
510511
514070
529570
531846
538948
545853
553112
559985
570985
574633
578177
582526
585962
588088
595215
596167
600355
627356
628860
644793
648626
649469
650034
655533
660465
661509
713850
720019
745974
747769
761552
764211
783510
790656
802735
817679
819730
827847
833768
842663
846272
848326
857179
875532
877307
884061
885936
887471
907669
934054
935968
941387
952584
954639
969614
977729
979013
982280
986414
1003115
1008866
1021904
1024470
1037589
1046638
1053903
1054168
1055997
1057839
1059294
1077666
1078333
1085145
1085669
1088701
1110624
1123205
1167248
1175743
1179102
1198813
1254889
1255710
1258884
1265975
1281687
1286083
1315436
1340482
1354597
1356924
1362080
1366361
1373118
1375382
1381739
1392378
1397526
1397545
1398925
1403881
1430045
1433568
1443249
1464344
1464484
1470788
1478550
1484925
1500956
1507355
1511624
1520527
1537325
1553550
1578508
1584313
1589279
1612046
1612850
1619907
1628437
1630592
1631158
1634403
1685304
1685434
1688956
1698292
1701337
1730685
1734019
1749309
1760699
1768105
1781105
1794677
1838262
1841930
1847648
1855976
1864770
1871494
1877530
1891352
1892260
1895100
1899896
1910430
2007604
2027608
2028850
2036154
2045010
2050286
2077916
2162468
2163462
2186258
2194976
2215016
2227824
2268970
2313196
2325524
2353958
2365508
2400158
2474860
2514434
2531326
2566714
2593808
2630504
2631490
2631976
2728334
2756024
2758276
2760020
2811256
2818268
2831258
2890610
2944724
2968150
2987484
3014848
3020856
3053087
3057107
3057166
3057643
3073518
3079426
3096048
3109509
3127249
3134148
3153572
3158603
3163170
3220572
3226353
3309341
3353571
3524981
3536441
3705401
3720041
4419301
4602081
4766521
4787421
5119571
5201071
5377501
5377741
5666771
5709121
5804381
5815311
5856431
6299361
6490561
6796441
6813071
6880751
7011261
7275631
7406441
7540461
7708711
8116811
8173141
8329381
8431361
8697461
8799281
8958631
10186131
10375531
10529761
10754731
10852711
10887981
11183001
11229861
11703781
11725611
11967091
12056021
12064581
12128141
12733501
13797691
13825821
14046131
14055611
14220091
14370031
14522191
14788301
14883251
15102371
15157821
15231521
15493191
15552912
15558067
15559884
15587234
15592264
15596225
15608768
15623990
15706969
15724439
15777277
15798781
15816217
15963179
15974211
15990622
16000747
16029199
16050617
16099995
16101208
16154452
16166004
16170727
16172587
16232743
16239709
16277929
16314037
16426093
16457299
16457329
16549948
16649782
16749982
16758676
16798735
19859968
20172814
20201428
20240779
20328433
20390872
24226109
24281495
27040177
27158923
27191155
27239512
27254380
27254686
27267088
27434029
27453715
27462250
27513439
27544591
27645211
27646570
27695374
27753742
27799810
27818695
27836164
27896356
27898797
27908659
27911335
27937681
29006419
29014324
29049851
29064728
29082914
29085620
29099432
29099868
29105542
29114818
29124792
29126540
29131524
29237726
29262487
29301625
29309791
29333654
29388434
29516175
29521709
29534878
29561960
29581080
29584654
29596609
29610149
29616322
29636265
29638879
29649316
29663232
29676584
29751319
29752008
29777439
29786748
29812248
29821442
29831504
29832069
29876444
29931219
29956289
29978074
30007773
30008136
30064861
30136276
30161279
30229260
30242089
30253633
30283038
30305457
30307841
30348316
30363743
30407419
30461266
30551173
30570995
30587329
30616300
30664119
30664623
30680955
30704756
30766738
30822269
31030722
31059380
31128614
31140147
31142858
31172637
31225367
31265564
31285314
31287507
31300272
31313419
31328625
31341236
31365609
31366303
31394077
31421106
31431900
31432310
31440084
31448506
31463945
31478552
31525614
31546456
31549124
31562293
31562610
31644084
31649667
31654607
31655420
31721571
31766278
31773999
31777181
31849548
31877314
31878625
31896002
31916219
31952783
31952926
31985665
31985691
31988181
31988391
32004730
32011145
32044253
32064929
32068945
32069093
32070448
32092705
32092835
32092843
32115339
32119022
32142385
32163624
32176138
32179592
32182070
32183742
32217369
32263125
32268260
32295746
32299025
32300584
32300613
32307946
32318473
32327291
32353250
32355871
32362673
32366026
32390084
32395955
32421794
32426694
32429023
32444603
32469392
32469495
32469717
32469967
32496714
32496777
32511073
32522806
32543426
32554504
32560419
32585562
32614942
32621996
32630578
32630710
32631611
32636782
32658928
32662280
32665248
32693911
32698748
32747470
32761184
32764971
32771957
32775205
32789690
32791811
32794952
32797901
32820417
32836860
32898389
32904059
32935138
33012343
33015800
33043163
33052341
33054236
33093114
33095725
33101406
33101621
33117061
33128461
33129379
33129985
33134309
33137074
33146438
33155718
33156589
33158741
33168451
33181286
33194995
33199410
33211844
33222783
33234650
33285284
33285919
33292729
33298365
33307638
33325882
33367375
33375253
33421261
33429447
33438780
33455400
33461345
33471284
33478703
33519359
33548178
33553623
33565098
33584069
33584839
33596861
33596879
33603322
33617047
33618340
33629854
33650487
33654851
33663611
33687535
33717845
33718035
33720587
33726771
33740996
33741778
33750074
33769647
33771141
33778662
33787992
33800608
33811255
33830241
33847396
33849889
33896894
33905103
33968532
33990311
33990343
34005124
34009097
34014274
34016023
34021836
34042846
34085804
34094217
34094795
34099270
34108572
34120121
34155513
34176815
34180965
34194247
34198658
34212482
34218848
34226890
34231198
34234997
34236641
34240403
34243702
34244887
34257553
34261097
34271915
34281074
34288861
34297224
34306039
34315187
34340009
34340446
34385049
34395806
34402408
34416119
34442237
34457586
34457871
34460855
34462018
34514115
34517918
34524868
34536389
34562915
34593356
34595217
34595388
34608438
34622597
34625417
34656089
34664661
34708704
34714895
34725190
34732750
34770777
34810223
34818170
34829884
34839418
34842720
34844519
34845440
34934984
34963903
35008493
35019422
35024888
35039943
35053786
35059806
35086110
35155714
35186315
35191439
35192754
35279376
35294013
35300210
35310144
35310219
35322329
35390395
35404855
35453597
35459183
35482588
35497249
35531087
35566901
35586471
35599492
35621769
35640554
35643298
35643370
35652721
35658308
35663562
35690568
35703455
35712214
35725645
35727758
35757014
35773220
35783624
35793405
35852827
35867886
35875426
35902329
35950803
35976180
35992602
36036876
36058595
36072492
36077410
36090835
36092519
36117148
36142896
36144645
36149962
36159271
36161663
36165552
36167527
36167597
36170647
36223368
36228861
36244142
36261291
36262392
36275640
36292045
36305051
36327691
36346914
36359674
36362831
36375907
36410007
36432575
36434583
36479606
36495495
36525623
36561605
36578450
36583105
36625764
36654419
36655420
36660866
36693868
36696017
36722553
36742325
36753181
36762829
36793148
36834514
36838004
36856328
36863105
36879805
36905639
36908867
36991232
37036907
37043833
37045120
37048405
37049902
37054012
37061663
37076221
37076955
37078428
37094341
37096030
37098117
37111418
37114522
37123750
37150861
37183393
37191019
37199454
37222860
37254757
37298467
37301952
37313925
37321660
37332488
37418291
37425820
37545051
37573495
37590878
37594761
37609810
37642160
37675919
37698826
37715574
37722812
37725674
37779628
37788492
37794049
37794168
37835801
37850681
37850885
37855813
37859556
37867891
37871689
37871976
37873266
37881385
37885598
37921378
37928050
37933037
37937240
37950741
37951232
37962948
37964412
37979149
37987137
37992647
38003559
38012361
38017095
38031148
38037233
38053993
38061995
38067335
38095687
38099266
38141202
38141504
38184493
38206730
38209809
38215952
38218223
38246013
38252875
38254966
38273490
38504120
38531018
38535689
38538968
38564916
38579246
38640178
38678207
38689323
38873307
38957184
38962779
39111402
39214997
39243483
39410289
39480855
39539389
39644011
39688519
39776010
39818466
39826347
39886727
39889486
39890437
39894049
39895988
39914632
39933061
39969276
40168236
40245234
40287750
40304814
40304817
40328496
40344160
40369823
40374533
40376269
40388727
40442860
40574364
40582972
40593918
40629437
40630452
40738444
40765587
40801268
40818502
40818891
40837826
40903138
40906795
40908765
40940986
40988671
40990078
40990236
41020646
41060137
41096713
41197966
41250206
41268741
41303431
41349230
41360562
41388309
41398626
41399161
41441868
41452758
41477852
41489778
41514691
41547182
41552743
41552820
41569682
41583566
41587978
41591751
41593559
41622781
41645642
41683713
41689901
41714204
41763343
41783347
41834390
41835338
41871077
41905998
41921300
41963216
41980671
42046778
42056861
42116343
42157258
42162600
42197749
42200942
42213061
42257680
42267379
42297858
42319832
42405041
42447539
42537305
42549059
42551688
42584673
42586385
42592435
42634391
42699716
42726156
42734274
42742458
42747208
42913775
42986642
42993963
43016837
43062718
43104337
43376737
43477110
43612058
43680919
43686943
43698619
43714303
43734740
43762390
43862187
43878019
43885995
43907326
43916019
44007420
44022426
44070277
44129259
44165505
44203347
44212515
44222116
44225465
44239137
44252882
44257444
44270317
44276160
44412070
44442114
44459233
44477045
44536810
44545745
44572569
44599867
44729966
44851114
44851715
44884482
44909512
45006365
45024188
45027825
45107432
45107850
45109725
45113964
45158155
45184976
45303065
45450183
45490374
45510587
45519214
45521473
45531017
45558296
45681569
45760437
45779841
45800673
45811953
45813267
45818068
45820839
45830718
45917637
45998494
46001613
46006290
46012061
46025386
46046013
46133173
46213120
46219823
46314871
46315435
46465268
46487027
46579728
46659603
46991491
47059930
47131837
47188647
47227341
47349661
47527882
47569242
47619495
47665460
47846874
47865553
47997114
