16073157
34186029
45505081
32185847
46576248
38296369
34935669
47799520
47880055
40678592
47871442
30348316
47176019
975165
38065482
43952638
1375382
833768
47569242
46505586
46659603
47521374
14505171
40442860
47417343
47414919
47434003
36748465
38215952
46025386
44599867
20163121
30136276
47265284
38032583
41576793
47217989
37808009
47161414
35106960
480783
37590878
16652077
31995113
34664661
32653535
30283038
40903138
16692985
38768672
29931219
46893453
46889236
42090563
38504120
46849788
46564196
38206511
3043392
46133173
45818068
35867886
16050617
46611352
45184976
32924686
39880797
33012343
46132779
46540492
15724439
37924971
46493875
44412070
41018492
46464188
43740077
46219823
34884676
38957184
42157258
46006290
45303065
29777439
1085145
952584
46315435
42297858
46314871
37321660
41856164
44851715
41507229
35704433
42734274
29288257
45939372
954639
43104337
40818502
32924305
34651665
45883866
34039531
37036907
34595388
44572569
2864498
502799
45462678
39608793
37290276
36925375
35290150
4098391
36887514
26361
41569682
33580073
39243483
42600013
38903722
43701102
44225465
43887655
13797691
44492436
45426599
31253909
45320035
2574908
5279381
34387564
45343032
34679623
42584673
29638879
45210371
36303628
27089110
34059576
43016837
38001692
34714895
45188944
34867697
45127947
40735688
45107850
45107432
35300210
15640419
45043488
29004482
44798093
406610
35425599
2852596
31654607
31372272
41583566
34844519
35192754
1892260
14634791
11967091
15587234
44129259
15231521
37937293
40304817
771064
43686943
36313076
34176815
42913775
20329657
35787021
33461345
44754418
42279793
37043833
38119222
33722586
44235508
15420311
43601805
36161663
42056861
41170699
16099995
34962537
44233189
31469754
41300795
34297224
32390084
44502841
44007420
33565098
36386163
35712082
34315187
33052341
29015921
44442114
38181860
41011363
36145887
2995484
1146169
38067335
36663285
38708605
1368322
40982320
31880815
41514691
32444603
37609810
30696473
44206841
43612058
36863105
33455400
32398776
44146627
37478715
44114714
29291258
38545678
34741193
43974325
44020514
2141954
37649718
31342381
38894847
43535873
44010713
35971388
43882475
43535978
31525614
43015434
43897408
2811256
37623667
5815311
32352848
38870132
43803536
41963216
36660866
43775670
43765598
37313925
41533789
43698619
34094382
420615
43681234
43680084
43680080
43644657
30344192
32244163
43610478
1541623
103834
31314215
38099266
38564916
42993963
43335752
43172247
8877
37963342
42747208
41328521
20201428
40374533
434713
38182077
42235052
41505538
374221
42424264
2268970
42499512
36014370
42496683
39969276
36271156
2035512
20286373
42900919
326035
42986280
36317553
4255031
37921378
32182070
34313704
4096911
37933037
42917578
246463
39895988
32854013
130444
34202335
42860779
40837826
38087037
10092801
737660
42726156
31642395
37881385
39644011
30418201
422836
37672932
37859556
35976538
9670011
29567380
42634391
35640554
37855813
42615572
39705607
38647675
42592435
42586385
757599
39336136
39161468
1380738
37146733
508398
16104039
41570707
29534878
42468526
446685
16636972
33574269
47244
42448682
2489724
33208975
42391011
15796153
997522
34612997
37871689
6796441
13683841
32779166
37045120
34804432
39480855
1294736
38858875
672965
41278898
36863247
20366986
36828046
37096030
31661642
842663
42159302
37823431
37094341
41041317
2963802
33211844
34021836
36879805
35586471
38459255
2944724
27873
35652721
41905998
37061663
16215672
38494340
36622363
132056
19065
30664787
35039943
41477852
37230710
41324465
41290321
3430241
41280317
24577572
41655329
37850681
41879381
301225
37389267
41892042
41804421
41879250
37349915
41062588
31657169
39824650
3153572
34857022
17987896
6906571
39931678
41809846
41783347
41771314
595
41714204
585769
39819805
31916219
41689901
41657338
987519
41683713
36419931
885936
33015800
39498303
64689
41645642
41582800
27453715
36400299
584380
34470821
1208622
35773220
41398626
41622781
41618715
39606850
41399161
38910283
31773402
41428798
41428693
40738444
11670
29131195
40972418
15652765
32974461
41552820
41552743
10929261
36292045
38186614
41304365
569
41452758
31030722
36168038
1394198
3186435
15992904
15386791
41420682
40972303
40970137
38606502
40406935
1505047
33046106
41411126
37721141
19456
38549183
20013082
41250206
36753181
632142
40287750
41349230
39978284
40493021
37336002
35497249
36637954
36427374
28137
33596879
32603445
20470759
34960588
41279983
31442507
41268741
37545051
39619156
38326298
33137913
41243917
41207821
8746911
20314600
30896737
41197966
41039652
30690377
8806041
30999690
31367431
41145511
33239512
31566256
41060137
40648907
40865490
34950386
41096713
41093354
7586501
564026
36352887
512875
31671962
40613368
947424
38499
150943
33076600
1619907
39683755
36468700
4341061
39311686
36449254
40005999
6688131
38400189
40328496
40990078
40996226
39048441
40593603
40969376
2680522
33374259
39212306
30725645
89490
16540867
5517731
40921365
3055998
40908765
143410
34286621
13808151
36253880
40818891
60596
129858
34643218
1427500
32512601
39181775
30007773
6769701
132013
38297191
341756
40824191
40824239
40514753
40779712
35390395
34662928
31561258
29294033
16027022
16579420
40801268
36809558
37022832
37732828
37253467
14063761
1359829
37433288
1056962
40714247
40775397
40774354
32221486
20539633
35322329
37565953
15671315
40742829
37534979
13981871
38069802
40724820
37354039
40245234
38483979
38911577
40280338
35793405
35658308
3187173
733372
40437157
39605951
4415621
2182600
15672692
36583105
29218372
40678789
15577966
552328
39371775
37499008
34268940
36385033
32235194
2450842
40630452
38650254
32764561
2714706
1499307
40596747
36703081
40593918
40582972
35232232
11488961
38363941
27924403
38906937
37637844
78422
1183268
35245714
101070
33481426
37192192
29327550
37285533
36776160
33834300
30032607
33722254
1336114
40517135
39237693
496660
38965674
2481700
9701
35950458
152280
143486
2057894
1080527
30551734
35162790
38727909
4023121
37794168
33796498
4178041
1718564
35852827
16207429
36674916
12695431
33553623
11932651
949466
39927137
29501114
40347005
75898
1373118
31001992
927925
31548792
39625671
1430045
78433
1310439
38630457
2630504
32450424
16284679
40157713
40428152
32387580
32713577
34314960
35637398
40317351
40398270
2246538
38857531
40245640
620691
1066654
95485
1410639
33387
917532
31677098
34418394
32323036
421889
14833
3168506
38866331
30796255
29640031
38622085
1689570
1506629
36656005
4545951
3233035
15740932
27583219
36620160
37465831
1981524
32720617
2050286
825397
5488181
3121560
6221251
89866
35698545
43925
2723410
31649667
32080611
37794049
276167
34512524
34422823
34950087
32408191
33467222
1200306
31754250
34844024
288179
1662332
40272459
1587161
528570
39055567
38826144
36760764
32202042
39375506
37834942
366605
33392575
40232026
31921663
39183465
29127839
31831367
32405332
29534247
6424801
26625
784699
169492
27644647
36731090
15543377
139673
27717268
30127592
84336
34912009
39303037
38618118
1094
1397545
36316793
37690739
37098117
40116294
40191071
40190658
36820286
10787021
36107386
3905901
30819324
273217
39103433
98548
39818466
358689
1124446
40172864
37689966
143639
6866111
38500305
37779519
38862178
2725904
5658921
38614898
36479606
31915514
3123708
35887344
37781814
30514259
37153472
36229419
127610
36666664
36777790
131074
1849462
931954
16130666
38594007
6583571
40150336
1565040
29122948
30369656
33806968
40142664
33811255
33278304
126356
7859441
39636813
436667
1677987
29052855
34796661
181052
3021647
39261658
39370263
48946
34405551
40126891
16103773
11304551
38089984
35125821
31131669
31797942
30388753
78789
30457771
191777
39764835
37245504
11775681
8438
15701011
2896748
35300985
15670869
35783624
8545771
36859
129131
20217598
37435603
36808777
168310
38531018
63946
39362247
2188316
513504
129199
86720
429867
29565377
39362551
29258213
27884465
38967241
1040026
2603098
35832389
30004405
38690456
34315915
32255189
31646658
1962364
15682262
36443120
1469565
36078619
38924591
1068008
31711411
38613954
50802
42033
35016127
30593793
48114
1138652
48909
1665685
414419
30509820
29190583
35829343
39469195
38108260
39332699
16096781
35505555
38498701
36305051
107218
36417960
33860377
30983055
831214
31991313
33537616
6490561
32795197
20349604
772230
20662
754199
35692803
733932
39445772
12148
32272520
40051729
33490641
36893155
1624178
7568291
44912
15414
35854170
37573495
9681821
33337670
97997
30747842
39676529
64135
33432979
31363972
943327
13999431
76934
786296
15459021
1893312
30717800
3543401
31518078
813805
16675072
27064408
10601321
894969
33232042
32669976
717020
30667874
3174121
35141362
37987137
3034532
1326291
109672
1984828
34538235
15542713
31842890
30686442
16432171
35049478
34341892
30469944
39166191
7388331
3161550
936844
52313
32833699
14674391
38406335
38614688
3201563
37497003
34466402
673130
76044
24928110
136170
32121230
10994851
1311235
602298
36221475
32664028
27891432
29665000
38418267
38500798
37965821
108944
38264555
32491353
388653
37117582
1291615
36906347
2082960
39638040
39916407
35999969
39935789
39125840
2742634
120594
35904495
37836622
30369218
32454322
39921391
29826051
38166035
10520
137465
39981498
72849
11839921
18128
124891
40530
35688115
17341
445550
328368
39536893
39977193
30519868
2107694
4628881
717766
32387256
7770951
37817448
23405476
34315021
38098018
790656
193843
23979973
155881
63148
31177786
377670
27901078
33756929
38844248
11220
7968261
153215
38101457
144453
39756942
113003
38743775
15635137
19412
38332566
37929828
38219088
15667131
38739374
38836322
33295735
36730874
32246575
39900601
128215
34844
8519
10094
41240
35540438
4012781
2930034
31932042
16678723
102527
34395671
30251774
39663
32029613
4389331
34984262
1782607
39242007
53111
44218
83166
39861707
34099270
8318551
16402930
3115912
38417075
20212831
38306737
1400867
33822124
38612332
29969839
83440
154222
4273931
39050886
36332298
33796590
144735
2894782
31669455
39662614
123022
1256153
151683
6679321
37436592
30567215
152025
58238
39909276
98184
132010
31738109
29619898
63856
2453590
35376078
76245
16188527
481564
1001713
36362928
1932870
1739665
29185215
65062
852997
531655
995184
16445740
31472106
14190
27055720
21672
27645211
35062420
34903603
39360
42430
38547605
31228273
32780609
33726339
29158526
38233811
522830
38799137
39332359
785917
39662688
62523
33864857
38546417
16219680
39561238
4409291
1542744
36538189
37823157
65177
16158500
96012
93640
23455
1250749
39091499
36884663
31403486
347700
35895585
39937603
37779628
2930718
2854654
38838215
20181448
36742175
37149688
15660477
29271677
39934442
15972982
1713850
467773
39934097
39305372
33949881
36576341
35781055
14496021
13446
397181
38120820
36763138
31768215
35983367
1871184
15596225
39894049
39386694
31701248
33334244
6113091
16044785
36295327
38488313
39393633
30779433
36680419
38572780
35041581
29794300
37736762
313218
18032854
29592786
208324
32513129
37904639
29143388
1163954
32434809
20347216
39071303
36160707
418018
32914526
36605420
29649316
35635520
390411
6947111
39912827
236628
38368031
36335402
318429
740752
4263611
37282818
36653644
35459098
1359409
816809
34519834
29991367
39284197
31780464
35580368
15733195
31220025
27750553
35516082
749226
3088331
30198174
39213802
24890570
24014907
38952554
39495070
37811172
39744491
35031378
39219898
29570863
12553651
39907602
27799468
35286054
35040969
2660846
3020399
36482773
39471098
33241195
3190401
38570675
37473864
37774519
38594846
35356466
33212535
39907664
33287090
39301169
39868684
39379814
31208698
11096711
37594874
38975205
1453395
38459912
32325098
37973784
38900941
30849955
35969597
34168714
32096751
320736
1007550
31766278
39182157
30449213
31010195
33741493
32255197
29670484
32132964
2144976
39819328
38312781
38991221
2855336
492799
39716961
39285688
2457274
39056349
39584658
37565931
34064706
1634403
1269184
37562083
132137
35797268
29602729
39626235
39056155
2995976
38929118
37842897
31715362
14528311
1584313
16024259
39458546
6226011
36128915
39340135
31992247
998015
1183892
13770151
33434295
31622964
37043842
32337262
951988
39890437
39432003
29583888
36771902
262979
39615905
18007189
33349168
29318444
38218783
37140982
35900387
38355524
35961331
36018095
29786748
838910
34487570
32218174
34998783
34085676
2408716
38912949
562918
32281100
36834476
3228829
173684
1223992
38158495
37445882
37567334
208430
39892986
38613314
29968725
29169516
32612141
37944148
31111395
16788367
4300921
33623446
1022228
34210378
38197268
27956656
8004601
34553853
31926526
32346774
39378131
15665385
29311548
37892197
31298004
539937
35561457
37062939
39310677
2230652
36554995
38759943
34794488
24234548
707239
30007752
35875426
29788550
30620221
34612882
37918277
32455809
34892131
37783497
16142066
399222
39111101
15938450
37079384
1027965
31743453
38975587
1147277
29326936
36936232
27274246
38099471
38551133
27802972
1130273
30740043
3153411
6823931
38823095
38984394
33729226
3022921
29019235
33990723
35285210
32207772
38657779
2684172
34121641
505735
33326226
35199918
1148941
11402321
1587865
34347769
31628855
31255056
38339964
32055385
37154466
15694270
38766635
39242507
39361040
27024007
15636139
34481713
33313938
31378995
206930
38304696
32659473
2645506
33616497
31029021
37393524
9312491
4445221
32191232
38300929
27963330
1514212
31287507
38534051
39787374
39209504
39676271
2521114
34256148
1281687
515777
39835662
36473999
673158
38888464
2943264
31675925
39161111
35244434
29155567
33580409
37054012
573227
11798
36654419
31614727
31448506
32302017
34445964
15984702
36566912
4273721
16798735
36109962
950360
27871006
787652
39858752
38206730
34633210
36050
37729135
35180848
39462986
32849808
228748
15482841
360298
37618230
559985
9632211
20172814
38580835
39692938
37062886
33807494
34753460
9914641
36093463
39539062
3846421
35491226
34610234
2815434
37049902
32306756
33955595
10388901
34708704
35482588
27963261
31468537
27255592
1324906
200647
33880811
16697587
1492302
171342
34160064
37076955
31744
39702688
31761068
27927095
27874694
37094468
1477035
30444363
33235967
615562
31313419
16089037
104251
1480870
34261097
596167
37234673
1895100
37756277
15721556
31726532
33187551
38156081
30161279
30193524
34844369
39826347
35191439
32301917
36364032
33292729
32835009
37675919
17596474
37873266
24728183
36944482
64016
837162
143381
36991232
27966128
33471284
7708711
15749141
37145106
36896319
1877530
35490102
35328297
34915591
34915377
1388397
34723959
34405192
33013683
32599997
32269704
