47389416
44070277
31781162
14505171
29931219
885936
41576793
30136276
47206111
34664661
30283038
40903138
32685060
38504120
6906571
16050617
42297858
41423023
35586471
44412070
40719322
37321660
33106804
588088
31887466
32133313
39243483
44459233
37036907
45719378
954639
41569682
9134
34176815
34884676
15640419
34844519
45107850
289548
36233947
44225465
35290150
14634791
20329657
12128141
34428349
33461345
44198668
336159
36161663
37114522
32390084
41791843
29638879
31562293
27246763
44549923
44442114
43184223
42056861
33565098
38181860
31654607
44457516
37374584
38095687
20390872
38987406
37928042
32752311
44388961
27089110
37609810
36149962
38067335
37313925
44276160
480783
38012361
44114714
44186301
43612058
33455400
44168690
32363494
44141251
44140778
44139241
33748078
44085511
44085570
38104917
39480855
44020514
29584654
43535873
44011250
595215
35986072
37075133
1910430
34829884
33015800
43535978
36165552
1077666
38564916
43907326
41591751
5815311
38870132
36313076
42726156
38531018
33004543
33834879
41250206
37191019
6796441
43332102
30248491
41283546
42993963
350737
347700
30026118
1589279
43172247
37096030
42235052
42986642
43376751
37474465
32895618
35243680
34725190
15968056
40374533
42177082
37061663
35356466
38182077
37054012
42505123
41386918
43008201
39666126
2831258
39931678
42593502
42846305
3055894
1460367
2944724
2811256
39895988
37850681
41547182
596167
37855813
41477852
33548178
31985691
2050286
37993821
1335045
1477035
2738540
35497249
35322329
34021836
40328496
39007267
997522
33718512
35008493
2630504
32522806
33471284
38661958
20172814
38862178
30007773
89866
37516298
36865090
1322549
31649667
37624508
15596225
37096
35997913
33596879
37190648
36583105
33811255
27255592
32698748
34385049
33307638
32554504
36669935
422836
1895100
11229861
7784011
32444603
35580368
14788301
559985
31365702
32625132
34442237
627356
36050
27239512
8814501
29521709
30064861
31999191
33169219
33648238
32351827
33548487
33452362
27254686
18128
33186483
2220672
33228741
30704756
3536441
421901
1443249
790656
32923155
32892341
32268260
29194068
32263125
29126540
32794952
431858
761552
14164921
31431900
29876444
3104581
32012979
9262301
2350512
16758676
32176897
29099868
29663232
2000322
27298831
32217369
11798
32297955
32299210
27904977
1088701
16128899
3220748
30938099
29831504
656158
139713
4173941
31930598
20349976
2040840
1179102
660465
29754764
1877530
3136674
31747133
16695088
11699631
30852928
27630118
776919
30253633
15608768
10754731
996224
37712
1855976
3076070
30243414
29970272
29811414
51268
29099432
887471
495947
15816217
27473320
27871195
27469399
323485
511789
407382
3158603
553453
16689127
20199223
1167248
12579331
12021761
11958101
11955121
11869941
11868191
11867831
11865221
6809091
28548
338320
877307
2057738
