48084062
39243483
30598606
37632996
45811953
40850904
44803077
48020007
16073157
36421773
3136011
43762390
45789566
37078428
47999744
15571125
719715
44011125
47972301
2955762
38678207
29589003
47997114
40862301
47974083
37124606
414560
46906593
39036674
47815484
29825870
41285607
47847457
29813854
34935669
24377787
209124
47925338
47933656
47930026
47646274
36413583
37199454
46328525
47799520
47624495
47874861
40678592
31540271
44239137
47389416
44412070
1092136
359395
40023910
27175597
30692628
149574
30229260
47176019
2890414
47665460
14026241
2790264
6307291
27937040
38065482
47726522
43494458
1571432
35250484
47566579
39410289
43952949
43952638
47697321
47664735
46635654
35949017
1515190
47652747
38385633
44536810
9385221
1621375
39827109
44474780
43655927
30348316
1502356
32816441
1701337
37506961
45510587
42286107
484918
37638400
47458057
34340446
42405041
47519240
37422961
1898930
47509523
44070277
43953617
32676884
37048241
36772578
29072050
47349661
35744668
40442860
46578483
43900021
43588536
46208977
33114324
14688721
47351895
2560106
37785110
47439872
47428088
14505171
36748465
15789805
47414616
869561
29632585
43947541
47399720
47393259
38215952
833768
44599867
30136276
400322
15735168
15692004
47223195
561672
31435765
47131837
46312370
45525248
35683194
33306221
37764972
38302428
43134729
41350753
46445891
33799903
46323667
47177570
1563881
1294598
31725661
45558296
20331820
46585159
41270125
46993881
46879905
37590878
41578923
46633746
47128302
35372757
32589937
30935166
1993908
46510374
553822
43985997
44442352
34180569
27614530
12204791
46025386
44442013
43040373
457471
31195375
2036626
44220684
26105
4839711
44221070
44221163
16652077
44221262
44231327
1651777
1809421
29931219
8862811
31083446
39693476
36882626
4627211
34341892
47027454
35959134
13954861
36396839
507755
20322700
16115437
964637
37183393
45576754
40794706
33787413
37555283
46844955
11577541
33667720
22464371
46487027
16692985
46991491
34664661
30283038
32602742
34243702
40663165
42173196
156376
35106960
10441301
1085145
39645605
46907541
40903138
1170393
46564196
46453821
8431361
37546190
35859219
753758
31005008
1534380
46133173
38252875
31641561
42459643
45818068
46514375
33597645
35867886
38504120
44165505
38059208
39886727
46692857
34853053
46671544
7840911
72849
15776829
42297858
33012343
45391268
16117522
36167527
46132779
46519065
39688519
42811248
34836648
46507888
43376737
15724439
31995113
32141726
41286185
46477463
35652424
46476068
32409459
42723564
30775543
24448587
1715829
45227449
45521473
33182533
45113964
2219624
46425603
16050617
42046778
46448674
35704433
38796319
432614
46429479
46409715
42157258
39663
46219823
947815
35024888
45303065
45830718
46006290
45450183
1343604
29777439
46012061
952584
34021477
46315435
46314871
37321660
46228336
40688911
7687271
2482814
41507229
45531017
44851715
42734274
39880797
45184976
325008
35613147
30534309
7406441
46036754
46216072
44027486
44030022
36614252
2707220
42494588
45082986
31887735
46194282
46186765
38907515
46173759
34714895
30850436
588088
46119721
35301602
46091660
40818502
16106547
2107184
31233286
1029377
1470788
44459233
46034804
16113739
33548178
45760437
41018492
38441833
1672546
38308815
37452480
34187104
43740077
38621689
31287719
2424380
2557612
4132931
45896058
32048504
45856997
42832604
1228236
33366706
2581118
34039531
37036907
44572569
32776513
1453548
502799
36887514
39608793
45810375
2864498
1564659
45794456
620444
45780702
20508721
1844576
4098391
11934341
45688392
45543273
43701102
15615189
44430385
26361
954639
41569682
39369587
16156319
45643839
43776264
42586385
533140
37788492
45593089
1232220
45573792
2853048
20478610
628911
33106804
44758691
979815
45564429
41856164
16072171
2186258
2744810
16124324
14046131
29144151
45516540
45513062
2162396
1661700
43734740
45474068
39702608
32209267
35425599
36405493
43021651
36165552
40262073
1366361
3578721
45406038
29317550
377428
1450237
3059230
34387564
45343032
35021150
42584673
309048
44007420
1209529
15992904
32636782
958606
296092
34409232
45007213
45297853
45254536
202810
44214452
36303628
16434997
2857142
255620
35300210
27089110
33359260
42200942
37242488
41834390
45246839
267599
10418481
1734019
36726098
2785044
3092299
32977008
1146459
921471
36280940
32747470
34867697
45192869
29638879
45152827
45107432
15575524
1818663
45107850
45158155
45153979
37405113
16547674
45142387
44909801
639822
3102137
15640419
361926
44743306
32666479
30171681
45074761
45074422
45073583
45073168
36520210
45071851
45071765
45067389
42279793
44743252
331210
27552883
406610
29004482
1431636
44182551
45039162
3950021
43855044
31887466
314317
36884663
31408319
44225465
1217645
268274
2763138
442967
396759
36566001
35457528
40786301
35417620
14634791
44894326
41819191
41583566
15724557
15231521
43686943
29099846
1023645
3140811
38410704
30041408
289548
31631768
32699705
35192754
32860450
10728201
33727902
44814809
15710218
843392
15793241
31854024
615869
30291452
12278231
36370607
44129259
44674329
39248545
43508747
379654
44789299
15583108
39747150
40304817
44798093
34844519
20329657
14658981
29278104
42799725
36496295
1382548
35787021
27687142
44782404
43185113
36485470
44283738
2815594
29018380
32288681
44685722
37012504
29083128
29966206
33461345
36161663
31172637
771064
44566600
15420311
38566979
39125648
15587234
38391762
36466227
40704817
33132170
8892541
1892260
37726835
2574908
42440304
34617756
2806264
34418394
2365508
36934793
12711881
2074994
293374
41626953
37220460
41170699
44563047
33650487
993088
34962537
3430241
20416126
41300795
37355927
33580073
15797557
44513121
15968305
42056861
44512962
25342
31082396
36313076
44503128
44502841
73744
44235508
42913775
2345542
44487748
31654607
16099995
33565098
38095687
38751106
43016837
29015921
857179
32276559
39517521
27873
3056320
2728334
30118060
44442114
12128141
32752087
36386163
775272
33052341
33953573
62697
20390872
253770
2109812
39892594
1682811
2505654
36663285
14424701
16575364
36132341
31525614
34315187
38181860
36149962
5278681
994253
41648804
37862096
1481369
41752041
3239683
35621769
2566714
44327396
32699320
16158500
31879493
37609810
141609
34093276
32390084
37937293
407058
9006571
34972305
44022426
1410170
31011116
553112
1901316
33290196
40421756
1466829
42162600
41961537
44206841
29576822
1541623
38662155
1437512
33455400
1910430
43612058
38067335
44160258
15837595
42527675
39117598
44145362
4215241
320158
41518975
44114714
35533630
29223785
43993170
44020514
34623214
29262204
2372808
34475518
30650361
32513496
40041746
16157959
43453841
36863105
34176815
1286504
43986657
41459364
35648987
38677674
41303431
36042986
29172104
14220091
43821616
3823561
595215
137883
3041085
6540951
43973375
30942817
1730025
14516151
41514691
43968096
36233947
37048405
41571698
43500576
43956145
30497198
4745831
38677419
33881883
32023809
3406561
3014848
32703125
43332102
15837069
866402
1875638
42393610
618637
38104917
34711755
2710130
2953366
35350930
34030732
2263350
29218730
43535978
43933524
31296846
42891359
2350152
1206892
43927390
34829884
15729279
3931101
1519893
39099310
43535873
37314712
1576715
43674024
20470759
35971388
32512868
599906
37674286
1755395
43147314
250170
36749654
1210236
43897048
652340
43794739
37623667
38894847
2117428
539213
35986072
43878019
39380507
5815311
36680035
37754298
38870132
34520336
30408425
43803536
39484114
35495855
35200183
41963216
1489082
32444603
32366430
29631843
40682417
42558467
1419063
43698619
1177316
37191019
10747821
36145887
36177229
41533789
15582766
30851776
34094382
1765385
31645918
31766278
485918
44603
34210953
3032431
32352848
38001692
34191713
8530541
32164688
34402401
35318227
43649202
12769241
32518543
43565942
72064
16681006
15754928
32191288
39415497
30855153
16080559
38012361
43463012
1112180
38553073
41283546
1589279
37028526
9565421
43533752
36378265
43278562
34560512
212622
33269308
1043300
43334118
40902096
1100217
36200075
3043392
29804021
1146169
24064841
37433288
31889211
43390374
27550213
42184121
1477035
1938174
38564916
16169698
10749911
31314215
38099266
33263363
33979661
191158
43360951
1609374
255962
31889907
35062631
42986642
43155171
42993963
41591751
38147377
10762911
37642160
831214
42747208
1001945
41791536
656158
8062781
42747319
37052752
20201428
43277138
40374533
9701
43097358
38293995
41992796
36213874
3198517
21956
1136444
43249130
23650846
13862751
30539457
34947124
3030090
36304731
12546361
316428
30687749
43178718
390497
16095809
16338631
40779084
39899470
36728861
39670270
4873751
36401953
350737
824080
33062685
16174613
42696982
48946
43138566
42584984
42584748
38531018
27717268
39480855
30664623
43102877
695500
2362512
37042692
29055640
374221
36515417
41992488
42424264
34032830
24550013
41992373
41992318
43088536
32268420
39666126
29641081
10171741
29791769
20310952
29151505
34584074
2268970
31702880
1370381
30004095
928632
15386791
323374
30518547
43001172
38285285
1673149
43032483
47329
42496165
36900036
37978482
40772045
2035512
42464774
39255036
37921378
27917882
35727339
1505047
43008201
29818639
40920676
1648582
42993327
37965600
887712
450870
6299361
2715148
36007427
36317553
32262805
4341061
2854654
16004390
35999969
42893171
164707
1299557
34313704
35232232
41441868
38613954
27958300
34115473
41907077
42667221
35623352
2128570
42104489
32386437
42855817
1305319
3081600
40868242
37912021
1667237
31800169
213251
32182070
14785
35597765
2706284
15099071
36213196
37665863
34844
36478175
36424402
16206149
2165670
37603730
15692059
1313965
1397545
229746
3194011
581469
42726156
234439
8885
943537
16279135
193253
32442317
30343697
36042022
1636247
27421045
30175088
37881385
3055894
41458347
24720734
37654748
30457771
1301533
34202620
39644011
13989101
15791935
32306756
36068214
36465133
39923485
6276271
16189200
42699716
31854895
1201332
32854013
36645361
34034378
37772164
16031067
30418201
33954787
37586115
30703189
33441332
33780078
37474465
27818857
1485108
31208581
154333
30075524
757117
4353131
37871976
31443615
1710173
42074300
15997048
3064390
34072513
42251486
1924516
39895988
42724555
16798735
128215
7503291
39676271
479987
2603098
37689966
37933037
32463381
30244033
6792881
32750914
30388753
29281402
109672
29594526
2943264
1688622
240917
35445722
33967482
564681
30551173
39898749
36725974
42634391
33016336
2380876
27332995
42678816
37313925
30220183
780635
978911
302580
41547182
3431801
1711920
8617341
27693565
32183085
8804791
34874562
31818335
37877331
40771271
86720
552328
34950386
31803307
584380
41505538
53111
42592435
537838
34128392
341071
986733
39128817
40836335
6207401
33013018
90796
899089
31424767
37608429
2272162
14690121
35969597
469768
181052
36859
29194948
6373591
1565285
352498
30412252
757123
9268731
14992991
36396238
731740
33502252
2281866
1932138
145769
1397686
20539633
31589386
31409774
42530961
31753216
822523
39447288
29099432
50422
849318
42566399
11670
286780
33794146
35783624
29602908
34125624
2404746
33119158
42556317
1537864
34236842
38873307
36514936
1246984
1515683
29137371
854283
16036066
34815842
35087560
1008005
16364221
7552111
16126764
35736619
8161241
34612997
136170
42549059
38911925
5733021
27320473
108944
7879801
35310395
42227347
42538183
8654851
30011520
35943701
36335402
42536044
2604976
41278898
34886224
37174539
15525451
32457057
817669
38930625
37855813
16432171
35245209
40978953
38982060
33129061
36582847
102652
41280317
3071062
37103992
4171421
482095
39536893
29320901
37413241
1001713
709123
16150578
31238461
38459255
24404997
34497639
12038821
23998
147854
377897
40273095
3010000
1450341
757420
30004405
1450964
33974599
31297966
2738540
1885586
35780906
32156644
33245845
34231426
42265421
6829511
1214763
38488313
36266626
33199062
42433474
13255
4123741
2632766
31811025
16093972
37432611
14005901
795992
32664028
39002189
34281340
13446
35090321
36474159
18081883
36093463
27901078
2326146
29014324
36690035
15652350
1475448
35407403
32806308
30377356
42448682
35857033
20662
33469491
27683320
10309931
38541089
38803386
85796
42447539
35689517
33179635
41104671
32368366
245154
112629
42329757
547999
37477808
2980538
2495762
36889904
1298334
32713577
35656016
8987171
34517156
31780464
37497003
1579133
3159716
42143330
950360
16753939
36971276
37956444
16369510
31226535
457058
16096515
16759465
29055467
38087037
41386918
31991313
31763713
34234363
34288861
36476922
29621956
2227096
42413569
36774493
3083950
34002836
42271006
20411878
1889934
34960316
36246046
5257371
37873835
34767872
39685469
3163170
32246575
13959421
5889031
38545678
923538
34721378
328626
37836675
2961278
36143957
37656844
34979354
30084213
30149526
33093114
3403681
40594139
251548
37616095
1952070
39151140
16330048
3064384
62523
29902611
33936001
38315848
262979
32253391
7568291
31136234
32895407
1573474
37781234
2707502
38133217
37727268
16781680
36203514
84822
3239187
30007691
12660841
995968
27925053
33718512
2416334
42391011
16075566
34370805
42174931
42181911
27351742
273422
35121188
29794300
139600
2010020
38958050
36261291
34857022
326035
36593749
31711411
1095055
16049071
725947
7853871
34924217
32692179
1266829
21910489
2394508
38156081
42116343
36180558
37174605
34824427
37554994
20345905
27404749
11111411
36115816
32451867
34730369
27319069
29319200
41713315
477713
34430318
40205966
12222701
37673181
27547765
29173895
1088081
35490102
16137460
33675435
16791529
15829710
31367431
27109402
72082
2721352
32133313
30168925
29991438
39249006
29545894
34731593
34804432
3168506
5742861
35460965
763396
20574376
65062
38015421
1709978
38207003
20724031
38594846
16116864
41587978
378177
40140241
2332404
5054
33250285
42311020
38230936
360298
31726532
34240811
35044288
139709
29572803
32058620
351166
285078
38371860
33859457
2268268
33292495
27364207
10375721
29584289
460152
30653674
33574212
76934
1171155
30813280
30085165
2660376
127610
1150366
41363461
38777646
894969
41769550
3969731
29953815
3055998
15536480
16347181
1674466
330965
32814547
30194730
8425811
36997516
32927554
38823095
33233851
32066927
352990
27098080
35491893
34021808
318429
1061540
31922618
15102371
7330061
34463758
38618118
36746727
34346367
34417771
141491
1293750
33726771
33681928
37713901
50974
33596280
16509976
1275523
15838692
16892
434713
16464154
3122234
15799268
37499649
32041070
29068855
38330422
37602016
312596
38219123
914236
31007302
36494446
514841
5352251
34232370
8877
11118001
32823830
15985096
594787
27255592
35126697
32491420
32525768
36802009
555877
16114679
32580326
573099
3049907
2173224
41954654
31394077
29670484
34904612
41880453
1174125
36938904
36311632
1639228
2468932
218373
76773
2249352
42102
35141362
814974
10912
16360258
3065870
27429268
1716621
1051286
332862
37296920
33791742
39213802
16686505
3016297
38534051
37971788
916233
663682
58238
31925269
40982320
30903420
31298004
39455306
1446315
877307
2144614
29923884
31882301
32561635
690071
1095896
34914963
33721731
31591533
32023717
23179751
907173
1282456
38250855
64689
36116131
182881
29793560
16381924
442140
9358531
12338
29044493
31333260
15829029
31500867
33519015
3178636
38494340
48746
34730060
16551967
38293252
11084571
29991367
29526143
9306301
39798436
31622964
2942492
2215016
32751493
35895585
32696309
35279720
1619557
42170579
38766635
36925375
29553834
15210511
36370538
725453
37446469
40566980
102326
1156223
20445235
41894309
713558
35324749
16031116
40719343
3030417
38647757
32299566
36901530
22814620
892535
2339680
32613627
141747
34475013
2850878
29250206
29663894
1212515
323494
1696071
1549534
822983
35459183
41511205
10994851
1068008
397814
37931943
33002152
30054388
11022591
15721376
31640025
40484106
33208975
144453
39707451
42029492
33211844
5836331
38494680
31644998
32612141
37833786
121936
2009368
40837826
34271915
492864
30682077
33121561
37071754
41464994
36295363
39347237
16130666
36288848
32685864
30596458
188058
32866452
9948181
27927095
683601
36335054
33373523
39484472
40405701
41003588
1183471
5074891
35661016
3025749
38186614
6796441
37045120
29783636
39368135
32225730
42267379
1815645
42266974
15706969
27461689
31070973
1963648
33655289
412971
13683841
39007267
41689901
37565953
16002278
42197749
15674251
31644084
9576081
16353691
37672932
29534878
36058595
417486
30838026
38425091
38350148
38182077
36863247
42181381
37879358
39432003
37096030
35687364
31965164
14471931
37871689
42159302
1223633
35586471
42125646
40199202
41655329
29596511
77617
37061663
3899521
30664787
41664678
41051127
345279
12064581
8068871
36879805
2091054
41905998
32522574
3017434
31287507
41407207
2400920
35039943
1669502
35152570
41324465
6426431
34466402
37094341
41771314
141271
2600676
40628427
37389267
372916
29145300
34021836
33476794
36434583
41879250
33015800
41850586
39823387
41775610
1274006
3153572
37887801
38894593
14099171
872941
41420682
226846
41690513
16054791
36223368
39822000
40629432
1975098
41763343
41477852
640680
41777093
36078619
37619643
13825821
16163291
41714204
38139013
39498303
3684401
41657338
41582800
37049869
199936
41683713
88966
1677777
41645642
36400299
27453715
31140124
35939285
34470821
31974640
1224795
41622781
35640554
41328885
41328519
39461261
41327506
41399161
649469
36879718
41613889
35773220
38170860
41398626
31916219
41428693
40738444
29802461
34635637
3124904
27802369
29131195
843584
40972605
40972689
16083568
32376022
40908765
40801268
2380600
41552743
40630452
40582972
40593918
8041301
569
35104103
33986918
339390
41452758
3261041
33618340
11277471
16638271
781926
40970137
41315789
41315721
32121342
27884465
41314818
40406935
8020801
2238660
40205349
38606502
36753181
15795455
29226796
41411126
37545051
36168038
27121324
27947921
20013082
40719291
33284661
41250206
36275342
114164
15145281
15797561
39702139
15557473
40287750
326443
41349230
40991499
15681438
39274982
20264296
39703825
33076600
30567215
39978571
32387256
39978284
27057838
39978182
39977913
2609050
7764571
130444
34285713
36274489
1228529
2944724
752175
33298750
2534114
40493021
39209504
41326446
36002724
38785498
37721141
235720
38449349
40279483
37859556
31811984
315877
32647929
7708711
596167
2450842
29047613
842380
34676086
37070519
757599
31887204
1899896
32322020
37529790
337687
37224976
29532676
27138115
30418299
573227
1784927
34934517
35046363
1196522
16031174
32713634
30767096
6317141
31030722
34553853
423574
269343
29266515
32842938
1030937
32029613
36568823
32603030
2540084
39963370
1460367
1619907
242676
31773402
37242148
113973
30645898
11839921
20169121
33239512
40648907
39683755
2798020
24577572
30913233
36267057
10694991
24397137
41093354
40517135
1633055
29217144
33444223
31744
27881114
33679974
7532751
41030531
40116294
4956101
1367208
36437426
36449254
39969276
34133213
39720882
30725645
27476845
32683231
37393524
40980427
991634
24920900
32347243
36976255
29189898
39362247
40714247
132010
40005999
1903292
89883
40370993
243019
35293744
1156417
15710410
1331412
15640799
2302726
642091
39807286
27397792
1893312
8188801
34397644
40328496
31951662
1230816
2862630
4148571
40520484
725834
2038076
16027022
34202335
1566188
15758936
39456681
15671315
24524806
16078238
35725645
24655228
36075581
33796498
3012008
35008493
33150806
40280338
38069802
37938416
40714781
33654851
3046184
32235194
40678789
40304814
37794049
32764561
40596747
30551620
2831258
33211102
34286061
39931678
40245234
76908
2644236
40089827
646319
35852827
3134148
1488056
39927137
1373118
29570980
31940961
40437157
40157713
40398270
31421106
1310439
27275434
38858875
35300985
24510306
37610865
38866331
3065053
30369218
15843165
36625764
5375381
31145399
40272459
40236796
37947145
33881149
39708990
32325098
15542713
40192952
40184958
1242418
30514259
236575
5658921
5425131
39764835
328846
37987137
40009391
33432979
13999431
39324081
30416022
39166191
602298
32231904
39980846
27817105
2050286
30335570
31172140
21915986
1600243
34168714
625885
3076087
27886199
16103773
36468700
27645211
35244434
508398
33580409
2646
37076955
837162
27966128
4855
39801217
313488
37140982
1139725
384629
37756277
243344
766330
37049902
31819967
1584313
45230
37850681
39692938
1255710
15558219
38145156
1324906
24294931
1277025
35191439
37879770
39662614
31207301
39650164
237544
30767445
39442196
38277422
36197702
75103
1169153
32405332
39563448
31241497
38538968
168310
153160
627092
429966
36838596
15842297
6947111
39378168
37781885
37836622
15495311
39459467
39454433
34099270
38630457
2332348
34261097
38910283
1245684
35497249
632196
37855931
34601923
38661958
37856176
3065466
15578934
66665
38130465
39044749
39139965
4720381
33194995
707486
37730952
32513129
39267569
32512935
1413120
29293282
30529092
337876
1537768
33187551
333058
31372272
38233811
39177401
39139415
39166070
2230652
39137729
34942244
39144301
39111402
39140353
39140479
38783981
1783585
90839
35566901
511876
37873266
1906826
35895277
2695734
34463642
15726255
31248065
37021876
31854307
39052566
38838215
30314130
4247471
39011953
36228861
39009764
35082686
540439
957901
1463104
802735
124717
38987674
38975779
38976692
1720131
37885282
35875426
38962779
16074236
38885985
33471284
32224897
360832
6720231
38862178
338315
122012
38204030
37353838
3020399
33820495
31923832
27894707
380154
548994
2015776
1005614
1494985
30717800
541246
6342431
2229176
79361
1679010
30167634
31805492
29051972
4455891
33877176
36092838
4628221
36295327
487840
38671921
2003798
36838004
33455219
36799696
3237516
29185215
34725570
37444157
37483035
37636558
842663
31370901
35516148
36991232
38566645
34602879
997522
1478550
38677786
18128
34855714
32426694
38669006
403841
31276269
38424113
242813
30642217
38659844
38594007
37299366
7603691
37488562
38640178
38631141
35356466
33292729
6490561
34473917
30444363
35297357
31213066
38209809
38305440
531655
34344312
38508546
37580198
38594102
31120081
1126892
33116909
257466
38421243
33008968
219392
36818413
20172814
37649718
35658308
30063434
30161279
36094392
2845120
35556629
29233692
35502663
30007773
2496930
38570373
38317762
30101195
38018690
36661015
36562156
37626244
32096052
36666664
15738598
36243841
37235630
1365886
10148381
1634403
32389844
38501671
36660760
37235728
36814615
37686917
37069775
37222860
37055960
37182818
20572219
833575
539692
31870589
36598186
465227
37111203
459471
37041530
819604
33450215
37573495
29019936
38546417
1480870
2478080
38546942
14962591
75898
15963179
20412469
34658317
29653756
31313419
2205112
34352584
37054012
2339528
35279376
32233697
384780
128440
108591
35810523
38053993
35376078
2317946
35559726
33500130
1625030
35405757
1021190
37845187
35652721
35911395
259587
37781737
27338806
177030
35913877
1254215
3536441
2766708
36660866
27291610
27799810
33493428
3226353
33271019
434321
38196894
37885598
38246013
37488592
32751758
38141504
277833
776676
27871006
898541
276167
38167619
36521007
5731651
38202997
34342257
348802
453710
36730561
116460
31561258
37282818
1510906
30423438
2825260
35833406
34630096
974779
30009181
1993354
3109509
1955610
37722812
36678273
27754960
38150141
936611
37868201
2698598
38031148
36828046
35322329
816270
3100942
4255031
15797480
765692
38030887
38030241
38030727
38030667
38030621
672965
38029932
38030290
38029968
843146
1043127
33178885
32043628
35520100
37930916
14190
36719575
34854916
36812193
34789542
7115281
37991224
6906571
169492
95180
2679824
38061995
37311882
38058130
37375246
38042215
38025506
38017095
70477
36124522
1471340
816689
33152906
16119574
4258721
36693868
37234673
35310219
37779628
20547844
37112282
5460651
418194
37962948
1342305
819531
347700
4469681
37953251
1066517
82119
1236698
37950741
416974
446133
29071738
522830
451855
28137
29541962
37928050
424538
37094468
354956
10887981
37941519
562927
35205450
31209204
386630
1652679
1492302
36865090
31656728
37150861
50293
37932638
338669
37811172
35136474
948718
36864743
37514126
1114584
33909240
37262792
37694265
253940
35652243
8494841
370225
186718
31336616
421901
2297842
34905277
1114050
35929918
37804293
36656233
16652785
3712451
128606
37891199
1123205
1938234
704804
4416791
18698
36556814
37514092
37514173
301491
36338772
1072702
3133261
35019422
5331841
31405041
32260606
134423
33521438
2523388
662517
250055
34286744
29002891
32300368
31008489
1476238
172423
76245
32556320
15936338
34016023
37047665
9786431
2806948
35455309
252305
287604
10737171
475029
1007746
16209470
37848908
37512180
559392
36098654
9347051
29564986
36761456
31948211
37470329
1095220
36623461
29222399
503339
37593384
2900740
32603445
37826968
37317179
203473
239964
32932631
37212632
1070510
37148431
37804630
1702130
210649
36121518
567620
37624651
381104
37812889
37812603
629215
6486991
954628
37811920
1195922
1236224
219500
2418850
518994
37328700
309398
1575777
37594761
251442
29101098
36992274
34244102
36793121
20261668
37567544
606565
996539
704195
4887941
37758777
267648
32294965
34942876
31548792
1124668
726426
37774692
37774553
382119
132056
1068500
35757014
37487554
15689438
696776
638378
37765017
34306039
82219
17341
328024
316634
37679126
27122866
55478
178291
37043491
31215468
1089016
35388257
37029833
21372
37734906
28094275
33046106
336159
864952
193
702533
37851
467699
1072075
1610948
37725674
155881
37745142
1004213
309205
1082526
237608
132137
29596609
1023499
37712691
475774
27158524
170632
734156
587558
129858
935495
30312833
1007550
842198
613087
95216
34020987
773529
490152
109008
54164
460766
158470
719993
917635
789336
210920
308206
561841
910129
757801
37593386
1055997
228216
420967
33449
194365
1774953
283487
158963
503442
2151646
894150
847736
1019388
711157
36696017
370435
1070963
558281
18442
1025083
122806
335118
970814
820931
995184
548884
450607
271698
447063
663774
750643
689838
331530
306225
368354
245725
266539
233204
313667
301506
227767
45026
89363
8519
37730177
37684601
3118740
495486
34844369
37501533
1157802
37715574
37673248
32353250
37707374
885936
27199366
34573480
1171095
32276072
2724878
27751921
967463
37688106
36538189
37692654
659560
37687082
36055612
33596879
37673632
37670673
34692249
30772609
331561
33855981
37624508
36886397
36957144
2246744
228748
37643109
35864759
2183848
35174696
104854
33719282
123022
30280418
37627869
4064611
195104
3088055
20523502
29164831
366595
37615090
351192
32191890
37497158
40703
37379263
37542896
37576921
29637140
63959
37546477
362019
36465805
36274390
1488559
446889
8040861
5502861
1521735
33164880
35141024
34033067
6499981
35480995
30920027
37445252
27889049
29309697
149807
42280
829690
12377541
7474171
489103
36196703
37501878
31006217
30667386
36304422
30735937
3315671
34354837
32302017
2630504
37295891
20405299
1688338
37457391
35735993
36475063
31649667
32775926
6679
356041
2666698
35727758
33156596
1497635
34936371
2136786
33738435
37425618
36342850
34667503
502382
35997913
787957
27093694
37251405
33731680
37326992
32140582
37418301
15778105
31787093
37414839
36448222
1322549
34426405
1088210
2242494
356914
34390150
2811256
15596225
37217701
36165207
37123750
37172886
35271764
725404
9975051
33931346
37261034
11844151
37242289
1180558
16736059
35511833
34252894
37299019
37292563
37272101
30250183
864510
1033820
37048391
37198383
37178043
37234954
37044943
13797691
37228347
37161381
36697772
36658928
33372140
37182435
27935593
16335217
33365194
2252198
14350281
816139
32320126
34621841
29810412
36274888
27949657
36583105
6381191
35326018
36851240
15682262
1274200
34268940
815918
549368
13726971
120594
975165
1695917
37023570
33105848
2799634
36148086
577340
151911
3111866
29512837
36789455
4537361
31024889
37103833
29787255
15756113
1396803
546649
37103953
19456
24199387
34736015
35485494
37087228
36777790
35294013
35854170
33232042
16123375
33593739
6425061
37043833
4651201
32301946
36022072
34440335
37041659
381810
33511415
3216389
37001005
37028700
37026430
191777
13943411
528570
34471324
3182531
34971887
32315128
10437071
15626760
37003893
246282
367451
34064706
8046881
20195656
2094474
2889014
36959484
36576341
737978
8599771
2618508
1364989
29047508
6892351
33362969
36251152
151503
36922625
36936078
29889111
1195626
1482263
5993151
32454918
167705
35566883
12545151
35988329
20314600
3075476
30398408
36766421
224460
34734659
32543426
27871383
36862963
36885236
976580
34234730
4522981
35085395
32192120
1200306
7876371
36306109
36868993
2621356
15652776
33475346
36859793
349648
32222425
33628317
30446831
36844185
36392766
992633
29262487
126300
6679321
3576381
36654419
36298704
35508117
1369502
2852112
36782500
36525623
1230970
754642
36674859
36675191
30330786
34435716
33307638
32698748
36432575
35849191
36466578
2815434
1642839
35482588
564812
122462
7784011
36594778
36593969
35793405
16611424
35710349
1094
36503942
36292045
15414
33693219
32669976
36505210
10520
35595701
29591225
35876194
29333654
32718041
36255284
36375907
36459958
36254400
36431389
35663466
34934984
33485651
453308
36362831
3057166
1895100
32625132
2474340
2777970
29832069
36305051
199193
1630592
1265975
32882989
33849889
7560841
396927
2136142
357237
27756094
36215514
2830612
32004730
27139687
36159271
33147620
35071559
135120
1409722
34144549
35101012
36137424
15623990
1161036
856287
3185736
29126540
36159055
36169104
2394078
36148194
2288902
27942267
27380221
35732475
14788301
31972541
36084934
34820068
36136220
1659314
1449393
600355
1472628
29640031
27208141
950759
35486156
36085448
32238808
20326693
35282810
32522806
29616322
2234476
2784402
35976180
16188527
35947046
740601
35810760
3160979
1857240
29777884
348832
2227824
1080527
497208
35791948
32654523
34346602
790299
1388397
32614942
31985691
34174720
153215
4615471
35196470
35643298
34218848
27757705
35561833
6586301
20375794
31627400
34508594
31027722
1397526
6747581
9965971
35589842
35585386
35577858
11967091
35580368
239375
187756
11744331
886367
3469991
35240225
32714052
977729
5377741
34212482
119376
517072
33043581
344983
790656
34205111
1179102
15652765
353988
29663232
139713
36050
27103804
15816217
35275779
11229861
11798
1877530
1469842
31448506
559985
35248272
34385049
35040168
33811255
9503971
