4
11798
36050
51268
109049
119376
149574
193832
198897
204536
226443
237418
289548
317760
322926
474998
480783
514070
521813
559985
565427
595215
596167
600990
692070
833768
842663
849959
885936
907078
952584
954639
987893
997522
1008866
1018949
1029377
1046188
1047560
1053903
1054168
1090349
1131901
1157652
1198813
1224222
1281056
1285615
1285703
1305220
1313728
1321670
1345425
1354597
1364579
1380030
1460511
1464484
1577185
1634403
1677531
1683427
1688338
1706898
1707084
1710786
1737273
1754837
1779909
1820663
1877530
1899896
2050286
2145458
2189616
2215016
2238228
2257306
2307996
2339528
2344184
2350512
2450842
2630504
2707220
2756024
2831258
2925208
2944516
2945482
2960058
3069241
3077165
3109509
3109885
3119605
3142014
3163170
3168506
3200120
5048441
5076691
5580171
5981211
6299361
6307131
6518831
6543651
6796441
6893681
7303881
7837551
7840541
8620191
8727501
8836741
9631601
10499251
11229861
11277471
11954531
12043861
12469781
13797691
13825351
14046131
14071631
14317671
14471931
15157821
15238601
15478791
15517331
15592264
15596225
15706969
15724439
15743657
15746738
15765256
15797480
15991012
16020225
16027022
16050617
16081501
16099995
16137460
16155135
16158500
16169981
16231491
16381213
16652077
20162233
20172814
20329657
20371837
20390872
20473522
24728183
27244987
27451267
27548758
27740482
27871309
27884465
27911481
27936443
29099432
29099868
29217144
29231680
29260746
29266950
29300837
29534878
29579428
29580629
29638879
29666158
29810412
29931219
29956289
30007773
30008136
30136276
30161279
30200413
30283038
30307841
30334007
30408891
30418299
30534756
30664623
31009306
31011735
31063177
31110130
31222249
31225367
31421106
31484816
31500860
31641561
31649667
31781162
31797942
31800557
31811199
31831458
32235194
32267822
32316530
32324943
32390084
32444603
32478036
32547426
32554504
32614267
32647929
32662280
32698748
32775926
32883304
32924305
33012343
33015800
33052341
33152906
33194995
33208982
33228741
33285919
33376100
33446198
33565098
33596879
33663611
33687535
33778662
33796498
33811255
33848599
33860932
33876379
33968532
34021836
34176815
34202335
34288861
34297224
34304263
34313704
34387564
34460855
34470821
34535980
34595388
34656089
34664661
34714895
34770777
34804432
34844519
34859262
34884676
35008493
35021150
35039651
35279376
35322329
35393605
35417620
35455309
35497249
35561457
35580368
35586471
35658308
35703455
35793405
35906528
35935521
35949017
35956760
35959134
35971388
35997913
36012084
36058595
36092519
36149962
36178413
36253880
36270805
36292045
36313076
36342408
36370607
36385033
36432575
36496295
36569739
36660866
36663285
36696017
36753181
36783488
36808298
36865090
36879718
36879805
36887514
36954591
36990448
37045120
37054012
37061663
37076955
37094341
37098117
37123750
37165220
37191019
37198383
37221599
37230188
37251405
37254757
37350815
37425820
37512420
37516400
37545051
37563071
37590878
37593386
37609810
37619643
37701161
37722812
37788492
37840608
37850681
37855813
37871976
37873266
37944267
37987137
38030667
38031568
38032583
38034909
38065482
38087037
38095687
38133407
38141504
38170666
38215952
38222928
38236337
38246013
38353535
38425091
38502299
38504120
38531018
38538968
38541316
38564916
38579246
38622085
38640178
38866331
38894847
38962779
39082023
39410289
39666126
39672592
39764083
39826347
39933061
39956902
39969276
40328496
40374533
40436877
40582972
40593918
40630452
40688911
40801268
40818502
40841626
40877485
40903138
40908765
41234612
41250206
41268741
41329665
41349230
41359295
41360562
41398626
41399161
41452758
41514691
41552743
41552820
41569682
41587978
41622781
41657338
41683713
41714204
41763343
41783347
41834161
41850586
41856164
41871077
41879517
41905998
42027587
42177082
42223633
42235052
42266974
42267379
42271083
42279793
42311020
42447539
42468526
42549059
42584673
42634391
42698273
42734274
42847742
42986642
42993963
43016837
43021651
43097358
43104337
43184223
43680919
43740077
43894753
43947541
44165505
44177516
44214452
44218348
44270317
44350933
44412070
44430385
44459233
44511210
44536810
44545745
44599867
44817565
45107850
45184976
45205418
45205992
45303065
45362476
45383269
45385388
45391268
45521473
45531017
45760437
45818068
45830718
46001613
46046013
46213120
46219823
46301843
46314871
46441307
46487027
47022469
47175256
47188647
47192335
47223195
47349661
47389416
47452605
47857021
47898686
47987726
47988531
