11798
18635
36050
119376
130444
139713
228748
311546
325649
351192
423574
559985
564812
596167
649469
764211
775272
1167248
1200306
1310439
1619907
1634403
1688338
1835298
1893296
1895100
1975098
1979410
2050286
2136142
2227824
2234476
2309004
2418850
2450842
2550754
2630504
2811256
3119463
4615471
5119571
5287711
6141341
6490561
6906571
8697461
14962591
15459021
15596225
15616658
15671315
15777059
16027022
16695088
16798735
20172814
24026928
25233752
27122866
27175597
27180436
27239512
27619900
27937681
27966128
28094275
29577198
29577562
29596609
29616322
29619158
29663232
29787255
30004405
30007773
30101195
30161279
30381355
31110130
31184800
31209204
31225367
31313419
31421106
31448506
31649667
31916219
32043628
32405332
32406594
32522806
32598212
32605852
32669976
32698748
32775926
33108783
33152906
33187551
33471284
33580409
33618340
33738435
33848599
34016023
34021836
34064706
34099270
34202335
34261097
34306039
34460855
34708949
34905277
34936371
35019422
35040864
35044688
35279376
35322329
35356466
35482588
35497249
35580368
35652243
35652721
35690568
35727758
35757014
35884650
35997913
36159055
36228861
36244142
36292045
36299528
36342850
36432575
36484090
36503942
36538189
36556814
36583105
36625764
36661015
36696017
36766421
36853590
36865090
36879805
36886397
36920436
36991232
37043833
37054012
37076955
37094341
37198383
37234673
37311097
37501878
37573495
37684601
37701161
37715574
37728953
37836622
37855813
37885598
37946689
37962948
37970376
37987387
37991224
37992647
38003559
38017095
38061995
38204030
38233811
38315537
38421243
38594007
38862178
38910283
38962779
38975205
39208503
39401876
39435540
39498303
39761054
39764682
39764835
39825738
39826347
39969276
40328496
40398397
40466259
40629432
40714247
40854197
41250206
41763343
42434551
