63959
487840
538621
559985
596167
819730
829690
887471
1112852
1170258
1501254
1511624
1562952
1634403
1832472
2102794
2116326
2313644
3024110
3148693
3234723
3239316
3389441
3567841
4701891
4858991
5513621
7855121
8629491
8878971
8950331
9299741
11406731
11662981
11959501
12043861
12107951
12278231
12641681
13574621
13800251
14380791
15228551
15406641
15555630
15596225
15660807
15672731
15686171
15706005
15735901
15773226
15779134
15788179
15816217
15838855
15964948
16007373
16054937
16079848
16086871
16099110
16099517
16108916
16112328
16125285
16196366
16207393
16211694
16217002
16217226
16219650
16224278
16265011
16304251
16315933
16333561
16418911
16432714
16632505
16646392
16670224
16671343
16726996
16731796
16749982
16775590
20222842
20393398
20436337
20439175
20474125
20488540
20541943
20549524
20566834
22220105
23995598
24980431
27104785
27138115
27172021
27217300
27238510
27271669
27285241
27298831
27324814
27371158
27395374
27412699
27448792
27459844
27462250
27545314
27571639
27580840
27660187
27665620
27712384
27784066
27799468
27833914
27870506
27881729
27891340
27891641
27899406
27905212
27909924
27932982
27944880
27966128
29009789
29016088
29017783
29020845
29023441
29035569
29047171
29061968
29079936
29089323
29093619
29094584
29099432
29110506
29115386
29121568
29132481
29134645
29137284
29142102
29146330
29154825
29173895
29179763
29188841
29192125
29194068
29204736
29205734
29209379
29218345
29218797
29229734
29231058
29231809
29238962
29253849
29253996
29260020
29266011
29304691
29329843
29516175
29518769
29520899
29531376
29532495
29556230
29567879
29569708
29571316
29572067
29576585
29591010
29602231
29609227
29612023
29612202
29621512
29623794
29624326
29626510
29631886
29632778
29634535
29636265
29642151
29647881
29653652
29676767
29785551
29788334
29799458
29872546
29890235
29946275
29970151
29997974
30069658
30098681
30098726
30103723
30113021
30141723
30167634
30198212
30221315
30224280
30225005
30249880
30262581
30265191
30270567
30281607
30282901
30283072
30288018
30294521
30304655
30308846
30342989
30348947
30447866
30450833
30504132
30515982
30537884
30589859
30591696
30591760
30602284
30610355
30619820
30622232
30650361
30664119
30680955
30685903
30687749
30704756
30711381
30738944
30767177
30772563
30796554
30818059
30852116
30855143
30867963
30873155
30880975
30886177
30888881
30908831
30910169
30934952
30979502
30986769
30991099
30993700
30999265
31006690
31008709
31023701
31041236
31063177
31088335
31100355
31119666
31177680
31188928
31195620
31208086
31208581
31208597
31211237
31225367
31242112
31254470
31261659
31296490
31305475
31367233
31372642
31380549
31411167
31429594
31434864
31478885
31486270
31495479
31542115
31546568
31548792
31570025
31589091
31594088
31606563
31606976
31613328
31623247
31637144
31654160
31655420
31656205
31662621
31673218
31673853
31701081
31727017
31762662
31765884
31765961
31769125
31791987
31794139
31810771
31820168
31854895
31856082
31910649
31943511
31952311
31961615
31964599
31964833
31965772
31975036
31982095
32002193
32018777
32037766
32044428
32049291
32076044
32080611
32090868
32095305
32133675
32142385
32147603
32149137
32170067
32193813
32199494
32203826
32222324
32244220
32250855
32263125
32265722
32268260
32274089
32274112
32277614
32318771
32343732
32371238
32377365
32405998
32409375
32430037
32434430
32450841
32452281
32490033
32512935
32513129
32515534
32520555
32548948
32557246
32558336
32572509
32583674
32584023
32588352
32597240
32600182
32600592
32600917
32610708
32617033
32659868
32713577
32741784
32747310
32760227
32776040
32784666
32784679
32791546
32809446
32809507
32820954
32821120
32826743
32838831
32856134
32874759
32914749
32926201
32951567
33012343
33058277
33086897
33101621
33124070
33129803
33134309
33152138
33159288
33159443
33167708
33173104
33238515
33262802
33340154
33351848
33357724
33363703
33375253
33419363
33425719
33471284
33521044
33521872
33572031
33585723
33653735
33694312
33738095
33739595
33757360
33757921
33768723
33770016
33772719
33780146
33829876
33843634
33865243
33874947
33886445
33907580
33953894
33979228
33979741
33980965
34026492
34029339
34042846
34073565
34089684
34102371
34107830
34220695
34232451
34234731
34257788
34309872
34313704
34361378
34396854
34427429
34451070
34487570
34488307
34521755
34523030
34523776
34553280
34584295
34598658
34638908
34737170
34769114
34770777
34792057
34830710
34842004
34856429
34877123
34885501
34889479
34896993
34924559
34935669
34949197
34952180
34958625
34963255
35013033
35204701
35214082
35340305
35401790
35447104
35479539
35499532
35502043
35535396
35589426
35652721
35654272
35656086
35712328
35734508
35741497
35744668
35757951
35766469
35797666
35816938
35876802
35881494
35884190
35884913
35900480
35902329
35971388
35994897
36009182
36057178
36064433
36143876
36200075
36206038
36225038
36298228
36299297
36311632
36355207
36388025
36405333
36479049
36508109
36607118
36618570
36692576
36715986
36731899
36749764
36765087
36773427
36834648
36839103
36847865
36863105
36879771
36886397
36887514
36887871
36946195
36966646
36991232
37032856
37048273
37054722
37076955
37092716
37098117
37118069
37154466
37177773
37253300
37316536
37336000
37351036
37370982
37435650
37441025
37487245
37523780
37541588
37543408
37556425
37556785
37598905
37610865
37627802
37634041
37681738
37731013
37741253
37762435
37772865
37779942
37792921
37800615
37817928
37825925
37848489
37850681
37853255
37867981
37870985
37903429
37962701
37971440
37973496
37984976
38013460
38013771
38014261
38055093
38068431
38082098
38090609
38093596
38143598
38150644
38153176
38204030
38211833
38259161
38303324
38304696
38357554
38378358
38520458
38591021
38632874
38692083
38753165
38784116
38785498
38803386
38823095
38845853
38872920
38873114
38878809
38923533
38927846
39082174
39177475
39293016
39351882
39495070
39512088
39552727
39584323
39585950
39604976
39605510
39607549
39715138
39738580
39758427
39777498
39782620
39824276
39824627
39830321
39846644
39872371
39893216
39901985
39907602
39909303
39910946
39927042
39951624
40111027
40118591
40148478
40152491
40161708
40202215
40251458
40275782
40284916
40304422
40339804
40372937
40409241
40432781
40503309
40538734
40556311
40627866
40628591
40631775
40704419
40729402
40747362
40794216
40850086
40896609
40945157
40972424
40997679
41075692
41098186
41110482
41128286
41248460
41459138
41459773
41514691
41802346
41856164
41982023
42129659
42158909
42162905
42316209
42440019
42508219
42614725
42629037
42805490
42880064
42900919
42912530
42917578
42986280
43014267
43021651
43095540
43096600
43234187
43295881
43359986
43517273
43549626
43590410
43665532
43666984
43681234
43682953
43775670
43793603
43898062
43899132
43968096
43989489
44078316
44080668
44160258
44181108
44273996
44321143
44433429
44453468
44487748
44503128
44512962
44519246
44736514
44748278
44803077
44840226
44861775
44937585
44954345
44990668
44991240
45041699
45068149
45075620
45086792
45110734
45176306
45185374
45218678
45244552
45246820
45305176
45317052
45329908
45341403
45445068
45479659
45481747
45520392
45608936
45756987
45775859
45818068
45993523
46312370
46477277
46549382
46579728
46671544
46803804
46951793
47153504
47161414
47209943
47401584
47408424
47423268
47426681
47457041
47468825
47611921
47643432
47814722
47815942
47871442
