1997
3104
3263
3591
5003
7064
8166
8519
8681
9240
9328
9875
9939
10483
10520
10600
10609
10912
11450
11670
11798
12127
13700
13768
14033
14111
14263
14348
14435
14575
14731
14833
15901
16314
16448
16623
16792
17014
17875
17879
18128
18635
19545
20510
21228
21854
22614
23398
23556
26105
26229
26353
31744
31823
32277
33449
34844
36050
36397
37712
38438
38499
38591
39049
40530
40913
41666
42459
42819
43171
43293
43925
44218
45147
45521
45982
46233
46898
47165
47436
47498
50102
50287
50974
51065
51268
51844
53471
54128
54286
54442
54685
54691
55504
55758
56496
58375
59002
60627
60734
60986
62700
63148
63521
63959
64016
64104
64199
64676
65033
67813
68100
68376
69098
70070
70114
70488
71584
72057
72602
73714
75776
75798
76044
76245
76719
77185
77477
78807
80486
80510
80703
83166
84841
85030
85229
86549
86921
88588
89889
91447
91491
93042
93105
93171
93889
95102
96562
96995
97669
100973
102766
103553
103734
104251
107284
108171
108478
108944
110267
112030
112913
113003
113062
114684
115800
115913
115914
115930
115987
117762
118933
119376
119423
121030
121141
122012
122994
123022
124786
125164
126662
128693
129199
129858
130167
130444
130558
132137
132931
133391
133751
134328
134423
136031
136051
136170
136827
136848
138490
139494
139713
142759
143381
145096
146889
147788
148567
150209
152195
153215
153485
154501
155599
155881
157250
158470
161562
161875
162833
163171
163252
163421
165193
165241
166653
167312
167547
168278
169492
170527
171568
171887
173949
175542
176205
177030
178291
178490
178847
179167
179708
180356
181052
182192
182551
183300
183375
183485
184065
184313
184514
186718
188777
190265
191158
191492
191731
193119
195325
195370
196859
198693
199193
199343
200372
200553
200880
203881
205661
206742
209203
210025
210649
213251
214415
217053
218094
218232
218428
219610
220098
220263
221301
221532
223069
223483
224019
224224
225989
226050
227301
227510
227533
228271
228748
229177
229746
231095
231450
231510
231580
232082
232220
232353
233204
236575
237440
240992
241763
242813
243290
245220
246140
247355
248755
249875
250170
250960
250980
251371
251442
252560
253629
253947
254608
254965
255911
256224
257466
258687
258707
260223
262777
262979
265927
267648
267896
269592
269636
269979
269982
270732
270968
272907
273035
273589
275022
276167
276696
277572
278193
279201
279573
279922
282247
282534
283712
285214
285840
285910
286325
286903
289186
290179
290807
291599
293139
293737
294779
295560
296291
298617
302477
302908
303699
304294
304713
304890
304920
305562
305722
305842
306022
306904
307459
308096
308176
308917
308989
309398
309618
310033
310076
310368
310813
311546
311616
312434
313141
313259
313301
313345
313506
313661
313885
313987
314045
314202
314403
314628
315068
315219
315231
315297
315623
315729
316154
316316
316634
317185
317413
317567
317674
317810
317908
318142
318212
318426
318742
318752
318767
319145
319681
319976
320158
320182
320511
320522
321677
321829
322534
322926
323122
323275
323485
323521
323637
323813
325042
325049
325059
325484
325649
325880
326021
326948
326991
327195
328024
328303
329856
330962
331558
331564
333107
333493
335556
335892
336121
336332
336804
336843
338085
338524
338536
339298
339373
340232
341515
341587
342128
342201
342541
342809
343490
343717
343831
344975
345496
345711
345859
346018
346205
346539
348705
348945
349574
349648
350407
352427
352792
352886
353240
353525
353634
353810
354226
354615
354840
356224
356410
356904
357237
357391
357629
357656
358629
358961
359071
359676
360716
360832
361339
362370
362677
363284
364562
365229
365334
365595
365737
366808
367071
367133
367627
367724
368880
368994
369003
369059
369496
369585
369591
369806
369913
369962
370105
371546
371658
371956
371989
372441
373095
373286
373346
373609
373759
373850
374519
374549
374779
375431
377703
377817
378399
379429
379523
379747
379929
379966
380138
380141
380863
381026
381193
381381
381675
381826
382119
382334
383229
383316
383382
383415
384403
385101
385838
385901
386540
386553
387122
387194
387707
387718
387813
388159
388587
389393
389881
390494
390751
390755
390972
391135
391573
391710
391968
392074
392795
392890
392996
393181
393219
393263
393292
393371
393673
396027
396441
398945
399175
404331
405860
406030
406325
407071
407932
408008
409286
411949
412496
412971
414679
414881
415572
415573
416779
416919
416974
417143
417658
418194
421901
422897
423210
424161
424882
426191
427248
427886
427946
428754
429144
429561
430685
431858
433807
433937
434021
434321
434461
436144
436533
438543
438886
438896
439635
440056
440113
441254
442668
442697
443288
443712
443971
444303
445296
446242
446295
449062
449494
450607
451183
452523
453691
453739
453899
454252
454446
455224
455564
455608
457002
458571
461128
461151
461351
461516
461728
461874
462859
463508
464316
464706
465068
469451
469482
472852
473050
473188
474076
474493
475334
475596
475697
475864
475995
476272
476337
476821
477055
477643
477650
477678
477713
478421
478879
479527
480128
480211
480283
480545
480654
480796
480960
482289
482613
483006
483042
483217
483945
484230
484280
484713
485079
485310
486196
487203
487206
487223
487694
487840
488468
489146
489924
490152
490253
490931
491046
492211
492682
492745
492850
493413
493827
493853
494224
494402
494835
494896
495202
495268
495354
495604
496127
496141
497208
497379
497550
497724
498224
498468
499777
499787
499992
500017
500744
500803
501137
501663
501696
501801
502121
502744
502967
503036
504719
506033
506059
506387
506765
508505
509968
510404
511876
512148
513753
515348
516444
517487
517568
517779
519332
519733
519928
521131
521609
521974
522093
522623
522670
524480
524718
524875
525461
526015
527166
527743
528321
529659
530729
530802
531380
531461
531664
532859
533150
533456
533640
533681
533754
534234
535078
535550
535708
535790
535877
535891
536431
537565
538043
538223
538525
538965
539919
540206
541296
541339
541506
541547
541771
543481
544296
544785
545340
545360
546075
546925
547623
547790
547955
548395
548396
548407
548884
548994
548999
549311
549327
551310
552503
552575
553019
553418
553687
554917
555532
555808
555936
556145
556204
558674
559171
559201
559204
559298
559378
559392
559670
559671
559985
560039
560252
560481
561199
561369
561399
562537
563384
563444
564317
564796
564812
564819
564908
564956
565301
565712
565912
565951
566711
566842
566967
567111
568175
568487
568622
568668
568777
569700
570497
570541
570690
571886
572517
573227
573243
574146
575967
575973
576137
576277
576607
578080
578182
579014
581145
581595
582489
583501
583587
584249
585466
585547
585571
585573
586308
586380
586449
587391
587756
587861
588950
589232
590190
590267
590289
591188
591264
591521
591571
591693
593225
594001
594178
594600
596167
596608
597295
598615
600355
600489
600834
600990
601753
601833
604329
604712
604896
605020
607720
608419
609650
610822
610957
610984
611290
611715
611833
613087
614442
617783
618538
619151
619566
620118
620626
624573
625458
626203
626408
626965
627356
627685
628258
630195
630489
630569
632038
632142
632196
632406
633946
636434
636582
637944
638561
640610
640680
640703
640943
641304
642091
642891
643094
643343
643574
647390
647491
648218
649206
649416
650139
650529
651099
651230
651239
652632
653019
653620
655533
655990
656158
657085
658340
658645
660465
660732
661333
661509
661980
662715
663682
665264
665378
667124
667247
667739
667787
668177
668598
669604
670141
672965
674452
675111
675247
675260
675337
676192
676314
676883
676904
677269
677563
677637
678102
678391
678523
678676
680158
680395
680510
681124
681427
682452
682810
682820
684025
687191
688945
689304
689355
689615
692328
692868
693371
693692
693952
694371
695447
695633
695754
695891
697907
698811
700139
700883
701837
704833
709659
710131
710986
711232
711484
712664
712876
713161
715022
715925
716970
717267
717926
719567
719855
719993
721415
722287
722660
723182
724269
726176
728794
729894
730533
731022
731503
731740
732397
732568
733216
733537
734394
734889
734912
735780
735810
739110
739204
739402
740580
741530
741879
742166
743143
743253
744687
745974
746088
746533
747461
748697
749331
750736
751116
751854
752053
752113
752218
753492
753638
754642
754837
756816
758065
758593
759688
761552
764211
764682
765883
766308
767349
768849
769118
770214
771161
774077
774896
775229
775610
775924
776180
776551
776676
776882
776919
779190
779718
780475
780810
781121
782610
783811
784001
784679
785646
786242
787465
788140
789784
789926
790656
790665
792194
792456
792533
793182
793368
794354
795542
802735
803734
804067
804341
804755
805213
806305
807337
807851
808613
809134
809734
809861
809889
810202
810549
810959
811816
812175
812435
812739
813292
813351
813419
813593
813727
814447
814990
815915
816326
816386
816689
817308
817499
818914
819531
820449
820867
820932
822616
822732
822983
823609
823748
823849
824269
825063
825841
826026
826405
827454
827496
827722
827999
828956
829488
829690
831516
831740
832205
832653
833507
834158
834738
835281
835627
836021
836596
837047
837674
837772
838220
838714
839960
842717
842944
843554
843871
843981
844055
844136
844473
844785
845482
847814
847843
848326
848345
848461
848807
850559
850623
851551
851605
851632
851935
851942
852015
852735
853081
854496
855827
856680
857467
857603
857693
857876
857904
858038
858715
859284
860917
861030
861243
861785
862599
863527
864260
864262
864315
864853
864952
865545
866274
866897
867361
867487
868846
868916
869087
869166
869637
870133
870203
870674
871162
872912
872941
872948
873391
873460
873844
873946
874026
874179
875924
876227
877279
877608
877665
878212
879264
879468
880710
881437
881915
882096
882746
884946
885078
885171
885762
886367
886645
887242
887259
887427
887471
887650
888613
888799
889196
890517
890938
891299
892688
893251
893450
893631
894310
894624
894969
895160
895237
895362
895639
895669
895972
896597
897165
897175
897511
897693
899284
899753
900003
900542
900850
901560
901996
902793
903700
906218
906659
906783
907173
907238
909382
910891
911772
911860
912477
913094
913881
913990
914678
914968
915846
916571
916590
917473
919694
919975
920521
920976
921136
921471
921524
921549
922332
922853
922922
923098
923744
925487
926279
926946
929024
929109
929604
930670
935189
935615
935968
936593
936600
936691
937038
937544
937655
937824
938398
938553
939598
939813
939857
940263
940301
940313
940815
941387
941804
942542
943007
944207
946283
946512
947946
948722
949566
950380
950523
950587
950759
950829
951204
951352
951975
952465
954261
954466
954488
954628
954798
954837
955412
956086
956199
956295
956326
957633
957675
957702
960614
960642
960890
963005
965969
965975
966566
966994
967075
967739
968191
968717
969225
969892
970329
971561
971679
972457
972713
972898
972979
973856
974318
974469
975015
975631
977106
977167
977268
977729
977734
977942
979013
979815
979922
980255
980433
981530
983181
984078
984280
984482
985984
986146
987519
987553
987594
987950
988402
989195
989543
990116
990477
991189
991634
991851
992660
992829
994193
994295
994904
996224
996236
996254
996817
997990
998266
998383
998828
1000712
1000923
1001169
1001757
1002165
1002512
1003115
1004373
1004812
1006177
1007124
1007155
1008349
1008866
1010197
1010350
1010797
1010975
1011676
1011718
1011821
1012152
1012760
1013056
1013377
1013511
1014089
1014221
1014832
1015125
1015295
1016502
1016777
1017690
1017963
1018078
1018257
1019023
1019633
1020901
1021190
1021212
1023453
1023973
1024138
1025717
1025833
1026597
1027616
1027633
1028217
1030771
1030997
1031743
1032457
1034780
1035511
1037948
1038082
1038131
1039028
1039649
1040290
1040726
1041140
1041538
1041814
1042432
1042621
1042646
1042878
1043330
1044643
1044963
1045751
1046988
1047144
1047432
1048226
1051004
1051318
1051434
1051436
1052674
1052955
1053432
1053493
1053903
1054116
1054168
1054632
1055997
1056303
1056519
1057505
1057664
1057839
1057909
1057989
1059351
1061574
1065165
1065644
1065674
1066444
1066611
1067922
1068006
1068946
1070077
1070530
1070824
1071254
1073386
1073831
1076590
1077000
1077084
1077223
1077245
1078333
1078615
1079047
1079229
1080098
1080185
1080225
1080527
1080546
1080717
1081054
1081779
1082018
1082197
1083580
1084487
1085207
1085669
1085864
1086003
1086601
1087062
1087279
1087391
1088701
1088854
1089398
1089712
1090005
1090174
1090410
1090462
1091735
1093675
1095896
1095953
1096045
1096776
1097444
1097688
1098114
1098436
1098606
1098710
1099276
1100421
1101048
1101440
1103436
1104029
1104870
1104975
1106326
1107558
1110125
1110538
1110861
1111978
1112602
1112852
1115640
1116488
1117711
1118308
1118788
1119251
1119419
1119942
1120015
1120084
1120910
1120963
1121056
1121346
1121352
1121549
1122466
1122817
1123205
1123295
1123931
1124466
1124687
1125608
1126170
1126897
1127355
1127927
1129212
1129480
1130034
1130077
1130112
1130470
1130738
1131302
1132177
1132856
1133691
1134095
1134738
1135331
1136538
1136620
1137035
1137250
1138997
1139155
1140604
1142513
1143039
1143693
1143851
1144858
1145319
1145610
1152460
1152892
1153722
1153915
1154250
1155944
1157132
1157476
1158257
1159676
1159979
1160427
1162406
1164289
1164383
1164477
1164750
1165485
1167248
1167880
1167944
1168193
1168630
1168744
1169153
1170258
1170973
1171969
1172300
1173003
1173190
1173522
1176411
1176679
1177592
1177972
1178544
1178627
1178799
1178858
1178974
1179082
1179102
1179665
1181490
1183471
1183534
1184912
1185164
1185301
1187496
1188260
1189943
1190113
1190610
1190837
1191403
1192453
1193187
1193782
1194499
1194580
1195151
1195162
1195756
1196678
1196891
1197566
1197708
1197753
1198202
1198813
1199579
1200329
1200429
1201621
1202823
1203170
1203485
1205529
1206144
1207082
1209529
1210248
1211312
1211914
1212608
1212677
1212955
1213450
1213631
1216959
1217229
1217645
1219728
1219981
1221009
1221964
1222195
1223143
1223881
1224201
1224760
1225852
1225955
1227341
1228203
1229395
1229530
1229861
1230063
1230304
1232332
1232707
1234015
1235667
1235689
1235860
1235958
1236702
1238146
1238673
1239048
1240440
1241959
1242418
1242683
1245770
1246699
1247709
1248598
1249307
1249636
1250654
1251075
1251541
1251869
1252939
1253071
1253882
1254215
1254550
1254777
1254789
1254889
1255404
1256055
1256929
1256939
1257185
1258030
1258366
1258884
1259448
1259459
1259991
1260193
1260889
1261221
1262595
1263436
1264583
1264960
1265079
1265193
1265730
1265975
1266612
1266777
1266819
1266829
1267839
1268242
1268431
1269172
1269605
1269980
1270052
1270076
1270141
1270200
1270316
1270437
1271436
1272380
1272383
1274182
1274438
1274584
1275528
1277099
1277380
1279213
1279593
1279659
1280063
1280628
1280727
1280890
1281687
1282020
1282489
1283368
1285781
1286477
1287366
1287883
1289267
1289819
1290884
1292320
1293215
1293232
1293283
1293319
1294039
1294177
1294572
1294598
1295976
1296656
1297325
1297480
1297522
1297833
1298843
1299419
1300362
1300896
1300899
1300984
1301561
1303770
1304577
1306102
1306567
1306946
1307528
1307769
1307834
1308141
1308407
1308444
1308678
1308833
1309176
1310728
1312237
1312523
1312843
1313107
1313672
1314013
1315394
1315436
1315484
1316224
1317343
1323694
1323715
1324035
1324521
1324742
1325769
1326211
1326317
1327968
1328448
1328774
1330312
1331232
1331527
1332173
1332487
1332924
1333791
1333810
1334798
1335449
1336423
1336644
1336665
1336814
1337635
1337759
1337857
1338283
1339387
1340905
1341613
1342011
1342215
1342346
1343004
1343430
1343524
1343604
1344379
1344465
1346422
1347164
1349101
1349285
1350095
1350102
1350267
1351048
1353293
1353387
1355161
1355641
1355846
1356418
1357181
1357915
1358853
1359110
1362058
1362080
1362107
1362452
1362766
1363788
1364177
1364257
1364272
1364778
1365188
1365711
1365871
1366160
1366433
1366839
1367946
1368139
1368351
1368950
1369147
1369290
1369502
1369892
1370777
1372514
1373342
1374700
1375364
1375514
1375877
1378834
1379122
1380329
1381020
1381624
1381635
1382761
1383304
1384235
1384533
1384559
1384673
1385816
1386646
1388001
1388185
1392010
1392279
1392378
1392509
1393211
1394198
1394221
1394247
1395052
1395491
1396735
1397268
1397526
1397545
1397603
1397952
1398143
1398925
1398984
1399238
1399378
1400310
1400877
1401145
1402334
1402454
1402533
1403007
1404061
1404865
1405130
1405228
1405332
1405528
1406386
1406875
1408002
1408436
1408800
1409366
1409722
1411271
1411612
1411622
1413120
1413589
1414452
1415702
1416100
1416737
1417092
1417914
1419196
1420032
1420444
1420627
1420777
1420886
1421312
1422333
1423372
1424281
1424731
1424931
1426213
1426346
1426905
1426963
1427500
1427917
1429711
1431593
1432453
1432614
1434029
1436419
1437237
1439194
1439657
1440406
1441009
1441229
1441245
1442279
1443249
1445106
1445990
1446315
1446443
1448669
1449296
1450653
1450699
1450890
1451298
1451388
1451624
1451669
1451680
1453696
1453706
1454487
1454832
1454895
1454939
1455517
1455538
1455583
1456732
1456870
1457592
1457650
1457793
1458509
1458969
1459122
1459767
1459873
1460111
1464484
1465282
1466151
1466647
1468439
1468764
1468805
1468965
1468984
1469250
1470097
1471485
1471523
1471611
1471893
1472038
1472413
1472900
1473264
1473397
1473503
1473784
1473789
1474026
1474150
1475214
1476291
1476734
1477155
1478231
1478253
1478372
1478550
1480009
1480870
1481942
1482855
1483625
1483859
1485056
1485314
1485992
1486285
1487258
1488033
1488056
1488547
1488640
1490947
1490951
1491173
1492142
1492345
1492549
1493046
1493583
1495870
1496291
1496446
1496520
1497161
1497419
1497635
1498455
1498867
1499010
1499511
1500439
1500671
1501045
1501254
1501281
1502218
1503824
1504969
1505047
1505089
1506381
1507076
1507601
1507882
1507936
1508454
1509308
1510221
1510298
1510691
1511624
1511778
1512384
1512939
1513294
1516280
1516432
1516819
1518057
1518939
1519568
1520040
1521264
1521555
1521770
1523034
1524241
1524688
1525187
1526680
1527059
1527676
1527742
1527795
1529037
1529404
1530484
1532070
1532755
1533249
1535242
1535515
1535560
1535746
1536037
1536641
1536863
1537325
1537460
1538203
1538699
1538793
1540341
1541537
1541813
1545319
1545445
1546341
1547932
1548526
1549598
1550276
1551173
1552165
1552363
1552432
1553621
1554068
1554829
1554950
1555016
1555322
1555693
1557321
1557811
1558422
1558623
1559417
1560352
1560536
1561210
1561283
1561607
1561644
1561914
1562952
1562989
1564438
1565010
1565527
1566235
1567533
1568438
1569514
1570218
1572674
1574207
1574299
1575207
1575448
1575943
1576751
1577824
1577861
1578242
1578705
1578714
1579047
1579049
1579069
1579489
1579639
1579877
1580527
1580624
1581784
1582023
1582312
1583070
1583216
1583435
1583948
1584476
1584801
1585509
1587327
1587486
1588331
1588876
1588993
1589059
1589216
1589796
1590543
1591139
1592550
1593115
1593213
1593617
1593846
1593937
1594186
1594424
1594948
1595441
1596456
1598398
1598700
1599407
1599483
1600636
1600864
1602531
1603185
1603363
1605053
1605101
1607306
1607954
1608007
1608090
1608194
1608552
1608877
1609636
1609724
1609767
1610192
1610857
1611938
1613241
1614147
1614164
1614963
1615288
1616831
1617403
1617709
1619572
1619907
1620060
1620142
1620377
1620514
1620854
1621069
1621375
1623166
1624334
1624772
1625683
1627678
1628317
1628437
1629455
1629996
1630576
1630592
1631158
1633688
1634403
1635011
1635521
1635667
1636748
1637827
1638216
1638386
1639199
1639228
1639251
1639462
1640190
1641103
1641551
1641613
1642390
1642816
1642839
1642934
1643571
1643964
1644336
1644485
1644590
1645073
1645600
1645735
1646093
1646151
1646538
1646773
1646910
1646967
1648259
1648413
1650897
1651057
1651142
1652167
1652184
1653709
1656383
1657250
1657384
1660230
1660452
1660843
1661030
1662992
1663247
1663325
1664523
1665159
1666212
1666602
1666615
1668095
1668193
1668785
1669010
1669572
1670212
1670330
1670647
1670966
1672432
1672539
1672671
1673159
1673453
1673727
1673880
1674809
1675757
1677875
1678443
1678531
1679783
1679797
1679929
1680956
1680982
1681160
1682772
1682880
1683035
1683183
1684799
1684827
1684946
1685304
1686291
1686346
1686635
1686734
1686906
1686934
1688338
1688477
1688622
1690147
1690442
1692501
1692513
1693707
1694560
1694930
1695028
1695629
1696040
1696269
1697221
1697609
1697935
1698284
1699299
1700504
1700577
1701890
1701943
1702211
1702465
1703788
1703806
1704500
1704661
1705248
1706106
1706900
1708082
1708959
1708996
1710603
1711358
1711379
1711564
1711662
1712001
1712213
1713906
1714836
1715846
1715967
1716142
1716546
1717125
1717410
1718274
1718526
1718697
1719095
1719528
1719633
1719886
1720041
1720979
1723460
1723584
1724950
1726158
1726297
1728053
1728501
1728964
1730238
1730685
1730702
1731419
1732067
1732433
1732725
1732759
1732991
1734527
1734839
1735493
1736551
1736615
1737273
1737617
1738007
1739299
1739919
1741451
1741593
1742511
1742619
1746511
1746693
1746979
1748957
1749413
1749855
1753139
1753365
1753399
1755395
1755507
1758877
1760209
1760761
1762863
1765599
1766775
1767165
1769511
1770467
1773631
1774951
1775831
1777299
1777943
1778501
1779167
1779325
1779551
1780945
1781105
1782771
1783527
1784249
1784441
1785383
1785849
1789373
1789495
1792275
1792525
1792909
1793391
1795727
1795993
1796959
1798451
1798467
1798675
1799755
1800367
1800779
1801251
1803365
1804489
1805137
1805947
1806783
1807133
1807257
1807795
1807999
1809325
1809667
1809737
1812651
1815139
1816687
1817377
1817459
1817499
1819157
1820663
1821087
1821279
1823315
1823475
1824433
1828016
1828512
1829562
1832216
1832472
1832606
1834814
1834996
1835298
1835852
1836274
1838230
1838382
1838544
1838736
1840020
1840192
1840264
1840568
1841798
1841930
1842140
1842206
1842288
1842362
1842636
1842916
1843932
1844838
1845254
1846036
1847648
1848516
1848646
1849342
1850424
1851332
1851404
1852360
1853304
1853926
1854898
1855976
1856166
1856558
1857052
1857358
1859874
1861202
1861234
1862442
1864406
1865806
1866034
1866586
1866632
1867026
1867494
1869530
1870502
1870924
1871494
1871632
1872222
1872634
1873540
1875948
1877530
1877822
1878888
1879640
1879826
1879868
1880248
1880300
1880666
1881396
1882802
1883812
1884126
1884156
1885884
1889318
1889862
1891210
1892124
1892164
1892280
1892566
1892724
1893688
1893702
1893852
1893910
1894240
1895100
1895786
1895796
1895956
1896276
1898766
1899090
1899134
1899158
1899896
1900268
1900930
1903026
1904192
1906020
1906826
1906940
1907412
1908358
1909934
1910758
1911300
1915784
1915948
1916396
1917102
1917478
1918032
1918230
1918870
1919620
1919678
1920346
1921588
1921924
1922960
1923226
1923456
1923794
1924440
1925734
1927684
1928850
1929816
1932182
1932870
1933740
1935800
1935914
1938254
1938856
1939148
1939322
1939342
1939866
1940432
1940696
1940776
1940828
1941156
1942446
1942474
1942806
1944292
1944874
1945124
1945662
1945774
1946016
1946176
1947708
1948006
1948356
1948844
1949596
1949620
1950164
1952804
1956130
1956198
1956508
1957264
1957570
1957958
1959154
1959668
1960402
1961284
1961492
1961908
1962364
1966468
1967192
1968466
1969662
1970296
1970516
1973720
1974624
1975154
1977358
1979140
1979410
1979824
1984060
1985396
1987162
1988002
1991484
1991558
1992296
1993354
1993380
1993766
1994512
1995598
1995828
1997052
1997820
2000322
2001218
2002384
2003618
2003752
2005746
2005774
2005910
2007148
2007604
2007734
2008440
2009368
2010020
2012050
2012092
2014508
2018358
2022420
2022834
2022864
2024552
2027146
2027996
2028142
2028274
2028388
2028700
2029316
2029674
2030038
2030918
2031862
2035432
2036242
2036368
2038072
2038238
2038786
2039426
2040840
2041392
2041850
2041978
2045010
2048040
2048070
2050994
2051068
2051540
2055184
2055276
2057302
2057774
2057776
2059294
2063336
2064172
2066128
2067288
2067748
2068098
2068754
2069120
2069222
2069844
2070104
2070846
2071122
2073806
2073860
2075048
2077916
2078180
2078212
2078280
2078872
2079982
2080580
2081156
2082188
2082522
2082752
2083748
2084582
2084692
2086066
2087564
2088474
2091078
2091676
2094978
2095300
2095552
2095966
2096242
2096808
2097222
2097658
2097844
2097970
2098068
2098270
2098570
2099182
2099736
2102794
2104850
2105566
2107128
2107654
2109302
2110010
2110302
2112338
2112638
2113036
2113976
2114766
2115184
2117994
2120832
2121260
2121344
2122072
2122442
2124806
2124848
2124942
2125042
2125568
2126010
2126380
2128480
2129342
2130746
2131604
2133662
2133704
2141278
2141682
2142650
2143388
2143988
2147028
2148996
2149364
2150690
2150950
2151208
2151814
2152462
2152486
2152562
2152764
2156500
2161642
2162420
2163636
2164118
2164214
2164482
2164956
2167304
2167686
2169150
2171342
2172152
2173224
2174118
2174664
2175492
2175706
2176536
2177348
2178788
2179348
2179992
2180654
2182436
2185592
2186346
2187518
2189284
2189616
2192422
2193372
2193978
2195680
2196178
2196504
2197774
2198512
2200136
2202332
2202350
2202414
2204900
2205112
2207300
2208384
2208614
2209654
2212462
2213006
2213748
2215378
2215812
2217680
2220274
2221278
2221684
2221934
2222176
2222266
2222428
2222530
2223944
2224036
2224466
2224764
2227824
2227844
2229176
2229654
2229806
2234476
2235266
2235278
2237450
2243330
2245116
2245758
2246142
2246744
2246756
2247214
2248072
2248092
2249606
2249684
2254290
2255140
2255636
2256212
2256222
2257204
2257306
2261034
2262500
2265206
2267360
2267696
2267930
2271468
2273704
2274142
2274188
2276688
2278742
2278896
2280044
2280146
2281106
2281694
2281796
2282130
2283212
2286242
2288290
2288528
2288668
2290566
2291546
2292392
2292828
2293556
2293648
2293758
2293996
2294330
2294894
2296952
2298132
2298374
2298454
2298830
2299048
2299196
2299208
2299928
2300544
2301530
2302042
2302798
2303980
2305640
2305944
2307374
2307636
2308906
2309004
2309646
2312324
2312716
2313414
2313502
2314026
2316248
2320262
2320738
2327222
2329316
2330372
2330406
2332282
2332588
2332784
2333128
2335182
2336388
2337298
2337390
2337668
2344748
2347224
2348960
2349526
2349676
2349762
2350152
2350512
2353958
2354404
2354764
2355280
2359562
2359890
2360242
2362112
2363854
2366392
2369486
2371406
2373152
2374078
2375102
2376564
2376592
2379488
2379610
2379620
2381566
2382106
2382380
2382510
2382836
2383218
2383706
2383882
2384760
2384818
2386474
2386476
2388906
2389390
2389642
2390052
2390648
2391598
2392954
2394078
2394324
2394462
2394726
2396440
2396610
2397266
2397636
2399292
2399744
2400158
2400802
2405286
2409028
2409396
2410188
2410348
2410626
2412332
2412714
2419752
2420600
2426892
2427790
2429582
2431476
2433726
2433868
2434206
2434316
2435730
2437194
2438392
2438702
2439414
2440158
2441300
2442074
2442692
2443714
2444046
2446434
2447960
2448514
2450298
2450692
2453590
2456274
2456338
2456726
2458126
2458470
2458788
2459406
2459470
2460130
2460484
2460780
2460864
2460992
2461388
2462770
2463406
2463938
2464776
2465418
2469184
2469908
2470134
2470962
2471320
2471408
2472934
2473110
2473712
2473994
2474860
2475390
2475442
2475598
2476032
2477530
2477830
2478476
2479496
2480860
2481184
2481332
2481986
2485490
2486014
2488186
2489954
2490168
2493360
2493412
2493878
2494216
2494564
2494948
2495194
2495200
2497372
2497702
2500004
2503912
2504624
2510668
2511460
2511908
2512402
2512846
2513172
2514434
2515948
2516254
2516316
2516712
2517276
2518458
2519122
2519232
2519236
2520086
2520500
2522166
2522406
2523728
2525182
2525294
2526672
2527446
2528258
2529302
2531024
2531136
2531326
2532324
2533298
2533360
2534848
2534908
2537202
2537688
2537712
2538720
2539516
2539908
2540812
2542758
2542948
2543632
2543946
2545070
2545734
2545998
2548390
2548624
2548726
2549284
2550436
2550754
2552160
2553216
2554250
2554384
2554486
2555914
2557786
2558392
2558512
2560552
2560768
2560782
2561566
2562114
2562128
2562500
2564482
2564770
2567144
2568512
2569456
2569668
2570524
2571590
2573056
2573946
2574472
2575538
2577000
2580982
2582984
2583880
2585328
2585450
2586022
2586072
2586332
2587848
2588478
2588798
2588966
2589452
2589858
2591804
2592138
2592914
2593540
2596486
2596946
2599532
2601216
2601328
2601864
2603072
2603466
2604730
2605812
2606240
2607258
2612918
2613100
2615516
2616372
2616584
2617752
2617782
2617848
2618508
2619130
2620024
2620518
2620560
2621036
2622266
2625410
2625468
2626416
2627008
2631292
2631406
2632766
2632820
2633188
2633370
2633550
2634578
2635478
2636032
2637662
2638630
2638730
2641636
2642124
2642422
2643352
2644666
2644732
2646000
2649884
2654776
2655424
2660732
2661250
2661300
2661794
2662136
2662634
2662766
2669044
2670044
2672252
2674614
2674618
2674754
2675890
2676352
2677352
2677554
2679824
2680354
2680402
2680474
2680506
2680522
2681392
2681468
2683738
2684650
2686082
2686614
2688178
2688238
2688970
2689010
2691982
2692490
2695392
2695532
2695888
2696150
2696624
2696792
2697804
2698524
2698844
2698984
2700176
2700198
2701310
2702790
2703448
2703476
2704518
2705042
2706350
2707414
2708822
2708892
2709438
2709764
2709996
2713502
2714780
2716046
2721112
2722504
2722612
2724000
2724204
2725608
2726338
2726530
2726772
2727470
2728092
2728334
2728758
2730124
2730172
2731332
2731622
2732342
2732782
2734122
2734392
2734616
2735398
2738178
2738354
2739128
2740844
2743462
2744210
2746180
2746202
2746634
2747986
2748604
2750934
2753364
2753610
2754524
2754744
2756042
2757634
2758062
2758276
2759582
2760106
2762884
2763042
2764496
2765098
2765410
2769414
2769624
2769906
2770122
2770388
2771330
2771586
2772508
2776406
2779800
2781212
2781454
2781790
2783728
2784050
2784950
2785498
2786526
2788422
2791700
2792328
2792578
2793114
2793418
2794960
2794996
2796294
2797226
2797414
2797498
2798142
2800032
2801292
2801584
2801704
2802006
2802778
2803700
2808136
2808482
2809252
2811256
2813076
2814442
2814598
2819552
2820840
2821706
2823424
2826174
2826304
2826652
2826790
2827526
2827738
2827834
2828912
2830612
2831726
2831816
2831944
2833194
2834282
2836370
2840634
2843618
2844094
2844128
2844828
2844842
2850180
2850528
2850530
2850944
2851816
2852152
2852802
2853234
2853512
2853748
2856564
2858124
2860286
2860600
2862120
2866148
2868802
2870372
2870656
2871918
2874172
2876970
2877096
2877614
2878396
2880174
2880816
2881028
2881300
2887094
2887416
2888858
2888960
2889498
2891544
2891654
2892706
2894568
2894590
2894638
2895230
2896040
2896226
2896838
2897478
2897566
2899286
2900568
2901516
2902292
2902758
2902904
2903114
2903876
2904082
2904688
2904740
2906040
2907564
2907924
2909824
2913386
2914464
2916022
2916228
2916754
2916856
2919978
2920036
2920490
2920950
2921262
2921636
2922912
2923544
2924122
2925600
2926380
2928098
2929264
2930140
2931200
2931480
2933454
2933676
2934786
2935842
2936526
2938794
2939084
2939334
2941012
2941056
2942886
2944424
2945842
2949732
2950240
2951086
2952852
2953018
2953812
2955418
2957870
2958442
2958512
2958640
2959842
2960442
2960832
2961652
2963078
2963902
2963930
2968430
2972502
2973748
2974540
2977012
2977108
2979598
2980110
2980934
2983672
2984484
2984694
2985000
2985152
2985310
2986528
2987484
2988708
2989310
2989650
2990232
2990560
2992278
2993002
2993070
2993398
2995430
2996102
2996900
2997880
2998724
2999904
3002476
3003492
3003830
3006514
3007824
3009006
3009432
3010278
3010846
3013036
3014276
3014670
3016461
3016475
3018715
3019208
3019946
3020100
3020360
3020690
3020856
3021804
3022507
3023727
3024207
3025588
3025632
3026013
3026684
3027208
3027777
3028530
3028736
3029363
3029462
3030090
3030902
3031596
3031767
3032154
3032180
3032378
3033235
3033647
3033919
3034158
3034884
3035192
3035726
3036267
3036273
3036611
3036691
3038157
3038382
3038573
3039292
3039346
3039557
3039822
3040144
3041685
3042362
3042765
3043357
3043976
3044216
3044552
3044666
3046260
3046451
3047342
3047496
3048076
3048726
3048928
3049329
3049838
3049905
3049930
3050105
3050151
3050204
3051502
3052349
3052916
3055519
3056129
3056320
3056549
3057317
3057397
3057643
3058508
3058535
3058958
3058962
3059266
3060500
3060763
3061300
3061392
3061568
3061684
3061777
3063300
3063314
3064594
3064697
3064750
3064942
3065904
3067112
3067517
3068141
3068814
3068844
3069241
3069553
3069681
3069710
3069719
3070505
3071037
3071823
3071879
3072067
3073142
3073249
3073354
3073463
3073518
3074020
3076070
3076157
3076390
3077110
3077206
3077479
3077521
3078550
3078734
3078953
3079152
3079744
3079864
3081862
3082062
3083182
3083379
3083476
3084528
3085270
3085627
3086814
3086991
3087192
3088480
3089273
3089879
3090474
3093099
3093351
3093525
3094144
3095000
3095965
3096219
3096286
3096471
3097212
3097424
3098364
3098615
3099452
3102471
3102752
3102873
3103266
3103294
3103537
3104504
3105385
3105584
3106202
3106608
3107146
3107560
3108242
3110148
3110329
3111423
3111740
3111846
3111848
3112535
3112538
3113519
3114678
3115383
3115624
3115849
3115912
3117210
3117478
3118414
3119108
3119463
3119517
3120006
3120658
3121276
3122129
3122282
3123398
3123708
3124284
3124819
3125810
3126585
3127249
3127637
3128253
3128288
3128594
3129467
3129547
3131441
3131578
3131671
3132166
3132234
3132383
3133234
3133624
3133735
3134225
3135538
3135640
3136293
3136318
3136674
3137276
3137471
3138148
3138907
3139016
3139219
3141321
3141965
3142017
3142087
3142368
3142510
3142553
3142934
3143666
3144293
3144429
3144956
3145494
3146202
3146283
3146430
3146670
3147149
3148558
3148693
3148804
3149687
3149884
3150231
3150243
3150723
3151017
3151600
3151613
3153478
3153994
3154015
3154201
3154828
3155603
3156019
3156533
3158116
3158603
3160979
3161422
3162186
3162619
3162620
3162962
3163772
3163945
3164346
3165656
3165957
3166390
3167086
3167553
3168231
3168258
3168417
3168797
3169064
3169240
3171870
3172294
3172391
3172424
3172858
3172978
3173384
3173771
3175098
3175580
3177006
3177511
3177955
3178679
3178799
3178889
3179226
3179340
3181689
3182429
3182471
3184066
3185362
3186251
3187147
3187276
3187436
3187726
3187933
3188961
3190118
3191759
3193093
3193338
3193945
3194421
3194564
3195128
3195568
3195626
3196716
3197228
3197878
3197885
3197928
3198003
3198238
3198905
3199155
3200203
3201315
3201814
3202042
3202424
3203028
3203296
3203397
3204437
3204489
3206188
3206891
3206970
3207242
3207268
3207653
3208105
3208335
3208712
3211475
3212819
3213839
3214181
3214555
3215843
3215856
3216498
3216842
3218725
3218945
3219308
3219859
3219866
3220192
3220518
3221239
3222652
3223939
3224016
3224304
3224841
3225139
3225987
3226038
3226061
3226204
3226227
3226292
3226353
3226400
3226940
3227123
3227419
3227759
3227786
3228277
3229569
3230018
3230033
3230287
3230549
3231093
3231416
3232394
3232663
3232877
3232993
3233658
3234101
3234142
3234155
3234869
3234895
3235149
3235303
3235533
3236458
3237469
3238471
3238496
3238916
3238926
3239160
3239316
3240301
3267826
3306724
3309341
3327281
3328861
3340351
3346331
3346621
3350771
3352811
3356841
3360311
3360921
3361781
3364101
3364521
3365961
3367151
3367241
3369421
3374781
3376771
3388571
3389441
3401741
3403551
3406761
3407361
3412561
3413121
3415551
3419031
3423551
3426491
3426951
3428671
3430131
3430711
3442751
3447111
3455491
3460861
3470501
3471811
3480401
3501751
3516521
3522331
3523701
3524101
3528481
3533901
3534951
3535671
3536441
3539551
3539781
3542961
3547341
3557591
3565091
3567551
3579721
3583001
3596731
3608801
3614421
3616351
3623381
3625301
3636521
3638011
3639641
3642501
3649231
3652541
3662381
3670151
3678781
3688791
3691881
3694661
3697891
3703151
3705401
3713891
3726201
3735921
3740821
3745161
3751361
3758661
3764191
3765671
3767671
3771901
3775221
3776721
3776931
3779051
3808471
3823451
3828161
3829661
3831181
3846341
3846421
3846811
3849781
3856121
3856501
3857851
3860331
3860391
3869171
3872481
3891251
3892441
3894051
3894881
3904191
3908001
3912161
3916991
3918861
3923471
3924361
3926341
3932431
3935931
3936401
3939451
3940301
3940511
3942021
3960421
3960841
3980611
3983861
3995781
4000341
4009621
4011401
4012781
4015461
4022481
4025861
4031791
4034921
4038191
4038831
4041441
4050191
4086371
4086601
4087421
4088931
4092341
4093721
4099001
4103341
4104411
4110001
4115971
4117581
4123741
4123831
4131971
4133081
4134991
4138681
4147201
4150311
4152371
4156521
4160121
4160411
4162571
4170371
4179271
4179581
4212781
4216771
4220001
4233601
4250071
4256381
4258721
4263611
4263631
4263821
4281771
4285791
4287561
4290191
4297011
4298571
4299511
4303061
4308541
4308571
4308771
4331441
4335761
4339531
4340851
4364921
4367881
4371211
4378961
4379471
4382281
4384721
4386451
4394411
4411081
4412301
4416101
4416591
4417961
4419301
4422091
4423711
4426471
4432411
4434981
4442341
4442641
4445221
4456201
4457671
4458951
4463501
4464111
4464931
4470721
4474791
4480991
4484501
4485061
4501651
4523791
4530391
4540271
4543431
4545111
4555901
4558781
4565731
4567331
4568791
4569501
4569661
4592771
4592791
4614271
4615471
4616421
4617851
4633311
4638831
4644861
4647421
4648471
4649321
4649621
4649721
4652841
4660271
4661141
4665171
4692961
4694251
4695681
4700001
4701891
4706251
4713181
4724571
4726041
4732941
4742731
4742781
4756981
4763581
4774991
4777151
4777431
4787421
4787981
4798741
4801071
4801881
4818451
4820051
4831561
4832861
4836121
4840041
4865581
4868111
4870861
4872131
4878651
4888991
4899331
4902541
4903101
4914281
4920321
4954161
4968501
4972871
4973611
4974721
4975081
4984491
4985341
4986401
4989631
4991131
4991261
5004241
5006941
5007951
5012501
5013551
5013751
5014821
5020931
5020951
5023171
5042481
5053981
5055301
5070201
5099241
5109731
5114161
5115901
5118831
5119571
5125911
5131001
5154501
5155241
5161091
5174431
5180361
5185691
5201071
5227661
5227701
5229051
5235061
5235291
5247791
5249471
5252551
5265261
5271611
5286111
5295021
5302031
5305661
5307761
5313031
5315101
5336681
5338111
5344321
5364591
5364611
5365501
5367351
5367751
5371651
5376941
5377501
5380571
5385001
5413011
5415311
5438231
5440501
5444521
5446501
5451201
5451461
5455291
5460231
5476981
5484201
5485081
5486361
5529561
5552831
5556491
5559001
5570911
5571711
5577541
5580171
5583891
5608931
5622001
5622451
5643951
5645321
5648711
5658921
5664671
5665721
5668211
5669431
5681331
5689921
5709131
5710861
5712251
5712601
5744931
5747501
5749861
5750061
5752451
5765451
5768621
5784341
5786101
5788381
5791191
5791421
5793151
5799321
5804781
5807001
5810671
5820461
5820651
5838271
5840941
5848591
5856431
5864271
5879251
5888041
5889561
5895631
5897031
5909651
5910771
5918961
5921291
5923851
5930241
5934151
5944901
5948881
5954111
5954141
5958971
5959321
5968701
5997731
6010661
6029861
6034181
6035551
6035561
6039721
6040591
6049611
6049991
6056301
6062641
6071371
6072821
6074911
6075521
6084101
6093341
6099191
6116821
6120451
6129851
6133261
6139841
6141341
6143101
6152371
6156841
6158751
6162341
6169951
6181001
6182171
6185001
6192651
6193021
6193641
6202381
6205421
6217091
6226601
6229211
6236731
6245971
6255451
6261461
6279451
6279791
6281711
6282231
6289201
6297021
6299791
6304791
6310321
6310731
6312721
6319761
6327651
6340201
6343421
6346251
