3125810
37632996
35704433
2881028
27175597
37078428
40574364
46576248
47971245
34128773
46312370
43960931
36413583
47663542
47818218
47838291
47176019
35499570
31722208
43952638
43951958
43951420
30136276
34951373
47661529
47632970
30348316
869561
44070277
43960493
43949503
41571612
44030360
14505171
47449573
44030103
44028462
44027628
42979050
47408424
41436722
38215952
33012343
47378263
2133704
38504120
45525248
36736667
30777333
16652077
27788122
30283038
42297858
41350753
29931219
35211281
885936
47018112
3043392
47015874
34664661
40903138
833768
46879905
38254966
36887514
36143876
2844828
16050617
44165505
954506
46549382
46006290
954639
31092715
39226111
46448674
45575287
45560377
34714895
45521473
8862811
34039531
45184976
46314871
37177606
46287249
44851715
45528367
42734274
2707220
45576904
1683427
597881
32924305
44238567
43104337
40877485
857179
38697157
34176815
33728463
45482123
2574908
39702608
29009065
29638879
44182551
1672539
34059576
41834390
42200942
36485470
45244552
43480018
45107850
45107432
34844519
14225811
11967091
33461345
14658981
36496295
1892260
31766278
41170699
16046243
29511011
37609810
34297224
36313076
36145887
33565098
33580073
39517521
20390872
44442114
43016837
1188260
33738390
41514691
38067335
32444603
39480855
33455400
42592435
44020514
31525614
35586471
35712082
34829884
42508219
32288681
36200075
43400552
2558392
42993963
43443539
35673092
41591751
42235052
15705950
10912
29128358
36722553
10894151
41441868
34313704
882096
33321723
32854013
15730029
42448965
40577916
997522
27222622
31897237
6796441
15165701
31825374
34021836
37045120
42181381
33476794
792456
40199202
41324465
41429521
41429378
41429193
37619643
31830168
3153572
31589386
41689901
39007267
40184158
35497249
41645642
41428896
41428798
41428693
41428429
41041317
31267339
41327188
40972418
40972505
40972689
40972755
2944724
40089827
41250206
36753181
36168038
38606502
40972303
40972221
40970236
40970201
40970137
41315721
41435752
41314876
41314818
40407095
40406935
40405551
40299186
40275860
40275505
40274732
40274534
40274359
40274153
40272866
40272642
39702198
39702282
39702345
39702650
39655339
39654700
39703539
39703825
39704064
39704223
39978783
39978674
39978571
39978456
39978366
39978284
39978182
39978086
39977913
39954214
41278978
1212955
20314600
37545051
7133101
41203402
41202247
41199637
41099350
33239512
41102673
31945573
32764561
3148645
2816076
39818466
40328496
2050286
39702002
40870085
39701825
24920900
39701734
39701665
31367431
30369218
35322329
40800978
36809558
1258366
35658308
34861474
40745520
40280338
37675919
35300985
40631775
40398270
39890437
1824433
37794049
33874947
1859874
38339964
40437157
30866494
30316883
40347005
31421106
37610865
36625764
894624
30567215
3009006
39846735
40192089
40190689
36479606
40152491
39826543
33432979
30004405
34168714
1119251
5313031
27966128
2797226
39921391
16068581
39910946
39907602
39901985
39893216
39893962
27645211
39892986
1261221
34633210
27840478
39826347
32325098
16015407
38910283
586308
20482912
37076955
37854389
37854338
39597590
39598982
34099270
39244887
39244752
1634403
15993919
35875426
20347216
38972521
38972220
38886722
38886658
38886336
38885749
38852476
38852386
38852334
38852305
38852275
38852243
38852205
37344741
38972600
38972680
38972801
38972981
37522208
39459467
38852185
32598212
15777958
34261097
38823095
37854443
37855262
38858875
37855314
38662250
1375514
38053993
311546
33187551
31964833
39238046
6490561
39206715
596167
38676794
38663587
38663170
38661057
37873266
33292729
39094567
38962779
38838215
36838004
38990171
38987674
38975779
1082018
38785498
32597240
33471284
38941488
20383999
38862178
38903711
38785029
35580368
20172814
38204030
36991232
35082686
2534908
33848599
31060563
11373831
31535493
38677786
13959421
38669006
30444363
7974431
511876
31009306
38424113
3935931
4989631
15738598
38640178
35297357
3018715
35543327
37930916
29185215
35997913
37580198
38421243
38594102
34934984
31120081
38501671
38305440
2173224
1755507
27884465
37843571
15963179
38147176
38013060
29638417
20393629
30101195
32389844
33596879
1688338
30007773
2836370
38378802
31602595
32130725
1749855
32090591
38314459
123022
289186
3226353
37488562
38246013
27871006
37094468
35376078
1254215
672965
30308002
3168231
38146887
38146830
38146735
15574720
38141504
11287741
37973509
37841360
31313419
36376935
169492
37516314
27125170
38061995
34371398
37715574
2679824
38017095
35310219
37270948
37987311
1731419
27953973
5020951
37962948
37958032
37418291
37950741
36556814
694371
37931046
27259183
2617848
3133624
37877282
37684601
37850322
1478550
37817928
36081119
37783417
20558962
29636426
35757014
36696017
37624508
31548792
37112272
37626260
37311146
37104736
37301911
36396238
1663247
4263611
32635848
37594505
36538189
36990448
37686888
861243
36865440
34306039
30787729
994295
35983367
228748
36855214
34689217
29956289
27472012
31649667
37628066
37257065
34770777
35003856
37604289
37592945
8112301
36832113
32723769
20391718
37551670
1553621
2980110
35141024
33080419
1562952
1252939
1737273
35956760
3067112
34257553
2811256
29596609
2189616
36342850
1011676
33446198
37296165
37379263
892688
37254757
36190120
35509445
37332488
36159271
27635764
36159250
36528715
37127078
37198383
28094275
20449939
34810223
23611534
1155944
37248556
33618340
37123750
37127139
30066014
37229977
27123661
3025632
36697772
37049383
37111418
35727758
1682772
33596861
36583105
31432460
29787255
35735993
34064706
35752524
37063210
36586573
225989
398945
37043833
36656233
20441062
37037098
3049838
34736109
3148693
2112338
574146
16588915
29889111
1099276
36842978
36878202
29066400
829690
31814610
14322581
33832446
15686647
36654419
36298704
29134882
29127839
35482588
3044216
36658843
36432575
13797691
29752943
32698748
32554504
33307638
379523
8318551
27356590
29779099
31546456
36637954
32164688
33599119
34360203
29902611
32931735
35120300
35793405
36327691
36591456
20312191
36593969
31883039
36561846
33672786
12180721
36569384
29953708
33675813
15749431
36525623
34407494
36515770
36523508
31296846
36518581
36406535
34728637
3050151
14896631
34111873
29029432
34468485
15723440
29832069
9117261
15676901
30621117
34325371
1178799
32779047
16222551
461128
1362452
30148203
2098068
35560846
1962364
30925620
325649
499787
14918501
32563820
1525187
36292045
34462018
10568991
33787992
31091033
36435178
864952
16754242
30425039
16074236
35395714
36362831
36400892
1895100
3030090
29333654
36305051
31797942
36057011
36383361
1032457
25081374
31298894
35983105
27078529
35995509
36335729
33167708
35246303
36336240
16231806
36353930
36224354
36060969
31439732
33054438
35423313
36061359
36333354
16610458
34512042
2303980
2353958
36298000
1041814
27908659
9369031
8053361
357237
36297461
36244142
36267317
27901854
36256814
34248062
34384747
15557774
29623964
36239054
29229144
34950087
31776312
2553216
32251597
30977521
2022834
36142896
36117148
33015359
530729
34144549
3032154
34646422
34689214
1569514
31365702
36174317
31039277
36052597
35919054
35922899
35932332
35919109
35919258
35919359
35922610
35919522
35919623
35919666
1960402
35919819
35920238
35897255
36052624
35920078
36045739
36168433
36045708
36045582
36045497
2152462
36045432
36026957
36026927
36064531
36026865
36018909
36018819
36019061
12711541
31670149
36159055
35390395
36099967
36019193
36012902
36012774
35762757
35356466
14788301
30230122
31985691
36137424
27122866
1397545
461516
35368572
36090835
35106960
950759
35573811
1055997
4694251
7784011
27139687
35040848
34842004
15831582
35896834
7282441
2916228
35811254
3160979
34094217
35811581
13999431
35988329
32603445
34580503
32212664
35283128
29777884
35947046
2029316
1471893
35747647
35976180
30944046
27327406
32004730
1719528
35810835
35948177
1473264
31411482
27436156
2234476
886367
27757705
35902329
29012077
35810579
35810452
35378818
32522806
35883137
35119235
35814703
15559884
35810398
35791948
1397526
30736117
34240403
1572674
27215611
35708550
35708643
6576801
35708528
30718871
35708386
33565695
35708789
35710628
326021
35652721
30960848
35701013
35584285
1282489
20248459
32627868
32775205
35585540
35585251
31027722
32366218
35472623
32377331
1537460
35469068
30161279
35581973
35631378
35468983
35468897
1866632
35468756
33146438
34154698
29024665
35467759
32299682
29138494
15685351
35472970
35473033
35563134
34174720
34988835
3061684
35467713
27905774
688945
1906020
11744331
35453597
2386476
20326693
5023171
35126316
35126866
35127044
16206238
35120100
35119972
35119681
35119621
3430711
1594186
35347240
35347128
35346826
35346303
35346051
35347602
35347897
35359464
35362254
34427418
35362460
35363080
35363417
35345942
35345701
35345474
35345141
34212482
3069710
35126561
35126382
3078550
35126052
35364645
35364869
1405130
35125890
35125794
35344673
35344373
35126945
35125665
3150243
2670044
35133521
35120296
35120195
35120038
35119758
35119567
35119512
27160627
1190610
30411022
29649316
3141321
27289264
15269071
34947124
34820780
1940432
34218848
2644732
34935671
16039001
34385049
35040168
34042846
34418902
31754042
33086611
16143435
475697
35106115
1057909
27927720
31365645
34481430
585547
33728473
15986237
10805751
34008691
809734
6455521
16045428
34751894
33636505
9099451
29576259
34621357
7221621
385838
353810
35029355
31328625
33968532
31408086
27823021
34711821
33352017
30349724
7776121
31221970
30040614
2099736
31202768
16805836
34061238
9961841
16661365
33909517
8299151
31300677
2862120
2844128
290807
16653979
32654523
34351175
1464484
9631601
559985
27735532
33663611
33849889
1343604
33945504
29616322
1007124
30504474
34711755
31378136
3916991
34825538
34694209
34818170
2926380
34090270
34809201
1817499
2570524
20450617
2175706
32662280
1365188
33825222
34789851
32044253
29791921
34202948
33104865
1730685
787465
802735
497208
29154364
1638386
33959027
34743625
569700
34606830
34426496
34427319
2840634
33598426
11177381
1307769
29776921
8817171
30570058
1085669
31839580
10727181
6609671
1619572
16107815
1537325
1857358
2675890
33778662
34599585
3052916
11229861
34595217
13885881
34607178
34607120
34607069
34607000
34606941
34606906
34606773
34450889
34450786
34418331
34450507
31448173
780475
34622597
34450224
34449290
34449261
16250290
32806931
312434
2048070
30751940
34593356
33388120
29507776
32845609
1548526
27899415
31623338
33450215
16446199
34352304
29790706
1660230
27634156
1281687
1741593
33877492
33849032
33848963
33848888
33848508
3232663
33811255
31278816
895639
33847770
33847446
2934786
34112647
34112575
33833185
33833042
34344499
1053903
2257306
555808
34122753
34122722
34122661
34122636
836021
34122600
34122543
34122493
34122442
34121970
16230742
33158741
33836848
29079936
2531326
32375716
34343636
250980
29533295
34121929
34121799
34121774
34121719
34121680
15561371
32482658
8342541
34121658
34121622
34121591
34121565
34116541
34116492
34116452
34116180
34116117
34116004
625458
30206340
27329593
34426428
34404138
34403917
34403689
34403551
34403368
34403257
34275427
29786748
16779496
805213
537565
1806783
16781899
722660
10254431
3111848
36050
16537102
33803156
24586455
3229569
2288528
2267930
33990383
34242622
33653320
1078333
34104239
627356
2456274
34348086
29507452
30416676
4787421
9957001
30307841
29128991
3113519
2896226
29673090
31757269
15808804
31708083
9713781
556204
18388399
356224
34133791
16200789
33869419
29288767
32898389
29555737
31949045
34005124
2902292
2802006
6903651
758065
30587329
34029757
33990263
34194499
33833206
32543426
4649321
3147149
3172858
16097683
2760106
2379610
10258171
29521709
27138115
2580982
139494
195370
480283
34122815
15980275
34226526
20210251
4787981
33741882
33848398
33428945
33106380
34198658
34194247
2592138
392996
34155513
34072711
29056658
31104270
29997745
33549343
30064861
27155743
34031054
33842081
33841987
33841903
33841816
33841721
33841541
33841304
33772719
27946325
33946983
33946870
33947053
33946922
33947103
2397636
1766775
33119907
27185791
16590904
2784050
7085051
30317419
27933123
34068971
34068717
34068582
33481426
34068319
34068148
34068051
34067941
369003
29233080
34102508
31943102
2171342
2661794
34094795
31037834
1640190
34067537
34076964
31081682
33606457
1051434
11147691
16248649
1628437
2916856
1684946
34052594
7373441
33312042
31999191
33559604
32632309
32519161
956295
3041685
6029861
2662766
29129647
113003
922332
996817
130444
32203261
15823487
1355846
33946798
1793391
33998177
2936526
30262581
10069631
1730238
1798675
1178974
33965445
30250183
2446434
5013551
3076070
30912377
33159288
33291775
29099432
2987484
1842362
2858124
16036285
308096
33633560
31242367
16681018
27312238
1420444
1527059
33527615
30708051
33510685
275022
27217552
29138692
9875
29601897
2283212
2481986
1948844
33735560
31850025
2107654
5768621
30749673
31145374
33870385
33869998
33643464
2220274
27693565
33843634
33325882
31763733
3049905
3081862
2298132
23664580
33830241
991189
2444046
2379620
30743602
9144201
33601034
29271689
10390841
29646198
16709023
1449296
1272383
29897810
3144429
1749413
16101208
32789690
32092705
423210
814447
405860
15604085
33779707
33800608
33117061
804341
31423818
809861
31169432
1684799
16181114
33721486
31944389
610984
15901
15392821
3120006
34844
1306946
32092818
32092843
1625683
32585562
32092150
33720587
32068511
32068945
32069093
3006514
313301
31952926
69098
2302798
3263
31587559
32469717
7450391
33438780
891299
1301561
15985414
1642839
2986528
1468984
3128253
29610149
2124806
20207707
6289201
33226788
529659
2560768
5385001
32336664
33429447
32203738
32614942
897175
3918861
31325836
33286294
32775463
16311802
1932870
354226
568487
462859
4742731
15929370
12273951
31484461
31732081
30768954
29784247
33271739
10856331
33646945
13479141
15831663
32855727
33527046
7778531
1472038
29811414
8897091
29173674
979815
32267203
31235710
1935800
293139
6908141
33578785
31846094
23196585
2382510
33622722
33603017
33579004
302477
30816479
33617047
16060521
29516175
14934941
32469495
33603322
33602957
31026434
31535007
2730172
1698284
1087279
446295
2632766
31394245
2120832
3151017
27316540
1938856
519332
1716546
32307453
4592791
348945
29594248
1122817
5229051
29956549
1476291
221532
848326
31349647
31130148
32890809
32469392
32895407
7172491
32355871
16031116
29329843
9762811
3076157
11839711
32723814
32069508
16174145
5765451
132137
27687139
32791811
27437815
894310
576137
33421261
3127249
32092852
33361449
3926341
31812067
14871071
14833
16568680
33470462
9814581
5336681
1688622
14901821
365229
370105
2009368
30778891
33370335
20324641
33209714
648218
32204030
27688621
32365848
9289841
30327586
8068901
455224
27254686
16045643
31505270
29317352
32670590
33183311
600355
30175240
30556027
2728334
16397344
31285314
333493
33338467
1685304
965969
27821578
286325
29627710
31500620
33412525
3164346
1337857
29787534
11304131
11261551
2479496
30280713
32374574
5848591
32421696
1443249
32256164
32435030
8898841
12764951
15996245
32300613
5622451
32702698
407071
3079152
7430491
2929264
564812
11049521
32469967
29079338
16372780
16029199
2713502
15974968
678676
881437
33025372
33073234
30205252
7307001
1153915
33329179
2262500
31168873
32572784
3203296
3128288
1246699
27756094
4692961
31484958
33130303
2022864
29199100
32327291
867487
29294784
32834445
29261846
7876371
1785383
1473784
29127714
670141
20495878
421901
27357589
33246506
33303514
32366213
1605053
1339387
8839291
27633853
33145609
32368844
32368980
29752008
653620
1562989
31940605
29078838
32620450
32658122
32237984
1896276
32795013
1630592
480128
484280
33273557
1779551
31987337
1545319
29642151
32499417
27938102
1279213
2819552
31626057
16055253
33101621
15810361
2057776
33073323
619151
27617164
33248733
501663
29580728
5003
2674618
7593611
475596
30532643
31486550
346539
32208157
1152892
16184804
191158
16151274
1809325
33124070
8587201
5793151
31995771
1294572
16000798
29004121
10529761
31947763
2800032
33013933
119376
1000923
32397314
32922471
1392279
32318473
1254889
33088600
323521
32809507
306022
31721571
2698844
3932431
427886
32585701
7002301
32660662
33136688
27551803
33042032
32342400
2554384
16660348
15688239
2586022
32144096
32307946
15742829
27855586
24226109
18128
443712
317413
1673159
4501651
1340905
31896002
1122466
610822
11406731
9554941
16033280
30945687
349574
3705401
248755
27455299
15623990
27894781
6616831
16049432
4442641
4212781
2868802
30722407
30979186
231510
31796177
1777943
32119694
831516
1557321
2533298
341587
345859
31394623
31481027
32854468
1089398
32880320
2921636
33138005
478421
31699369
867361
32632448
776676
31982432
227510
33131454
2235266
33086897
33129985
33129379
33128804
15828710
20238994
29307307
32007010
27568570
30704756
33116657
29818639
16061979
32305484
33117720
1392378
29606510
30100405
1451298
31562483
15563613
338524
7619371
6571511
856680
6748501
3536441
2222428
1648259
5934151
129858
880710
3239316
2914464
29834023
591188
20404186
16091343
585466
15811258
30732006
31208581
30167634
3010278
32925373
32454094
31904835
2833194
4371211
29020251
1369147
6699861
27459133
1336423
32644538
2709438
3779051
1294039
29915142
32581731
29918552
30975022
650139
27918431
30262526
33051770
27014281
1512939
3069553
3226400
30814711
315231
22023121
32318421
32503565
317185
3218725
20402272
231580
3207653
33025836
279922
307459
31891110
32105609
984482
276167
218232
30220801
30394558
30401435
29931014
724269
900542
43293
27101485
33014646
2709764
527166
31500623
1133691
790656
1021190
1279659
32308153
32561562
31818624
210649
31100355
12775991
320158
30431450
31744
16644529
30367944
27127159
7410461
764211
1013377
374779
70070
16361137
438543
32892341
32974412
31034202
783811
16216887
15556604
199193
29244291
165241
1883812
38499
3169240
29157920
32961177
16152639
31423503
15839074
1898766
30615930
32008890
29083888
29876444
661509
30547699
16195589
31506557
852015
15401661
32440648
4818451
29303832
42819
30986374
29189158
3031767
32557310
29135464
32249894
15994524
31297652
29798715
336121
32492096
2550754
15702265
32522609
443288
20271481
31062364
10105081
32646578
29330354
700139
477643
27190252
29263265
1312523
191731
32743394
31814665
5689921
1783527
5895631
2920036
31422543
1225955
3182429
20374432
16018763
145096
4660271
32391666
29558332
15543988
828956
27926779
429561
480654
32935830
8173141
27453367
64016
30723764
50974
477650
1176411
865545
32935138
29799053
23835855
32092657
2497702
32868531
32605852
32251834
367627
16370251
352886
30593334
2278742
1003115
316634
32449278
7965121
1095896
1369502
251442
1014221
573227
715925
27867277
136170
16334308
30727573
1769511
29300424
31644084
10949751
31811826
229746
433807
11829551
1294598
6129851
1717125
7211261
2697804
29904289
272907
16333216
32382012
30204857
1194499
310033
29007663
29547081
27084118
16448
2125042
27887357
30971229
119423
822983
27777049
342128
15798781
1624772
2273704
15736696
3894051
3223939
31296827
1726297
53471
32209142
1488033
20080759
250170
32045153
32058060
7968211
298617
29158526
10232471
524718
27347215
158470
30106313
29018074
2589858
1940828
8182731
15682262
458571
241763
2485490
16063351
32638468
32923972
323813
3856121
16149648
829488
6851221
32395955
950829
15745592
3020856
31622540
31995113
3309341
32361938
2545998
1471611
3132383
1011821
461351
32709291
31439848
3234101
15728412
1468439
5910771
535078
4986401
11699281
27124420
31760940
16239709
30979833
32880130
2475390
32868553
6156841
31938724
16796617
32322832
29502099
32255852
1678531
561399
10085931
31520973
3234155
29194068
32794952
31140633
4649721
31460896
31763060
32503760
325049
1492549
552575
5788381
60627
32207333
16468306
5918961
29126540
29796816
15648373
3204437
1944292
27679861
32820119
16540867
877665
588950
14934891
792194
14177871
32664464
30766044
31854769
335556
2383706
15830429
75798
1892566
32800399
313987
4297011
15609057
31192678
2625410
15596225
5665721
20291965
587756
793182
6236731
32773267
2198512
27285241
2677554
1015295
32627981
373850
32696144
1196891
5380571
29143476
8778081
27504061
76044
2308906
1857052
29288391
16161038
2769906
16171010
29926017
31731769
29957996
30822269
1505047
134423
29199346
2765410
590190
10888231
30664119
632196
4984491
32192069
30801731
2797498
32697736
30394022
29253996
956199
16758676
848461
2097970
29539863
108171
15708109
29044296
453899
2084692
1526680
320511
13803811
32659868
1620854
30582888
2676352
44218
1468764
3123708
10493041
719993
31967882
3172424
2920950
1127355
6202381
1266829
30450179
2386474
16106547
32546985
3065904
16731538
383316
29011151
32638880
16555477
1136620
27111454
89889
1748957
15106441
1441229
29037349
32693776
4123741
31802808
118933
15815864
30878084
27695374
32483106
1395491
29085620
8651091
11927581
1382761
5750061
966566
1451388
32280127
2442074
2770388
6035561
3636521
16123322
27960466
16010679
640943
16511362
1882802
30027303
31723823
30318599
262979
278193
32648762
16224278
1197708
1565527
29780009
500017
30641807
16232743
15747342
31546568
6572081
1520040
16317889
32337101
29572857
1157132
1409722
2617782
1198813
4713181
641304
477678
16211694
11725611
1056303
15604743
15592264
32629515
29006419
31779780
199343
27490726
1497635
29301899
2178788
32631611
1587327
16210810
31484315
3940511
29293282
27237976
29522024
30904838
31418596
31851050
43925
1274182
30116789
15641934
97669
1042621
11656161
393292
2078180
30264311
604712
1816687
1478372
31573370
30766753
17987896
14111
2728758
487223
1592550
1560352
27687142
15702086
29099868
1508454
3038573
29576585
18040237
700883
31442507
32330151
30664946
15767754
31365609
431858
2073806
2152562
32135047
14596371
313141
695754
32261789
4985341
29897572
3557591
2513172
218094
6343421
31389871
6035551
32482858
32425302
291599
1866586
3156019
3172294
3050105
30556094
21910403
27970566
844785
848807
31363972
3231416
31765907
304713
31208597
30591824
3230549
32041944
32585097
32065512
32065265
32065012
32405307
1854898
29127990
330962
29043098
29107899
367071
313885
2758276
32025104
32213884
29136195
946283
1651057
31405041
1381624
32417999
2354404
3138907
1834996
30033398
27688864
3182471
1021212
31405226
31636320
604329
1234015
31435773
7613211
20293594
14503411
6476481
31868893
32196479
1313107
32439430
1253882
901560
1621069
15610501
29072514
1657384
879264
32237047
9144671
32121588
2124848
517779
11769791
32050113
858715
30903005
1325769
4991131
14902381
31204109
632038
1341613
1485992
27241396
32402643
2904740
32377604
20406937
676314
1583948
32074879
318767
851551
16389979
412971
1495870
31234230
950587
319976
32551413
483945
739402
717267
418194
4099001
2394078
27599647
30922968
1342346
32203987
9557721
438896
2470134
14633131
32592862
29891014
15746830
3022507
323275
2039426
3924361
3891251
30600093
3056129
30713726
31379696
2688178
32118516
14281151
3168258
30898125
31700447
2375102
107284
30218280
14162991
32424958
20224009
31431900
29056394
992829
7370181
16083012
29946323
3119108
1594424
30818350
27783550
30595928
360716
32441132
31349269
258707
32556011
32555971
27476845
1450699
32111360
681427
32557661
14696661
5006941
32374533
32351827
3167086
5099241
3201315
1773631
2299196
11151851
667247
29029229
32544216
31110826
32378771
32300584
1336814
15990570
32540209
16170188
30343924
1426905
1187496
382119
31305263
15721308
30126222
32244273
1906940
15823579
29012745
3032180
5053981
956326
29941212
632142
130558
495604
3085270
16075111
876227
30428851
30635252
560039
32521866
31650397
14861741
31669046
32519180
29151036
2808482
1610857
1501254
1458509
29072025
15725464
31920865
27254881
32447667
32317848
31965982
5012501
29554701
3235303
2564770
9274171
206742
32021774
3057397
988402
3226204
4914281
30541626
1337759
29216257
30719217
14354521
30067166
2187518
29121979
27119254
32504440
32385996
29663232
1923794
929109
20448166
1641103
975631
1100421
2309004
2028388
807851
32496777
32496714
32496446
1646967
2588798
32495626
15731586
1264960
1521264
16131003
29008828
15629130
32297899
2700198
31300060
32472485
27540358
31024573
1840568
3219859
32257183
32322622
29621343
2459406
2902904
1077245
31608919
1541813
3389441
985984
4543431
32295746
30002306
27158305
14495451
6595911
24202798
2450298
30010643
29941809
29587682
3077110
15968305
1767165
23761476
879468
8807641
30145800
661980
2475598
1015125
8697461
1673880
31640230
559392
30507227
16044785
16711189
30198018
31298372
20499925
31535226
12164521
2542758
30224103
2681468
15016161
2564482
1047432
15559015
4701891
16695145
14783121
84841
29322678
267648
3136293
1300362
1708996
369496
1554829
15756534
1609636
548407
1527742
29620857
32244229
3224016
32244035
2330372
32244016
16040402
32243948
15621405
30179530
16086871
1870502
32448235
2757634
29195882
32447865
1686635
27461689
27532150
1536641
29293591
20492716
383415
9985891
1373342
32310481
14966641
1077223
1308444
7444931
32310431
32310387
32310354
32310283
3340351
29945383
2984694
1683183
3087192
27830455
2350512
31067695
29311294
30803481
15756177
369059
771161
29149164
12356441
32404834
32405528
2195680
1688477
473050
977729
16115678
32214195
32362673
31616077
31468642
1792525
32405171
32405479
32405224
32404909
32421794
32310145
1145610
4458951
32274112
1057664
30081103
15964948
29047171
30910169
2731332
31715734
2248092
8161241
2567144
4170371
11743021
11670
32404749
32404648
15779080
1366433
2519236
804755
322534
16064461
2400802
29786941
29124792
29580335
226050
16785643
30980430
252560
27681574
2764496
29113599
24140870
14261141
7538761
31448506
29589362
1030771
16141963
16140080
9451481
30876796
10629001
1798451
29191474
30292427
16551001
2949732
2603072
1929816
1235958
1131302
1401145
3179340
15825583
498468
27950010
7245941
1465282
27544723
40530
31422604
1923226
8347321
3216498
16021788
16573465
30106296
31557727
167312
1700504
3111846
1507882
2299048
31904159
6676511
1159979
29042850
16552876
2110010
2000322
2945842
698811
1856166
30267997
484230
32310079
1394198
31208086
15720267
31964312
14891851
11662231
31849548
396027
31932014
36397
29621956
29215378
16065627
2369486
1057839
30819660
2851816
2831816
21531890
938398
15654569
11258641
360832
2953812
13928181
2469184
15569913
32230698
1650897
1324742
2689010
1235860
2537688
29601439
29286489
9679841
16673023
29984789
16040963
1906826
3726201
31715801
1899134
27876479
2205112
31353302
30397966
11851231
178291
30638573
15692664
1842916
6882271
734394
1481942
23219853
617783
29246914
3025588
198693
31684310
32310216
1323715
32309583
1251869
568175
30504132
7835511
32163197
502967
32048965
30735648
2633550
31397739
3352811
31248296
32201730
30256945
30724838
231450
29515882
29332421
2213748
10901211
16121186
469482
2374078
15645105
76245
390494
30591760
1417092
1734839
14008321
27845509
20328433
15409241
1047144
12164161
32209208
15644605
29535493
1703788
29201092
15836361
909382
827496
32043831
15772963
30734975
1861202
11344851
519928
32115728
2585450
180356
2826304
2798142
6692861
2480860
2990560
15640656
282534
286903
1471523
987519
3056320
1238146
30788838
2066128
600990
915846
27046582
2808136
2591804
1653709
30956699
7504581
1432453
29158872
32041952
549311
30466459
32371572
2010020
8728331
29925408
2246142
1349101
6426461
30524431
2928098
611715
270968
15617860
30599988
954628
570690
7500031
5247791
15835898
265927
30475787
3219308
29250313
29300536
32309497
1350095
6226601
31554685
6422591
1516280
2944424
32309373
27140146
11489001
16107269
27899351
16170498
27186778
8065051
15972079
1716142
812739
2758062
1700577
30418380
3019946
32361485
15748368
32360874
1337635
656158
1477155
16371268
309398
4445221
27724498
826405
30786475
5315101
1153722
30336712
9312491
20222842
1899896
5997731
913990
27062458
22426107
954488
1056519
8963521
136827
2942886
29027299
2771586
6099191
71584
1550276
16443958
29089810
3167553
2493878
548999
309618
31142858
2728092
31072829
10141941
3224841
3214555
1183471
8954461
31774666
15698602
15764883
13958281
4012781
808613
8404891
3064594
5115901
2794996
6483241
1217229
9063161
30559119
2048040
5376941
142759
1394247
12188031
2511460
29754764
3480401
687191
29607208
888613
27271219
93171
2784950
427248
1112852
346205
9344671
2038786
30829478
32155530
3003492
3068844
16470988
2931480
1457793
5415311
30670115
969892
16284679
19397047
246140
1441009
32080611
1880248
32181345
15552912
1219728
9565421
27650698
1666602
1010975
32049210
517487
30938847
16118206
20573848
15816217
80703
31958563
951975
2747986
37712
954837
27866344
3849781
30519413
1121056
16257844
3413121
1994512
600834
8593771
15778105
20245849
115914
31562610
31873946
2426892
658645
807337
613087
27280819
31990415
29603814
839960
1191403
29170483
16535614
15862074
30407419
16530688
559671
31514033
29174826
3198003
16116485
6084101
15700646
27035707
10520
1805947
30222412
11022591
357391
1268431
929024
30902157
381826
8347711
490152
30507766
63959
30551638
32309349
16085943
1979410
16508146
1110125
14626361
11461871
16189200
31107699
2382836
223069
6829511
1000712
366808
30188057
23870604
31367336
3460861
1778501
817308
16223439
29063687
15686052
1267839
303699
4648471
885171
32161285
32243852
15773275
32006967
32228244
2909824
596608
12428001
1708959
32274089
29631886
31582377
16079848
29178413
31245936
31799682
14183431
972713
1885884
894969
27806317
31763650
417143
2830612
1755395
15551490
11519621
242813
741879
29034699
313506
30077797
29232725
10585491
3107560
11677821
15990207
14883501
27904977
561369
29160937
3240301
32297955
29173988
30470907
4592771
1041538
29925569
15842667
32308100
33449
870203
16023074
1574299
3936401
30730199
5174431
494402
636434
31921663
383229
861785
29963197
1400310
8845161
32092625
30152099
1250654
1313672
1364177
29188310
15814942
27513439
4470721
1384235
104251
1538699
29279278
30510764
565301
16726996
538043
2642422
3042362
30076307
32007731
1424931
31895507
12741301
731740
29804726
31006690
8125691
640680
30078761
236575
7778321
148567
1423372
32113446
15680099
2359562
4614271
2293556
308176
15636552
27922946
32268260
1784249
1411622
1232707
32102158
2935842
689304
31627400
232353
31936938
16062115
16563685
1308833
31425815
32202708
20357767
12771581
27062383
3238496
487840
8599771
5154501
677269
6373591
1695629
32300707
30708170
30176986
13839351
31600029
31768272
6261461
1583435
30991006
1944874
594178
3150231
16175579
2126380
27482449
27482509
974469
1374700
2516712
32263125
31855131
15594760
1411271
14840081
20169121
306904
9941041
32235711
16030945
12673591
1251541
9091221
31888542
7363961
827722
16119119
15964590
2071122
32076338
15700661
31005222
2844842
2280044
2726772
16097511
13672641
16110003
14094211
29547749
254608
31048881
27283738
30389643
1308678
27318082
30650361
3367241
16889359
29142102
911860
27273013
27608992
31774392
8669631
1639228
1420886
2453590
108944
2550436
862599
30308846
920521
30843623
1314013
10163311
548994
3108242
124786
1639462
30039539
6501661
31644399
13658381
31440084
8878971
1217645
15745414
1865806
1080527
29755139
31609089
387122
27023296
32120320
29595504
4615471
32155116
328024
29229321
2635478
3098615
32217369
29676584
16571851
348705
1427500
1145319
29249185
2781454
1266819
31155879
5888041
1680956
1599483
12592821
564796
1815139
32279221
1129212
4308771
1157476
30417775
546075
734912
6162341
16621585
935189
29965545
2059294
980433
4134991
32188486
3031596
15620023
27587071
1577861
15684306
32267640
30308657
590289
16152863
1712001
16769299
31889661
14483571
955412
31279954
3103266
12404061
642091
30343549
315297
17014
8614791
29080994
253947
1324521
2255140
1593617
2620560
32096570
390972
30122240
16772167
660465
2098570
32154972
1697935
15449671
16111927
864315
31872018
12056021
16773343
14620651
31930598
143381
6934911
8850961
1167248
1066611
16126581
29148485
3028530
5664671
20470768
15548064
30310863
31821608
30938099
30730767
29125060
31655420
1408002
29372379
32208182
5799321
1059351
1900268
6747581
30140386
780810
30478792
10754731
2809252
30382692
31133711
31754185
29312514
31777035
31777061
32243601
31958808
31300272
31056209
16658581
31379132
494835
2960442
30595396
524480
1268242
32209800
5681331
56496
31915994
1446315
477713
153215
675247
8829751
317908
10694991
774077
2174664
15826596
1817377
373095
27800584
31845460
11390761
16553065
3860331
31490062
29266950
1853926
29179492
15491511
29169137
30668889
32004066
294779
907173
132931
10179941
32095340
4031791
8947411
633946
1090005
27942424
1424281
31414165
886645
3846811
10195431
744687
8745501
752218
30393202
864853
663682
353634
14117881
30598470
27886034
7141781
3063314
921471
1112602
29270920
30608128
1398925
483006
30253633
317567
31254865
2931200
1297522
774896
1718697
30634854
1780945
11001221
1496520
2548726
372441
7592561
32098253
2143388
16241989
323637
2688970
108478
310368
1617403
1346422
996224
463508
31549748
1719633
31097846
32006859
29831504
181052
1362766
32052123
7296861
472852
155881
2296952
45521
1088701
129199
638561
20480419
14893731
2267696
7868361
30730182
32147022
128693
31626576
22052463
32113118
434461
31634382
1608552
24959068
30218659
2247214
2618508
16141632
31587072
2531024
1202823
3267826
29622686
857603
11798
20387101
31930341
2788422
32162523
573243
31942002
559670
32070241
29753835
1413120
27297463
3115912
1315436
32209672
30497962
21915986
541506
20385562
10887981
10455641
8809711
29976445
8946141
6141341
20362954
864262
29162487
1396735
31139036
1579047
491046
813419
16128899
3869171
32072208
27538498
487203
16069970
2434206
1026597
1179102
9582091
22410569
16695088
1877530
16080319
31128614
15106421
3226940
8519
31955817
16018564
27883468
4156521
27782803
27777547
12231521
27312382
27301225
