37413241
1709745
46442278
44165505
30692628
359395
47484752
39702608
36995972
47305157
31478552
47927308
47880055
37750044
47176019
975165
30348316
37191019
735157
833768
1701337
30497962
6002901
45052688
35703455
47521374
44952452
35968725
44070277
14505171
33012343
47478439
1313728
31781162
47444311
44599867
885936
30136276
41856164
46487027
38215952
42297858
38504120
43740077
47223195
37199454
16028388
36222354
47206111
47192335
16652077
45692230
1654808
45598030
46323667
29931219
37590878
13825821
43184223
37545704
16692985
37183393
35959134
43098007
34664661
40903138
45536674
29791921
31759977
42066964
38254966
42003330
46773279
46771404
33602703
31641561
38538968
1651777
35867886
45760609
38181860
39645605
46001613
44955861
41875041
36954591
16050617
45888692
46213120
38535689
41244852
9134
31766278
15569913
35704433
32855727
31140147
514070
33298365
44412070
35712082
336159
45303065
45184976
37052500
40344160
44909512
38252875
39423203
46006290
45450183
46315435
37321660
952584
44752682
35654053
46029867
2567778
35874337
16060886
44851715
31923832
43104337
1029377
41850586
1683427
46043918
954639
40818502
37425820
44459233
31720491
34176815
37036907
502799
31499398
42586385
1564659
34595388
39969276
33106804
41569682
2721352
36496295
27889049
83166
33052341
38095687
33580073
36887514
42742458
6495561
31657169
45512467
45482123
39621372
2574908
35875426
30509023
29638879
34387564
34281074
36058595
42584673
36370607
35586471
35279376
24655228
30008136
31063177
42855390
43016837
45253219
20390872
39816835
35300210
35425599
36663285
289548
16764574
2238228
29004482
20150803
44182551
45032157
11967091
43686943
28137
40304817
33461345
44782872
34844519
16158500
37928042
15587234
42177082
15420311
44747919
34271915
32288681
44717279
38630457
36466227
16099995
30567215
8892541
34297224
44114714
44513121
30696473
42056861
36161663
42983434
41591751
41170699
37114522
35008493
32444603
32390084
43612058
37313925
33565098
39517521
38012361
44442114
37839092
775272
38067335
37609810
572944
33455400
44007420
37921378
33326226
36313076
38099266
5815311
43877592
38564916
38531018
31030722
43766066
2010020
42993963
32556320
310368
27222622
43391946
40287750
3115912
43322997
42116343
42592435
3129467
34202335
37933037
42213000
38037233
37855813
36077410
2689610
34021836
39480855
36295327
37850681
37871689
41477852
37061663
41905998
27836164
32406594
36400299
41763343
41800858
32376022
35497249
41645642
596167
41412995
41360562
40998433
16174613
16027022
15671315
11277471
35322329
40328496
34268940
40701808
1255710
37054012
2050286
37794049
38622085
31421106
3168506
40202421
37076955
33471284
39826347
31995113
30717800
39531571
35658308
33194995
34261097
39386927
38053993
311546
31313419
37873266
169492
33292729
39119242
30007773
38962779
38987674
38862178
38204030
16432171
540439
30161279
20172814
38741742
997522
35106960
36991232
38669006
31009306
30444363
30101195
38594007
950759
38640178
38421243
38546417
36148068
38259161
36299528
36261291
3226353
37094468
37573495
38246013
38202997
38141504
37516314
38068499
29043098
38061995
38026750
38033330
36742325
33152906
38018690
15596225
38017095
2679824
37992647
37150861
33156596
37779628
31789456
35652243
37701161
37962948
37501878
351192
1167248
36865090
33596879
36656233
33108783
1478550
2418850
36696017
29596609
37593386
27239512
2785044
36538189
34218848
34306039
37624508
36886397
33832904
33848599
20261668
228748
29956289
34770777
2189616
37563071
37254757
29663232
3061684
1688338
37230188
1737273
5502861
33738435
35580368
35956760
33446198
2630504
37322158
31649667
32775926
37257065
37311097
33521438
2811256
37217701
36159071
33774277
37292563
13797691
37123750
37178043
37198383
29787255
37043833
35727758
36583105
27175597
37103833
36661015
119376
32669976
1895100
36766421
36935137
32698748
754642
29889111
1200306
564812
27967471
992633
36050
10238631
11798
35508117
32190247
1898930
1055997
34385049
36515770
36655420
32218174
29902611
36292045
34934984
33787992
29333654
36408204
36362831
36336240
36351924
35390395
600355
14788301
35976180
15623990
27757705
20326693
13999431
32522806
35542288
1877530
35283128
7221621
29616322
29777884
35886829
32004730
2227824
15559884
31627400
34508594
35608961
32996537
33811255
11229861
1397526
5377741
34212482
559985
31448506
6496691
33351668
1179102
35124077
1730685
34879861
34583366
34358792
2220686
34161605
33741728
1323130
1228511
27507601
29619808
32976136
29549329
31931181
