37078428
46345088
36413583
46226352
34714895
42027587
15640799
47838291
30348316
47664735
39933061
44545745
47569242
484918
44070277
40168236
1701337
47485355
1313728
40202215
44270317
29931219
2560106
40903138
44599867
885936
47273300
47273088
45525248
47188647
14505171
47206111
33667720
596167
43184223
34664661
37835801
46312370
13797691
34656089
1354597
46750391
44165505
38504120
46001613
45113964
33012343
14522191
514070
16117522
1842362
44782872
954639
39688519
34306039
9134
15724439
44412070
30229260
1085145
46422871
29541566
33548178
46425104
37951232
38579246
40344160
1734019
38252875
46046013
46315435
35024888
42046778
39663
45184976
45450183
37321660
39007267
32636782
35654053
37698826
42734274
46025386
46132779
44851715
45521473
43494458
33072830
45531017
34176815
2785044
45917637
31321106
33132170
44433601
1564659
34595388
360270
35586471
41569682
15615189
15706969
1738537
33052341
42162600
44967214
35300210
41834390
45158155
45109725
15231521
29638879
31887466
41009008
2056794
44225465
34844519
31654607
843392
31988181
32390565
36359674
408993
1477035
14658981
43686943
44283738
12128141
144453
42279793
33461345
31172637
42200942
857179
29072050
44214452
37313925
44114714
34297224
42440304
36161663
44442114
36145887
43612058
2919032
33565098
16099995
38095687
39517521
36808298
40704817
44232494
36660866
20390872
37609810
37937293
2141954
32444603
32390084
41514691
1634403
34093276
38067335
33455400
31766278
36863105
44007420
38012361
38894847
37048405
36313076
15990622
43907326
34829884
37921378
32133313
5815311
32512868
36504922
1903292
32366430
42993963
32288681
38001692
1284048
24524806
42986642
6796441
41591751
20201428
37054012
38099266
40287750
3041085
37061663
976580
39899470
37642160
42592435
41587978
42496165
3153572
70477
39432003
39895988
32929368
1975098
7708711
42116343
32376022
37855813
37850681
42448682
40397977
42447539
35008493
37045120
37096030
36722553
37619643
37871689
34021836
33618340
36223368
41763343
40328496
33015800
41250206
41645642
35497249
2050286
423574
37721141
36168038
36753181
41412995
33796498
3142630
2944724
37234673
37545051
1510906
40865490
2831258
76245
16027022
34202335
36625764
35322329
40437157
36058595
29143388
1369502
32764561
39931678
32547426
31797942
40157713
31421106
32387580
40009391
38866331
3168506
38622085
1310439
40184958
15542713
38910283
33232042
27966128
30004405
39362247
33432979
39907602
29311548
33471284
35191439
39826347
39691020
34934517
34099270
37963733
38233811
1537768
311546
34261097
37781885
33194995
37076955
33292729
38607775
37873266
33187551
6490561
20172814
39100158
38962779
37021876
38204030
36838004
38987674
16432171
33877176
38669006
997522
2230652
36991232
31120081
38631436
30444363
38640178
37580198
30101195
38003559
38602801
27884465
37118395
38508546
38500646
38187386
35652721
30007773
38225156
38364239
27937681
3226353
37573495
336159
16054791
38246013
38167995
31789456
38141504
655533
38127708
38115944
38115763
672965
36683373
522830
32043628
37991224
38061995
2450842
35485494
38048212
38042137
38033330
15596225
35310219
35652243
33152906
37701161
37976909
37962948
37963652
37962980
1625030
37501878
37094468
29787255
36865090
33596879
36886397
1332729
34844369
37868085
37514092
33108783
6906571
27122866
37850042
1478550
32044253
36696017
35757014
28094275
37721193
37700019
29956289
2189616
1347870
33738435
2815434
1322549
31649667
1095655
37254757
37230188
35956760
36159250
37198383
33446198
37123750
27429733
35034148
36583105
33596861
35727758
13825351
704954
919438
32183742
37030018
36810958
475774
1200306
33787992
36793148
36674859
36784525
1055997
16798735
36525623
33307638
36543182
32554504
32004730
36466578
1898930
33085387
10437071
30161279
713850
29902611
35983367
36581096
36327691
36292045
30280692
36479005
36474119
31658370
36444626
2002880
2474340
1895100
15760788
36368416
29832069
36362803
36238523
36305051
27799810
29786748
36297461
34950087
31521381
2830612
34934984
30026905
33511478
600355
14788301
36159055
35390395
1628437
16091343
5981211
773529
35294013
35948177
35976180
35356466
35955830
32522806
35858083
34240403
2227824
31985691
34818342
27139687
1033820
34224765
35196470
33628317
6586301
34508594
35608967
1397526
33450215
11967091
33146438
34873457
35472970
31627400
35562132
7560841
35553707
35467713
396927
35282063
11229861
35136474
35347602
35362460
35345942
35345474
35344673
30411022
35120195
35119681
34385049
4776021
1117022
34159315
121924
596805
32489863
34735716
16158500
2107184
31586385
33968532
3309341
34870497
31328625
34061238
9961841
2246744
1464484
559985
690109
34860748
34854051
30867115
34471501
1573239
34818170
1680003
32444074
20412469
172423
497208
616096
34711755
32803683
1609374
207193
2798602
32496777
34607000
15623990
34442237
34648912
34658386
194365
34607178
34607069
34606941
1340482
786720
7787421
15843165
1472628
126300
27899415
33446491
34549363
27904572
33849032
33848963
33848888
33848508
33848398
33847770
539494
1899896
2591540
32496714
34403257
34122722
34122636
34122543
34122493
34122442
34121970
29889644
29547144
1023000
34344499
34121929
34121799
34121774
34121719
34121680
32482658
7130251
34457871
15558067
32662280
187756
33990343
32898389
34402408
34354561
7144301
34314345
2760106
627356
30307841
31999191
34269952
1612850
34258105
34198658
3230188
34234997
10059561
34194247
29654006
34205385
33428945
32614942
34181080
30064861
33842081
33841987
33841903
33841816
16232743
36050
33713253
34068971
34068717
34068582
34068319
34068148
34068051
34067941
33693744
34102508
2728334
34094795
20268274
32789690
34068653
29065313
34057308
16039001
33946798
30570058
2595468
249655
32323906
33960245
414639
33629854
33771141
31242367
2177016
897175
29811414
31721571
250055
2444046
16101208
33687535
33818732
2060514
514018
31680284
32585562
32092803
33720587
32068574
32469717
33668091
33117061
33438780
31328759
12273951
29119740
1199320
33377979
27246961
33639268
31791501
31285314
33617047
2953366
32469495
33590071
446295
31729951
853894
269061
33212508
33583715
30629942
1938856
8813031
709147
32469392
3204237
33511962
33548487
1442395
33537143
33042709
27356719
33429447
33525350
32707264
2892034
31760940
1891834
31448506
186718
32355871
1627104
1300086
467775
2514434
33498183
2567296
29669649
33421261
33480662
33480598
2812840
33479365
53111
12740031
746080
3178375
2062462
1685304
32620450
2688970
33452362
29627710
15770397
32370298
992829
286325
300477
1176411
1157552
10310361
2974904
259500
1665083
1443249
32131955
3195828
229746
31892722
27103804
32300613
7430491
32469967
29299699
16029199
6529121
1107973
27950664
2273994
151429
33317619
32327291
33127958
33234650
32972730
33155967
7041271
1598210
33155597
1281626
15994542
33155718
29917255
32725818
16123375
3007474
32989866
1779551
32783833
15157921
3536441
14339581
10256891
619151
31247
18128
33027276
33244559
1243937
15735818
447360
787957
5993151
2811256
3176157
32665042
33228741
33227910
32923155
3122357
12064581
27450721
1413484
27756094
754642
32318473
32307946
11725611
33101406
129445
32544216
119376
30704756
32007010
30710524
33051770
33025836
790656
8173141
32308153
136170
32961177
32935830
32935138
29126540
991075
32880130
32300584
32783298
8882751
14177871
31423818
761552
2394078
32752769
16758676
1748957
32629515
20411878
2399734
30836050
1198813
31990362
15592264
29099868
1175049
31389538
695754
32041944
3610331
32248073
32405307
32555971
32261772
30664623
382119
32244273
16592425
903883
32447667
633604
32472485
29663232
32295746
15778105
32244229
32244035
32244016
32243948
32310481
32310431
32310387
32310354
2530152
32447865
1673453
29124792
32404648
360832
29113599
32310079
32309583
20572219
548884
1632393
20387101
32183723
32310249
32309604
32309546
2827620
15620023
31237010
242076
31879493
800214
31145399
783373
1054168
32309497
32309373
1146720
30551638
935497
29251755
31763060
31449244
13948521
9306141
16137541
30519413
290776
29231809
31453127
151911
1842916
1968418
15391641
29876444
32309349
31411311
31554685
31373182
32297955
2715876
32217369
8201661
136502
2853234
30695034
617400
11022591
40233
31636565
32294360
1792159
2502990
1008866
1889090
4016041
29666169
22410569
301013
1324521
1655106
778470
32270835
2356980
13943411
8062681
12056021
32256261
386630
8182731
656158
865545
31776631
31776936
31777061
31475850
12040051
31227595
31390216
20225263
1318380
32060966
2376748
32233652
32232458
1194499
573243
780799
9138641
991634
16023074
32218882
7276521
3037250
804942
737978
16569283
251846
1266819
7627
29266950
30038970
32147022
29893627
31972218
2354404
31972896
31325134
14483571
16128899
3181419
2358300
236575
29169169
17360
31964523
31112271
27550063
29831504
153215
1080527
1487435
30979353
31128614
31930598
9087761
29797349
31942863
10887981
27919520
155881
16676209
31902153
104251
597937
27080734
2618508
8397931
30769359
14094211
954628
128693
1179102
31776962
30435565
30591792
1455538
29267027
2286800
660465
20435623
250394
3127249
2826652
3136674
31177786
31431900
31385894
475029
3147253
462519
30382692
30919942
31373108
31384982
2843812
30710169
16050617
31352513
16139590
30311231
742510
15794881
572490
470779
804067
15795729
65521
29189898
9637
29190003
1203161
5608931
181052
3191863
15339511
1059461
20487718
987519
31069129
11016051
1110320
143639
31299376
31255373
1051917
4503491
1682299
17247
30717747
15828710
812358
1250760
14111841
9274171
31256721
828235
50918
1831022
1093526
15756113
11798
2545998
193119
1112327
30226564
30696463
29027196
273059
1382142
15684306
30428015
1035163
2259688
8599771
20306755
1112602
16154057
27231625
687570
1275408
998177
4896661
31026926
977729
729318
887427
6723751
4668441
31077659
469482
30430116
31038481
31024787
31024597
31024367
50094
622998
30888156
8660211
27886034
30886091
20333398
2456338
2094474
829512
1961384
351595
1284310
27905870
1115032
109025
2020124
16023687
14733561
281855
11076411
29964538
14464261
16119220
724193
1287049
1890794
30287442
174524
30100405
2690112
29786941
108659
30387390
50974
1074057
276167
202611
15735847
7876371
3031876
349648
264539
662111
959375
30747386
30431997
1918704
1269980
16376452
913240
10754731
84265
3921321
30167091
1803125
30582334
2860570
35410
30417786
871925
30725210
2536278
1660505
30685430
526962
2920036
1063057
19021
10585491
29004815
502042
392665
27792034
7253071
4463501
27880974
5426341
1877530
1583948
1056407
67111
211854
16125875
29640310
2804390
6747581
15608768
1548166
313667
139713
1554969
30579036
2027944
1695917
30560271
3233965
16077962
30418024
30556027
30053633
27734932
16215782
54442
2787442
30209482
30032360
30094746
214882
15128461
8329981
30331057
16066590
30305457
1465852
6036451
29640885
2267930
30288322
1455485
8287051
30253633
3170873
551054
1957094
776919
2156628
212245
5361641
5599181
1230925
1582949
30381964
586123
3149055
2713502
285317
3006514
29648119
1171616
16040197
30341618
15356261
15670093
20293237
29916488
15963871
2065158
8411371
1457592
27310486
2229438
30098719
1230663
3076070
996224
487840
29099432
2384818
20328433
15674251
1097688
16749982
15692694
27917633
16695088
27873549
2483738
29563709
285990
4615471
299130
27162523
1167248
2442692
10694991
663682
63959
164337
2233248
1339568
51268
29154078
3082581
15816217
287536
27695374
27871195
27653803
1881318
