4
11798
18635
36050
51268
63959
63980
115914
119376
128693
181052
228748
237544
301225
378152
446295
497208
545793
553112
559985
596167
600355
627356
649469
659560
776919
819730
848326
887471
940263
941387
954639
967541
1053903
1054168
1085669
1088701
1135758
1167248
1170258
1281687
1340482
1397526
1541779
1562952
1593617
1634403
1695175
1712001
1737273
1787759
1812889
1877530
1895100
2050286
2189616
2227824
2433726
2441562
2514434
2649988
2760020
2987484
2995484
3039342
3153572
3200203
5804381
6141341
7708711
7998421
8697461
10852711
10887981
11229861
13797691
13825821
14788301
15596225
15608768
15623990
15732510
15816217
15840538
16027022
16172587
16677631
16695088
16749982
20172814
20381446
20497357
27453715
28094275
29099432
29126540
29547749
29608215
29616322
29676584
29787944
29811414
29956289
30040614
30101195
30242089
30253633
30283038
30369218
30407419
30586215
30664787
30694965
30696473
31030722
31225367
31328625
31394077
31448506
31546456
31649667
31766278
31774666
31916219
32004730
32092852
32210694
32217369
32299025
32302017
32314446
32355871
32426694
32522806
32603445
32614942
32662280
32665248
32764561
32797901
32836860
32890809
32972292
33015359
33015800
33046106
33146438
33158741
33181286
33222783
33228745
33232042
33429447
33446198
33450215
33471284
33596879
33598986
33687535
33811255
33829013
33834984
34085804
34257553
34313704
34352304
34385049
34460855
34562915
34664661
34976469
35126382
35322329
35390395
35467759
35467783
35467800
35468756
35468897
35473033
35497249
35584285
35584378
35585251
35586471
35631378
35652721
35700419
35701013
35708386
35708528
35708550
35708643
35708789
35712214
35757014
35810398
35810452
35811254
35811581
35814703
35896834
35897255
35919054
35919109
35919258
35919359
35919522
35919623
35919666
35919819
35920078
35920238
35922610
35922899
35932332
35956760
35983367
36012774
36018819
36018909
36019061
36019193
36026865
36026927
36026957
36045432
36045497
36045582
36045708
36045739
36052597
36052624
36064531
36076994
36099967
36168038
36174317
36203865
36292045
36351009
36478175
36495495
36583105
36680419
36722553
36905639
37076955
37094341
37096030
37123750
37191067
37217701
37254757
37257065
37684601
37725674
37794049
37854338
37854389
37855813
37871689
37873266
37946689
37987137
38146830
38146887
38147176
38350148
38661057
38662155
38662250
38663170
38676794
38800942
38852205
38852243
38852305
38885749
38886336
38886658
38972220
38972801
38972981
39244752
39654700
39701825
39702002
39702282
39703539
39704064
39704223
39823387
39954214
39978086
39978182
39978284
39978366
39978456
39978783
40272866
40274153
40275505
40275860
40299186
40328496
40405551
40406935
40582972
40593918
40724820
40801268
40908765
40972505
41060137
41096713
41145511
41197966
41250206
41268741
41314876
41315789
41324465
41349230
41399161
41552743
41552820
41622781
41645642
41683713
41714204
41783347
42266974
42267379
42592435
42747208
42993963
43291768
43973375
44145362
44233189
