7078
9134
11798
13272
17323
17870
17924
17962
19456
23998
24884
26105
27235
28137
28660
31254
32666
32824
34069
34863
36050
36697
38163
39450
41054
41779
42280
42505
45147
47176
51268
55555
56862
65548
66025
66713
66865
68534
68582
68971
69668
75898
76206
76245
78817
79671
79686
79757
81710
81747
83112
86443
87230
87299
87415
92519
92763
93956
95216
96591
97186
97680
98317
100599
104375
106048
111191
112342
113811
115898
116756
119376
125654
128862
129131
129534
129545
129574
130444
130961
132516
133519
134608
134621
136673
136754
136925
139713
141747
143427
149787
150258
150324
151327
151911
152937
153741
156376
157910
159241
159595
161248
161753
163760
164938
166668
169959
170647
170827
171361
176349
177030
177064
180934
181007
185338
186718
187552
188672
190954
191083
191777
191889
192977
193041
193832
194218
194365
194892
195396
196307
197962
198087
200399
201250
202451
203184
203500
204939
206140
207383
207824
208433
209233
210605
210920
211905
212458
215955
217470
218320
218575
221312
222996
223733
224460
225240
226434
226946
228748
228996
229984
230119
231838
231973
232118
232871
233341
233432
235424
237161
239046
241627
242556
243975
246466
247433
248438
249089
249389
252560
252907
253232
253770
254357
256159
256652
264254
267393
269592
271022
271389
271434
272961
273579
274492
277856
278510
280128
281067
281293
284409
287087
288532
289548
289615
290616
296522
299601
299737
301013
302410
302701
304037
304909
305169
305653
306191
307031
308981
313488
314165
314622
315969
316333
317497
320823
320856
320961
322818
323112
323485
325045
325308
325649
326105
327559
328561
330263
330582
332932
334611
335824
335898
336159
337376
338223
339213
343390
345932
346214
347478
347700
348514
349551
350737
351192
352308
356144
356201
356583
358564
359098
359395
359971
360748
361497
361599
362256
362394
364478
373044
376022
378041
378152
378915
378934
381398
382155
384301
389414
390088
390138
391752
392137
392456
392842
393828
394283
396410
399165
399898
400322
400340
404105
405112
406425
407256
413193
413515
413854
414813
417975
419621
421456
424916
427768
428067
428190
429966
432307
433204
437032
439038
439296
439518
440114
440902
441960
442140
442419
443207
443984
445988
446386
447913
450624
451544
452258
454122
456541
457382
460207
465781
465842
467775
469039
469707
469795
471161
472754
480783
481777
482095
483945
484918
488838
489698
490231
492254
492257
492489
495404
495600
501520
502934
505908
506149
506630
506756
507538
509401
510024
511922
514070
516064
517853
518722
519543
519574
520888
522670
523729
525275
526064
528243
528970
535639
538842
541308
541846
542921
544729
545541
546099
548320
549368
550095
552245
558821
559985
560848
563972
564507
565036
568426
571876
571983
572246
575037
578747
583850
586959
587194
589025
589491
590579
592092
592173
596167
597881
599171
600847
600990
601878
602538
605018
606441
606772
607806
608698
609560
609750
611520
611702
615733
623816
628258
628612
629259
632449
634032
635293
637246
637781
640093
644042
644186
645539
649192
649529
650034
650445
652340
653053
661304
663171
667983
668421
669546
675509
682034
686957
688959
689922
694464
694731
696689
698489
698880
703858
704892
705587
705599
705715
708315
708989
714498
714634
716180
720857
721370
721975
725834
736126
736242
740781
742358
743500
744855
745456
747073
752175
756230
757117
762603
769939
771064
772947
774326
774461
774610
774877
776180
776919
781164
782122
785259
789336
791973
795454
799558
801781
809164
809506
814974
816139
819604
820723
825239
826626
829690
831528
833768
836616
841138
843146
843392
844967
854283
856287
858469
859779
860145
860497
864133
865433
869323
872036
874178
875641
877135
881441
885936
887471
887569
888540
892604
892808
893174
897175
898001
898541
899201
903547
904866
905759
909149
910952
913240
925938
927850
928729
929838
930744
932039
932125
932344
939321
941387
950667
953920
954639
955024
956991
957296
959584
965148
969129
973621
973872
974785
979013
979178
981116
982280
988912
989007
990869
991224
991350
996224
998321
999577
999766
1003486
1007030
1007746
1008866
1010158
1013090
1013650
1016175
1021079
1021253
1023000
1024636
1026769
1028262
1029377
1029689
1030839
1030937
1032780
1038905
1041663
1051286
1051540
1051657
1053903
1054168
1062278
1067856
1074633
1076479
1076605
1077750
1078217
1080733
1085145
1085251
1086428
1087916
1090630
1091436
1097728
1103141
1106015
1106358
1107973
1109166
1110320
1112652
1112921
1113421
1113715
1127085
1127828
1129624
1130756
1131117
1134742
1138229
1142768
1147871
1148474
1150447
1151667
1152093
1153358
1156047
1164359
1165533
1167248
1169568
1169711
1170258
1170446
1170835
1171095
1176022
1177453
1178178
1179102
1181218
1183427
1183840
1185869
1186645
1188561
1194764
1199320
1201332
1201672
1210635
1215107
1218508
1218595
1222581
1223633
1225048
1225484
1231383
1231598
1232588
1245085
1245460
1249292
1261844
1262292
1264125
1265281
1265928
1267172
1269632
1271312
1271939
1276409
1276453
1276741
1281097
1282257
1286599
1289405
1290560
1292160
1293283
1294736
1295305
1297297
1298615
1300086
1300340
1303175
1303593
1304223
1309879
1310332
1310439
1313728
1320791
1322549
1323162
1324240
1325595
1326291
1330790
1330844
1332486
1333083
1333240
1341548
1345474
1347003
1351480
1352056
1357413
1361379
1364250
1366196
1368810
1369198
1369502
1372288
1375259
1375378
1375382
1381218
1382142
1382548
1382761
1385344
1387276
1389270
1389968
1394247
1397526
1404339
1408703
1415565
1417832
1420777
1423148
1425150
1427790
1430045
1436471
1437521
1438670
1445832
1448705
1449798
1453548
1455740
1458835
1459231
1459287
1460301
1460367
1461313
1464484
1466297
1467218
1467323
1468573
1470788
1471340
1473449
1473502
1473720
1475088
1476268
1477132
1477726
1481234
1482263
1482729
1483008
1484582
1487330
1490375
1490941
1493266
1493839
1499188
1500885
1506067
1506204
1507511
1507830
1508071
1509787
1510163
1521226
1522193
1524306
1526235
1529291
1530760
1530864
1533701
1534380
1535646
1540728
1542731
1545445
1551756
1555013
1555928
1558332
1560566
1564659
1567171
1572960
1575779
1577286
1579038
1579069
1582216
1582540
1584119
1586294
1586412
1586561
1587729
1587806
1589279
1590067
1591703
1596937
1600314
1601986
1605473
1606295
1608233
1613570
1615461
1616149
1617296
1626730
1629455
1630592
1630966
1634403
1634687
1638052
1639492
1640447
1642155
1642465
1643339
1644196
1645075
1645880
1645943
1650198
1653663
1655146
1655860
1656466
1657358
1657470
1662881
1664476
1665635
1668581
1672707
1674056
1677389
1677413
1682652
1682811
1683427
1686073
1687294
1687920
1688501
1690914
1692882
1696584
1699820
1701337
1707051
1708511
1709537
1709978
1710693
1712001
1714754
1720757
1721025
1721482
1724565
1725613
1725746
1727134
1732053
1734019
1742005
1751121
1751929
1755553
1761167
1765341
1768031
1768917
1770521
1781105
1782253
1784441
1792339
1795343
1796237
1801295
1801929
1816849
1827021
1832216
1835348
1846642
1857240
1863952
1866034
1868560
1873720
1874706
1877530
1880100
1887414
1889826
1892260
1893912
1895100
1898930
1900856
1901678
1902024
1903292
1905358
1909724
1910430
1912274
1924390
1925362
1930510
1936566
1945958
1946790
1953786
1957310
1965110
1971574
1972562
1975098
1979698
1997646
2003798
2008218
2019292
2019322
2024098
2032802
2038076
2041082
2045124
2050286
2051474
2053682
2053748
2056192
2058264
2061612
2063230
2063336
2076752
2078416
2087570
2088624
2092528
2102754
2103982
2105946
2106534
2111870
2113434
2115818
2120656
2126422
2127230
2130026
2134662
2141954
2142876
2148076
2150966
2155208
2156564
2161012
2162672
2162704
2184116
2185564
2186238
2186258
2194976
2199376
2201210
2203702
2204726
2204776
2206406
2212296
2215016
2219874
2222004
2229452
2231550
2232160
2233070
2234278
2234476
2238228
2240278
2241294
2242494
2245494
2258640
2260322
2265308
2275786
2278666
2279996
2280440
2283898
2287812
2288616
2311400
2318472
2319268
2325780
2332076
2334606
2343258
2352326
2361722
2363506
2363714
2365508
2369676
2384084
2384362
2396626
2397964
2400158
2412706
2416510
2417668
2418066
2423154
2424398
2429536
2433726
2441116
2443860
2450842
2453970
2456338
2462008
2483738
2489724
2505654
2508090
2514434
2514708
2518996
2528154
2529224
2532444
2532516
2533298
2533570
2534466
2537176
2538582
2542598
2544816
2547142
2547452
2557612
2559008
2563966
2567462
2568156
2569020
2574908
2583942
2584540
2599848
2618508
2619848
2620006
2621612
2621688
2629016
2650354
2651158
2651468
2652850
2663776
2667898
2676542
2683842
2683852
2688162
2690260
2690262
2693364
2694528
2695480
2704314
2706068
2707220
2713066
2719306
2720814
2723410
2724988
2725934
2728764
2737814
2756024
2760686
2767054
2770256
2774634
2782366
2783282
2785098
2788088
2789826
2790454
2792390
2795598
2798540
2803664
2807894
2811256
2824094
2824172
2824224
2826660
2827282
2831258
2834752
2839352
2842930
2847360
2847464
2851860
2861564
2863236
2864498
2865170
2866416
2870918
2871358
2874034
2883280
2893426
2893618
2894292
2899430
2900484
2913526
2913864
2923560
2924318
2929850
2933470
2939306
2940804
2944986
2945600
2949254
2951998
2955762
2959440
2966040
2970966
2971060
2972668
2984956
2986230
2987386
2992796
2995484
2996454
2999094
3005848
3007812
3018817
3019946
3020856
3024929
3027007
3027122
3027723
3028129
3029927
3030579
3032291
3032431
3036605
3039342
3039932
3043392
3049346
3050035
3051309
3055894
3057166
3059299
3060562
3063400
3067493
3069409
3069874
3074392
3074863
3077158
3083950
3086186
3095369
3095964
3105273
3106953
3113617
3116168
3116535
3118276
3119537
3121263
3124052
3124282
3126728
3126901
3135347
3138282
3139973
3140811
3141458
3148784
3155236
3157682
3158489
3158603
3164874
3165003
3165016
3165862
3167876
3168175
3168506
3175300
3175480
3176361
3176507
3178561
3180028
3184152
3197775
3201974
3207837
3211824
3213019
3221374
3222161
3226723
3226815
3227198
3229488
3232114
3234752
3235039
3325871
3330051
3343731
3360371
3387621
3414521
3415011
3430751
3473231
3483211
3487641
3506931
3536441
3542151
3670151
3687821
3691361
3704851
3709371
3766301
3874821
3918231
3937181
3955061
3977781
4003701
4008641
4010221
4037911
4069511
4090341
4120921
4132931
4199981
4218491
4232141
4253241
4306441
4327471
4355771
4380401
4468441
4472951
4504091
4536021
4536421
4541941
4563041
4578191
4628631
4663231
4685721
4708541
4719401
4768471
4801071
4824471
4828551
4873751
4901301
4931261
4958561
4958951
5029291
5036641
5037601
5042631
5061161
5074891
5080441
5119571
5145621
5171351
5188311
5215341
5221121
5238031
5255891
5270891
5276101
5287711
5309941
5329561
5343871
5354391
5442441
5446301
5460651
5464161
5475071
5514751
5529961
5548251
5555571
5561521
5585281
5608511
5612791
5644541
5658751
5658921
5676301
5689131
5709751
5731651
5736641
5753581
5779291
5815311
5822501
5856431
5861391
5864321
5912541
5981181
6002901
6041521
6125361
6158991
6166861
6187581
6233291
6278311
6299361
6308541
6314531
6321021
6328601
6328911
6336721
6372651
6413701
6425061
6439161
6444071
6479741
6481391
6490561
6499981
6515801
6535071
6629221
6668751
6685201
6710611
6713161
6726041
6824391
6826021
6840161
6853461
6865601
6926691
7003211
7120251
7129181
7138681
7147141
7188241
7221621
7229581
7246671
7381181
7429011
7429251
7439601
7440271
7513591
7540461
7550751
7552111
7586751
7600471
7646761
7756141
7764571
7783511
7906591
7924691
7966131
8065051
8065091
8076121
8079131
8094791
8099691
8173441
8188801
8208171
8226051
8281741
8306231
8308841
8318651
8401951
8427701
8461401
8500551
8509161
8520781
8522001
8545021
8604821
8620191
8697461
8704801
8753541
8843621
8854881
8867831
8892541
8896231
8898831
8937131
8963571
8995881
9014501
9025571
9148861
9181671
9268291
9290241
9347051
9368741
9371171
9377781
9402661
9417701
9441801
9469481
9519891
9524061
9534601
9576151
9599731
9660711
9755131
9755691
9818691
9866691
9892861
9961841
9965971
9969171
10076761
10080381
10091901
10109541
10197411
10232471
10256121
10269801
10285171
10389491
10390531
10420641
10437071
10469661
10498271
10519641
10536261
10570131
10613761
10657781
10694991
10752541
10754731
10844221
10873681
10899411
11040091
11078011
11118941
11229861
11268191
11271291
11277471
11296341
11307821
11338981
11342241
11346421
11353091
11358291
11361191
11482171
11513731
11544251
11608901
11646741
11673271
11701631
11729411
11777191
11797891
11872131
12064581
12079661
12128141
12201511
12204791
12221711
12433931
12531951
12544661
12583671
12715361
12752741
12769241
12843131
13752381
13797691
13805441
13825821
13846631
13865351
13913261
13922681
13944751
13955081
13989801
14045251
14046131
14225801
14340391
14350631
14429431
14463361
14463691
14471401
14473721
14489141
14499671
14500671
14505171
14522191
14622201
14658981
14872251
14899221
14923481
14938371
14978231
14979511
15056311
15064341
15071501
15120671
15215211
15231521
15247981
15277241
15289011
15427521
15484001
15493531
15506271
15510001
15517331
15545338
15547356
15550530
15552703
15554373
15557182
15559884
15563319
15568335
15576198
15580303
15582452
15583108
15587234
15595552
15596225
15602664
15602803
15602816
15602824
15608768
15612767
15615189
15615397
15622289
15622941
15636168
15640419
15640799
15651680
15652765
15662098
15662286
15667463
15672756
15677047
15680531
15684065
15684855
15685961
15687574
15688303
15688711
15692059
15693682
15699812
15704364
15706969
15708960
15709007
15711810
15714434
15724439
15725314
15725417
15729279
15732836
15744801
15758515
15767240
15777492
15778105
15784079
15785028
15785989
15789805
15795207
15802253
15806190
15808509
15816086
15816217
15818111
15819010
15820413
15821271
15826711
15826925
15827384
15828710
15829018
15829212
15831634
15832201
15835479
15842142
15963944
15970098
15972367
15974332
15979969
15981394
16011537
16013612
16017173
16028388
16030160
16036729
16037309
16042313
16050617
16054791
16060521
16064029
16066789
16067006
16072904
16073047
16077897
16086133
16089188
16099995
16102185
16105497
16111528
16116855
16119574
16120563
16122582
16132507
16140078
16143119
16145559
16156691
16158500
16160880
16165933
16166080
16169562
16170727
16174613
16178427
16188527
16189883
16193586
16193930
16198440
16200584
16203321
16210919
16214261
16217947
16222591
16223064
16224034
16225419
16231616
16242490
16311892
16367983
16382887
16410703
16432663
16440565
16450480
16464982
16471003
16485310
16497127
16561282
16575364
16575640
16576534
16634431
16653979
16656229
16657078
16664269
16678522
16684234
16690423
16691191
16694692
16695088
16744324
16747675
16764574
16773343
16805836
17181550
20167333
20170504
20177620
20196421
20201428
20205166
20207077
20209741
20232610
20234797
20246224
20246974
20248777
20249068
20263519
20279464
20303275
20314600
20329657
20352529
20365684
20384257
20384662
20390872
20410507
20443801
20446603
20450890
20478610
20514628
20520286
20521663
20529232
20535175
20547844
20549395
20577946
25162422
27009985
27022555
27035092
27053248
27078529
27092449
27093694
27100726
27103804
27120823
27123244
27137938
27140587
27141289
27165544
27175597
27208438
27211870
27217222
27219331
27237892
27287179
27291658
27299539
27328450
27353317
27356905
27362722
27380089
27392746
27393100
27399247
27406465
27424336
27441070
27450721
27451267
27479308
27479452
27501376
27503233
27525538
27539764
27544747
27546589
27564667
27565609
27582484
27608992
27609466
27628966
27645211
27676180
27688807
27695374
27719479
27728122
27743254
27753742
27756925
27757660
27764383
27766846
27773866
27789274
27820102
27820651
27831985
27840436
27842374
27860347
27861034
27869209
27870407
27873692
27881166
27881306
27894707
27904572
27914023
27926773
27934539
27937298
27937483
27939830
27940675
27950565
27954153
27962697
27965381
27968803
29004482
29004711
29014324
29015921
29016187
29020352
29020947
29027196
29027778
29029967
29044629
29063932
29065848
29067876
29071673
29072050
29073365
29082232
29083128
29099432
29101996
29107117
29113137
29125137
29125871
29126494
29126540
29127118
29129925
29133119
29138415
29145300
29146144
29151591
29158037
29158076
29171776
29171897
29180419
29189329
29194128
29194948
29195714
29202826
29205119
29217773
29220600
29241296
29250352
29252991
29257390
29261182
29262204
29262611
29263600
29266649
29280234
29280451
29291258
29299355
29301158
29321665
29323571
29326622
29333654
29505378
29506678
29532794
29539343
29543337
29543397
29544918
29547017
29547749
29550121
29563623
29564986
29566473
29574359
29576261
29588034
29596687
29598154
29605072
29609565
29613256
29616322
29624209
29625787
29627687
29629244
29638879
29639671
29648755
29648761
29649555
29649665
29650066
29663232
29669573
29751326
29777439
29780585
29783862
29785704
29785974
29786790
29796141
29797681
29798449
29803674
29809883
29810412
29818718
29827373
29830324
29832003
29876391
29879177
29892091
29892359
29893627
29901053
29917255
29926218
29931219
29943216
29944360
29945383
29955175
29977642
29978498
29994379
30007773
30008136
30009152
30015137
30025540
30040614
30054879
30056681
30057974
30058428
30062652
30064904
30077685
30078502
30081889
30096218
30097102
30101402
30117008
30128062
30136276
30138633
30142047
30152179
30168710
30168810
30176091
30177891
30179734
30180066
30205043
30206755
30228110
30234816
30242089
30247796
30248105
30248908
30249415
30253633
30262324
30266729
30280272
30283038
30283423
30286379
30286791
30287815
30305028
30307841
30330786
30336008
30348316
30386922
30393034
30398408
30398923
30410782
30418201
30427400
30427813
30430820
30430969
30433710
30455320
30491743
30492655
30505621
30521705
30549691
30550066
30553791
30555515
30559485
30562003
30567215
30586215
30595150
30618053
30643381
30658842
30664623
30665080
30665412
30667386
30668165
30679748
30681871
30682077
30684114
30684685
30686173
30688565
30692628
30696473
30703189
30719216
30736887
30746889
30753129
30754970
30767096
30773304
30789499
30790382
30792978
30794145
30794541
30808467
30818343
30831655
30833735
30834108
30840024
30842305
30852673
30853883
30865646
30867115
30869745
30882171
30886353
30898530
30915121
30918453
30921657
30932170
30967897
30975409
30993148
31006375
31007302
31013360
31014474
31020841
31024818
31027722
31029933
31042483
31047009
31059478
31060941
31064228
31070319
31079851
31082396
31089854
31097938
31118544
31126945
31136234
31143358
31156189
31166471
31170173
31170976
31172140
31177396
31190552
31190635
31191615
31197032
31201545
31209204
31209211
31223512
31233738
31239207
31241211
31262273
31264380
31273015
31319252
31327722
31328134
31328625
31329173
31330441
31332915
31337983
31352940
31356536
31362880
31365702
31366253
31372272
31409774
31438057
31444141
31448506
31451714
31453257
31466313
31474582
31486297
31505778
31513049
31526675
31548183
31560200
31560932
31566680
31589204
31591533
31591889
31596202
31600078
31608368
31609762
31618767
31622010
31625909
31629062
31643071
31648379
31649389
31649667
31650561
31654607
31655764
31660678
31673156
31685805
31688249
31700979
31720476
31736954
31737259
31738303
31742160
31751796
31761022
31764061
31766278
31780851
31781162
31799028
31801928
31804780
31811984
31819071
31819703
31828615
31830882
31849548
31849635
31869719
31876237
31883491
31887466
31923832
31925172
31925220
31925515
31925618
31932225
31962476
31974576
31974640
31976226
31980820
31988181
31999064
31999530
32001709
32016579
32017766
32023809
32023922
32035561
32046663
32054861
32061377
32067408
32069313
32069334
32125140
32125930
32133313
32134747
32147275
32147840
32152832
32155045
32158390
32169607
32174478
32179535
32185847
32190200
32191935
32198988
32214542
32219321
32221815
32222425
32238054
32244163
32272003
32288681
32291224
32298323
32299490
32300360
32303199
32304036
32306543
32306911
32309507
32310053
32334949
32372711
32377552
32381026
32381202
32390084
32404820
32405332
32410289
32410683
32427513
32428369
32430037
32431794
32444603
32445679
32469905
32471268
32476854
32480392
32480417
32491077
32493715
32496812
32501935
32503319
32504265
32508969
32509990
32512868
32519503
32520753
32522806
32534276
32541334
32543426
32545751
32550539
32556320
32561522
32561562
32562119
32587948
32589003
32595977
32599784
32611541
32615077
32618878
32623077
32623823
32628009
32635056
32636782
32641699
32662280
32670866
32674529
32675266
32675630
32690970
32695883
32703996
32712993
32715443
32722419
32738894
32746406
32749614
32750472
32752983
32754475
32765328
32779313
32783102
32790170
32790608
32794186
32794590
32797901
32809210
32810159
32810806
32812386
32813052
32818635
32819524
32820710
32831270
32831880
32843529
32850431
32862891
32873421
32878304
32879009
32879165
32887324
32896266
32912082
32913894
32975388
32976222
32977398
32978289
32988208
32996963
32997727
32997944
33012343
33015800
33029273
33033598
33037725
33039031
33041513
33052111
33052341
33056341
33058547
33068777
33075540
33084374
33087101
33091080
33105481
33106804
33131372
33132170
33147199
33149711
33158741
33169219
33180547
33194995
33197328
33198260
33207672
33208933
33210290
33211249
33222783
33230191
33232042
33262725
33263163
33263363
33270426
33272280
33276801
33277199
33279125
33283510
33292073
33292729
33298365
33306221
33307262
33317217
33320742
33338372
33341601
33342170
33349718
33364349
33431875
33446491
33455400
33461345
33467222
33471284
33471641
33472149
33472185
33472434
33473599
33478703
33484115
33485403
33492921
33500221
33501917
33508336
33518125
33520429
33537062
33541630
33548178
33548927
33549193
33554434
33565098
33565762
33565872
33567671
33579898
33580409
33585085
33599029
33605243
33627757
33633013
33639268
33644825
33652489
33654851
33658375
33663611
33667720
33671938
33675796
33682240
33687535
33693518
33694374
33705436
33707515
33718512
33719298
33719411
33721731
33723426
33726771
33729829
33732704
33737301
33740996
33741778
33745948
33750074
33778662
33797386
33811255
33816197
33822124
33825366
33831150
33840497
33848388
33860615
33860932
33862833
33864894
33872510
33877410
33881509
33881718
33881883
33886698
33887828
33909432
33915110
33918269
33925978
33935262
33941669
33950460
33952213
33954069
33964472
33968532
33975462
34010521
34021836
34034389
34039531
34047029
34049272
34057410
34059576
34059900
34062614
34067101
34071092
34072560
34077245
34082804
34082973
34083868
34089761
34094103
34097321
34103058
34105448
34106110
34106835
34112489
34114087
34116021
34123948
34131459
34134004
34140897
34141814
34162105
34168714
34168766
34170810
34176815
34181280
34182856
34189407
34191713
34196472
34202279
34202335
34202620
34203842
34211063
34222825
34228224
34228596
34253408
34256148
34264882
34271915
34284747
34286744
34287155
34287859
34288861
34294620
34297224
34297918
34299517
34306039
34313704
34317077
34318237
34321362
34335219
34341137
34344586
34346394
34359189
34364033
34366388
34366956
34372913
34378488
34384465
34387564
34389297
34393332
34394519
34396915
34399104
34403464
34415267
34435047
34437596
34438391
34439726
34445623
34448310
34454275
34454526
34460855
34462532
34471501
34478440
34485426
34487763
34491726
34494599
34500333
34503632
34516753
34518288
34522408
34522441
34525577
34534668
34547483
34548869
34551982
34556649
34557455
34582710
34583648
34586117
34593624
34594969
34594996
34595388
34604280
34607339
34607692
34611659
34622112
34631333
34644814
34654417
34655154
34656089
34664661
34682865
34684185
34685887
34696319
34702735
34704141
34704806
34711755
34711869
34714895
34715872
34725190
34726530
34736569
34738565
34738583
34758340
34770950
34779310
34791304
34807381
34815842
34820448
34829588
34829884
34834600
34840824
34844369
34844519
34845155
34853053
34860283
34867272
34876362
34877167
34879548
34883600
34884676
34886224
34889021
34906659
34910235
34910464
34911585
34915983
34921755
34934517
34935671
34936371
34957833
34985187
34989810
35008493
35018029
35021150
35032896
35038750
35039651
35041149
35041514
35053786
35065677
35066184
35086619
35087637
35107978
35108768
35117157
35125853
35126943
35127574
35134764
35153381
35160695
35182649
35191439
35192754
35199347
35213523
35241545
35253176
35266543
35281191
35283902
35289553
35300210
35309271
35310219
35316457
35322329
35326318
35356466
35364946
35366575
35375810
35385858
35387138
35390395
35428385
35434038
35443022
35445652
35452826
35467783
35467800
35468756
35468845
35468897
35469763
35473033
35479372
35492095
35497249
35501378
35516483
35533013
35541634
35552097
35561457
35575677
35577653
35580368
35584378
35585095
35585251
35586471
35593418
35595234
35617157
35621769
35622491
35634555
35638302
35640554
35649438
35651855
35652424
35652721
35652847
35657092
35657280
35660318
35667506
35678288
35684071
35700236
35700964
35701013
35704433
35706338
35708386
35708528
35708550
35708643
35708739
35708767
35708789
35727758
35732259
35743226
35757014
35761986
35769485
35778389
35787021
35791323
35793405
35800071
35810218
35810452
35810769
35810835
35814703
35821663
35825745
35848272
35853630
35859219
35861826
35875426
35906101
35917676
35939492
35949017
35955830
35959134
35968725
35971388
35992013
35993015
36016335
36020360
36042986
36047896
36050605
36058595
36064567
36092879
36094392
36107336
36116340
36118183
36124064
36134077
36136149
36145887
36149962
36153868
36155060
36161663
36168688
36177229
36183180
36190120
36192319
36193505
36196703
36196711
36203514
36210445
36215514
36227411
36227838
36228434
36242324
36242782
36244142
36253880
36261291
36267735
36275313
36311345
36329371
36341374
36359681
36365163
36367831
36371930
36376617
36392766
36402740
36405493
36407898
36416782
36430442
36441077
36444187
36458096
36460251
36471440
36471703
36474101
36474915
36481493
36485470
36496232
36496295
36497382
36515417
36519989
36535207
36541242
36543093
36548223
36559180
36561605
36570135
36577386
36578450
36583105
36597941
36614161
36637870
36645695
36654419
36660866
36663285
36663818
36675018
36699159
36719055
36720029
36729962
36733952
36740009
36748465
36753181
36772578
36775060
36777617
36777790
36780386
36785613
36789266
36802107
36802562
36808298
36827763
36840022
36864900
36868128
36881904
36887514
36893037
36900036
36900929
36908632
36919501
36934797
36937748
36945000
36957144
36988912
36992274
37001108
37003230
37019587
37028700
37040016
37042229
37043833
37045756
37048405
37049902
37053480
37054012
37061663
37063349
37086876
37096158
37102501
37103833
37124606
37158320
37171753
37177606
37183068
37183393
37191067
37198239
37204198
37209324
37220460
37234142
37271970
37272257
37273944
37277172
37296043
37313925
37321660
37327187
37375360
37414951
37416401
37426813
37427506
37435341
37441568
37460392
37471642
37474465
37489602
37530180
37537147
37545704
37550336
37551532
37568079
37583784
37584749
37590878
37594761
37609810
37624508
37624871
37638400
37642160
37649021
37658199
37683789
37685658
37690225
37694265
37703329
37709854
37726095
37726894
37727479
37738419
37744157
37748639
37750769
37755589
37760992
37762960
37771329
37772465
37775536
37776489
37788492
37791324
37791574
37792249
37794049
37796197
37836622
37843534
37846757
37854338
37854389
37855262
37859556
37860165
37863748
37883541
37894261
37900309
37915214
37915215
37921378
37929828
37937293
37938416
37938734
37962279
37962600
37965655
37987387
38001692
38010354
38012361
38032583
38057144
38058718
38067335
38067741
38074447
38087037
38088165
38095687
38099266
38104917
38121368
38124017
38131143
38136621
38139462
38146735
38146887
38161589
38167893
38181860
38182077
38188975
38215952
38218223
38227316
38250778
38254966
38255422
38258691
38258864
38267633
38273490
38281374
38281596
38284073
38296369
38313765
38316237
38327497
38335955
38340682
38348647
38372077
38374849
38374965
38388068
38413069
38417670
38423369
38441833
38467846
38493267
38493711
38497642
38502299
38504120
38506177
38512692
38535689
38536776
38538968
38539709
38560049
38570413
38579246
38589831
38594007
38613225
38630457
38633613
38639351
38645068
38657336
38667277
38678207
38681787
38707937
38746741
38767377
38782843
38833250
38852185
38852243
38852275
38852305
38852334
38852386
38854681
38866331
38873307
38873322
38874523
38885732
38885749
38886658
38886722
38888464
38894593
38908300
38910283
38919340
38919680
38945407
38972521
38972600
38972801
38972981
38988154
39007267
39017199
39031021
39072411
39085883
39133169
39148114
39169858
39183277
39184281
39198804
39203082
39208503
39210076
39232806
39240674
39243151
39243483
39244752
39244887
39252786
39253729
39255036
39259491
39295548
39368049
39373893
39391346
39443763
39455306
39458095
39474225
39480855
39508887
39521639
39553957
39569191
39577833
39582203
39582722
39596463
39598982
39600116
39613312
39621372
39641256
39641882
39654700
39687451
39688270
39701665
39701734
39702198
39702650
39703539
39703825
39704223
39713769
39721764
39747150
39760285
39777722
39787238
39798197
39802115
39804922
39807286
39808500
39839440
39846735
39861376
39861653
39863707
39868305
39877448
39886727
39887490
39892594
39922367
39927587
39954214
39964038
39969276
39977913
39978086
39978366
39978571
39978783
39998216
40004038
40008024
40023910
40033263
40037307
40047985
40049013
40086438
40089827
40120837
40122295
40124502
40124805
40135953
40149666
40171813
40174525
40175137
40219326
40245234
40272371
40272866
40274534
40275860
40299186
40304817
40328496
40344160
40365033
40374533
40376269
40384000
40388727
40406724
40421756
40436877
40442860
40464318
40479611
40482096
40496384
40521804
40558659
40560902
40566888
40574364
40590801
40600904
40679570
40679775
40687639
40693454
40704817
40707352
40719759
40720512
40724820
40755081
40765587
40772045
40777814
40791791
40794740
40818502
40823449
40838826
40853406
40872146
40873739
40896759
40903138
40940986
40958618
40970201
40970236
40972221
40972505
40972689
40972755
40989664
40996843
40997881
41009807
41011510
41014362
41014521
41018492
41027094
41029063
41032639
41047899
41060205
41061277
41062588
41081326
41093354
41109624
41115809
41153402
41166354
41170699
41179637
41184279
41201170
41213160
41283546
41286185
41287492
41300795
41303431
41314147
41314818
41314876
41359295
41367194
41372186
41375098
41386918
41390182
41428429
41428896
41429193
41429378
41429435
41429521
41441868
41460395
41514691
41569682
41571612
41583566
41588094
41591751
41651433
41677923
41681138
41685295
41689901
41723894
41785331
41789615
41819191
41831692
41834161
41855789
41856164
41864342
41867272
41869297
41871077
41992433
42022611
42022957
42027587
42035937
42046778
42056861
42062225
42072060
42090426
42106044
42114482
42116343
42133296
42144277
42156302
42162600
42163171
42174535
42177082
42184625
42197308
42203069
42213061
42214974
42223633
42226554
42233178
42234631
42257680
42279793
42297858
42323035
42375500
42378588
42400993
42438762
42442977
42479520
42496165
42528320
42546785
42548317
42581711
42584673
42586385
42588668
42592435
42635219
42644704
42644998
42647756
42673553
42695656
42698273
42707379
42715894
42757612
42781266
42836726
42848396
42868535
42872998
42874908
42919994
42936227
42976898
42979050
42986642
42993963
43008201
43021651
43026905
43033878
43054129
43065481
43076820
43104172
43104337
43110440
43111418
43138483
43140368
43158835
43174970
43184223
43198061
43202322
43210423
43234802
43236174
43258021
43319601
43332102
43376737
43387611
43460079
43464209
43477110
43492348
43494387
43494458
43519671
43521767
43535978
43553478
43565942
43612058
43680919
43686943
43698619
43702870
43711775
43734740
43740077
43755807
43762390
43853811
43857847
43915236
43924687
43949503
43951420
43951763
43951958
43952461
43952785
43952949
43954196
43954261
43960493
43960580
43960931
43961648
43961845
43971707
44002200
44007420
44011738
44022426
44024291
44028462
44029151
44029717
44030103
44030221
44038727
44070277
44081214
44085570
44098129
44118961
44128378
44129259
44138952
44141251
44155581
44165505
44169385
44176743
44225465
44233189
44235508
44283738
44294804
44342272
44371471
44394120
44412070
44414459
44428913
44430385
44433601
44442114
44448336
44460470
44474780
44477045
44488715
44498852
44508304
44514362
44545745
44548787
44556534
44574477
44582914
44599867
44606767
44675765
44677076
44688851
44689862
44724275
44729966
44732815
44754672
44758710
44771015
44775968
44798780
44831411
44835789
44851715
44867888
44871791
44875172
44909512
44934539
44947563
44980251
45001783
45002913
45004204
45007213
45007394
45030226
45033057
45059170
45061502
45084328
45109725
45112319
45113964
45120100
45132026
45142387
45205992
45214118
45223202
45240950
45242410
45242473
45253219
45266790
45275229
45276377
45288716
45291946
45316965
45343032
45348917
45362797
45406482
45450183
45472699
45493871
45510587
45519214
45519281
45521473
45525248
45535539
45539370
45558296
45646584
45646821
45688753
45692230
45699724
45719488
45751808
45760173
45814510
45818068
45818603
45820839
45822833
45828824
45830718
45902359
45950006
45981674
45984961
46006290
46008635
46012061
46025386
46033311
46060142
46063776
46083503
46132621
46201005
46213120
46219823
46251644
46258510
46277257
46279408
46314871
46315435
46323667
46345088
46364951
46393156
46429479
46451217
46456184
46473934
46481292
46482174
46487027
46528285
46528297
46528308
46528342
46528363
46528371
46528393
46528415
46528826
46528845
46528860
46529348
46529364
46529377
46529386
46529404
46529418
46529439
46529463
46529570
46535166
46592628
46651448
46681218
46689782
46700055
46702177
46740145
46758153
46800140
46828859
46891788
46949499
47004401
47018001
47020213
47020892
47061639
47096784
47101780
47108482
47113309
47122833
47131837
47134088
47140209
47170035
47176019
47177102
47211496
47349661
47389416
47397569
47417343
47427344
47478156
47484822
47508625
47523972
47559898
47564126
47569242
47624495
47653635
47658340
47663542
47664735
47789001
47902489
47912163
47925338
47972301
