36050
139524
156376
247286
256652
350737
514070
596167
722025
885936
954639
1200306
1222244
1313728
1430045
1458875
1634403
1701337
2050286
2205112
2205364
2631490
2822734
3020399
3039134
4920771
5944871
6299361
9361461
9669531
11304551
11928401
11967091
14505171
15596225
15724439
16045649
16050617
16194941
16507216
16633996
16652077
20172814
24655228
27896356
29650066
29783635
29931219
30136276
30161279
30283038
30430820
30664623
31379456
31421714
31724207
32041576
32561562
32676884
32695535
33012343
33472377
33900379
34134004
34297224
34656089
35039943
35110826
35281191
35356466
35392879
35580368
35586471
35616233
35654053
35704433
35793405
35949017
36775060
37054012
37061663
37076955
37124606
37183393
37422961
37634426
37745276
38001692
38012361
38087037
38095687
38215952
38504120
39231832
39688519
39688598
40024934
40168236
40388727
40464318
40574364
40818502
40877485
40903138
41283546
41285607
41578923
41856164
42027587
42297858
42554160
42775176
43236174
43370462
43686943
44002156
44027773
44070277
44165505
44169385
44442114
44519246
44599867
44715994
44716019
44716053
45002913
45023377
45113964
45309263
45521473
45525248
45558296
45626922
45692230
45760437
45787273
45803840
46012759
46025386
46129756
46140584
46323667
46477152
46548139
46751093
46972263
47004401
47167119
47172457
47177102
47188647
47223195
47318977
47349661
47368273
47378292
47388175
47411493
47427344
47468131
47490869
47619495
