359395
47857021
47663542
44011125
675509
47799520
47874861
40678592
43015770
30692628
32602742
6314531
43494458
1515190
544729
1701337
47606246
30229260
47569242
32676884
484918
43894753
44070277
44599867
14522191
47433838
47473590
14505171
47349661
47131837
46908782
38215952
15735168
47335870
30872897
189456
47227341
38504120
47188647
24655228
31880815
47188455
37138991
34134004
44415429
33667720
2756024
37590878
30283038
35859219
819604
47027454
16652077
35959134
46487027
36080478
34664661
40755081
41367194
38535689
40388727
3043392
31797942
33606306
39672592
46719510
46016834
15611881
46213120
37183393
785703
40903138
1368810
29931219
32685060
38218223
46564196
31759977
44382235
833768
34288861
46133173
952722
38538968
40168236
43936362
1993354
31641561
41359295
46750391
45023377
499787
34656089
31985691
44165505
46001613
46676217
35867886
596167
42405041
46210041
16050617
45818068
39688519
43044654
33298365
42811248
41286185
15724439
45525248
31660678
44144004
38032583
37951232
42537305
43104337
33182533
45303065
514070
29541566
46465268
46460529
33012343
46006290
45184976
34714895
34397644
42734274
35743226
857179
43016837
1029377
29810412
44238567
43076820
33864894
43734740
1564659
34884676
42586385
44798093
1477035
43109020
954639
34595388
20478610
41856164
42440304
39702608
34176815
40262073
2574908
29638879
44007420
34387564
35733175
33028937
44967214
36496295
41834390
15231521
44572569
41834161
45109725
45107850
44114714
44182551
31887466
44225465
37114522
45084328
35425599
29004482
954437
31172637
45055193
289548
45027825
45025557
43610478
9035721
45007394
45006365
34286744
35192754
2365508
43686943
32133313
41303431
40818502
44129259
43021651
32390565
33495562
37964412
44884482
35008493
43882475
408993
14938371
15797480
36726098
3140811
16028388
37313925
29584654
40304817
38095687
15583108
42775176
29099846
42022374
43624441
14658981
15420311
42279793
34844519
1419616
1171095
15587234
29639372
33461345
771064
41170699
2330904
44660833
16099995
42913775
44563047
33580073
36725974
34315187
20390872
44442114
12128141
33052341
36132341
34243702
37609810
44332766
36296257
32390084
44022426
33455400
36863105
38067335
38012361
43535978
38894847
34829884
31654607
33881883
38870132
40421756
41250206
36145887
35971388
1903292
37048405
36200075
34548976
32613627
43273366
42235052
39604976
31314215
42986642
35495855
38099266
20201428
41591751
43172247
43052931
42993963
43097358
16037073
41791536
1709978
34886224
36295327
38285285
43033668
41587978
32556320
35191439
34282381
29072050
34313704
42592435
37855813
2738540
42447539
27453715
38186614
36468700
34021836
31070973
36863247
39480855
40089827
37098117
37045120
37871689
37096030
36625764
39432003
29534878
37619643
505735
35586471
36879805
41477852
41850586
41905998
2630504
39209504
13999431
37094341
5048441
3153572
41763343
37850681
41645642
37626759
31916219
37389267
2395016
33015800
36494446
37545051
41582800
39327860
41398012
30616300
41398626
33277199
649469
5731651
1510906
37859556
36660866
3118740
36753181
36168038
2274736
41360562
35497249
31918801
2831258
40865490
39829462
40005999
2050286
39362247
40837826
40280338
35322329
40328496
33263363
40582857
30717800
38982036
34268940
40674857
40618592
35520100
37794049
32764561
40461821
40455257
40347005
24510306
30567215
31656008
38594007
38910283
1093526
33211102
37645258
33232042
34168714
37234673
37076955
37023570
33580409
1195626
15665385
39798194
39724724
34099270
36409309
1634403
3020399
33194995
311546
34261097
32512935
35046363
2332348
1940432
511876
6499981
33187551
169492
39140353
33292729
37873266
37021876
36838004
36228861
39009764
38987674
38862178
33471284
540439
36991232
38209809
20172814
38853434
37049881
997522
38672389
30101195
38613225
38053993
35652721
30007773
35279376
38046365
36838596
32461768
3226353
35376078
37488592
1236224
531655
36538189
9347051
38186143
37375246
6490561
672965
31313419
37930916
38061995
38033330
35310219
7115281
36693868
38018690
36583105
37701161
37962948
14962591
1332729
36556814
37950741
37501878
37230188
37937221
228748
20261668
37891606
36623461
24232080
36865090
336159
35755127
36886397
34844369
37779628
36347721
29956289
35757014
27122866
15596225
29071738
35141024
2385310
885936
32353250
36299528
34306039
37631762
28094275
36832113
20391718
1688338
37295932
33446198
33596879
37254757
37261034
36342850
27914683
1322549
37434634
36300336
35997913
37381329
13797691
27128602
37290039
36159250
37127078
37123750
37250036
37127139
37222860
32301946
29787255
36777790
2045478
37040949
27799810
29889111
31623338
32669976
10180581
1200306
36654419
10238631
16798735
36674859
36525623
32597240
32698748
31995113
29752943
33307638
32554504
35560846
36515770
2920036
36660989
35603149
36658535
36655420
36655213
10887981
36263795
29586003
36510389
35710349
16101208
237544
36632772
36632424
36466578
35572609
1249292
3075476
35106960
36327691
36599245
36598868
36584328
36489601
36580945
36580628
36580069
36579913
36292045
36570061
30280713
36332719
34934984
34377441
36489386
36484251
36484081
36483358
36483202
36318699
27139687
36318872
36372252
36481591
36481400
34372913
29832069
1895100
34218848
36305051
31520449
36335729
35074587
35580368
32751758
36159271
32522806
27942267
27448576
600355
34144549
36142896
36174269
36176970
1218605
34738246
33519359
31365702
36159055
36116340
32444603
35356466
14788301
36137424
32961177
35390395
1397545
33305692
135120
7221621
3160979
5070211
31363769
35951882
35542288
35947046
564812
35948177
35976180
32004730
29616322
35886829
29584060
32625132
2234476
27757705
30529092
30161279
35858083
1055997
34085535
35781876
15559884
35615031
1397526
35710628
30884061
31627400
34224765
6586301
33936632
35196470
11967091
35554769
1647870
886367
34212482
5377741
385838
685694
16158500
34385049
15652765
1117022
4776021
30581282
334522
1498719
14720591
628860
16645093
1838834
31586385
33968532
15715948
9961841
34061238
4289901
1464484
559985
33663611
33445678
235720
34471501
400923
14722561
27871383
2503136
32444074
31853793
8134231
10038881
2038076
260754
3018337
9603391
334325
1316314
29532220
34803123
34202948
9392901
16303108
497208
32803683
1628437
34746956
1728501
30521794
27616618
748248
207193
6747581
29526143
4240401
7787421
350737
6299361
32246575
34442237
31448506
20450245
34697776
33811255
1085669
1885586
15225431
33085387
32662280
1023000
194365
32355871
29049851
14094211
10298341
34630421
34122440
34622597
32496714
32174075
30100405
34004421
15623990
13943411
270506
1053903
126300
11229861
83167
1835898
3444521
14483571
33158741
2531326
1340482
30957578
1488559
7627
17651
7130251
31940116
34300818
32482658
34407263
34450740
34457871
2589082
2760020
2151646
5135451
950465
32898389
1437512
11391041
443765
99711
3159486
2470134
3215258
34098641
992633
7240921
2056406
1338412
33074650
34402433
34402408
2740620
1054286
29091894
29811463
30024681
33657540
351192
308753
1946536
20531254
606631
1078333
627356
33718820
34331146
34210915
27345328
34282904
2988960
16436149
8697461
34198658
30307841
29831504
32366026
31345993
34234997
2267930
32031740
2488200
16039001
34194247
16188527
516819
16774135
16509607
30693515
4875351
868784
27243754
1761383
33199410
32520060
34094217
34181619
34004373
1239972
34166531
743636
70477
34119786
36050
1449393
1420444
14783121
754642
34111405
2009826
34104599
31081682
29096301
2728334
393380
33997160
30242089
2747108
1723486
29663232
1740627
740601
1438502
34021338
34021206
34002623
254965
32362882
33121632
1450964
3088745
868233
32511054
15959219
897175
27421762
6674911
2446434
16074161
33878745
31399463
33877090
7430491
30407419
454122
29099432
792817
30498899
1443249
930790
187756
32609383
2527968
236575
126669
32614942
2104546
2929050
440575
5428941
32092705
31856215
33750074
1472628
27621592
33687535
15636509
15620023
8540981
33613590
404524
29512837
16275634
1008866
2060514
1224902
3114348
31952926
33693219
33681489
297776
1413050
76245
3735201
33662769
33661859
33661679
32329931
12273951
31765009
32621585
32122517
2161320
1025717
446295
1685304
269061
1508454
510250
2354404
2148958
1598210
32504554
27254686
29627710
32162545
7974821
3480401
31431900
704195
318107
9839321
31409774
13829531
27756094
33155718
33155967
10768051
732738
4979431
18128
16106636
119376
2631292
32498062
31946795
33119102
15811258
3536441
31721571
2811256
1336406
33065877
1336423
4772201
2097176
697907
1813273
1537751
32066927
32892341
2420088
31573644
29876444
3309341
168278
32260606
241763
2798020
32605852
29194068
2584540
31423818
30446831
32839283
4918581
15756113
761552
32765975
133519
32291291
1433867
16758676
20413144
2136264
385549
1761167
27950664
48909
14633131
32665042
1803125
1198813
15592264
5958621
1655106
5993151
2049648
849862
192247
884061
189372
351243
20563885
1215516
1247640
31622540
251371
15707942
2424064
29099868
3166742
1367208
502382
16160880
58007
31190635
4651201
276167
2399734
1468439
2719642
4204161
2394078
16170672
31763782
32533341
6856711
1110320
173564
2317698
234721
29094648
32471871
229746
197901
29127990
32324943
2323406
2000322
2252068
31763060
10694991
5386841
32217369
31469754
2632766
16077362
30310863
656158
778470
8813031
16128899
139713
2231624
29967659
31972147
3199478
313667
183399
1080527
16695088
153215
53111
1179102
16530904
9490431
31942863
13985981
31460896
104251
2618508
14513001
29078196
31128614
1877530
4615471
100392
30122240
37057
30711039
181052
2843812
2826652
475029
31614399
108659
7876371
1398925
8599771
587861
751068
2456338
31137926
30903160
1223073
1695917
22410569
8660211
11798
30834980
776919
1167248
30253633
29648119
29792974
660465
16749982
2171274
29782976
29264580
1871942
128693
396927
29528485
29120615
63959
887471
29262214
486196
9632641
227574
1637073
51268
374125
27695374
3073518
2168166
1076382
15816217
27970596
15558067
349648
4103401
27892348
1881318
521987
3158603
285317
15689364
14420991
12022201
7762741
7536821
6684231
6396031
6364801
6029721
