47857021
48085642
1252630
37632996
47905684
48026814
32491700
48051624
35060820
3136011
1013720
16502767
36949474
31478877
719715
37969518
32638185
47997114
37078428
47971245
316755
46345088
27300640
47972301
70070
46576248
7556591
47961385
46473934
43962181
43961845
46312370
44803077
7758061
30930100
47939488
44011125
47663542
45505081
31539488
47646274
43961648
43960931
43960829
43960657
41092968
27842863
37987387
1657384
46441307
1421633
47646128
46328525
46328326
16213017
47799520
202451
36623766
37962279
47874861
1375382
40678592
564507
46543029
31540271
43323304
43236174
29813854
47389416
16125124
40208192
47818218
1092136
36808298
15747135
47838291
34859262
243344
47176019
47665460
47767266
44545745
47651446
47732363
34607339
47717659
8896231
2360160
13964321
47566579
43952949
43952785
43952461
43951958
43951763
47697321
43951651
43950633
43950272
41867272
47664735
31993494
4371211
89889
35600123
47658340
1443982
35968725
47669373
34711485
1515190
47613114
31527277
47645071
47644540
47619495
44536810
38065482
2682822
544729
40574364
38300
33709600
35281191
1621375
40023910
34439726
39827109
46302271
46301981
46301843
47593968
38699646
1394099
30348316
47398322
1701337
46505586
47567430
32676884
47368273
42286107
3705641
484918
47540850
29650066
44215481
38385633
47458057
47520005
47519240
37422961
7011261
44070277
43953617
43953717
43954261
43954433
43954545
43960580
968015
39886727
37124606
31747938
40202215
47482793
47474915
30849113
43950123
43950042
43949503
41571612
41571423
41571299
40442860
41571180
41429435
44030221
47473590
43900021
46208977
47442894
35088463
47004401
47452605
47452351
37736681
10747821
44030103
44029858
44029717
44029561
44029300
44029151
42979050
47417343
2560106
47351895
33887338
45343619
47440760
1557713
8431361
36578450
47434003
33296622
881352
47349661
36748465
47414616
39493094
40222092
43947541
32124275
7998031
30136276
47387143
31879749
47378263
38215952
276141
20163223
44599867
869561
47188647
35857828
15692004
47179247
47223195
47227341
862079
38678207
38541316
1136495
47231720
153292
41576793
47226796
47131837
47043167
47221767
12204791
284409
33887023
46345017
29580977
46445891
47193351
14505171
47185291
44412070
47144878
45817609
36614161
44606767
36557501
1563881
45558296
34134004
45803840
379196
242676
16265047
38032583
3124052
15789805
47139913
37590878
37817600
37596867
46323667
16450480
2004708
30575433
16652077
465994
44442352
44442289
44442169
44442112
46025386
44442072
44442013
44441789
1368810
47059930
44441475
44441426
44441377
44280475
44249266
44220684
43325047
44220531
44218952
44214861
44062402
44062238
44221070
44221163
44221262
44231557
44231841
29012187
20322700
33146425
34686544
47019991
47018112
209124
37183393
33667720
22464371
35959134
457471
35180320
31440225
5921361
40225654
514070
35859219
46991491
45235954
20526157
38997259
46487027
39880797
29931219
1450237
46964737
29520312
41286185
33028937
998536
37835801
4064581
46962220
38197268
1311968
744855
46623395
46954560
14525771
32602742
3135453
40388727
42918455
34935669
156376
40903138
46928913
46928215
42852451
42126510
46908782
46907541
42490290
38302428
38829623
46893453
46891314
46889236
12283241
833768
27121324
46842532
32902278
32713634
31885015
46689782
46564196
4644921
1534380
46133173
20222428
31641561
45023377
42459643
199319
39645605
38538968
46514375
36614252
954506
41578923
30162697
39403372
41404396
46671544
35867886
44165505
44169385
35960960
46549382
27861880
211408
32799747
40940986
38504120
180315
29789962
14522191
37518532
15758936
44992153
38984387
72849
46611352
36167527
45818068
34853053
46605831
43044654
16117522
3039342
35925527
31699369
46539941
45800673
42236733
39688519
9110641
38927846
4640221
15046851
15724439
36818350
46303522
14939841
46394812
46293810
37451636
42811248
33165857
43376737
35652424
7314191
42723564
45227449
38312314
33502252
46425603
36685101
34158370
375193
46448674
38024362
46437028
46429479
36775132
36517748
38273490
1562665
36509586
40719322
45521473
42046778
46389361
46383124
35817341
947815
361367
2592802
3064842
35024888
45830718
37177606
46219823
29777439
46012061
1085145
46006290
42297858
45525248
38580328
38300443
46314871
46315435
37321660
46092506
59111
34116230
43107685
39243483
45132026
37698826
7687271
35654053
1199053
1223992
952584
41507229
41777543
35478331
46132364
31410149
27865660
30861356
41367194
44851715
8307341
42734274
43373445
16434682
41193047
42084939
36092519
35613147
43413766
45030226
36515417
46036754
44027486
44030022
44256480
42494588
38174341
46194282
35704433
46186765
15806356
45576904
46067854
35301602
34854332
45184976
46133922
12467511
46099288
1620752
33765295
650034
29028401
45939372
36043308
74814
6314531
43494458
400322
46073472
40786301
266580
2465208
46060844
16212520
16122440
9443021
42936594
36602212
35367279
16450216
36987314
45447015
43740077
36740986
40661884
2707220
528243
42696660
43104337
40818502
34032473
1029377
3190499
16016190
30229260
31726426
41018492
35976020
4730761
42168267
1672546
32924305
45817836
588088
34187104
32096751
38621689
45941848
32664
38500832
43924687
35474049
33548178
44572569
31729428
44459233
33730689
1228236
34039531
33273913
29876391
45852067
33615881
37452480
44138952
43076820
45814510
37036907
2864498
39608793
35241545
29135082
40877485
42938445
39072259
33363448
16039596
33738390
40400
45787273
43734740
45555458
45785289
173682
29327353
39672592
40453033
45770929
35733175
1564659
38153176
45760498
33900379
1700916
44935421
31906263
1334942
37752269
152862
33132170
41600761
45622192
45007213
3159716
33168800
20374432
7796511
31001992
1615461
34168362
14731311
30333472
772947
916472
1350095
43565942
34792726
44430385
1566912
41569682
29887929
44411352
32511406
37885530
954639
33106804
1657358
45210371
34903603
42586385
1445832
318023
533140
36489601
37220460
2182600
31856196
45573792
39362243
20478610
42600013
1398529
3775021
33178978
43276504
36722553
35743226
77224
42914761
27107023
8752631
42742458
2097756
39155143
9035721
30117473
34767125
1008353
44775968
36887514
16072171
42563840
38846921
43143430
36947411
267633
37788492
43885995
36405493
40619600
3021614
279935
16189613
37429872
33139928
33251267
45437577
34321157
45365492
44492436
40262073
33160525
45422707
1578106
27771925
44231662
1366361
32024954
29317550
1470788
2648196
34387564
31870936
39369587
41234612
27694312
40980073
45343032
16047460
35935521
38251952
30151239
309048
35522855
32636782
42584673
39647536
40704817
1951618
34409232
31032137
45306693
45275129
6654481
45297853
44838960
4109771
38258171
2629424
44238567
30008136
620444
36303628
18698
38768672
31432310
1738537
255620
37477887
2620788
36727875
36566001
36752390
45184352
33279450
295495
8604821
39914632
41834390
40759007
43021651
37545704
38827683
43049670
43246279
35732350
39237693
37432261
1683427
44937585
1265587
57028
1054410
45109725
45109843
45158155
39022392
42213061
1426151
38967238
34548976
39374179
1523063
45127947
198185
15640419
44909801
45107432
11197841
45107850
34714895
30615930
1873720
43184223
34595388
44208313
361926
31363972
16028388
31887466
16638271
34607989
37297552
45074345
45074066
45073310
45072962
45072043
384629
45071765
45071296
41891716
45067389
43257741
45043488
42200942
16764574
406610
139253
29004482
44549923
31893630
44182551
30150332
41846285
270968
30177003
38063755
363838
1496505
7540461
42750577
31408319
289548
36017809
45006365
37675919
44782872
20264296
44269315
14634791
31648043
15681438
34160619
29889801
34946339
268274
44987856
38516057
1603363
41730539
5606661
39253729
34964091
8018361
34098846
31372272
131074
2909126
930744
41819191
44225465
34059576
83651
22023121
1614093
2827480
31140147
35300210
725532
38098784
43686943
44894326
238558
15693240
15231521
36885256
1501726
569993
42742944
4925931
5529861
30550573
29099846
43101647
14046131
15829029
31915514
35192754
3025051
36485470
34844519
37177071
440114
44782404
44862282
32748419
2424380
29132676
33359260
30630871
36466227
33061919
37153472
16105854
36726098
10441301
15839635
41032639
15990503
29619704
20329657
15583108
44789299
40304817
37435539
3140811
15583177
44799628
43624441
362835
36496295
44798093
37817448
31889907
34709856
29810412
34774268
29224828
36370607
35747743
6604351
35787021
44754418
8329381
42569752
41125613
15587234
42279793
29639372
1285488
127405
34271915
37679126
39641256
33461345
1473720
44283738
771064
44214452
1576715
1962986
32727950
2200624
40751330
40369267
36860832
5591351
40365033
34885161
20064
34960316
34721815
1892260
368046
44568479
178285
36644610
36785613
2574908
16110120
2392986
29055069
529334
44665556
44279502
470053
44235508
2635572
8892541
41899593
2330904
29257842
1479629
7072601
1057540
31589725
32406594
32080611
1156452
38079991
2156100
34769906
2089848
39494336
2365508
44513121
32180353
2245218
33721921
979815
41626953
8103981
41170699
2800192
39747150
44563047
3223025
31476947
33650487
41300795
993088
7916571
740789
35561457
31452028
36392766
16110003
41982509
15992904
14924221
31860685
32248073
32890697
37047312
37355927
591264
1006048
44502841
33292108
44528835
752175
34231426
29151505
34297224
37399262
37784389
34753774
37937240
27243754
2581328
33114290
33348699
37853585
256406
38541089
42056861
29257664
44512962
44433327
218232
25342
42803399
31059146
31871560
44503128
36132341
42182484
34168714
43797771
41645370
36222354
31753085
27880359
6935141
2345542
44487748
1817377
44440138
42582992
16099995
33565098
39517521
35537195
2899692
33713006
43293093
38095687
1332384
237161
41312343
38708605
36409067
44461741
44081214
1975098
2728334
38296369
37839092
16466512
43882475
31880815
34315187
31723319
36242324
2066900
40894369
27392644
43974325
32276559
744687
34592235
251217
1938174
34884676
2566714
29089697
36351009
918454
36310123
33654963
27873
44445012
44399210
278193
33982731
30118060
27888568
44442114
12128141
857179
29015921
2928098
44441348
44440837
6745951
1054091
37643848
44434518
17014
33495562
253770
31525614
36386163
33052341
20390872
43016837
31736313
562124
34466369
29638879
36938953
15794711
16134014
3022003
35543738
44399363
561672
2505654
615997
30796255
39302985
40991499
43230370
2427178
41961537
41791819
41648804
511920
41752041
37608976
27360502
30067562
35621769
3089428
44332766
34074480
33796498
33868145
1221146
44327396
41215076
1447995
34351998
947424
36663285
3191863
44305741
35506817
33780370
32898491
34243702
9333001
37609810
40651700
44283486
32658092
44279822
32569432
37592484
33829013
44276160
3016289
16131003
37937293
954370
31785086
2394508
29012946
44233189
986804
44264696
42321288
14220091
42690543
31411482
32390084
36149962
31889211
37513111
44255092
31079243
31818624
38664105
15686373
23550490
38751106
10671381
2301316
35323355
915846
30866494
2051586
170433
1642496
44229132
1901316
35418208
35785530
42832604
33290196
31988181
43009811
538472
1368322
901862
37141018
37863615
36896663
38545633
16680436
38491811
550686
42162600
42432457
44022426
32174297
11096711
44206841
29576822
37649718
38441833
44205146
161326
33855981
1565040
35433107
44007420
38662155
12756031
43063877
42468315
43160344
30439180
41871077
33455400
36863105
34553853
2796400
2995484
34942244
42815971
33625111
10646341
16054791
1473375
480783
32914358
44171961
1380144
31561258
24459798
43612058
38067335
1564688
44160258
2043228
27849169
1094077
32161096
36042986
33035946
134768
44145362
29582490
15735168
40589506
37925262
11345741
2968418
38146280
44108563
1596515
43566415
1778377
33934400
37974305
32041576
33925978
898541
44114714
29194948
15996005
35937599
173554
32901841
30574224
16338631
34336586
1147103
491751
640680
2145458
2908076
3846811
43993170
62688
699146
12423781
15687288
42617457
1537381
40478260
4412651
39117598
41491530
16345255
41303431
37776066
31324717
16020567
3124904
34502735
529883
27183946
34093276
43453841
30248491
44059715
585327
38655141
3261041
37523517
33694407
36869986
175310
44020514
32008347
3219308
33298750
766107
15558219
27878605
36545200
34325794
34840508
36323846
39427169
27571615
39510587
29545632
27832783
32723070
15676558
1284048
335671
38677674
74747
42507771
77900
31082396
823227
411258
30484191
3041085
256115
1734259
39539796
3077324
31606957
7636721
1008005
43104674
29142480
42804788
20360224
15547701
16096481
2421214
29584654
27324685
1485320
30529473
41366804
33574362
41711478
16144293
279202
43015757
38208588
30595443
43956145
36437360
1389071
643863
2188316
34870585
32997483
37538969
42763152
43480106
39025684
34448564
6871461
15991012
43981210
42598840
41111533
37165220
3352771
30464981
30534608
243717
42221463
35705336
37499008
35697700
438096
37746469
29957996
2910082
38894593
39375506
41670506
43973375
36161663
40033263
30790382
1730025
16017694
36233947
735240
41514691
37977458
43968096
16031147
34384307
37991944
8530541
42003157
1693740
405070
1002532
14658981
32377365
43959105
39726868
43956401
928632
34405800
42462285
33881883
17966551
2041258
3406561
6596861
36042022
35455246
38766635
30137910
29058274
43855044
31670543
42779420
35155132
37824516
35189100
42527675
32680162
27357460
1155347
2057230
38252875
10424091
214874
31912962
38428368
31901129
10704501
27653518
15683839
34512328
42364898
35283189
39362247
1206892
31884445
31726532
14072271
39147621
43500576
32023809
555877
42696290
459471
35826270
42849854
39099310
43535873
31311518
32373798
36313076
37900309
31875823
41525752
43535978
42905728
15349881
31966372
40227824
34824103
40362860
36039976
41350433
325649
42081635
37216929
29818639
692576
118123
39655565
36677392
658145
39694044
42508219
40825781
38713696
37426813
36124215
42279100
20166991
41284605
31019806
821428
36849632
555836
42168046
1723820
42748965
40762006
27774424
37620755
16005986
42502130
38156081
63946
5505101
31543514
43760220
31172637
1561981
37830402
27955876
108048
2877096
31882301
41101320
2641362
563430
1210236
37076296
3823561
20482519
15803166
36737005
37894366
35510327
8574361
1952070
43375369
15965138
407058
31654607
35240960
33341672
38391762
34285705
20313391
355980
29070895
43674111
1662024
36490695
1225514
2141954
34796486
40158083
2833560
37841437
39702608
886370
38857844
34253782
1165533
1134513
819604
31131833
1018173
39874516
34605877
29144682
2992796
1396855
166380
32454680
369266
3239316
42777602
36960077
42977077
15751396
40928265
611709
34833265
33116909
39061573
249796
39733073
1371503
31747972
8514321
37623667
36665881
36317553
41837022
41686889
31657505
168038
1729134
36413583
15862074
1324906
38572780
36705075
36359674
39984536
43824886
34863666
9284671
30397677
29015182
216696
2722854
38447482
11022291
646319
59277
33610498
1034870
291249
35355049
16036532
873381
37564136
42574251
1805579
155514
43821616
2662136
42230726
40269349
29266332
2935842
30828256
463958
7125281
15674567
40769856
1432869
20813367
38721257
9347671
33509198
40851512
34668616
40852884
43205267
39818466
16411936
6355641
33312225
3230868
41046728
40758638
15798781
40652263
41429684
40708147
36241754
33523782
27040234
1126984
31986394
1531319
914715
41317049
43005528
27513193
16055253
29076186
340629
241208
93485
37674286
4180231
378934
40703326
31511037
37718638
8331371
712206
15804023
42870502
29327372
1254280
42532721
16169343
30453745
36839991
11699751
34294040
1807735
129858
40015949
43878019
34176815
39380507
43862187
38859302
5815311
30426544
43158835
40205349
1222756
37754298
35008448
34282381
27470602
39824073
40685043
36436287
1153944
35637240
37048405
36774140
32652634
36381054
43492348
29996962
36196703
36296257
36570026
36399362
32512868
42397454
33289144
40327133
223069
8161241
36314884
41843337
36695229
42703817
35166066
1373118
40231729
38870132
331561
35200183
31777555
43822270
43324797
1648582
2413582
29266515
34387076
2327088
573227
1352249
627092
40182119
31020335
35891867
36177229
32650782
35852716
38532655
43384540
20434801
38292454
30614743
3046862
43293620
35463825
35223115
35955830
2109812
318325
42211580
2710130
1804803
9565421
6668751
42157258
36828046
1696071
37374140
31409774
43535373
41015918
1059294
35672472
33004543
40580814
16753939
43606039
34736064
33306221
36145887
1741593
27323431
36747329
401716
40511807
43775670
37265827
7768841
40682417
43273366
42224139
64689
43292204
629215
16687039
43769762
29562754
1419063
15232881
33211102
1304113
9268731
3931101
37076221
43309699
1899896
41585171
2744378
1656484
2609050
37567334
514744
31956739
32842938
39670270
43519671
41280639
34676086
37781737
34744290
33528412
3014848
29250137
1222244
1520782
43049078
34498386
16360258
13776041
16772128
14496961
27645211
32726147
487840
37332376
43486038
37137556
42902045
39777410
32444603
43069923
43239340
43477369
43247482
16143435
38275809
43505129
30794814
41789411
43698619
38272358
29966206
37191019
36419886
30884525
16199493
43103457
43152389
138888
37163953
731769
1537768
906380
37718132
388335
1398232
42060430
39428983
37520186
34266068
35350930
29171689
36547894
1874706
43515664
43634241
34374004
43570837
2053748
42569671
33885428
40595808
32451867
35757375
32420405
33684791
27527992
38230936
1331412
1347657
30289023
20391589
44603
43306146
32746160
7783511
43613951
43544155
42393371
31974640
3157764
40250636
40902096
15681128
42798547
34419423
41306593
41281870
1910430
31784386
38186706
42426414
43096755
36354264
42739940
32483482
31083326
2791760
32123126
41877913
42648514
841977
36645695
40600747
34813676
35756611
35096518
43041227
30440362
34000110
43385504
37409164
42476684
31887204
38928435
32928180
35648534
15582766
43492917
39767475
2293556
37904608
31765476
36774960
34623214
2225780
34766700
7985671
33281892
13584221
41443032
416693
39604976
39807286
9456781
640948
40638943
36326314
35971388
539552
36475245
7627121
43596909
34829884
420615
43631919
9828811
42144115
36442205
29218730
1077666
4981411
41885060
43558125
36459387
2413058
38297191
32646745
37720975
40331625
31943696
43332102
20294314
43624408
32213888
43681234
38141589
538842
31317582
30483110
31594832
30993700
37700230
35289124
1279321
43338743
33719411
36353300
42991383
3043392
43336838
42528841
42381039
43267714
27514801
41583566
27881964
2263350
37199454
41539468
43445067
42279161
33901255
1663103
42378143
38808141
42393610
41142750
37314712
1442700
414639
39476649
43574801
36796383
34415985
1690156
31676460
1154875
38143680
34407386
20529232
34629354
34962891
6455781
39633428
40689661
1584551
35634398
39333685
2558392
42873696
43605205
4873751
43471161
35266418
42533426
15335371
270672
42647858
40755081
39305017
43665532
31555594
38001692
16126486
16469824
30696473
15824591
42881488
43644657
72064
35284656
31766278
42468526
41955709
30704282
15754928
36074507
144853
35089575
1387916
1146459
33275496
541632
16115449
102354
43361976
31759977
32703125
40921471
41036138
30955769
41533789
32057404
16096191
15992852
43463012
43400552
32767922
3431801
38553073
37772512
29002933
32047423
8608031
32759008
14087901
38226981
39298121
43200487
109567
43172247
43314003
27710278
84822
1136020
36900036
232353
41791604
38282354
296314
2308954
27449548
50427
1554523
1725755
43234802
31197455
237418
15721815
1781743
2526536
1589279
16166620
43176547
31790437
32713577
43307762
35856586
38564916
266781
37940237
2108100
34725190
41660094
39501304
2138112
33292512
35673092
365557
43269831
43265564
34959361
39728638
43245179
34794488
34084520
34542559
32291608
35212389
24308066
3133694
43093994
29804021
1498946
10711851
37218092
38980993
10094
43140368
560401
38640667
1042038
43238699
15685232
35182649
36590549
43309687
2836434
3089224
43139508
20436838
42974678
38354906
36881448
42779955
43139612
42329127
14026241
42165840
31863732
1357561
43313802
39693368
34094382
32957284
34396654
33825128
43409792
1320791
43195241
185929
478879
43161095
3040956
31524327
41312418
42698420
36650346
43227750
39446734
41517513
40654019
35869871
43254360
41361405
38609021
278778
36623864
414862
38218223
37275114
43291106
38894847
1411376
83440
30642284
2416208
2676056
2666072
37586611
3421821
38174594
30692888
43096460
9158771
40031861
42306660
42581711
35317334
31718672
43386096
11553101
1117124
39721431
43263988
39101441
1868126
219504
1334955
1267690
31337029
43113031
2810454
30539384
41909906
42800383
36527696
42525885
40959732
4115131
586454
3116730
36405332
896234
2887772
16980046
35299584
42184121
125889
31314215
40172964
23990212
43008201
35495855
32306543
43343712
1250567
20201428
1292300
33468749
166915
35919085
597881
20342038
158470
27275434
30026118
33139415
38099266
30835196
737354
2330372
427768
10443451
30418201
159240
38012361
40757191
37642160
350737
33564612
39855206
268813
42993963
41591751
42773177
43236004
3406871
232727
38531018
2078778
35816075
41328521
77019
31089854
41992679
42986642
39457308
40374533
9701
42235052
43097358
38293995
15664203
42808286
4957181
39899470
813848
1442601
31384105
21956
42634217
37129322
1981724
40479611
221797
74955
34379531
3046204
16444381
31620
23650846
1284310
3088327
31628855
357746
3050754
36078619
3030090
15752414
109672
34151490
27507784
38594007
43178718
41096402
31777908
33780993
147072
17782450
547999
40772045
9891
2065158
15594760
39892594
41882750
32556320
37575510
27962264
29580903
39958830
33062685
11876
34554855
4768471
35370640
37519965
42696903
27119470
42696838
42584554
42423802
1256255
15721376
43001172
43118230
35271075
1111425
127610
38611319
43110190
6652341
40812157
11818931
30653760
41765351
43025309
29055640
42943421
10487
1168694
42809492
42809540
42809583
30518547
41992488
41992413
1272221
37146733
1289194
41992373
41992318
41992267
41992177
12393171
27253336
7092521
37594761
42499512
130120
37984830
43082176
29053884
2677554
34331226
9923931
3206424
29146296
32648848
1686155
41723789
37616095
614988
38034909
183124
37635703
35709810
8678971
30472098
34055024
32856254
2268970
16099145
1370381
30398408
37183068
9670011
33804502
5046121
15386791
38499
1669502
323374
89490
43047861
26971
48909
35276301
31452368
21641287
2434206
573099
1673149
38285285
29158526
39666126
37978482
2614102
2955500
144735
651369
5788381
89883
953910
27482509
33800568
42834550
42496165
1600110
70429
42465394
1514212
2092936
42465281
42464774
23455
40456668
37374715
41505538
38066376
29551687
40976151
23739
380141
36109962
35737067
38326298
41587978
37174441
1410381
38630769
31831770
30736330
29048773
283565
3153572
21078936
311676
204536
2715148
127793
42975274
102083
10144911
129445
58535
42419185
39906900
41272655
2107470
16136626
14261141
34501389
1588691
147576
1758945
36133181
29258213
30434635
32165917
16004390
21737547
40553349
15598604
30063280
37320079
35270877
2372826
230737
37734771
33044992
2740682
14107781
541508
36746727
19065
262683
36859
44886
1299557
2037332
31061516
1375212
84265
2393070
1145868
41441868
37836675
30411985
33364458
34115473
16031174
4992671
42667221
32421158
37135293
41297122
246463
37921378
34158054
40956110
236628
42892780
41704420
32498448
39885898
153989
33066032
180604
16218745
14771181
2425008
933516
3494271
373149
27907947
31699232
6243431
36350479
4371741
16065408
1660111
34029451
42416662
34313704
26105
31699910
36968836
1677531
31887697
22947237
63856
42341279
33956771
8519
15695904
34664661
37313925
37452015
115986
1519617
1518211
213251
32488198
725517
32182070
42628075
2494734
19957750
674538
31787910
200647
30994227
36370538
42505051
56181
35597765
10195431
270436
8504761
159918
1661819
139600
76044
42842440
38075283
41680235
32037540
29173988
477575
30555889
41111279
32868662
40626121
40296671
32468065
40720638
37693079
29532581
29099199
41742797
16153502
663682
27264361
29233237
15592030
2457130
129131
29204597
210233
34020916
37959053
39462231
42822494
722660
1218945
73306
145769
27891432
33551331
42809287
39406531
32895618
5110291
31322608
34828999
83777
78433
32473478
150943
39151140
1169395
42773498
182881
923538
38103026
8246851
1349101
11670
5280151
42699716
235277
8885
42427561
8438
37658138
2860116
34193274
31642395
35459255
150792
68262
2167776
27926816
13959421
37881385
30606509
27421045
805211
3055894
38958050
42785480
30491627
279922
15566595
30857
34405659
31135712
158963
42262665
42452744
16317475
39327860
42780295
1301533
125409
1401013
39644011
29063225
8820191
41220844
41407107
31392212
42177082
692194
260869
508398
35447882
455235
39128809
3110446
32603445
15972138
1737201
16104208
39657995
38418267
16071796
31854895
966443
273422
38087037
507749
33093107
831689
112629
33210979
1577135
39657770
31166809
261370
31254865
1761167
42445531
234231
635944
141491
652340
36645361
32854013
63935
5617901
2474102
132010
34034378
16751152
165191
280479
86720
43925
41504742
164577
83166
121936
32931321
10912
40915013
173684
118569
31819515
39141832
39826963
37822533
41128286
39347237
42465494
35818409
41436636
34108585
32183085
39663
4603321
6743311
369059
1228929
1776379
33957505
122197
42465103
975103
42592435
79724
1510655
240917
38895289
40667420
506361
433814
32346774
3235303
42585679
41978460
1727824
38536854
30573229
152155
241467
2851030
162897
34508730
208430
184938
33047022
39336136
237605
42040584
63647
41283546
39705607
37474465
2648570
34043044
65062
4134501
31316544
34430318
34868094
32960574
42726156
3509431
152566
151683
36569905
41885857
32613627
2513274
9306301
2636336
183767
107754
8252421
377897
175253
42729759
35967155
173274
37848058
15745592
141745
64864
42370667
37319575
31826820
31228251
42183532
36846620
157020
243780
1519893
239890
110197
42273696
156958
32868320
56798
93825
155602
139709
37603651
38887361
154333
37603908
136864
1677526
42444470
85796
42102
11486141
48746
1346216
2044570
34010521
2350506
42212886
15429291
37260664
30269203
37649612
32567471
3203404
31962476
10988401
1788769
34296259
1225301
1163674
3767831
41266356
42162557
40179097
42251486
32929368
39895988
2910288
37672932
38098596
3229232
42724555
42723054
29102116
38350148
36058246
39300926
35474367
33317521
2603098
36997516
42568576
39937702
37933037
2963162
27584896
39480855
1458532
15841200
30658036
41144592
35840805
29594526
41808471
39466304
31131669
35041581
564681
1592207
34784221
825239
64043
1069591
8371671
36725974
42634391
1102115
29640482
40898393
42678816
3989901
31778177
27504061
15692059
38255422
2212216
24989
9624671
521519
31239370
2302726
2686198
1175641
41084166
308176
2482814
15543377
41396196
14158371
8804791
14651811
1807325
34155282
35337322
39606850
546075
36791452
30244451
36749138
41775594
29010497
39137859
36279110
37877331
31285273
36629856
86020
29627411
37499351
42016871
42213000
32315397
3442121
16755601
1161951
3102321
40629432
42323046
34836813
1559810
1738997
34128392
27647089
40177095
39194151
34288861
1571867
37594874
37071754
36222729
16500814
16224716
37612113
14690121
35759892
30725893
33594740
41547182
38593543
35969597
41789098
27866743
31279736
31289584
15420311
15624151
2456150
3124821
891965
31831367
11344851
39963370
29192923
1607765
3142539
38987406
31495478
1142275
42595421
30619106
41759138
32676883
38231462
30064861
3070794
37727268
34453566
33121561
34294569
2316080
41241586
38449349
31594845
41087694
38538728
759112
42209754
16281223
269726
27934138
1558130
15809477
41622070
31314472
40130248
461224
34861825
38647757
35596486
40484106
42566399
1316883
35810978
6894451
31901303
41441976
34767548
5257371
7910761
39930901
39415497
37922785
15652776
37673181
15577032
42287516
31567807
29055467
35783624
35470032
36854538
4184801
31579071
35343687
42556317
31975906
10981
38873307
30653674
35037148
10148881
41461680
29178343
2356556
41561606
29058998
10994851
35564435
42549059
32821830
37061920
833269
39382054
2376614
36231071
34937707
2285330
32761184
40509706
36920358
34731593
33605464
35310395
42538183
40860890
36009209
34519862
757599
15724557
12591511
42536044
37251111
34836135
31206770
35027611
38130863
39904802
39186224
37296920
41278898
37174539
30245241
328279
33580073
10127781
35561856
39845579
39884704
3690841
32031713
27701473
36528469
38605590
1108159
35160006
39630604
11614111
967541
9945651
1565687
42278393
30007691
37855813
37297354
1116296
30651773
357778
40360764
35245209
40633674
41681349
6833411
41517203
41348051
37871976
12440481
29006608
2583942
36241707
3201994
41687586
29210845
40631190
35490102
434713
31640025
32582743
37579599
20181448
3684401
37487260
37654748
2280808
15600969
40744690
42203069
11506971
15688239
15407291
41167324
31384084
41082955
36938904
42517300
1812889
1032946
16231491
40454817
195691
36582847
16759465
37341234
1183268
34573480
33251512
2254660
11314741
2785918
38030067
536148
40831737
38182077
38896514
30285921
38292509
33002152
32257183
31622964
39325124
1522808
39982723
35664782
41644195
36006913
37103992
34757573
38164641
16781680
111347
37602016
32920238
39530440
39363822
34090369
41391596
290234
37792381
1628933
40782787
30454219
2261926
38117256
862599
37413241
11924551
41426139
27106132
34186945
42024233
35656016
30085165
38009881
970351
35247320
16206838
31480691
327160
40405701
34947124
31098619
32736059
37734525
38459255
36733249
691791
2571472
36255414
35137499
31925172
41979313
112155
10267521
42029492
918644
39325112
34451841
15997185
41914564
34032830
33311924
1537298
41104671
1957642
1102550
12038821
33430228
37622746
841611
37656844
42397821
34466402
41269282
34445964
30418299
42370212
614021
41966625
37815761
41671656
32922471
41395464
22031858
38799712
2469998
36311632
41100484
41948369
31946908
13446
40273095
3163170
324556
32774554
20574376
36351847
35114144
42116343
39423203
29637740
1707839
29018221
36247416
50497
32560875
33974599
32384815
35669953
1156223
1454595
2215016
9328951
2738540
2406592
801328
34246003
32133313
30548901
39500470
39760470
39484472
35087579
36901530
35612659
38425091
319171
492864
12096961
42317073
35310144
31845531
41397655
39583157
34314960
40413995
41998402
30664787
35046363
27476845
37598502
33794146
41007650
3110598
1437402
41352377
1113802
40140241
39832060
40969211
31500867
40287750
40098197
7704701
42156053
34463758
31209702
1013108
41141990
16083222
36895664
37931943
42181911
39696605
39889116
41294641
40387089
892387
35025801
34915685
7294161
41464994
16218536
37852962
779777
42406930
1537601
1088081
40448737
34927367
39360762
37563123
39997047
537358
37057697
42129793
39594122
36153970
38934359
16137460
2847770
29831810
8804651
40922579
41342683
29585315
42335327
42328224
39958060
32672998
42094316
42399624
35658866
36344827
32977008
17987896
792456
1201332
40357011
30551173
40744182
39249006
42377865
39257639
2983182
32209267
33137913
39737642
9744141
40405242
34367432
40949357
37959406
39652820
35889893
3223292
27963076
30689179
34758460
41827973
41288360
3017013
38186614
962530
30149526
39545507
39861585
35807034
33696472
39054108
37727633
34761629
2380600
30596458
38228405
36494446
349265
42433474
3178636
6682541
1571432
2744818
1451679
33199062
960766
2766330
32157700
1006269
34507751
3030417
34597884
39816835
29510385
11770851
1180120
38034993
31615487
40904906
42249321
3994981
41884150
39202478
1215755
37721491
37797944
42394559
866939
286457
42426735
37580614
39853044
35656086
34459338
29159283
39023405
8877
32211627
39663456
434343
27410401
919345
15488901
36808817
29029999
1795591
41856164
29539863
34354588
102326
6865391
37316388
36669336
41244393
2942492
40551805
34815842
37171753
39707451
37873835
747359
1214763
3228871
29502606
42196207
32814547
41570707
3969731
7081891
40397977
38619246
1180900
39504905
30923646
38367511
33500587
33233851
5764541
2992018
34285559
39447256
32299566
41663014
795992
37511335
8701621
31552797
1207492
15821271
38098591
42285443
33208975
38376291
40078341
322195
34658632
2118918
42166324
41692786
321334
24868847
34280193
20435623
1503654
36690166
35479923
16504114
30123282
15706969
33507078
1994680
2544816
11332431
38971685
32654664
292488
41769550
31466242
37696208
1007963
38361319
11287201
763504
2196880
2656190
42087836
30682077
42329757
1225331
36640525
35000313
42242382
2758850
36119661
33227192
2965078
35254703
34824427
20493409
38494680
2884802
34248062
34913344
41929263
895632
3726791
1016428
36288848
15815877
34741193
15721664
41357820
41954654
41942173
2965132
34533700
31749229
90796
1526984
831528
39890015
29797490
37555494
29250206
33012343
2029918
11641381
41011363
42212492
39656439
40986424
31499398
2309080
36644781
29302833
7303881
40800957
41959632
38314134
30995556
3142613
42093911
40982320
47244
39011023
40632306
1794175
35151656
3236884
1338095
29974671
323494
35366575
111375
27408091
35365411
30860071
34959417
699702
42291231
42010939
30553957
20810700
38237812
27404749
1216897
2142626
1164393
42156302
1471340
42206419
34079344
2227096
41511205
13781531
34557984
41003588
16180541
1684219
30813280
42311020
148818
27802369
301225
2485460
31431024
6796441
326035
42267379
42266974
42257680
39432003
36917398
32628009
42201057
2270208
37096030
38982060
16022525
34308618
35667137
5074891
37045120
16169562
757429
35586471
42181381
30570802
41133334
2271478
40274339
42176587
37094341
32050113
1212515
795181
895038
30312262
34517606
38946424
32121342
37871689
11022591
1586944
42101987
29534878
77617
797485
37061663
41973868
3899521
36573470
7708711
11536171
16132502
1436431
34149973
36879805
41905998
1510906
38545678
842663
41894309
32029613
42004353
41363461
590289
38494340
27929087
41429521
41655329
36863247
41324465
41290321
7552111
37619643
34021836
37850681
39826155
2088624
39825738
33015800
41887956
41879250
4249991
41477852
13944751
429966
6276271
16353691
41775802
1460367
27733300
226846
39255036
40629437
39969276
41763343
39821087
31910726
8355201
1826429
34440957
39828779
41582800
41689901
40184158
41331077
39498303
41645642
31916219
41399161
649469
41349929
41428896
41428590
41593559
41041317
41398626
31267339
3126447
8089021
41326778
36838596
843584
39007267
41325937
41325546
40972505
30201332
37545051
38139013
3851331
37069959
29519541
36168038
1566127
7429251
41430233
40970290
38606502
41435752
38609053
29801290
1930960
32627258
41291185
41314876
40407095
40405511
369017
40299186
40275860
41412995
41420682
30608128
1619907
35939728
37446469
948050
40274359
40273966
40272642
41250206
36753181
39702282
39702345
39702742
39654700
326443
39703539
39703712
39704223
39978783
39978674
41360562
41282351
31172140
39978366
41350388
39978086
41344134
32462492
36274489
604712
41278978
37721141
29975286
41278521
41099350
41278044
35424101
41280317
41279669
41247190
37938416
35481943
41240864
41203402
41199237
32376022
2830360
781926
34191713
15671315
33909517
1565285
40865490
33239512
41128981
1582540
40134478
28137
36424402
667194
3148645
716454
41062588
1228529
32647929
36824816
31007302
41030531
15793241
30905457
35247780
8690351
605963
40719291
40116294
41006765
24328586
39829462
15640799
40005999
16174613
34758540
32683231
11237171
337687
40992969
34984991
40980427
242130
24920900
37134045
33445727
40921365
31613383
33677844
35143941
32405332
37565953
34202335
34041789
29615247
40328496
40779712
35857033
40714247
37867891
40783743
40582857
1002850
35322329
24524806
15674251
37830557
33917278
12664961
1127291
35361695
32543517
40462184
29128364
39442196
40678789
35457528
40304814
40463643
40495750
1371099
27872259
40370993
40089827
40626270
32764561
40596747
2825260
16103773
269343
35848228
780771
36776160
38690456
34901470
6826111
30042315
40536109
39931678
32209304
34397644
16002278
40517135
31421106
40511409
496660
35659113
40488297
2797226
32781955
32971598
37831800
27110887
33014780
2831258
39827986
35508105
1605053
38783981
35824299
1447542
2178078
22105823
40157713
27928491
1784927
37286130
572288
1731419
29540625
7550111
33653003
3168506
40398270
33654851
33760308
15982001
30558185
38866331
38622085
37610865
5913001
1586464
27433246
40339400
3015194
30717800
33523074
32961416
15726649
1310439
40284429
37434942
30830233
29299355
532531
1942238
2392886
36994750
36468700
3134148
39708990
40236796
36730874
1734719
34184277
11236711
36057781
30412252
27276382
35206325
40190689
40184958
1406056
1242418
2050286
10749911
40100470
35385858
40152491
16066034
35480280
40136399
31589386
40118591
37173213
37947145
39846735
38322377
30004405
30146899
5984571
5454021
36925117
40090363
33432979
39166191
40075854
299303
366415
222522
37560173
29300
989387
34730060
40009391
37987137
33181286
725834
27962282
2003798
39324081
36566779
27764263
27022432
36075581
30369218
39982325
39981498
5930451
20526190
39890437
1600243
11183001
1246699
1584313
33235967
39938314
32337262
2997130
27294943
39775220
39910946
16303108
39907602
29311548
39826347
1023973
415366
36829362
37629357
39819554
315877
39893216
39887793
35214473
33580409
8545771
36158790
34633210
39209504
3226204
39787374
39849063
27966128
66849
3081431
15721556
30913441
2763138
11515201
39539062
37140982
29316588
31287507
2816076
20479159
2083334
47329
529445
39757497
32121230
31819967
39745325
35170367
38910283
29096182
39724098
20013082
17632
37854389
37854338
3115912
30767445
39610258
339390
35433875
1255710
37049902
38127331
38127643
38321544
16215672
31976226
37879770
35950458
38990171
32325098
39244752
39595747
39590162
33211844
36115182
1567032
30254222
31442507
38972428
38972220
38972138
38886658
38886464
20347216
38886514
38886336
38886256
2944724
38885749
38885697
38852334
38852305
34919650
3020399
36409309
134760
34604448
1277025
27535054
39580127
3110237
38972801
38972981
29649280
32441416
39557910
32666
2665094
39378168
33690987
1406545
1030937
701360
1638840
4609681
345279
29127839
1364487
39465795
38141279
620269
393271
35810695
37730952
30802763
622449
34099270
35875426
34622045
34261097
35497249
34590909
837162
37855931
37076955
38661958
1893312
34746470
38962724
37224976
33194995
34922803
37290039
32795197
38858875
30736117
35019092
29500998
38662250
994253
2009826
36731090
6442901
2191056
2666944
37836622
34950410
39044749
16716982
33782738
36005251
928321
3192931
35152570
2118332
38141309
33749219
33135748
33311837
36023775
311546
323315
1267378
34236489
38661471
29597479
34009753
34635637
2247548
27408049
38676955
2337668
259505
33187551
31294184
38676794
1197315
3561131
15821725
39174302
620192
29072235
24294931
35257031
16741120
39164742
38663403
38663170
38661057
35698545
226958
32603030
35525075
6285901
35566901
34289169
34285713
3184993
2711072
37967890
37963733
673324
6490561
35390196
38962779
37140295
15997048
37873266
747675
39100158
39098781
39094567
117520
35067411
33147986
39074020
142330
35160542
30111361
39070466
487215
2591804
35924636
39054627
11739771
37021876
34369994
36451530
39005347
5484961
29288203
33504708
32125849
27290266
29087402
417906
30873380
1034892
38987674
1687403
814974
68806
16013458
1228511
27356590
38990087
38233811
15854684
37727399
38060536
38975800
19255159
37782219
4360851
38785029
33152741
38785498
16432171
33199230
22700504
30998571
36225038
33827049
29794300
115791
38861157
38838215
29068855
34520336
976235
32023717
38933960
27098080
38885985
1169153
38225030
36298228
29545437
16205739
34288849
11436821
3271106
1608398
37824362
141747
31400802
38385577
38733844
600753
35279720
16096515
31698941
31811025
37859556
1091210
38250855
31612623
32547408
36991232
1940652
1518428
38862178
37096843
29031788
27320443
38881519
36904218
1719692
38518732
2713774
33820495
1440338
38082098
3049907
673134
14083941
37619885
34094748
3102327
2179056
38420317
5361961
36508622
38671828
37477497
548994
892535
37160157
36791991
27754282
27637225
29293282
29311179
16419787
483115
38590644
3075841
38236337
971174
2943424
425613
38204030
38671921
1096068
24510306
232839
36838004
35082686
38570675
1460024
3126274
38671488
35893508
37688544
16040292
1451551
1730407
755693
38677786
491330
939106
12028371
1100217
835538
816139
38630457
997522
38424113
32825687
34855714
32389844
36292349
37503964
2820056
1627114
33553623
930326
38669006
38631141
31796943
3935931
38640178
34110308
35469054
35625829
401426
38594102
35053611
38632874
474493
2683368
1634403
29179902
1668352
7360611
31043444
14912141
29818857
33292729
4495781
31559289
30444363
38010354
2853188
31371389
37719703
328399
38613225
29519974
35297357
2230652
1984828
38607775
38508546
37580198
37203463
20172814
31120081
3114374
33043160
32426694
1171925
27887242
38498701
37555318
38250001
37516467
37541293
37104431
32270343
38501671
32820934
36403595
35658308
16210973
32054549
1177982
38305440
37041530
38546417
22800
38547419
31213066
617400
32096052
15963179
5986721
540439
35437219
32355600
38537275
38147231
38147176
1175752
2197642
34226155
1187114
36295327
38317762
38486718
37516194
3491621
1554856
38495853
30101195
2311224
35810800
35810371
2702604
21345248
35291579
37904476
36880657
1609374
6567141
37967682
30261169
30004095
2317946
30850436
34927938
15797557
35495229
35970820
15563364
16722820
10145821
117153
36267057
1541464
30319030
16579024
38384906
1377162
1632482
29233692
27483856
2492628
38325697
5966451
31520449
35279376
850214
38146992
2695734
34404622
1254215
3754691
853457
522830
817677
1073563
1617698
29298037
31978024
36660866
123022
35911395
34844235
38298290
10536261
4258721
8960031
35455309
33559604
2798142
5054
27393409
38053993
4628221
2027350
16590904
35862908
27884465
35468845
35468502
34321036
37049869
37178612
4297011
16075111
38275042
391978
33718067
531655
2116326
33357514
34520881
31090489
34000244
27891592
3226353
1254889
1817665
32234807
33222995
927455
1821281
1292575
34584074
32868485
560379
897200
38266016
35863454
37599821
1682811
37573495
221748
4090501
356874
30412402
38246013
35402272
35677096
36926401
27938126
729014
36566912
860924
33492019
35376078
38248482
38242740
36242782
32751758
33888748
1061693
406119
35191439
37630944
31171120
15812064
31668760
34281074
37504246
29816700
35578495
35104103
16067006
20210251
38226792
29011923
2397956
30895060
32400370
36938686
2683536
1215237
30030852
8306441
28040628
1580705
37270578
1202211
36965515
3233290
38205989
2229452
38202997
32362460
3783141
36243841
38196894
32033901
30032607
38107804
193858
37897187
33872657
32357332
1527523
38186143
37613983
37885598
450870
37832826
34770776
272740
38146887
38146735
1955610
2873444
3109509
3025749
32428275
530143
794097
20416126
543722
27871006
35045865
36136652
38167220
137699
36396523
37421266
37891191
37850855
37443632
37077649
36445958
30966897
15238601
31143703
33500262
36302671
37775950
37589374
843146
38030125
11177381
32021803
37375246
38156197
29621956
30610092
137713
29599544
29263308
27637423
524480
3024310
804540
38141504
804000
34854916
1871210
4596501
35810769
37926111
37866520
37853343
37868366
37626244
37637844
37663682
36779909
37850484
37483505
37487130
38142728
35861222
95502
506881
37973509
1480464
37925371
31760940
37841360
37802587
32313457
32597679
1795011
36206405
302410
36086321
29008745
3220748
29783402
36494876
36499818
2366540
37516400
5066971
1725275
16103580
29180438
306722
36452411
38127708
35733059
37061141
37765581
28350
35191597
412994
24250561
144055
35118158
37710454
38121423
37993205
29131494
2838498
1704800
3173826
32978286
3222731
37850759
37686917
139673
31817700
37212632
2812838
1582216
1375404
16011437
38115944
38115763
37953294
9326341
35452101
37836119
687191
1575777
2434834
5171021
35470390
31990598
35986100
35904495
2144614
2240618
31193547
4688211
607363
29614578
31313419
1170393
37077123
7337561
37842680
7074961
33156596
38030817
30767096
2525096
32002977
1716742
32377604
2431212
7625381
37722812
1534367
147035
581840
38030290
1497635
34689250
36540339
333859
35095077
34535980
38099640
37996929
2174784
37118608
15669209
29786941
36683373
32953133
1727096
1169333
2689326
34059329
32073992
2772598
3765911
37790048
38090059
537838
672965
31933818
37673632
828956
20244205
30106313
37930916
15797561
32409467
302774
32294965
36486454
19021
34481284
37590552
30654719
37351851
1630966
5133701
33671938
35301453
32044253
38054223
3543401
16256350
16694692
33936812
8264351
1461746
30878203
15797480
37516337
37363184
34251438
3376141
549311
37516298
36022072
37490479
27126532
30966632
36668966
31100692
20501644
30854756
2698598
95476
30766864
15539481
36780730
15752031
32903212
2332348
32306312
37794049
37792904
35448006
37081430
1401145
34106466
269877
16582933
14032221
37690739
16002893
1550028
2826436
36275342
1935268
37872354
7388331
1610857
37516314
37739941
9560641
159073
3129369
31222247
1575779
20430703
1150057
462116
32663767
2518968
36429170
34646422
36265608
35271425
358463
37157599
3195452
36052231
729246
32877949
348465
37160602
35498139
1538203
35141083
36905639
37773542
32250354
31076711
33738095
32333011
641304
16068579
32175246
29053363
76773
36625764
36272651
4255031
30631459
1186700
32886237
35650980
169492
15936338
34125476
3031596
1115011
2333808
31738109
38040708
429311
14881391
6278501
10309931
1550741
37943247
38061995
35841731
37201726
446146
37845187
36511326
23148
21484664
37532870
8127411
36677698
36755908
34940039
29032428
42430
8814501
37487649
37209949
30888881
37853989
29511895
9919741
36323018
197280
31609102
38063513
45009
1903292
193253
25255773
472204
37789638
37305497
6982121
37516255
1523451
35969386
1706675
6492381
32722142
1166558
2737814
35752657
27667387
37680009
6287131
37132112
6173041
36683714
20223091
29286547
37564399
16649122
30062930
32016906
3039134
37606952
33825222
757117
31451167
34985721
927008
34186435
2295436
37579431
7273571
37772164
2450842
15967059
31238461
37708164
21910489
15799268
27934963
32341099
34983106
37634041
37958032
29177743
34767872
1466341
34419574
31060563
8836231
35573388
37873561
1467802
35434157
37890622
60640
2531024
1145319
2534908
2649064
33519015
29267654
33167708
4100541
36052295
37946195
35614066
37885292
1193071
31844333
36010457
3823951
1193922
8158651
3081600
37779519
33757921
340360
22620945
33777521
35579537
32486545
113811
30924185
31235642
10706731
2696776
37043491
37999459
31763713
32750181
36985158
596250
37860091
33093114
617637
10171741
36749107
36470049
32043628
37910913
113003
36701673
27225058
34829307
29185926
14902381
33908192
31001411
37713901
8956761
29797618
7893581
35853735
15785160
16301122
31531424
35539734
513504
31424767
382396
36474159
32867874
309733
1258291
1691016
32363017
34614227
37567544
1318353
808880
37428776
35994676
32191890
33471284
37603730
32380640
31816469
33877604
36539559
10825091
31090390
30710232
37104031
33100324
3201563
7602851
2120536
36974938
37868152
33881532
7942951
36399323
60734
5859781
37443030
32779566
1541813
36344279
1275523
3208979
29151145
9559111
2956088
3057107
2534114
37855345
37688253
31208581
37862141
34407899
34370331
29505731
37371736
10834751
1688609
33014500
29523622
34516571
37590809
36925375
286780
35004027
2607962
36124522
37912021
1703589
1898766
30063997
34928117
872667
37844384
37121294
30459111
508958
37667091
4160301
37890627
36630544
37665863
30533152
30883618
35502663
30317077
36181902
37027255
37499649
31349895
15738598
1200324
709123
4986401
37194876
27937681
37420743
37991224
7406441
37462868
37593384
37541334
464083
37735880
32311466
36648487
7185
31326611
31677262
32820504
37785110
29653756
34352584
34617756
38025506
36564900
33680802
32805579
29793560
27381634
37726835
37344741
36770941
36992322
357641
37526980
971750
35100163
2845120
150507
330617
27453715
34469938
731466
833575
29968325
37884601
4331421
16124324
37075396
36435891
33490236
36467268
1270515
31536405
32419639
32333116
5733021
31913241
1088210
9940831
33441579
31870589
447681
65177
29755139
368354
33194083
31691811
2859156
1286661
32595623
34818369
1993354
38018690
2424064
1980444
37998304
167705
475697
32852520
674578
38017095
33687444
38014261
29518769
2783350
37990870
15738986
36006149
24451259
2069998
37094468
193843
34016023
38003559
33360044
2392294
37823935
34286744
37631066
32937126
16157959
6034411
1580482
335616
316961
36276701
35310219
36742325
37839669
33152906
37724804
37956374
32301946
418439
29320901
34451070
27917963
725217
33295735
32835722
34798706
37976909
6506101
2575512
34194840
34708704
20420599
16157877
34061013
27106591
10009821
70477
1636247
29888565
37962948
27957405
37963652
37962701
37962980
34306325
37234673
37680663
37953347
29596511
37950741
36016344
826882
37516167
35128978
1625030
36865090
2279522
14962591
16686505
24026928
16226389
37942349
31296827
31009306
37928050
7532751
143381
36691457
30306318
562927
30967317
36620751
37516117
36395729
37937221
1124579
34457060
2591540
37620851
3353571
2564770
34232370
183485
36693868
35599492
29244291
29064956
31773402
1078737
37059304
37204438
37931046
2696374
27338806
37928524
316428
494362
10141841
37694265
1631396
1192331
37891606
2523388
37903642
16455109
24232080
37514126
16629034
32485852
10143581
2297842
811059
253940
29618843
33909240
34845556
20248459
35652243
793208
10590531
35581706
30876796
35120059
32048504
37150861
27259183
37912518
33232042
16490560
35755669
37910698
33980787
33356470
37906284
31785692
1001945
1013046
1114050
37898671
37514241
15994618
37262792
33108783
3204237
32587297
882367
34560053
33642743
37779628
596167
10009841
994315
29083476
1453907
34905277
33859457
16395058
37497003
33141654
1261773
31890082
356080
35485494
34612461
34971738
1236224
3089392
27365740
37870985
36347721
37048273
713850
37688251
677893
6906571
60596
35286691
9957921
29187149
402275
2495762
35824107
16024560
37842334
1311210
35305067
32561872
37554475
12822451
1478550
15328071
37628550
6317141
2015776
29089
285078
15795455
34554569
16079220
32113963
35699762
36489386
9786431
30920567
37811920
30307683
3565161
475774
37474040
16892
37842496
32776513
35298136
1201572
35163118
30445940
31277460
29821968
34599534
16108001
32597240
34615164
37722725
17912113
15837595
1909080
30117379
33493428
33234437
154501
1115831
629458
34166040
34165800
35755132
37773136
29003333
1111953
7580651
37807862
34200013
31410994
2029550
36026727
27360847
31137134
446685
861785
36558642
9347051
30365805
20345905
1209529
35794755
32233697
16164000
29281537
32691256
36208991
452442
1431777
37804630
2842398
33551478
37804293
29059465
1480525
3023943
35505555
20388094
36158727
37783796
31668995
34768668
2433248
36556814
12188031
6970931
485069
36793121
1095220
10550181
1546064
1143187
2670526
15667131
571983
42033
36418555
34557896
37779942
31436243
30997028
31548792
37700259
4634501
24655228
30201174
36859743
34662986
342420
32378851
1220262
32188171
35549425
28174596
37322158
1169905
29044493
29255724
37299366
29033633
35167454
33953573
34991471
35757014
37763497
37513847
2021908
34396854
20605
2028388
15823687
315447
16139590
29270550
29793267
37029833
29603163
31789456
32238231
36693032
33387
2217502
20536720
287534
145958
37112272
37445252
777965
149807
2470524
37136660
37734906
1699234
541846
22979509
15812146
1610948
1502349
15771133
30058710
425190
29157047
37725674
11383191
4030881
37593386
3109944
31070973
36696017
6486991
34988794
32078285
15738802
224460
35212279
2035538
3015284
37686818
29534179
29593695
36411420
37684601
37728953
1959252
32127110
24064841
16417447
32844436
27958573
32322832
1844562
30434280
37708039
30548747
11752141
37721193
30559119
35834581
5798171
3118740
1376904
14926881
16168861
16094134
36977137
1383726
6723751
37715574
35340475
4545951
33326203
27970325
792194
29834444
36972622
37049508
16174394
2993250
6086891
29306649
29779682
34202620
35001511
754199
36375079
37701161
35898967
32353250
37513906
338800
1344077
31276467
25219330
1134642
3044312
1394247
34889021
33593739
2070960
320158
1994290
37700019
695919
33148824
33211106
27226657
14930541
55899
29132073
1232597
37688106
121722
37692455
377670
16384345
16634371
659560
367451
35284762
37534766
37496941
37590492
48114
36600020
608409
395643
36990448
16035161
27579214
32860450
11826171
1496098
37686888
33245239
34839033
1824433
8845161
194470
37603981
4509411
30622232
1590101
776676
729449
27166135
318816
23491594
32862707
2401678
29211255
255382
24807638
11523991
3081569
357391
33513898
16230874
32305843
35875830
3720041
30514259
32130833
37676249
611660
31190943
34334606
15800051
35790394
15616493
36299528
37616581
36073914
36865440
37289646
34016792
27817105
37418291
31572232
315870
16659412
37621218
273217
131925
36538189
29637140
3064046
368495
31414862
35586696
10070311
34306039
2519018
35395610
128215
30096218
32513129
36610427
29541962
15829596
34867986
1569514
757519
37373632
34086168
35053630
580779
33741778
481375
37522074
20565712
15535401
37544260
31784876
3221343
37577436
401743
33782946
465227
35277384
4273721
859258
3232604
32095661
33184914
15706759
29004204
36432558
20449939
36115311
1521735
32856134
36482028
13772661
539692
35541732
3049838
30713927
2137374
16553065
32262277
10044291
30658040
2965588
34168836
36886397
37499480
29077421
2994480
37626338
36286132
16033322
32221815
439038
3739421
27707434
1110679
15984702
2183848
312725
3062705
36237736
564026
12523821
1164446
30495123
32471573
4771651
37521232
33309867
37623069
1026292
2989342
7184771
30979395
33800868
33419701
36879618
37564250
34603420
34429133
15571651
32333477
35575651
72256
32620327
34689217
35227092
1605630
2056794
772922
374221
36626226
37623052
8425811
29071738
1053828
12433931
31088321
31868776
33778674
585573
598964
722220
33179635
32766551
29965767
486945
870479
1191316
764366
3110392
31843701
1208622
33269760
36583774
37631762
49101
37497158
15568441
37529503
37538269
386516
34600112
37628066
33477557
34087062
30285594
31491001
347483
1140429
33910707
85599
868144
35572480
2456824
36324075
2614264
32626780
37623035
37624508
32135047
1160592
37301013
24132873
338738
456881
2658158
32244163
29221194
29627687
35305339
33181084
36116131
22354
37578811
855302
37135320
37537228
1592550
36131957
32580444
15797499
27923560
31621167
36854858
35340305
603752
37573558
36521007
1990488
36115816
32276072
633539
35186472
36252149
384988
2514532
759839
1584424
842380
13865061
29572803
37339454
1777143
37564923
37208437
37589821
35987075
35838324
2332282
37586053
27944033
30552601
1532905
1549534
37620363
16198621
27373033
29161629
14190
3071446
27332995
32239127
36536500
16283743
14926111
31472094
12580651
27088933
16069970
36213874
2792654
2057194
1156916
35757951
37191701
1730799
31190635
312624
33528243
27397792
20198728
388483
420541
20248183
36277240
261840
4956101
251548
6772891
37851
37325344
37563071
29047613
33957213
30416368
35698235
30490857
29833362
27446824
20506300
1415034
34927714
2174664
1404628
29554791
2462996
30558604
7154901
1097728
27140497
1158816
37118309
590634
30287822
2772172
36200075
788140
191158
13645091
35134776
34890651
1920458
32165608
36525760
1156417
1413120
20261668
1072650
1725325
29160953
352285
31515185
2220796
1427500
2676416
6521491
881161
604329
32972159
572944
34402401
10742141
37592945
27057838
1944874
1251399
29649316
8112301
31985354
29000216
1231917
22242426
443387
21419079
943537
31909387
36832113
132137
36673860
2295264
864262
31534379
34781901
20662
29137371
31830663
29106706
842198
354956
141609
33673610
2072778
36528655
31557670
1673568
37379263
34444235
15723721
36767758
513193
33596611
30144752
35587382
32567851
1361544
37216834
309864
1062580
32248147
32206597
29134882
37468700
16519324
33259172
37480297
30603350
34578757
30428851
658645
33666015
1869134
30369656
1232953
16867318
1082526
37542896
36064567
34416599
33462460
29822520
36534988
16372579
32861543
37172251
33072704
909273
243019
29229144
31153256
1445473
2382836
5958551
3377391
34530
32225730
1051540
35055438
32426992
3183705
15710410
32080549
23080255
22268985
29506966
36109822
30903005
3012160
31429594
297101
4416791
8656651
32518133
1193445
1002313
812380
37512180
37546477
1274006
36244818
2787950
1988604
34099898
34564933
29991438
3219963
35445241
35845964
507929
595215
1344754
10991251
27629623
37242148
31684917
1727933
1628306
27874103
2371444
27899308
1688622
30620838
35763279
30239402
36449254
2452778
76934
36680419
753459
37562137
1990332
16051892
37551670
32065886
9254961
34932181
37562104
37301952
36422432
6307411
31810771
32762417
33170600
4006611
1748193
36479606
33839283
16044065
37243766
24699596
1477035
36680226
36388608
9976981
35183487
2643678
1171546
31170098
6730811
3016297
15741138
22647238
15778098
33243396
19819306
1293552
23179751
1480128
172609
33481442
414813
147854
3188441
689838
1630553
30204857
27453367
37049881
35520100
3156019
31549124
34610234
35623352
37151337
1356774
30463559
36920810
16083992
816865
317002
57972
37424811
1127451
30144133
37298467
3061830
1693816
31350064
17962
31418344
36618570
14466541
31469754
785703
35870964
36564488
33106000
694781
37424424
16162453
35303516
1299261
27564673
35989479
34268940
34293534
2496930
32738550
1563311
27820531
37444157
37483035
32761428
27123661
27498394
29220264
76077
16542901
35181315
36109028
4341641
1465084
36802009
33931225
34953507
870226
5502861
36960076
479143
15844212
36514936
37527312
35884650
34077065
37021809
348582
20178997
35550273
1266861
1090624
4442811
37051437
1050125
2569192
152280
1036937
2556018
199936
37347433
29217144
36621419
29241961
37497473
33419700
3182386
20473174
1862924
5278681
32760407
2836012
449884
245154
15654495
35450311
714402
35958680
34749543
37549893
15711810
5496761
36410330
501520
37112601
34873497
101070
36719945
2531218
15840919
37177773
33305492
866592
34942090
16370005
403535
15631017
7263681
1509125
3215890
36559269
29956289
228748
36573271
31845415
1375218
37546190
24602785
31370412
31909704
33123734
35829343
27756178
33220465
35335958
8829451
27364207
612474
420401
33417786
1375592
33746045
31803307
37228347
14833
30226434
4937111
35215581
29304691
32685864
32212664
20405299
2382574
31122999
29131195
34931176
784244
35560
1025083
27534160
36204137
36482529
202810
16092723
35510191
30496312
35693562
516066
787141
36202831
3105327
29271966
30364653
1194882
36452476
33337670
746167
1464805
338669
35640635
11809591
2089744
27889049
36165552
34850887
36726560
36267756
1711272
34789542
36394019
829690
37524906
34401083
2198512
34491798
1723492
1699677
33129061
34294167
35636973
1112708
973534
1155944
4137871
33080419
35160284
739417
3034532
35526457
1802863
1559883
30416253
31155600
29052855
35989124
16222551
34770777
35692803
45230
1088135
35255494
33690920
37059754
310796
1419097
29610375
713031
8993891
2831002
1962364
24470165
35141024
36180481
37501878
30320913
29241140
2980110
37505335
37433330
30992809
35712328
34662151
37433292
37433288
916233
37488592
874241
36059540
29183498
15972864
90057
33854343
1171155
8287
443190
657025
32874249
15729245
10059561
33598426
1583528
960934
32434075
31667243
33689209
16089037
16165278
30607864
35208418
34360203
20328433
35007052
31956783
32249266
27108412
8364271
34870878
33740418
31857009
36765087
30148203
2728558
35717996
1571134
653676
33168807
27436156
27320473
31381803
36573533
34580161
11577541
1171095
36445656
37198784
29088758
33979702
2288374
36817641
36332719
15752016
35491893
892688
16031067
36378265
31422966
33998332
36161710
37337142
1755395
2722228
16470988
34774774
36136389
15968305
1737273
1468439
34125624
2189616
6221251
1293750
67386
97287
1891834
35388899
772230
467699
1472177
30475980
37008112
21213599
30634206
31183325
27284941
9527361
595
16781602
555518
6882711
35956760
30006423
1103520
581469
36607235
49623
2743412
33756929
36244407
2092816
36336532
13638661
3030994
33046106
1774953
29606448
449243
32302017
621502
30243842
35663158
1146169
1562952
7216171
35976064
2630504
37295891
31990412
10148381
1102360
32357432
4419421
2874976
36049958
2246488
1305319
35560846
24157033
31920410
36151494
7212251
31110130
33227839
3579581
1114584
1695629
14094211
32724775
2568432
1688338
957137
31277672
32875814
2409936
31821114
211034
11198661
31753216
35407403
1236309
16681006
32384368
975628
33159288
23646979
35634049
34950386
20360218
9117261
1538350
30663471
32946820
15102371
36174982
469603
29172065
29309697
3173411
35912003
32093344
32299314
31737122
423468
93889
33754680
1476997
29543515
27298831
16036066
27766543
2336982
33027963
22407250
15997386
24328290
35667865
2737768
32257909
2605898
1784641
32824967
356041
14769831
36206589
33368138
7430491
3105319
32775926
32889690
37272101
31219844
37162745
7118951
36013974
14085291
16209142
33596879
1224345
497102
35412494
549603
44218
3040919
390494
10907941
12278231
3849781
1849402
795056
33485651
16470088
288405
398915
9392901
37251405
33754566
1577861
1096185
589941
32306756
34579550
15787984
75898
30851776
30052629
30838058
34859982
47199
15619100
847736
35269860
3025439
36291955
32664028
29785498
908695
3163587
30167634
2481492
32665435
34093896
36593969
33656580
37102501
538094
35457925
2651942
32517696
32875117
34753512
31644084
36768721
34476486
236068
30527987
2578742
586065
15700661
29209440
29168524
35575294
1963648
8397931
18875155
1095896
14871071
36113378
37353838
165241
1163794
29634419
32932631
32784165
36416159
36055612
35660436
21367992
469768
31633966
32322020
35312547
11501101
37257065
479987
36111255
35746777
20152441
35712214
30063434
225989
29642097
1029138
3530031
866086
27334408
1492780
35854170
2840548
37311097
35956664
1518776
7787421
36333586
34936371
155886
30512766
31472106
1648259
37424685
594787
2002880
9971331
15611015
34084624
633694
27903371
5154501
37430215
1751951
32194286
36412704
25016445
33953237
33075417
1508454
29218499
35160557
35638176
35214941
37334300
727236
35567786
34154008
1291169
3303837
365639
1467243
37425618
467281
36568935
35148653
36399164
29155833
2363928
30920027
33886512
36213196
838749
33755022
35326018
34987889
33949096
6292001
446889
757123
20391718
27881254
37421199
7764571
33892204
29551485
1462015
1500327
34547056
35701676
1341149
370967
326672
569700
16225156
33266287
4132931
35401009
311214
1305889
28022315
29066400
16396624
32903380
466500
1329218
16600822
31955030
37098161
16562971
12693151
37047324
774335
1764329
2029812
34676808
31756422
34340446
35997913
32856967
33857331
386213
36320428
3058507
32819697
34891402
15667243
663774
1177316
33199695
1694941
30679721
35098874
37235728
37353968
212384
16655590
12756671
33504882
36304731
32928954
34232451
36263795
36437426
897332
33473240
1246984
30035069
3239683
32343556
33829876
34970169
12459501
29596609
29673051
9220561
27548944
8135291
31669455
31946795
33897741
32422081
35363777
29107019
35206336
27565969
37248836
33504965
36812958
30659547
15701011
2830814
31753008
36188584
32092646
20385562
33521438
16232743
33639518
36094392
1370750
500839
37103175
3194011
32335665
3047032
9663681
58238
2175654
35706338
293374
36014370
30749014
29573068
1274606
30823226
34020987
8712201
30621117
32209692
35561158
32259939
31297544
33740327
2443332
306622
37295073
33565521
12059191
1502211
33371643
24397137
64135
9182171
20855303
3220985
917635
35980682
1417532
35868575
88824
1131788
36098654
23602631
219069
1403021
33490641
32693201
24404997
27052183
30764203
35944277
9897431
29957110
352990
11295
35755127
277351
33979661
27882296
35020479
716927
3084704
16265641
34234363
35145246
37054012
33705619
1208243
348802
2268682
1965620
9915441
36023064
998957
36346303
1307225
6286601
36208662
20273317
33796555
33113932
916754
3430711
7868361
338803
7147121
16445740
356914
2675340
1025280
265807
469051
994295
310368
36316614
33731680
27914683
37418301
915548
35343817
2840952
32352848
1747579
36342850
1668407
2787512
1559234
31221711
32944515
34168954
2339528
812410
37026430
37168576
31965164
4551121
36222883
35029058
32164688
2540084
429995
33250533
29241296
15837069
15679144
539828
16008273
1488056
29062726
2501430
29469991
36422006
33740996
10806451
16049071
32024217
9604271
27022555
1502356
15168431
27351742
29659327
34997129
3047909
31278864
37296165
499777
30960773
33430333
33791742
215257
1517243
29009582
29925569
2226490
35632167
2048896
964637
1312582
36465805
930923
16425502
32125181
36931932
37380633
30598606
35594471
37323373
33430093
35511833
36925844
36666088
36518581
22826122
894150
782533
36774493
529570
3220506
94563
693986
36890221
33638833
1402057
29887024
33374580
33162704
33722101
1322608
36982102
62635
817308
15765559
35797268
2323054
33945617
35056940
35683194
23695829
30901030
16196176
34936975
27255592
27059224
906568
37330328
30122240
15696618
30859644
16798735
739402
32442317
32025797
5742861
35848891
14910451
31437688
20310952
35087560
34349554
35051047
22806863
5924481
15720267
36027762
4064611
35573732
35664865
36370588
2892794
15800073
35589065
32976079
332862
34164035
344983
35912758
36638178
35489533
35293744
34691783
35823177
4341061
36223170
2864336
251442
31057880
817141
29992699
3991201
813595
1499188
109041
36061019
30977520
16088218
8789621
32379681
20551339
10559921
16062164
341756
31027119
2274000
32424206
31614681
1407008
36376935
36586573
16369510
31247507
31334146
15670127
37250090
810606
32031508
36045137
2296424
758011
3133376
32542735
15972960
33403910
1404797
9556101
13825821
20169121
22333350
36054204
516765
35490514
216144
102652
33719282
33454189
36589939
10321711
12471661
35132074
19157362
4466051
10111761
27554317
33237249
880499
4522981
36142635
227510
30137038
27965453
27257428
2367066
14162821
1177930
15829710
245725
2812258
2569082
36102325
1140447
34551922
32552021
36213587
34604925
23062501
33712028
34854576
1204764
35809560
34441974
16176366
34112038
471078
34251417
2462972
1561952
348705
16167469
29122409
1720014
2854614
32460313
16090716
1007550
16054127
29145300
830065
36282498
4182271
33119158
27109402
29903073
34607156
2190572
2810214
983114
1563749
2683970
866596
318589
12339601
31649667
36576341
35155098
27559873
37182818
13797691
16028703
33102161
15682262
249132
587963
36050257
15832793
1523452
36992274
37254757
9802251
37111283
17341
15690715
1809881
31434096
7321611
3122373
30924486
34021477
33105848
35736619
36666664
30944288
1482263
7474171
37234954
37230188
34445265
37047665
1492302
36301675
33471300
35827819
1822837
7410461
37093544
36189281
742510
2852112
36295363
308206
36195377
151967
30219239
35648987
849318
3654451
37325230
1372564
15689438
29680931
37217701
1810157
36562156
1722822
1886852
928407
36623461
151503
27944617
32540209
35769485
6275881
2810584
63378
3100811
34278609
23611534
33490376
33446198
94091
1610813
3078840
3237516
37127078
1765385
36586205
889383
20523502
37290276
27928193
37292563
28094275
37273877
1245684
27935593
445717
2117428
2602410
72082
37048391
37261966
188549
443469
34810223
33774277
37255335
889924
37070519
16335217
37178043
35703455
11059861
36148086
29564986
37123750
36058595
32140582
37127139
884061
29262487
15834143
32313523
24199387
34000010
31882906
16235182
31317053
1646518
37235630
429187
35678021
37222900
37222860
16210298
37103833
16438960
10325951
36576186
35095863
27486112
1019388
36304422
35226385
29802461
37127113
30593793
33317817
35388257
37198383
27917882
30734802
31624762
37182435
3162055
16787581
4993381
37171803
33665744
36475063
37164254
6373591
66665
37148054
34159315
25872
30078447
35727758
33596861
1274200
36583105
37127115
10809621
37023570
30220183
15593523
8745501
8182321
36153994
19456
33846879
34736015
1296731
35491226
37079112
32816441
34064706
36692576
112267
819939
36661015
30735937
801473
8878151
3744321
5840561
546649
36404184
29058616
31861188
36023056
11304551
33753038
37043833
33597734
13825351
933983
37050997
36656233
32130725
36310347
37041659
27341227
37040949
14514
37028700
34323278
5406761
15732297
30144006
36862555
33518320
15737742
16170336
2124806
37024761
33656516
29819802
34708949
498897
35250484
29918830
32632282
31008709
29016724
20155270
3184990
262480
32725380
30829801
7503291
15596225
5731651
20353144
34783796
3063197
36777790
36825089
328626
3192507
35172277
35104523
2379616
32854446
1850356
1165880
8341251
35069610
35864759
52313
15710218
1849758
16073206
1349843
30586230
280475
33832904
20429890
24037040
34748427
35814283
36300336
35063827
390924
32178169
752967
36569384
9043881
5994931
1225070
62523
1890788
1459572
16026266
33372140
34418394
36110097
16001514
34582002
35295857
8014631
36764860
3091284
1117475
29501663
1365886
32692179
36198175
35552161
36922625
1475448
36711533
36637954
35260708
36805279
1154961
34598634
36824820
1546084
20470729
16364221
4831451
5229951
4121241
30292427
15462051
1496146
1267082
1608711
1099276
34924217
35936718
36664911
36282658
36761762
693978
768294
35841616
34440335
2596114
36779666
2502968
34257553
29845179
36659701
29093079
32132818
30479845
32543131
36327107
48946
29896022
36060129
36482426
36261291
35085395
5154081
3067464
35986072
34325371
36619761
1924516
343390
35776862
191777
50422
1612273
36864900
975165
15099071
1623916
33142648
36484394
895290
848560
30840681
36917492
36766421
36902359
34244876
4786481
36040285
32336664
30479157
2340084
31879493
29524406
30928525
1769633
11829551
143639
34344312
15760788
29319433
27967471
34306321
7092321
3055116
36002724
1363195
30479474
4023121
1521087
36814615
36762829
36123906
36769605
6307291
1052874
36654419
31833715
531978
36793881
34592825
36784525
33475346
29336967
13808151
35318227
31186639
32115206
1745065
34263399
27687142
36597012
1011340
32930827
36298704
1842916
30980287
11643231
20163121
35516148
36543182
36658843
15717882
1268258
20454124
15990867
12396591
25162422
29138692
639822
32554504
34494244
36165207
12545151
1301507
314498
2326152
2977690
14934891
32840141
872941
2797498
3231064
36432575
33307638
12755601
31546456
29208298
36655420
1298668
36536033
3057643
935495
29085135
35983367
2780880
4171421
36649693
34390150
936611
35937748
29565709
35482588
528290
31968189
36638010
36466578
8867831
2954760
36510389
54668
626533
36622363
398945
29902611
931
33358197
36581096
29323571
924207
36327691
36395062
35710349
32283006
27865975
36594778
3858841
36525623
829997
2710114
1418566
33967482
16710979
2969868
30228110
36306109
105841
36561846
5392241
848461
35674895
2519236
505380
277420
33672786
27233215
1870502
16636972
464249
35956691
32759767
33745501
1164359
31262779
32446423
316634
36292045
11188021
33773658
1007746
2890414
30280713
36423833
8898841
34785554
16094172
36515770
36521890
1585915
35017462
1039623
10350331
7459551
219500
16596358
32669976
30280692
25444690
36508234
34377441
34111873
36505210
32624935
36503942
15789436
10437071
32217369
32053110
27918555
16198716
35120597
29092166
35595701
16045537
22696320
36353416
451855
32718041
549368
29333654
29591225
2799634
3817921
1521589
35404855
36375907
20314600
2595436
36479005
31811984
32174075
31220497
27814894
36474119
1430848
34198622
126670
315760
218094
36444626
308564
33750210
1000205
473133
198228
35257421
27679414
2027588
12531961
31623338
2232520
1651365
29899928
33511478
4426051
32402450
36406535
36438933
96012
847085
24817960
36435178
1675727
36432224
32784715
32430037
36333406
2631976
778470
36429386
35551825
1095655
257466
1242800
27160186
32347833
30693515
36410813
36309777
642891
453308
31658370
35696287
27425275
20291710
33231063
29941809
35395714
36362831
16063880
29228686
12180721
168310
31797942
36335589
76611
559392
35870136
192611
3142630
670685
36057011
32362896
33872590
10120261
1501254
36368416
2149378
32835009
32312844
3053227
1932870
36362803
902583
1124338
27845707
34335512
83167
27659821
33608416
36305051
27078529
32630926
2219780
1834008
36335729
16680160
1716355
31700979
36158078
29620130
1602445
320480
3061918
34475013
16210810
36349969
1026105
4306441
206391
36346234
33621348
16074236
35737124
36341590
1158271
36340921
36340477
36338474
1139473
1616532
33909764
2563156
29824202
927925
215587
36336044
36061359
1680728
31448101
35191708
7290861
359395
36331764
37990
29205392
54213
20428294
34512042
30283038
2127230
32878447
2474340
2896368
36244142
29166949
290754
2600148
32388275
2353958
1062103
601663
2161562
32821368
33787992
12802
1077553
35862033
29091894
15837833
27014281
1051636
36313959
27908659
8291991
34485426
36290947
29233080
36158318
36153868
33305692
29832069
29522024
1940864
33733730
3148786
1875182
36304182
2444046
36287088
29020074
33991143
493911
1284424
24609028
445899
6679
36296878
32599496
36295802
34660881
31097311
34972553
1545004
5058081
1250749
33691352
357237
35949542
29887942
36287808
36253880
30938099
35402117
242076
35889344
34612997
35876232
32961177
35645195
31484534
24092599
36278264
35935601
34385823
33541869
35283128
15557366
36262477
35882311
6910
11287741
36271970
15769915
34394993
16061139
1563100
1623098
35889599
32199393
35917006
36167597
36266306
36117148
34013442
1387033
30491152
2920452
32488535
36238523
120594
36043241
36042130
27634156
34550986
226461
33007578
16352026
36256066
34634128
2785044
8859501
36254760
36052668
16101208
36254400
351898
32559966
1848748
32689622
15560080
36251103
34148866
530280
35663695
5730931
922681
30811539
4622561
35912924
2527814
165933
2178660
36120562
35246303
467773
2136142
32096735
15669026
32622700
35394587
36247580
227988
27937298
29326128
36247148
1349803
34408869
1412537
36011096
35672441
11118001
32711777
34266608
31707238
35999969
29737098
35701931
34846855
32175785
32369536
34511692
15455571
10760441
35747161
39360
504704
373036
31653362
36085127
33147620
92863
35748379
9687641
35609446
35843719
30026905
372577
36060471
35805333
30806202
20184013
35549748
1739719
2090310
36078582
30944046
30570557
207637
2162468
35949017
34513160
35728675
1091965
15749141
1966870
181600
1588684
35284839
35148594
35039678
35952741
35833861
34487881
629076
35400172
35587017
32979253
31094396
27122866
617528
24804214
34395888
36084934
35122480
33338372
31690578
35986433
8046881
34903639
32087003
12222121
1499307
35910173
34078104
29834706
35732475
2368364
36239054
34498209
2288902
986947
36215514
36076792
126662
15690840
35549764
34950087
1053903
2718738
35059806
4860931
5462511
34085850
36229838
496610
36229266
12151561
16070873
34085804
954628
3112718
31748986
34549937
7546591
27933711
36183916
35655139
36218369
32322986
2418850
15814942
36216678
5681331
2830612
30236803
1239972
2937198
9933191
1023970
580544
33604734
1758631
32185231
32518543
33864216
1096270
2498690
30229250
8801351
30418073
35704194
34568382
29625922
32923011
36202826
20450245
36197576
36142896
31587559
36143618
2273704
10711951
2480860
27138115
35545748
34960236
1893828
32261772
34256482
1702174
36184748
262955
31316635
36180401
180294
1462323
30493564
32561043
1000923
335118
3099161
3118119
2620560
30584948
36174269
7951761
30852231
31323824
34738246
36052597
20410096
36045761
35919054
35932332
35932724
33669677
35919109
875144
35919359
35919415
35919467
35922610
35919522
36171710
29014324
1840568
32551949
30363743
30332811
36159250
36159271
35919882
35920238
2996066
36168433
36045739
36045708
36045639
33855558
29200380
36045525
3394371
36026995
672506
33519359
35744668
36018978
36018657
10420641
1294736
383229
237608
33822883
35066345
31614888
473810
1041538
1005914
34570559
31143690
33178885
36159055
15764692
296750
31632691
818955
4433821
36012652
35314358
11208581
31554685
8924571
1648253
1386880
3185808
34144549
1388185
34085772
1898930
36116340
610984
29254327
429867
31940961
741512
27564667
1167248
32285173
31763060
6499981
2270034
32974354
170632
36137424
32365879
1087434
417079
16611424
8458681
501501
1631158
1618439
522645
16040877
34384747
64577
36118183
20269321
675521
33865243
32609907
27573856
224686
365148
31353623
741682
336159
35266426
36139989
36139694
36139539
16588261
132056
32705406
29009804
34108609
29267027
30508699
35206503
267648
15149281
33988740
33589298
1397545
994716
135120
1286235
34830593
35074587
126300
370435
32330157
29420
35478329
3176969
1315785
32552947
1110287
36130407
15605020
403841
36129370
32306230
29216257
315013
1244765
551062
188903
7338381
31845784
314165
1058090
29501332
33599119
600355
29640031
11004781
15685236
9939
36119987
31792350
35973210
1820403
434321
34821262
2518620
33618340
879494
35480674
188532
34743773
35106960
31433734
816270
1094
34925464
33842350
20456914
1238412
35441909
27936585
35428624
6323821
718097
14788301
636434
16708873
35474705
29051972
20302312
1725046
33314325
3120354
95180
34648445
32031740
48214
36099138
32176103
277833
15273751
32904059
31796644
31549745
1659314
34085752
710658
1438531
5331841
27129682
2824172
41237
30123025
13944931
16498333
29094601
29025894
27347215
5287711
35342463
35573811
35344054
36089250
36088964
3185736
27902881
15312761
130909
30961090
27908763
395362
29305668
31762932
34961608
36085804
2797850
29073882
35879996
10995811
1723486
34767507
30984717
34230146
27925569
6698311
3057397
1696371
3231996
30408425
888075
33550190
251661
8226211
34212989
14126761
1043653
418194
2935808
1089016
36072492
16444237
29544783
30201284
2444876
29173713
27885502
30084462
3168700
34282457
34708009
1626449
32288741
2194822
566478
104937
116460
2783028
1847784
31869076
31008489
141288
34980572
24387080
24978
1425569
34521755
16144418
2395060
32019728
35401586
15642047
35972730
32473050
34096171
2040858
34553402
36069961
34378203
12532471
35107365
36072362
29097157
18720697
1374245
96743
14030851
1460058
352886
979089
372916
157607
30637028
35665209
1966026
2882012
301491
1316340
275127
34666775
29974882
2462992
32395193
747770
3018337
79471
2136786
923149
1720914
4875351
2526276
24789704
5145121
3199051
2021770
233492
30626691
35294013
625343
32825831
15672692
793765
614316
29811414
31080127
1022935
35465359
35650744
4934521
27175597
32365085
10388901
15658937
33615916
27599251
32468744
32319784
35355781
2130152
262979
920716
16009668
3165825
1942724
534213
16347220
351876
33470462
11258641
34874562
2788422
16115955
2175706
32835407
178291
208238
188058
262194
136839
31209069
33316776
377920
35356466
418020
1117559
32202291
1917754
29029432
