597316
43762390
2782366
8620191
45222572
47663542
1450237
47857021
10887981
33610498
40574364
14382921
37962279
46592628
47389416
149574
47838291
30229260
47757434
36058595
47698924
27175597
47651446
45176306
34714895
47652747
47411493
1563881
1701337
45510587
9801691
47358620
833768
35949017
32676884
484918
37422961
44070277
14505171
44599867
14522191
47433838
47452605
30430820
47349661
47179247
30136276
6002901
16652077
47188647
33028865
36703006
2238228
33667720
1993354
45136485
30664623
33548178
47059930
987929
2864498
43184223
35959134
46487027
45235954
30283038
1156916
156376
5666771
36473370
42297858
40765587
29931219
39672592
32685060
46213120
37183393
35816075
37350815
40903138
40818502
38504120
46750391
46514375
33597645
34656089
46729888
16050617
38538968
45741227
29777439
46219823
36614252
514070
43376737
37951232
44412070
15583108
46424470
46460529
46457121
46085782
46431669
45820839
46315435
45830718
45450183
46343067
45184976
40144312
588088
46006290
46314871
34039531
37321660
40344160
44909512
952584
39007267
46226352
43413766
40467667
46132779
42734274
33012343
38957184
45225367
37043833
44125328
45132026
44027486
44030022
35874337
46210069
31887466
42162600
42699517
44851715
45082986
36660866
1619907
15231521
15828281
31811984
40940986
29574359
46128127
46036685
36887514
44459233
33864894
30008136
43076820
36783488
41689901
502799
45259581
42586385
41569682
954639
45573792
2186258
37787672
44775968
34176815
45316213
45471556
44225465
45459010
2574908
27128602
29638879
42584673
33028937
36485470
36726098
44572569
45212440
45109725
42200942
44182551
45107850
37114522
45055193
20505799
45025557
289548
35192754
43686943
35300210
34271915
44911373
36145887
44129259
34844519
14938371
37313925
1477035
40304817
44812741
12128141
34884676
8892541
35787021
39498303
15587234
42279793
33843176
33461345
38630457
44114714
771064
31172637
15420311
32288681
475697
38012361
36132341
34297224
1473720
42440304
44513121
38095687
16099995
44563047
41170699
44442114
36149962
44235508
38181860
29015921
42913775
33565098
38099266
39517521
33052341
20390872
43016837
2566714
13825821
44332766
36766421
37609810
41514691
32390084
39480855
32444603
36233947
1368322
36645695
33455400
351192
38067335
36863105
35971388
44113918
44003248
38894847
43420491
15652765
42527675
2141954
37191019
32300368
35008493
480783
41303431
43999564
1910430
40421756
37048405
43956145
38034973
5815311
34829884
36413583
29226796
33881883
31654607
37623667
43889635
32133313
43535978
38870132
32512868
41963216
38564916
43698619
38531018
32352848
37061663
31766278
42993963
39604976
36200075
42986642
41591751
40374533
35356466
6796441
41328521
37054012
41505538
32454918
36957144
2268970
38594007
37642160
35640554
42235052
42845180
34202335
33150806
38285285
40720638
37978482
39666126
1171095
42965279
4255031
36722553
40287750
412971
34313704
26105
36845327
32182070
41363461
39969276
41441868
34664661
42592435
3055894
42728309
34128392
37881385
42645532
42493305
2215016
13999431
42418833
42351495
42233996
37871689
35586471
38182077
42059970
42005382
42004995
36449254
33015800
34021836
41905876
38910283
41725586
31916219
1310439
37545051
41645642
423574
36168038
41480474
41447038
37721141
33228745
36274489
2831258
35497249
41313466
20314600
39865839
41207821
40865490
28137
39829462
40005999
40719322
40980675
40328496
36625764
35322329
34268940
4720381
33178885
522830
5658921
18128
38866331
30717800
2050286
30567215
40255469
40232026
37947145
33432979
33232042
1584313
1502349
16445740
39894049
31736506
29311548
39892669
33580409
596167
39858752
39826347
32325098
24294931
39662614
1225764
34261097
38233811
39462480
311546
33618340
32367435
37781885
37836622
33194995
37855931
38661958
1893312
34135252
37076955
37873266
33471284
33187551
31313419
20172814
38962779
39018246
38896503
36991232
38204030
38671921
29185215
38777995
997522
36834514
30444363
38697533
1634403
37649718
38594102
38640178
38322629
38003559
38209809
37580198
33596879
38353535
32426694
32389844
37041530
33738435
30007773
38430925
30101195
38373834
347700
27937681
2230652
36299528
37049869
36742325
3226353
38293148
336159
38265704
38246013
531655
37979149
27889049
3109509
38141504
37094468
38030241
672965
36583105
37930916
38061995
38048458
15596225
2550754
38017095
36696017
37150861
24451259
763470
1467802
9347051
35580368
37234673
35310219
34016023
37779628
29071738
29564986
181052
37962948
37950741
29541962
37262792
37934232
36656233
35485494
35019422
36347721
20261668
35757014
33046106
37684601
885936
36538189
37700259
37639324
37551670
37558894
37548046
34257553
1688338
31649667
36654419
2630504
502382
11353091
1322549
36342850
1562952
35091908
37123750
37296165
34360203
13797691
37127078
34736015
465102
935495
975165
37198383
3405141
37178043
2618508
1019388
37127139
151911
30498899
359395
1834498
32301946
36392766
35727758
29787255
37106784
37079112
37041659
37040949
32669976
2151646
754642
1200306
4254781
829690
1898930
35318227
34856477
36525623
72082
36675191
35710349
36721236
33307638
32554504
34218848
1097728
32698748
31546456
370225
2987374
1249292
35983367
36594778
644103
36292045
12180721
36568176
36549170
34407263
2394078
55478
30280713
36537266
13969801
34934984
30280692
34111873
36327691
36483697
9203231
36419624
145958
34705155
1895100
29832069
36371874
36371131
36370728
36238523
36305051
36366690
316333
36335729
35246303
33490376
1169376
36208662
36344715
36344299
2353958
2871618
36252902
36117148
34950087
36142896
2136142
36257978
12711541
2830612
34384747
35390395
36076792
737978
34061238
36197627
440575
36171954
35478329
36159055
856287
30161279
34820068
36136220
33305692
31670149
32306230
15799621
36122558
36072492
14788301
126300
1055997
33964908
2270034
33721407
34085752
35573811
283487
34190219
16155183
979089
27885502
15559884
1441522
32222425
15620023
2873312
195104
2783028
29191617
252615
5287711
2811256
31020841
29999709
2943264
32522806
1472628
131468
25392830
2977432
36028228
34845014
203473
1043127
45026
596531
32825831
30330786
6586301
740601
1857240
2632766
15623990
32377444
33877527
2488200
1695917
35849191
9965971
33085387
3969731
32620597
32819697
33824743
35976180
2234476
35542288
34085698
1413713
454122
27267088
29616322
35886829
30529092
35643370
29584060
1182585
34508594
35652721
886367
35196470
27757705
31027722
1597903
457740
35647232
485116
29052081
35593244
11967091
35577858
3707691
35141042
73744
35473573
35475318
34497385
35381471
32543426
2834752
35346368
1501376
715883
790656
35305862
33665366
35038673
32621003
34385049
34947124
33849889
35263096
35040168
1498719
32629572
35186274
559985
361339
34471501
35074028
687191
564812
1511737
35053786
30242089
35046168
34526963
328846
395497
2354404
1195626
33478703
31586385
16484149
35007179
58238
595215
3309341
34106110
15812064
29663232
15798631
34444822
27871383
31689226
6066931
1473333
6299361
9961841
34948104
11475361
16768387
27927027
11602781
34910235
787465
7338381
15709420
34859173
15414
29083128
30656400
34822330
16156280
33811255
30586215
34711755
16653979
34784795
32803683
33940040
1680003
1245593
1085669
1397526
34689292
30407419
34442237
657627
727236
27679411
33494783
2043944
2267930
34475932
33196227
33541730
6880751
1106446
34612634
1179102
1857358
125306
33778662
31435765
33687535
33158741
34595217
1053903
32662280
11229861
34613687
34611152
119376
31448506
32355871
11798
34585921
15566173
32044253
36050
34345185
33938210
33412588
32510503
32415677
32364855
32314150
32221194
32169448
32093729
32041667
1877530
31860760
31838168
31821928
31765837
31763395
31689709
31567505
31262351
31261749
3196174
31153088
30976258
30771120
30476977
30476723
30473131
30328600
30282908
2730236
30228836
30166317
30141909
30140452
29924148
29813872
29795138
29573578
29507939
16131003
29310534
29285963
29278965
29220393
29217894
29161325
29119555
