35300210
41287492
46345088
40574364
47663542
40442860
35657092
31394077
47752079
1092136
30348316
37191019
35949017
40168236
34268940
30229260
44070277
44599867
2560106
1313728
47368273
41571299
47452605
47435147
46689782
38215952
42297858
47179247
43376737
34815842
47212855
47188647
47223195
35848891
35106960
44235508
37590878
11967091
16652077
885936
43184223
47025427
47020892
47018001
46487027
47004168
31995113
34664661
29931219
33667720
30664623
37199454
39672592
34321591
15652765
596167
40903138
33012343
37183393
46559119
46803804
833768
38504120
6906571
34656089
571983
31641561
46751093
45023377
45787273
44165505
39645605
46001613
46648265
1634403
514070
46549382
29027196
1022861
1310439
14522191
46210041
30790382
38538968
38284073
37350815
38181860
33816330
33298365
43686943
46213120
16117522
6299361
1460367
954639
36660866
42811248
46219823
36092519
43033878
44144004
37951232
33052341
46454010
2831258
44412070
34844519
16050617
37638400
46006290
45303065
35024888
1564659
952584
38300443
45830718
40344160
41871077
45450183
45184976
35703455
1683427
39243483
30450729
45719378
36887514
34854916
29638879
45244552
44214452
45032157
34884676
44442114
12128141
44549923
33565098
31654607
38095687
34243702
37609810
41648804
41752041
44340561
41514691
36863105
33455400
44168690
38894847
44141251
44140778
44085511
44085570
37054012
44007420
44020514
29584654
37921378
41963216
33015800
36313076
15990622
43907326
38564916
38531018
43332102
34288861
38099266
34725190
43533752
20201428
43140368
42993963
35497249
42986642
37061663
41591751
38182077
28137
42592435
38285285
32182070
3055894
37096030
31316544
42726156
2811256
34261097
41547182
90796
37855813
33208975
38425091
42447539
37871689
41884150
2050286
33188785
39423203
35356466
35586471
34021836
41689901
34470821
40972605
672965
31030722
41459138
11277471
40970290
40405511
40273966
40272642
39702742
39703712
39978674
139709
38800942
40328496
40607418
40600904
40306830
37794049
40437157
27123661
40370993
38622085
35191439
33232042
32405332
30007773
35580368
3063314
38519686
39995798
38972138
38886464
38886514
38886256
20172814
38676955
38663403
15596225
33471284
38147231
32211557
38275042
15134401
37928050
37817928
28094275
37624508
36312601
35279453
37123750
13797691
36583105
33596861
36793148
32698748
36432575
649802
36655420
1642839
35690568
35482588
36366713
36292045
27317245
33787992
34008691
36410813
36362831
35390395
27078529
36297461
36278769
29968896
36060471
32522806
36158078
31365702
35919467
35919882
36045639
36045525
36026995
36018978
36018657
36012652
7784011
34842004
31658370
35896932
35811103
35810971
35811340
35811407
559670
1413713
35886829
32004730
29616322
27267088
35810910
35810867
35926774
35810490
27757705
35814839
34240403
35810416
15559884
34961608
35708425
34508594
34857917
35584341
34755584
34427319
35119758
35346303
35346144
35360234
35364353
7780111
35365833
35344935
35127103
35040168
35263094
34385049
13940991
600990
35053786
29308413
33778662
33968532
9961841
9631601
33750074
2194976
1464484
33663611
559985
1397526
1507355
34847197
32234341
34841452
32444074
33849889
30242089
33811255
33575841
34818170
1053903
33158741
34796596
32496777
11229861
34606773
34450846
34449261
34449236
34448930
34448884
34448833
34448804
34448766
34068971
34068717
34068582
34068319
34068148
34068051
33842081
33841903
33841541
33841304
34112502
33832825
33763813
33735172
34427418
34429344
34429175
34429050
34428916
34427791
34427729
34427658
34427483
33792189
33995396
119376
36050
31365609
29085620
33946798
33706852
34022153
32300584
32495626
33866589
33073323
33720587
30572904
32469717
33661730
33652931
32469495
32469392
600355
29965545
32300613
32469967
16029199
32327291
30966521
29220508
790656
33228741
32295746
32318473
32307946
33172793
31896002
33101406
32544216
31917127
33116657
33025836
31644084
32308153
16175276
32961177
32935830
32935138
29126540
31622540
32892341
29099868
1537701
5013551
32600628
538043
382119
29663232
29124792
31573370
32479005
2350512
31849548
16088207
29231809
11798
31207779
20387101
32247188
30551638
3149803
31947009
16695088
1088701
31128614
30746328
29099432
1877530
31684310
31419091
3136674
31592081
30414502
31245269
30253633
30774120
3212906
27331834
181052
31246012
1167248
2523954
22410569
1639228
1105856
1712784
30896732
29594248
29546968
30382692
30447703
15741633
1349101
29754235
1898766
16029394
29629162
16023074
2174664
436144
1358847
2716046
27834307
29151232
29083185
15993675
