4
10
11
12
13
14
15
16
17
18
19
20
21
22
23
24
26
27
28
30
31
33
34
35
37
39
40
41
42
44
45
47
48
49
50
53
54
59
60
61
62
65
70
71
72
75
85
93
94
96
99
106
107
111
136
141
154
159
162
163
164
165
169
171
179
191
193
199
206
207
212
217
220
238
260
262
267
270
272
287
294
297
298
315
316
317
345
346
396
417
423
439
449
470
508
556
569
570
688
698
776
790
799
810
823
832
864
877
905
929
931
941
947
965
992
999
1004
1011
1063
1074
1094
1125
1204
1208
1358
1372
1373
1503
1548
1564
1576
1584
1608
1668
1700
1721
1726
1731
1783
1884
1932
1957
1992
1994
1997
2094
2125
2134
2142
2149
2157
2250
2385
2390
2392
2472
2530
2590
2601
2617
2646
2686
2749
2789
2795
2806
2823
2833
2844
2864
2985
3061
3103
3200
3255
3263
3286
3288
3446
3483
3573
3583
3672
3867
3971
3991
4385
4557
4855
5003
5042
5077
5216
5270
5288
5411
5425
5486
5793
5807
5823
5824
5829
5844
5968
6031
6033
6036
6428
8135
8438
8519
9701
9942
10094
10487
10520
10912
11220
11295
11670
11798
12148
13255
13524
14190
16892
19412
19456
20662
23148
26105
26625
26821
28137
31254
31744
32253
33449
36050
36163
36397
37102
42459
42825
43073
43925
44218
47329
47606
48809
49101
50422
50608
54202
55163
55478
56181
58007
58238
64016
65062
65177
66849
72064
72833
74024
75471
76245
76773
76934
77617
78433
78807
79361
79724
83166
84265
86720
90062
90796
108944
109008
109049
110267
112629
119376
121259
123022
123128
124891
125111
125409
126670
127793
128693
129858
130444
132137
133686
138169
138888
139585
139713
141745
143381
143486
147854
151503
151683
151911
151922
152155
152280
155881
158963
161682
162537
163356
169492
172673
173274
173389
175457
183485
185778
186468
189442
191777
192998
193253
193832
200647
203473
204536
206534
206930
207513
212440
213781
215587
218373
219392
221748
221797
225028
225257
228748
230737
232727
232777
235720
236628
237103
237901
239375
239964
240316
243072
244152
245154
245725
253940
262103
262480
265732
268813
269343
282534
285078
285500
286780
288405
289548
296816
297460
299563
299696
301225
301506
303345
304172
308564
309398
310165
310368
311546
311770
312471
312973
313936
316407
317764
318429
322504
323064
325126
325649
326443
328368
328819
329674
330965
331561
332862
335616
336159
337687
339390
340360
341734
347700
348802
349648
351166
351192
352285
352990
353717
353810
353946
355698
356041
356914
357736
357778
358146
360198
360298
362721
362835
368046
370225
372677
372916
375073
377817
377981
380154
384629
385838
390497
391593
393592
396410
397814
399105
401426
407932
413216
415253
416199
416683
420401
420695
420967
422530
423574
437713
438543
443638
446529
452523
461128
463601
465071
466974
469198
469603
470053
474363
475697
477713
479920
481564
483115
483209
483945
485335
487840
492799
499787
502382
507929
508383
509075
511876
514018
514275
515260
516066
516765
516959
522830
531252
531655
532453
532611
535309
535550
537838
538842
540439
541752
545149
546649
547534
549119
549368
551542
553019
553822
555877
559985
562918
563430
564812
568975
572329
573227
574593
585327
586895
588088
595215
596167
602298
613087
615562
617783
618487
620691
625027
627092
628860
633033
637726
637796
644465
644896
646319
649469
660828
663682
667882
672965
675247
675521
685788
686173
687615
689838
695919
697083
704954
710658
711157
713031
713350
713850
718047
718566
723387
726426
729246
729693
737354
738491
739402
746412
746909
749226
750766
751232
752871
754642
756620
757123
761395
765940
766777
773529
775272
776919
779445
781926
783252
784695
785061
787652
789336
790656
790731
791025
791224
796447
801328
802659
814974
819604
829690
830056
831214
833768
837162
838910
839893
842380
842663
842782
843867
847736
852015
856511
861801
861855
866402
866596
868144
872501
874241
874505
879264
879982
880710
882367
884061
885217
885936
886370
887471
888799
895639
896990
898524
898541
904061
905447
905704
907173
908695
909273
914236
914546
914936
915846
916233
917635
918454
920608
922703
927008
928640
929942
934194
935495
947424
950759
966443
968402
973534
973621
977598
977729
986733
992712
993252
996055
997522
1000103
1000205
1006048
1007746
1008289
1011108
1011340
1014982
1020901
1033468
1033820
1036937
1037983
1043334
1047560
1051286
1053903
1055997
1058366
1060495
1061540
1061693
1065239
1066611
1068500
1077104
1080527
1081450
1088701
1091953
1093526
1095896
1096068
1096416
1102474
1107011
1114032
1122741
1123144
1124668
1126984
1127753
1131446
1131788
1136620
1137001
1140095
1140447
1141571
1146412
1149246
1150366
1153054
1154875
1155406
1156449
1161063
1162700
1163439
1163954
1165533
1167248
1168758
1171095
1171546
1180120
1183268
1193207
1200306
1200324
1208410
1209529
1210674
1215755
1217645
1222160
1223034
1225331
1228529
1236224
1236753
1242418
1254215
1255710
1255817
1261773
1261895
1262699
1268439
1272529
1278357
1286661
1291615
1294736
1295513
1296458
1300899
1307225
1308611
1310439
1310783
1311210
1313278
1315436
1320516
1322549
1323715
1324906
1325979
1327290
1331423
1333019
1334955
1335045
1340100
1348996
1351537
1359592
1362766
1364487
1368322
1369502
1370381
1372174
1373118
1375382
1375592
1375900
1379485
1386562
1388397
1389071
1389204
1390081
1394881
1397526
1397545
1397805
1398529
1398925
1399801
1400867
1402949
1403021
1403658
1406545
1416866
1417532
1418566
1426911
1427500
1432982
1435799
1455538
1457817
1458875
1460367
1466829
1467243
1467268
1472628
1476291
1478550
1479629
1480464
1483621
1492302
1493918
1500327
1501254
1502278
1502349
1507414
1508859
1510679
1510866
1510906
1516851
1518776
1520417
1522808
1533364
1534367
1536946
1536951
1538203
1550923
1558692
1559844
1560395
1562952
1562989
1564688
1565285
1565687
1571134
1575779
1576428
1579038
1580945
1582216
1584313
1588375
1589300
1599591
1602445
1609047
1609051
1610361
1610595
1610948
1619557
1619907
1620169
1620603
1623162
1625030
1625038
1628933
1629631
1634403
1640564
1648259
1648406
1651622
1659982
1660199
1662881
1662887
1666448
1668477
1672026
1674466
1679010
1679129
1683427
1688338
1691620
1692677
1692690
1695517
1695917
1709978
1713707
1714704
1716355
1718606
1719692
1722881
1723200
1723820
1726798
1728501
1729021
1730685
1734627
1737273
1738383
1747579
1748193
1751935
1764329
1774953
1783585
1784155
1784927
1797449
1797635
1807735
1808827
1810793
1812889
1815139
1815259
1820663
1825501
1847388
1854328
1857240
1859874
1866586
1870502
1871184
1871876
1873720
1874836
1877530
1887414
1893312
1895100
1898930
1899896
1903292
1906826
1910430
1917926
1923328
1928250
1930960
1932138
1932870
1934316
1940432
1942238
1942652
1944874
1957642
1965192
1969520
1972622
1990488
1993354
2008264
2011504
2020768
2022834
2030918
2035538
2038076
2048048
2050286
2057194
2057230
2061250
2064932
2065846
2066900
2070960
2074138
2084692
2092816
2092936
2098068
2113594
2116206
2124806
2124942
2124988
2141954
2142194
2145458
2149378
2175654
2178078
2182240
2186258
2189616
2194976
2208250
2227918
2228240
2229550
2230652
2238660
2251844
2259928
2261926
2271188
2273712
2288902
2300806
2302052
2313196
2314338
2317946
2332348
2333358
2337668
2339528
2343622
2347786
2351684
2352912
2353958
2356556
2377132
2381976
2382860
2394078
2394508
2398226
2406592
2411784
2412222
2424274
2452778
2468006
2471478
2481700
2529988
2531326
2553122
2561566
2574908
2589348
2591804
2593716
2597636
2604976
2605898
2607962
2609050
2616396
2618508
2623050
2627028
2630504
2631930
2644236
2644332
2647546
2651942
2660376
2669920
2684216
2684570
2689610
2693052
2694846
2695532
2695734
2705480
2706284
2707220
2709952
2715148
2722854
2723410
2724988
2728558
2728654
2744378
2748158
2760020
2765616
2769130
2771696
2785044
2787610
2790348
2790516
2791368
2797226
2797498
2799000
2802730
2805746
2811256
2812272
2815434
2815594
2816076
2816342
2825932
2829110
2831258
2840548
2842398
2846122
2861564
2866996
2873248
2874976
2884270
2889014
2890414
2892254
2895802
2896550
2901644
2920036
2927112
2928038
2928098
2934100
2935842
2943424
2944724
2947282
2969690
2980110
2986410
2992796
2993962
3010000
3014848
3017013
3018715
3020399
3022598
3024943
3025051
3025439
3025749
3027339
3030994
3033131
3034532
3041085
3048751
3049907
3053273
3054360
3055743
3055998
3056320
3057643
3057703
3061684
3063314
3064390
3065053
3071062
3075071
3077324
3078380
3081171
3084278
3087505
3089428
3091681
3092638
3101490
3105319
3108598
3109509
3114118
3118740
3119463
3120859
3124835
3126954
3134148
3136293
3137386
3141431
3145747
3155897
3163772
3168506
3168700
3170039
3172424
3173411
3174121
3176969
3185736
3189939
3196458
3200053
3206424
3210855
3219976
3222393
3226353
3233035
3235303
3235457
3237516
3258603
3261041
3289975
3327751
3353571
3373881
3407761
3430751
3494271
3565161
3566251
3598061
3684401
3742461
3762521
3793901
3817921
3846811
3849781
3860331
3899521
3931101
3935931
3991201
4003951
4011511
4023121
4025901
4064611
4099001
4121241
4123741
4171421
4194581
4247471
4270101
4412651
4416791
4557621
4563031
4567331
4581761
4598461
4615471
4617191
4628221
4631301
4650711
4694251
4704341
4720381
4776021
4786481
4787421
4804491
4808241
4873751
4945871
4956101
4957181
4993381
5048441
5050041
5062931
5109041
5119571
5147401
5287711
5313031
5375001
5448551
5502861
5515261
5658921
5661171
5709121
5731651
5805301
5815311
5865071
5895311
5964121
5974241
5984571
6029801
6226011
6245641
6264111
6299361
6318731
6422281
6425061
6447201
6450101
6467761
6486991
6490561
6495561
6499981
6561731
6576801
6641401
6643271
6646371
6720231
6734001
6798821
6866111
6906571
6926421
6937341
6947111
6965581
7003421
7011261
7124161
7147071
7221621
7273571
7319221
7451421
7459551
7474171
7478351
7570401
7659891
7704701
7708711
7730431
7733001
7764571
7840911
7855331
7876371
7908231
8000711
8014631
8020801
8027841
8089811
8112301
8132561
8158961
8210951
8341251
8422981
8458681
8595891
8599771
8697461
8712201
8884821
8900301
8903211
8988411
9018331
9022281
9117261
9119241
9182171
9213121
9246841
9267011
9270081
9275151
9306301
9347051
9608711
9632211
9693571
9714781
9794991
10143731
10154631
10203601
10238631
10241871
10256221
10309931
10375721
10400551
10492221
10529761
10694991
10728201
10762911
10801611
10809621
10887981
10907941
10927651
10955491
11084571
11092161
11229861
11277471
11287741
11296961
11304551
11418581
11429171
11455691
11468691
11506971
11508841
11559231
11614111
11621411
11693731
11839921
11854451
11934341
11960261
11967091
12059191
12180721
12288181
12471661
12510291
12553651
12579241
12665571
12711541
12755601
13479141
13566561
13701591
13797691
13825351
13825821
13943411
13996741
13999431
14005901
14032221
14053481
14099171
14162501
14185931
14194231
14251621
14305421
14317671
14380531
14436431
14491811
14495451
14496961
14528311
14633131
14757411
14788301
14926111
14934891
14962591
14991941
15050661
15102371
15165701
15210511
15231521
15386791
15459021
15536480
15542713
15543377
15543449
15543988
15546518
15557473
15558219
15560080
15561605
15569913
15576411
15587234
15594760
15596225
15602343
15604552
15616378
15623015
15623990
15624151
15631017
15635137
15640419
15640799
15640848
15648163
15652765
15653768
15658294
15660477
15671315
15673198
15677319
15679144
15684676
15687174
15694270
15702385
15703803
15710410
15717800
15726649
15727167
15738598
15738802
15738986
15745592
15752031
15776829
15782834
15785160
15790853
15794172
15797188
15797480
15797557
15798631
15804832
15806356
15814942
15816217
15827773
15828262
15828710
15829710
15831582
15834655
15837595
15838692
15841544
15963179
15976578
15988650
15996005
15996864
16002278
16006445
16013822
16024259
16027468
16027833
16030552
16031116
16031147
16031765
16033322
16035161
16039001
16041594
16048343
16049071
16054791
16057537
16059618
16060412
16073206
16074236
16092113
16103773
16110120
16116864
16121186
16130560
16141495
16142715
16147719
16158500
16160252
16164055
16169343
16174394
16174613
16177570
16180541
16189890
16198106
16198435
16209570
16218880
16226389
16230907
16232743
16234600
16257781
16265011
16265158
16271839
16276933
16295650
16319284
16322410
16340179
16347181
16353691
16360258
16369510
16375870
16381924
16419787
16425502
16432171
16445740
16457329
16464154
16483048
16500379
16504114
16513555
16532992
16545349
16629034
16633996
16665880
16666969
16680274
16700869
16733839
16741120
16749982
16773343
16798735
16805836
17124193
17210692
18081883
19031914
19157362
19181833
19228129
20150803
20172814
20185558
20201428
20244163
20261668
20272939
20314600
20326693
20328433
20345905
20347216
20390872
20391718
20405299
20416126
20435623
20445235
20449939
20485318
20494795
20536720
20540962
20561788
20561932
20724031
20810700
20813367
20853502
20986968
21138938
21175567
21303547
21419079
21457542
21484664
21527609
21622856
21660075
21853773
21915986
21930862
21960035
22023121
22144238
22242426
22356565
22378152
22413739
22577630
22647238
22656712
22659442
22696320
22725259
22735469
22890362
22927110
22971483
23179751
23189329
23297986
23320248
23334165
23486026
23611534
23683051
23692791
23778198
24003115
24015717
24081639
24086266
24114708
24137721
24157033
24207256
24216623
24223227
24250561
24259604
24275497
24294931
24328586
24375854
24404997
24440734
24501856
24504795
24510306
24655228
24720304
24728183
24729757
24750198
24873072
24904030
24909786
24920900
24952004
24980800
25016445
25086175
25141020
25162422
25233752
25259199
25291268
25399179
25479646
25634151
27005977
27014278
27022432
27055720
27057838
27078529
27080734
27091312
27110887
27122866
27123661
27124237
27138115
27139687
27142396
27154162
27166135
27175597
27215611
27217648
27232852
27252577
27262423
27265012
27274981
27362566
27380221
27409573
27425275
27453715
27457615
27462250
27502513
27502726
27512458
27515872
27547765
27564673
27570205
27611632
27625771
27631975
27645211
27645586
27646777
27651388
27666109
27666523
27671011
27682357
27693565
27699478
27723760
27756679
27757705
27799810
27817105
27820531
27821617
27859204
27871006
27871383
27884465
27887242
27894707
27901078
27903371
27914683
27915937
27926511
27928495
27931727
27942267
27955542
27955980
27956656
27957405
27962017
27962477
27963844
27966128
27967094
27967471
28006407
28077968
28094275
28117590
29004204
29009115
29014324
29022886
29031788
29044441
29052815
29058981
29061381
29063225
29066950
29071738
29072062
29072229
29096182
29099432
29117680
29120850
29126540
29143388
29144682
29157047
29170535
29174536
29177218
29177743
29185215
29191617
29192125
29197390
29219753
29226796
29233692
29233719
29259413
29260490
29262487
29263308
29264552
29266950
29268144
29269159
29275155
29290600
29292672
29295503
29307307
29309697
29311548
29318698
29319433
29333654
29336967
29388434
29501082
29503502
29507452
29511020
29512247
29523622
29526947
29545437
29555612
29557272
29561960
29564986
29565709
29570980
29572803
29574555
29577162
29582490
29589362
29590249
29590774
29591225
29596609
29599497
29612243
29616322
29621343
29627710
29638879
29640031
29640482
29649140
29653756
29657650
29663232
29737098
29752943
29753096
29755139
29775700
29782750
29783402
29785498
29786748
29786941
29787255
29789005
29794300
29801290
29802461
29805712
29810412
29818639
29822520
29826051
29831504
29831519
29832069
29840650
29845179
29887929
29889111
29899663
29899928
29900950
29902083
29902611
29917988
29919676
29928965
29942220
29956289
29968725
29969839
29977107
29983897
29988433
30003462
30004405
30007773
30025562
30029487
30032384
30038970
30060068
30075188
30076307
30092408
30101195
30122866
30136276
30138982
30145966
30148203
30148417
30151239
30152636
30160470
30161279
30167798
30169777
30195684
30206340
30220328
30226474
30239070
30242606
30244451
30250183
30280713
30283743
30288232
30303946
30307841
30312518
30314130
30335777
30362970
30369218
30371309
30377356
30382692
30387151
30411022
30411115
30416253
30425039
30444363
30467556
30471596
30479474
30491152
30495123
30503296
30514259
30518547
30527987
30529730
30537052
30548901
30551173
30551620
30551734
30565901
30567215
30570995
30573282
30576208
30586215
30600093
30606509
30620982
30621117
30630871
30631459
30634854
30635252
30643143
30661928
30663490
30664623
30679209
30696473
30703079
30704154
30714370
30717800
30725645
30728947
30731372
30736117
30736153
30736887
30743783
30745338
30748911
30754023
30764193
30769359
30787405
30792688
30803818
30806202
30813280
30819324
30830836
30838058
30848818
30849241
30854756
30856576
30866494
30869259
30874341
30874495
30876796
30884061
30899600
30900314
30902157
30903546
30905457
30913441
30919899
30920027
30935162
30949407
30979414
30979833
30991006
30991327
30992809
31007302
31009306
31009310
31010432
31020335
31027722
31030034
31030722
31057880
31077713
31083446
31084605
31088321
31120081
31122999
31124805
31127744
31141751
31145374
31171120
31172140
31172637
31177786
31183325
31186639
31197848
31202768
31209204
31209702
31213066
31219844
31225367
31226535
31238461
31248009
31265384
31267339
31274906
31277672
31284759
31287507
31289494
31289584
31296827
31297544
31297966
31299249
31301009
31301197
31301541
31313271
31313419
31314124
31316544
31316635
31321106
31326611
31341043
31341894
31353859
31367431
31367843
31376015
31377152
31394077
31404144
31408319
31411482
31419224
31421106
31432310
31446665
31448506
31450028
31462487
31464372
31470168
31486297
31495702
31499398
31500867
31512952
31518078
31525614
31535856
31539488
31541043
31546456
31548792
31551646
31559648
31567807
31573416
31573644
31591608
31604127
31608424
31614726
31622964
31623338
31627400
31640336
31642465
31644084
31645918
31648377
31649667
31651113
31654607
31654812
31655420
31658370
31667243
31670149
31672979
31677098
31677892
31720794
31722271
31726532
31754250
31756890
31765907
31766278
31773402
31776842
31778177
31778409
31789456
31790357
31796158
31797942
31800904
31805492
31808989
31810771
31811984
31819967
31820084
31821114
31845460
31848616
31853910
31857009
31858505
31861188
31863550
31865796
31866024
31866610
31879493
31880213
31882118
31882301
31887466
31903945
31915514
31916219
31918899
31923832
31925750
31925956
31945668
31947763
31951662
31953324
31956783
31965555
31974640
31979714
31980908
31985044
31985691
31992247
31995113
32004730
32017375
32024633
32029613
32031508
32041576
32044253
32047423
32052886
32066927
32079756
32092096
32096052
32121342
32121495
32126375
32130725
32133313
32135047
32161364
32174075
32174297
32174614
32210694
32217369
32218174
32219430
32229141
32235194
32238231
32242403
32255189
32263125
32266969
32281984
32288080
32288681
32294965
32299314
32299566
32302017
32306230
32306756
32315397
32321828
32325098
32331653
32333163
32337262
32344277
32353250
32358219
32362460
32368926
32370238
32376022
32377196
32377711
32381525
32386516
32389844
32395253
32399717
32402523
32405332
32406594
32409459
32419639
32421158
32422289
32426694
32430037
32430630
32434998
32439585
32444603
32451619
32452086
32455809
32457057
32459102
32476761
32491420
32512601
32512868
32512935
32513129
32522307
32522806
32527440
32539427
32541031
32543131
32551884
32553978
32554504
32556320
32560780
32561635
32572284
32573179
32575217
32577772
32586285
32589605
32595753
32597240
32598212
32599496
32603445
32606992
32613627
32614267
32625132
32626769
32631070
32637381
32647929
32649855
32653176
32660534
32660662
32664013
32668209
32669976
32670286
32677299
32683231
32691256
32693201
32698748
32701763
32703125
32713089
32713577
32718041
32722005
32724775
32726147
32736059
32737426
32743247
32743867
32751493
32761839
32764561
32766058
32771376
32775926
32779166
32780609
32781955
32784165
32788080
32794878
32803631
32809758
32813171
32824967
32825687
32832343
32840141
32854013
32856051
32863821
32868154
32873523
32875814
32878464
32883304
32896089
32898188
32912998
32945835
32949699
32961939
32972159
32974281
32974461
32976222
32977660
32978211
32999171
33004543
33014780
33015800
33028391
33028937
33046106
33052341
33054438
33062685
33064839
33065114
33072769
33072830
33073795
33076419
33080419
33085387
33085578
33093107
33101615
33129874
33132170
33137913
33139928
33142648
33147241
33147620
33147986
33150806
33152906
33165857
33168078
33169531
33181286
33187551
33194995
33198042
33207353
33209158
33209582
33212535
33219460
33228745
33230600
33232042
33235967
33239512
33245263
33258697
33263363
33275693
33282985
33283510
33284661
33289144
33292487
33292729
33295735
33298750
33307638
33310022
33313938
33326012
33326226
33329099
33341006
33342123
33345276
33347661
33350682
33356213
33358197
33361690
33367656
33374580
33375943
33398626
33419700
33432979
33434295
33437790
33446198
33450215
33455400
33467222
33470462
33471284
33471636
33475346
33481426
33483985
33486153
33490641
33491264
33493428
33499947
33521438
33525350
33525613
33533294
33535517
33552771
33553623
33564612
33575250
33580073
33580409
33580509
33587686
33596861
33596879
33597645
33597734
33599119
33602703
33604558
33609544
33618340
33620027
33623446
33628478
33655289
33657122
33669799
33671184
33671461
33672786
33672816
33678344
33679974
33682137
33693292
33713992
33719411
33726771
33731680
33735571
33738435
33740418
33740996
33741778
33745156
33748355
33750638
33753038
33770630
33787992
33795418
33796498
33805934
33811255
33813783
33816330
33820485
33820495
33823716
33831125
33832353
33840824
33842448
33844839
33848599
33854884
33857668
33858410
33858523
33863572
33868748
33877176
33880149
33881532
33892204
33895416
33898344
33907623
33908192
33909240
33909517
33912327
33919978
33924275
33929580
33945504
33963547
33965445
33974264
33998332
34000880
34002836
34008691
34009097
34013992
34016023
34029339
34029451
34029757
34031594
34032473
34042846
34043891
34053793
34059576
34064706
34071379
34072513
34074480
34080222
34080682
34084624
34085628
34086168
34090369
34093276
34093896
34094382
34098622
34099270
34101783
34105271
34108609
34110308
34111873
34112038
34112124
34130437
34131101
34135252
34142447
34148866
34154698
34158497
34164316
34168714
34168954
34174720
34185915
34186504
34189806
34191713
34194227
34196472
34200258
34202335
34202620
34202980
34210378
34212482
34224765
34240403
34240811
34244057
34246003
34248723
34253250
34257553
34257982
34261097
34268940
34273997
34277316
34281074
34290580
34291723
34297033
34306039
34307708
34313704
34315915
34322774
34323278
34325746
34329643
34340446
34341364
34342257
34346276
34351998
34352584
34360203
34363749
34385049
34387564
34388794
34390150
34391598
34395888
34397644
34403031
34404360
34407263
34436853
34440335
34449201
34456285
34457060
34460855
34463070
34463758
34470085
34470821
34475932
34481351
34497639
34502735
34508594
34512042
34512328
34523496
34523698
34523776
34524385
34524868
34527665
34531470
34533234
34534962
34535980
34538937
34542912
34549154
34551922
34557635
34560512
34562915
34568280
34573480
34582002
34598658
34602879
34604448
34610234
34611842
34612882
34617756
34622045
34631167
34633210
34637609
34638196
34643545
34643835
34644620
34649292
34651371
34657138
34658317
34670776
34673491
34677239
34677971
34684435
34691783
34692249
34696238
34698947
34711755
34715872
34722567
34726732
34736015
34738246
34749543
34753512
34758230
34760665
34761629
34767125
34767872
34768332
34768668
34768802
34770777
34776809
34779719
34785554
34789947
34794488
34804853
34810223
34816185
34820068
34820780
34822385
34824427
34829884
34830285
34832527
34834788
34840508
34844369
34844519
34850744
34852076
34854332
34854916
34855714
34856477
34857022
34859580
34876849
34878624
34879816
34880007
34891828
34891921
34895419
34896524
34897636
34903603
34916899
34918351
34919701
34919862
34924217
34927714
34931176
34931179
34932181
34934984
34936371
34936975
34941317
34942090
34942244
34944414
34950410
34953507
34959264
34960316
34962000
34968254
34971269
34972631
34973468
34975395
34979354
34980572
34980810
34984262
34984991
34986000
34986945
34988835
34988878
35008493
35011967
35014401
35016261
35019422
35021150
35027686
35037148
35041363
35053611
35053630
35057518
35059806
35062420
35062631
35067405
35071547
35080357
35082686
35085218
35085581
35086110
35088163
35090321
35104103
35104523
35106960
35108768
35110858
35119681
35120195
35121188
35128978
35134776
35141024
35149560
35155714
35157397
35161572
35162790
35166323
35182649
35191439
35192754
35193600
35195675
35198405
35198661
35208673
35216444
35225606
35226385
35239412
35243680
35246303
35267789
35276857
35279376
35283128
35283189
35292624
35293744
35293985
35300985
35301560
35303727
35304124
35306398
35308999
35310144
35314159
35314358
35314762
35317358
35318056
35318227
35322329
35323525
35323998
35325743
35326018
35340499
35340515
35344673
35345474
35345942
35345984
35347602
35347656
35348457
35355593
35355878
35356466
35362460
35363764
35366575
35372757
35376078
35376740
35378818
35384188
35384832
35385858
35386921
35390395
35395714
35396230
35400072
35403746
35404855
35405757
35408325
35417014
35417782
35432507
35435423
35437947
35450311
35453597
35455237
35455301
35463750
35464349
35467713
35468714
35472970
35481943
35482588
35495855
35497249
35499339
35499570
35500616
35516148
35518466
35518981
35520100
35531087
35531861
35536697
35547039
35552136
35556629
35561457
35566901
35567786
35568169
35572609
35573811
35578325
35580368
35580738
35580948
35582238
35586471
35594369
35595127
35595701
35599492
35613980
35615031
35617493
35634398
35638267
35640554
35643370
35647532
35648534
35652243
35652721
35652924
35653871
35654272
35654349
35655253
35658308
35658348
35663158
35663466
35677220
35677977
35689517
35690469
35691065
35703193
35703455
35705336
35710349
35710369
35710628
35712328
35715804
35717996
35718962
35719249
35725360
35725968
35727758
35732350
35733571
35735993
35736619
35748379
35750196
35757014
35762757
35766796
35769485
35778389
35778776
35780906
35787021
35788867
35793405
35807034
35808789
35810579
35812512
35817341
35830324
35830900
35833997
35838324
35851341
35852345
35852827
35854170
35859642
35862908
35864759
35865403
35868840
35870207
35875426
35878216
35879208
35883137
35884393
35884650
35886829
35889893
35904875
35911395
35913877
35919792
35933579
35935521
35935601
35937748
35944277
35944663
35947970
35948177
35950803
35953299
35956465
35956760
35965528
35967812
35969575
35972933
35976020
35976180
35980853
35983105
35983367
35984376
35986100
35988329
35995558
35995763
35997913
35999107
36002724
36017372
36018095
36026727
36034217
36036876
36042010
36044407
36045137
36057011
36058246
36058595
36060602
36061359
36072492
36074661
36081119
36082508
36093463
36094392
36097694
36098654
36098758
36103791
36110770
36113750
36119865
36120562
36121942
36123576
36124425
36125311
36125581
36126487
36127662
36139114
36140016
36140921
36142566
36142896
36143618
36144287
36145887
36149962
36152314
36152819
36153440
36154118
36158078
36159055
36159250
36159271
36160452
36161006
36168038
36170647
36174269
36177229
36183673
36189281
36190120
36193339
36199759
36200075
36202826
36203306
36206173
36207688
36213196
36214250
36214597
36218854
36219143
36219468
36223368
36225197
36233947
36238523
36242782
36246046
36246716
36253880
36260735
36261291
36263795
36266626
36272082
36274489
36277240
36281782
36292045
36295327
36295363
36297995
36298704
36299528
36304976
36305051
36310347
36311632
36312907
36313687
36314942
36315183
36316793
36317553
36320428
36321629
36327691
36329020
36333354
36335402
36335589
36336240
36338474
36338772
36340477
36341047
36341590
36342850
36344827
36347721
36351009
36353300
36364917
36366122
36366713
36368416
36370196
36370538
36370607
36375278
36385359
36395073
36399164
36400299
36402407
36407488
36409309
36409577
36410813
36412392
36414755
36415690
36419624
36419931
36422006
36425254
36427374
36427749
36430986
36432575
36433510
36435162
36435933
36437360
36444626
36448909
36449254
36452476
36456456
36461510
36464866
36467796
36468915
36474600
36475245
36479606
36481499
36481773
36482529
36489732
36495495
36496295
36499332
36500987
36501249
36504309
36504747
36505210
36515417
36515770
36517748
36520602
36521007
36523508
36525395
36525623
36528469
36533171
36538189
36545200
36550680
36550903
36553111
36553637
36556814
36559919
36560422
36560858
36563913
36566912
36567720
36569384
36573470
36573563
36583105
36584307
36586573
36589679
36591456
36593749
36593969
36597814
36598186
36598840
36599432
36601121
36605420
36614252
36620751
36623461
36625764
36629856
36638010
36638178
36641323
36644610
36645695
36648038
36648487
36649171
36650291
36650909
36654419
36654551
36655420
36656233
36658843
36659701
36660866
36663285
36666405
36666664
36667062
36669336
36669672
36674859
36675191
36677698
36682278
36682596
36686621
36692597
36693787
36693868
36695300
36696017
36700364
36702850
36703439
36705075
36713854
36722553
36726560
36727459
36730874
36736320
36737990
36738305
36742591
36743356
36743948
36746727
36749107
36753181
36762498
36762644
36762829
36766421
36768721
36769605
36773254
36776160
36777617
36777790
36792599
36799696
36809558
36811267
36814615
36820286
36821653
36824787
36824816
36825834
36825903
36826299
36828046
36832113
36834514
36835326
36838004
36838596
36842978
36850260
36850334
36858813
36859305
36862555
36863247
36865090
36865472
36873512
36879718
36885266
36886397
36886564
36887514
36889904
36900036
36905639
36906347
36927665
36934797
36938867
36938904
36940103
36941503
36944482
36949418
36960077
36983974
36987314
36991232
36992274
36994750
36998067
37003893
37010931
37012895
37021876
37023526
37023570
37026430
37027562
37028526
37028700
37040949
37043833
37045808
37047665
37048405
37049508
37049869
37049881
37049902
37054012
37055960
37059754
37061663
37062078
37062650
37066292
37069959
37070519
37070630
37075396
37076955
37078428
37084520
37090043
37094341
37094468
37096327
37103833
37103953
37104031
37104736
37111283
37111418
37112442
37112459
37118608
37119843
37123750
37124090
37127078
37127139
37128772
37137390
37140982
37143821
37146733
37149222
37170507
37174441
37177773
37178043
37183796
37184655
37192192
37197602
37198383
37199454
37201726
37201836
37204438
37205019
37205066
37215547
37217446
37217701
37217999
37220460
37221599
37222172
37223561
37224976
37226529
37228865
37229977
37230481
37234673
37237710
37242148
37243017
37254757
37257065
37260569
37260753
37261197
37261966
37262792
37271146
37272257
37274170
37281624
37282818
37283291
37287697
37289893
37290276
37294857
37295096
37295846
37296165
37296920
37299366
37299375
37301013
37301658
37301952
37304271
37307220
37313925
37314712
37317153
37322158
37326055
37332488
37338734
37340658
37341870
37342671
37343041
37344741
37347777
37351462
37353968
37354002
37363184
37375246
37382263
37389267
37393524
37399262
37404238
37405765
37405883
37406626
37407970
37412280
37413241
37416830
37417165
37418291
37418301
37421199
37423788
37425618
37426813
37432611
37435296
37435603
37442667
37443632
37444157
37444524
37445252
37445882
37452015
37452975
37454480
37457391
37461055
37469431
37470329
37470337
37473305
37474040
37477808
37480297
37487260
37488562
37488592
37496489
37498348
37499649
37501878
37505335
37506011
37514126
37514129
37516114
37516426
37522074
37524906
37527554
37529790
37530678
37534979
37535946
37538269
37541293
37541526
37542289
37542896
37545051
37551670
37558110
37560564
37563123
37565750
37567334
37573495
37575997
37579599
37580198
37583092
37584972
37586501
37588115
37590617
37593386
37594761
37597944
37598502
37602016
37603651
37610865
37619643
37622746
37623236
37623667
37624508
37627586
37631762
37637691
37638128
37638400
37643848
37649718
37656844
37658138
37661516
37665863
37672932
37675919
37677048
37684601
37686888
37689966
37694265
37700259
37701161
37715574
37718132
37721025
37721141
37722725
37722812
37724180
37725674
37726729
37727268
37730952
37734906
37735119
37735937
37739791
37741486
37756277
37758608
37775362
37779628
37781737
37781885
37782333
37788492
37792381
37794049
37804293
37806503
37809441
37815761
37818532
37828117
37830557
37831800
37836622
37839528
37844384
37845187
37850042
37850322
37850681
37851963
37854436
37855314
37859556
37860989
37867869
37867880
37867891
37868085
37868273
37870333
37870389
37873266
37881385
37885282
37885598
37921319
37923206
37928050
37929828
37930916
37931046
37934324
37946689
37947145
37947464
37950741
37956444
37958032
37962214
37962948
37965821
37967761
37974411
37987137
37987387
37991224
37996939
38001692
38004645
38010354
38015421
38016812
38017095
38018178
38018690
38020149
38021728
38030817
38031574
38032186
38034993
38037858
38039908
38046365
38052802
38053993
38055659
38055723
38056966
38060025
38060536
38061061
38061995
38068431
38074830
38079669
38083389
38084185
38095687
38098544
38099266
38099471
38101457
38104144
38107273
38108260
38114925
38116572
38122272
38127643
38139013
38139462
38140411
38140665
38141160
38141202
38141279
38141309
38141504
38141583
38141816
38143108
38144606
38145156
38151599
38152363
38156081
38158726
38159046
38161195
38163372
38166329
38167995
38168300
38170035
38170860
38173332
38183281
38184493
38185458
38186614
38187386
38188248
38188989
38196894
38200994
38202622
38202997
38204030
38206730
38209809
38219123
38225156
38228138
38231434
38233811
38236337
38239180
38243677
38244897
38246013
38246847
38248816
38250855
38260126
38272358
38272545
38272756
38273198
38275042
38276173
38277422
38279663
38284504
38285678
38293252
38293995
38296929
38297191
38297927
38298290
38303587
38310968
38312781
38312805
38315537
38320672
38321544
38322377
38324124
38341183
38350148
38353535
38353549
38354288
38357781
38364239
38369068
38388818
38389337
38390047
38393045
38404594
38404964
38421243
38423496
38424113
38424129
38428368
38442193
38449981
38454119
38462799
38474152
38493267
38500646
38501671
38504527
38508546
38530312
38534051
38537275
38538728
38545678
38546417
38562973
38564541
38564916
38566645
38572590
38577058
38580835
38585953
38591056
38591797
38594007
38594102
38602801
38606502
38607775
38614688
38622085
38630457
38631141
38638408
38640178
38645380
38669006
38677419
38681188
38682325
38689323
38691469
38706196
38727909
38732141
38750106
38761759
38765093
38766635
38777646
38785029
38785498
38800942
38822081
38823095
38838215
38841054
38841341
38842253
38852334
38852386
38858875
38862178
38866331
38872917
38872920
38873114
38876287
38878926
38885697
38885955
38885985
38888464
38894593
38894760
38906278
38910283
38911577
38912565
38917852
38934359
38942009
38956471
38962779
38964917
38975205
38975800
38978572
38987674
38990171
39007267
39022392
39039103
39043018
39048441
39053324
39056349
39062048
39091295
39100158
39115575
39124479
39137729
39147850
39153930
39161111
39166191
39170229
39171668
39171876
39174653
39178718
39198616
39198791
39203993
39206715
39209504
39214997
39237693
39240360
39240572
39247797
39255036
39255642
39274982
39279801
39305017
39310677
39324081
39325261
39327860
39349476
39359424
39362247
39363446
39374179
39378168
39394678
39395112
39406531
39423203
39431748
39441752
39441924
39442196
39444610
39455664
39456888
39459467
39464827
39466304
39466496
39489443
39491200
39492232
39494588
39498303
39503973
39513246
39517521
39539062
39557595
39563606
39564415
39577167
39589453
39596049
39602471
39604976
39606100
39606850
39608793
39610258
39625671
39626144
39626335
39638109
39640621
39641256
39653459
39661772
39662514
39662614
39667683
39683755
39691020
39692938
39693241
39699562
39701351
39702245
39707451
39710556
39717496
39719010
39722550
39728549
39730758
39735882
39738930
39747505
39753993
39761054
39763083
39763431
39785598
39807286
39808500
39813524
39818466
39819640
39822459
39826347
39827815
39827986
39829462
39835662
39846735
39848909
39851071
39855206
39858489
39858516
39858752
39861585
39865839
39877574
39877621
39886970
39890437
39892986
39893009
39893020
39894049
39894752
39897056
39898749
39903195
39904765
39905548
39907602
39907664
39907865
39908805
39908880
39912827
39914632
39922367
39926847
39931678
39935851
39936255
39937702
39947394
39950919
39958773
39969276
39969551
39970721
39977193
39978284
39981498
40002795
40003455
40005999
40009391
40010002
40035731
40042662
40045020
40061109
40067310
40072050
40078303
40083143
40085293
40087793
40088345
40089827
40097591
40104603
40105455
40107639
40111796
40116294
40126891
40134315
40134478
40142582
40142664
40157713
40157784
40158083
40160049
40166260
40166910
40183955
40184958
40185590
40189022
40190658
40190689
40205349
40217421
40232026
40232211
40241834
40245234
40248100
40258038
40265019
40272459
40274243
40279483
40280338
40287194
40287750
40304814
40304817
40317351
40317899
40328496
40331625
40333241
40347005
40353900
40369823
40370993
40375098
40376269
40389040
40395802
40395912
40398270
40401395
40405242
40407892
40421756
40434105
40436392
40437157
40440054
40442018
40447802
40448737
40451584
40462184
40471500
40474444
40489018
40497800
40504807
40509675
40509706
40510842
40511409
40517135
40520484
40525138
40533040
40551252
40566980
40569040
40581837
40582972
40593603
40593918
40594139
40595838
40596747
40597240
40606816
40613368
40630452
40631190
40636150
40642795
40648256
40648907
40656379
40667349
40680757
40681432
40682417
40682440
40683770
40687639
40708147
40714247
40714855
40719054
40719291
40719322
40742829
40744690
40745520
40746157
40746949
40747362
40747841
40748724
40757131
40768285
40771271
40772045
40773538
40774354
40778201
40784818
40800978
40801268
40801566
40809760
40818018
40818502
40818891
40824191
40824239
40827975
40834667
40837018
40837826
40847699
40848003
40849915
40851402
40865490
40869308
40877485
40878794
40881266
40904810
40908765
40921365
40922579
40935949
40944188
40949357
40958485
40960544
40970137
40972418
40972605
40972689
40972755
40973081
40981506
40982320
40988671
40990078
40990236
40991499
41015685
41018425
41018492
41018585
41020646
41023720
41024983
41032823
41038108
41041317
41046728
41053619
41060137
41062588
41080787
41092299
41096713
41098326
41099350
41099891
41120851
41128286
41135663
41145511
41177041
41197966
41199637
41203402
41204072
41207821
41213911
41220844
41234612
41237851
41239597
41241586
41242261
41247190
41247825
41248896
41250206
41268741
41270125
41278898
41280317
41281870
41283546
41287051
41288360
41291798
41292521
41293452
41294087
41297122
41304365
41305387
41308054
41312343
41314827
41320690
41324465
41325546
41325937
41326448
41326778
41327188
41327506
41327917
41328519
41328885
41331911
41336512
41349230
41350433
41351245
41352887
41355033
41360562
41363461
41378474
41379331
41388309
41391596
41398277
41398626
41399007
41399161
41404396
41411126
41412995
41420682
41426007
41426139
41428693
41428798
41429308
41430233
41452758
41455785
41458347
41471658
41483061
41486256
41494178
41503053
41509762
41517508
41519874
41522467
41531280
41536812
41547182
41552743
41552820
41558803
41560274
41560738
41565009
41568424
41571443
41572066
41575530
41582800
41583566
41587978
41589302
41593559
41598280
41600886
41601010
41601391
41601902
41602418
41613767
41613889
41615480
41618715
41622781
41636176
41638624
41641680
41645642
41655329
41657338
41663318
41663913
41665237
41669770
41683713
41689901
41692174
41730539
41741091
41751836
41805046
41808471
41834161
41836843
41850586
41855997
41856164
41856733
41875362
41878744
41959632
41963216
42056861
42200942
42228152
42235008
42235052
42370667
42437551
42468526
42507771
42520839
42584673
42601556
42608254
42686768
42726156
42742458
42782985
42827427
42845180
42846208
42986642
42993963
43016837
43026219
43038019
43039334
43057309
43077186
43077956
43094990
43097358
43104337
43115345
43119832
43148989
43208417
43234802
43293620
43343138
43344797
43347208
43347385
43386488
43386932
43422510
43453841
43502686
43519671
43535373
43609102
43610799
43624091
43672512
43686943
43708750
43734740
43760220
43803536
43819167
43821616
43824886
43826893
43878019
43894774
43907326
43959105
43972051
44007420
44014880
44018891
44077509
44091430
44142157
44150655
44167080
44183131
44186802
44225465
44231662
44290091
44434001
44451964
44522919
44558276
44611754
44695897
44695996
44724275
44758691
44794289
44798093
44810989
44829436
44838960
44842014
44909801
44942911
44942953
44965507
45007213
45060670
45107432
45132026
45144374
45184976
45205992
45210371
45229380
45236205
45274314
45274605
45274751
45276699
45278265
45284775
45288716
45338099
45341403
45343032
45521473
45531017
45542775
45553162
45796483
45820839
45834182
45847738
45902612
46001613
46014012
46067854
46081503
46089001
46137154
