46471018
31797942
46345088
29650066
30692628
1990488
359395
952584
47651446
47886169
16073157
47838291
47176019
36058595
47661529
47628530
44070277
32561562
32676884
47452605
30430820
14505171
47414616
39170812
885936
38215952
41856164
47378292
47349661
45719488
47188647
47335870
47179247
43376737
32041576
47223195
37554994
16652077
47206111
47144878
37590878
29931219
596167
35959134
156376
46487027
46970212
40388727
37183393
39140353
37350815
39660577
40903138
514070
833768
38504120
41578923
39688519
45830718
38252875
46760637
31641561
44165505
45023377
38538968
40274339
40168236
45214839
2831258
39886727
33012343
954639
33182533
44412070
38087037
37951232
38273490
16050617
40344160
29541566
46315435
41283546
42297858
42046778
37321660
33922951
31887466
46041840
4132931
34595388
37036907
45770929
45343032
34176815
35703455
37787672
45471556
29638879
44225465
30696473
40228776
34387564
35021150
44967214
36485470
45109725
45107432
45138989
45107850
38239400
42200942
45029725
43686943
289548
35192754
44962095
39715419
36538189
41819191
11967091
408993
44862282
1477035
35787021
12128141
32288681
37333259
2763488
16764574
31172637
44283738
44720592
36466227
38012361
44686439
36253880
37114522
41170699
39747150
44598124
44114714
44248822
1406545
44633159
34297224
37313925
44628658
42440304
44592339
41300795
44442114
33565098
38099266
43882475
37582880
38095687
44437603
33052341
3168700
35727758
38181860
37937293
38067335
37937240
31766278
36149962
37583148
15596225
37623088
37623102
190795
1215755
31976226
41355033
41514691
35084072
35586471
37609810
32390084
36233947
43334118
36863105
32444603
351192
43797771
2995484
42936594
33455400
480783
2141954
36145887
40648907
37054012
35356466
7764571
38104917
39480855
1171095
40284234
43995280
33015800
37426813
37921378
41306593
34679434
34829884
31654607
35200183
43927822
42993963
32133313
5815311
43698619
36313076
31448506
43223103
43822030
40328496
34110308
41591751
43664593
39969276
33618340
16126486
37140982
43590369
37225876
43332102
43547971
347700
41864342
34741193
42592435
35495855
38894847
43273366
37061663
39956902
34725190
31785692
42986642
31520449
37121970
35580368
43237587
35008493
16095809
20172814
2495956
42104489
43115995
38182077
40526551
2050286
38594007
36722553
42849987
119376
6299361
7708711
32556320
11798
559985
36050
42576641
42538034
36033064
42395120
37045120
37094468
41961223
41766910
41489979
41471597
41145299
40315293
40035661
39638083
39436233
39036709
38868199
38820706
38269589
37665357
37518137
36749386
35634482
35512389
35232785
35207271
35100452
35063849
35032404
35005649
34967739
34883276
34844573
34822077
34781915
34702774
34684581
34396873
34322090
34285476
33850791
33732248
33652345
33044817
32976264
3092868
32746346
32723471
32659179
32571911
32443053
32343948
32200755
32034775
32015187
31865666
31704427
31528582
31494267
30753508
30629636
30498071
29899075
29673155
29653219
29627535
