40574364
44070277
44467491
38385633
47368273
32676884
30283038
34664661
37856493
40903138
45576854
954639
43033878
83166
413216
34844519
7893581
480783
43076820
45789566
44459233
16060886
36496295
2721996
32854446
45787273
41569682
41856164
43021651
34387564
33433912
20390872
29638879
42698273
43168115
32390084
36149962
37609810
44442114
43016837
38067335
33168807
33455400
36863105
36313076
34829884
38531018
39969276
42986642
36747329
42993963
37061663
42592435
39480855
39931678
39007267
27887242
37855813
37673181
36901530
2811256
34021836
997522
8068871
29534878
40089827
35114144
37096030
28137
41270125
37619643
32522574
38201283
41850586
2831258
35497249
40328496
30437110
33239512
34191713
40005999
37675919
39224496
37794049
2050286
38910283
39324081
33471284
39826347
32325098
39809499
37076955
34261097
33194995
32353250
39115575
311546
31313419
20172814
35218484
596167
6490561
37873266
1696806
39140353
36029431
38962779
36228861
39009764
31213066
540439
32224897
36838004
38594102
34658317
38246013
30101195
30007773
169492
35654272
36838596
35580368
35376078
37573495
36299528
38141504
9347051
37979149
33877176
38053993
36583105
38030667
37751377
1948356
16347220
35310219
4299511
37987311
1167248
29956289
1688338
1625030
1787759
35757014
37684601
36696017
37725674
228748
20261668
33446198
34257553
35791948
235720
32775926
37254757
16198621
33848599
37576536
31649667
1322549
32432248
502382
37123750
37198383
29787255
33596861
186754
15596225
36292045
36793148
572944
32698748
13797691
1249292
1895100
34752475
5428941
36254400
31670149
35390395
36137424
11967091
32444603
14788301
32306230
35976180
1877530
30866494
16665880
1864770
31027722
33070216
347700
35474705
33251463
35637951
32504440
35626824
35624692
32699837
34154698
886367
3061684
35519445
34418902
11256321
35347496
30411022
34385049
35040168
385838
7778531
1413120
34820780
35221378
559985
31147147
34481430
33728473
484205
20514235
35053786
30242089
33811255
1464484
3670151
33750074
31686476
1388397
34397062
6880751
378152
32370365
29124792
30226564
34711755
32444074
33681928
34803528
497208
1730685
34733482
31328625
36050
1397526
1085669
33336965
34672011
32855727
33778662
34648280
33158741
31623338
33877492
1053903
1179102
11229861
34531470
34534542
33834984
34351175
16661365
31145374
317908
32641991
32482658
266022
627356
27239512
34205385
27450721
34004373
391265
1175743
4615471
3994411
2161012
1103750
33771141
897175
29663232
1841660
2940508
33711936
269061
33668091
33639268
30446831
16774135
475029
31654607
29099432
13960201
1200306
30767096
32284465
2936984
1163794
30282781
33482403
4645711
2688970
7974821
30280713
9274171
387967
32299884
32514583
1598210
32899980
33155597
15994542
213292
1185894
119376
1315785
31311907
2456338
1334798
18128
15623990
1369502
3127249
33130589
3309341
32854518
3536441
33101991
1665083
1057664
3483631
13778491
31423818
2399734
10694991
20239036
30120193
29526143
1829430
1818899
2618508
32203476
2191056
32138662
31128614
1375212
181052
153215
27617188
11798
31713584
31350828
31208574
31173794
30930924
30504785
30496260
30446155
30280775
30075956
29229567
