35704433
46471018
46345088
47177102
39011023
35951610
30692628
47838291
47176019
30348316
44519246
45756987
40464318
30229260
45510587
44070277
32676884
219392
1313728
31781162
41856164
31963927
30430820
29650066
30136276
38504120
44599867
885936
38215952
35949017
2707220
33788293
47223195
46487027
47335870
16652077
43376737
39007267
45002913
2785044
37183393
37590878
2864498
38910283
30283038
43184223
47018001
596167
33012343
40388727
40903138
29931219
480783
38640667
833768
2831258
46001613
35580368
34884676
44782872
39688519
45751041
514070
38087037
35021150
44412070
45184976
37321660
45521473
46315435
37177606
46025386
46213120
43565942
46012061
44459233
36629092
9134
46067854
31887466
45770929
45531017
33864894
40818502
36783488
502799
42586385
34595388
33292729
43701102
33052341
2186258
34176815
29638879
34387564
34856429
36058595
4873751
35241545
42584673
24655228
20390872
44838960
31727017
40304817
45109725
31432310
35935521
44182551
15640419
843392
44225465
45084328
38095687
45055193
42698273
45032157
2238228
45007706
289548
35192754
771064
15231521
36663285
44129259
31988181
1892260
34297224
28137
43686943
34844519
35787021
15587234
37114522
39480855
12711881
44114714
32444603
336159
32390084
41170699
43610974
42056861
44433327
190795
29145300
31654607
33565098
37609810
44442114
12128141
38012361
35008493
38067335
37313925
36660866
43612058
33455400
36863105
37054012
38917852
36144287
3014848
36313076
20201428
43907326
31553387
41963216
6796441
38099266
36200075
37096030
42235052
42993963
35495855
37061663
130444
32454918
41214987
34202335
32929368
41570707
35783624
37855813
3163170
35586471
2811256
37850681
37045120
36722553
37619643
37871689
41905998
41763343
41886838
2050286
41645642
36223368
37545051
649469
35497249
41062588
3148645
40328496
40582857
35322329
34268940
31677098
31421106
36479606
33432979
30004405
27966128
35244434
39892986
19181833
39826347
37076955
32353250
37873266
169492
6490561
20172814
30007773
38962779
37580198
38204030
38640178
38613225
30101195
38041406
35862908
35652721
3226353
38246013
3109509
14962591
38186143
38061995
32043628
34281074
36625764
37212632
36556814
37937221
36865090
36886397
32210694
36656233
33108783
1478550
37684601
27122866
36696017
36310347
35757014
37725674
37701161
659560
149807
34306039
20248183
1688338
32775926
36292045
36583105
10887981
13797691
37183796
35104241
37198383
36040285
36305051
37250036
37043833
12133581
35727758
35710349
37008860
33873635
34622626
36819715
1055997
32698748
31995113
34820068
36543182
32554504
36378265
16101208
35572609
29902611
35106960
36581096
36600207
34360203
32943366
36484251
36484081
36483358
36483202
36318699
36318872
36481400
36239397
36444626
35636702
36458694
36458371
36457854
36457533
36442859
36442493
36441852
36441433
36206173
36420233
36420006
36415093
36414961
36414550
36414323
36387705
36387341
36385914
36385464
36371874
36371131
36370728
36293098
36366690
31700979
36358870
36281870
35755127
31658370
36344715
36344299
32622700
36142896
35342463
35490218
35101012
16060521
35583190
34212482
34385049
2505296
35038673
17782681
361339
34317670
33968532
2651158
30686173
16768387
1464484
33169219
559985
34849218
32444074
34202948
497208
194365
1471039
33811255
30242089
31832983
1085669
34442237
33158741
34622597
33687535
34352304
2760020
1053903
11229861
446295
8697461
32096052
32482658
32355871
627356
119376
11798
31448506
996224
33699462
1179102
36050
15984119
3057703
3705401
32292856
32386395
19584148
33470462
14177871
619151
16193333
30170307
32395955
31541043
32268260
32025104
32263125
30063849
360832
31975794
31142858
16889359
30938099
15269891
139713
31128614
29099432
128693
31446500
32001143
16695088
29925569
181052
18032902
15596225
1877530
3098615
27871037
