2125
6679
9134
11798
13700
17321
18635
26105
32664
36050
37057
37263
43587
45147
54280
54442
54592
57166
87230
92863
97149
100613
107286
113863
116633
119376
126300
139713
141709
153160
153215
154501
158926
161498
166602
178169
178583
182069
182908
186718
209233
212297
226958
250055
256478
262371
266689
269072
270506
283487
290130
305866
310165
313488
327001
328846
331561
338669
339109
347700
349648
351192
357856
358730
359395
369114
371954
400322
429966
443469
443765
457740
459990
475029
475774
479472
482095
482129
484918
488114
489698
490396
502382
508398
510291
528570
564812
571983
596167
596329
620444
653676
654488
662517
703419
737978
750661
753758
754642
769147
775272
780171
781716
785703
786044
798850
829690
831220
832444
833768
839502
839665
842663
847085
857179
857423
859357
859779
884061
885936
886292
886367
890688
894870
898593
934069
936800
941860
947815
948718
952584
954639
959927
963003
965344
970301
970723
975165
982455
994481
1005914
1019017
1051636
1052589
1055997
1058295
1060055
1079490
1084277
1093526
1141626
1179102
1195626
1200306
1212680
1222154
1223073
1249292
1288030
1307701
1313728
1322549
1341280
1342304
1368810
1369502
1443249
1503490
1529041
1534380
1537283
1539718
1559729
1573232
1582540
1592472
1613396
1634403
1637925
1646518
1659314
1679010
1682811
1764611
1796237
1877530
1895100
1898930
1906654
1972562
2050402
2122360
2135674
2136142
2142876
2151646
2163862
2182076
2182550
2184586
2186588
2196682
2198832
2229176
2234476
2238228
2260982
2313196
2341922
2349450
2382512
2384130
2394078
2399734
2400716
2450842
2474340
2514434
2522914
2523388
2574908
2604448
2630504
2705480
2784950
2805708
2806948
2811256
2864498
2873312
2894202
2920036
2955762
2978040
2980538
3006638
3101690
3173241
3188642
3204448
3218240
3226204
4132931
4801071
4833561
4873021
4896661
5271261
5287711
5462511
5658921
5731651
5737061
5742231
5760831
6287131
6292001
6299361
6425061
6529121
6586301
7062851
7124161
7474171
8431361
9534601
9593621
9848761
9965971
10405601
10437071
10441301
11183951
11602781
12118271
12128141
13825821
14111841
14424701
14522191
14702871
15225431
15548336
15559967
15615189
15640799
15729279
15744848
15778105
15791898
16030160
16035918
16093601
16113739
16149247
16157673
16250302
16411936
16477426
16552876
16611424
16669234
16684234
16692985
18240922
20175991
20279782
20314600
20390872
20522131
20563885
27119470
27136318
27175597
27217720
27300640
27332488
27534235
27705658
27814696
27859150
27902396
27933505
27962017
29015921
29083128
29127118
29171776
29233877
29266950
29539339
29541566
29561077
29638879
29663232
29830324
29931219
30136276
30280272
30365927
30418201
30664623
30682077
30692628
30767445
30811539
30831208
30941742
31011116
31082396
31084592
31172140
31409774
31546456
31611460
31656728
31662183
31682030
31738238
31762224
31766278
31842194
31925269
31937371
31943119
31985691
32109996
32119563
32130725
32300368
32350297
32372711
32410289
32500780
32508762
32543426
32606737
32636782
32638739
32653535
32662280
32698748
32775498
32808014
32842748
32882989
32959936
32960416
33012343
33052341
33101615
33132170
33196227
33211249
33263363
33279450
33358197
33519700
33548178
33661161
33667720
33679974
33681928
33687535
33860932
34032830
34064706
34068221
34134004
34205024
34384448
34385049
34403846
34439726
34491726
34667503
34714895
34727003
34761440
34779958
34789300
34815842
35008493
35024888
35155714
35182649
35321671
35356466
35388257
35390395
35577790
35580368
35600879
35676455
35710349
35816075
35823994
35849191
35859458
35956465
35976496
35983367
36143531
36167527
36261291
36292045
36466578
36493629
36510389
36525623
36557501
36572820
36594778
36645015
36645695
36654419
36655420
36659701
36660866
36675191
36733249
36800052
36954591
36992130
37021876
37070519
37124606
37177606
37183393
37220460
37314712
37321660
37350815
37422961
37622746
37624480
37736681
37843534
37919837
37929828
37937293
38001692
38095687
38188975
38215952
38218070
38218223
38239400
38502299
38504120
38535689
38783981
38957184
39155143
39455306
39535400
39621372
39688519
40023910
40168236
40199075
40344160
40376269
40388727
40467667
40479611
40538385
40755081
40765587
40772045
40818502
40903138
41011906
41286185
41464994
41507229
41630304
41651433
41856164
42157258
42200942
42297858
42405041
42880339
42993963
43044654
43184223
43273960
43659448
43734740
43740077
44165505
44445012
44461741
44599867
44652948
44909512
45153151
45166299
45184976
45227449
45227760
45392282
45450183
45482741
45521473
45531017
45558296
45692230
45800673
45830718
45941848
46006290
46012061
46025386
46046013
46076276
46085782
46140584
46208977
46219823
46245577
46258510
46315435
46465268
46487027
46504632
46533128
46751093
46795141
47223195
47433838
47447639
