11798
15414
17321
18128
18635
28852
30467
31247
36050
45026
50974
51268
53111
57166
62697
63959
68971
74022
79724
85536
87230
88416
92242
98345
100613
104251
109008
119376
119843
121030
128693
135029
135120
135454
136170
138439
139713
139978
151911
153160
169492
177030
180617
185979
186718
187756
193832
195104
202029
202451
206534
207193
209233
210231
212158
212245
212297
214377
215955
217179
222026
224686
226819
227465
234152
235611
236066
236580
239375
245186
245683
248577
250055
251371
251442
253940
254965
264090
266535
268154
273672
276167
282507
283487
286325
286780
289548
290776
291867
292914
301013
309123
313488
313667
316016
316073
317185
319681
326672
335556
336159
338385
339109
342201
346458
346551
347700
348832
349648
351192
351243
352973
356041
356381
361599
361665
372052
376050
378934
382119
383284
383455
384629
385838
387718
393380
395362
405757
413700
423574
429187
436675
440575
442140
443765
446295
447360
450607
451712
454122
455985
457740
461401
467775
472754
473133
475029
475774
479472
482095
491696
495604
497208
502382
508798
530839
536724
539971
561369
564018
564812
573243
585278
588891
589942
596167
600355
601054
604712
614442
617400
627092
631753
644734
660465
662517
682526
691098
695754
705715
707239
726426
737978
741237
754642
761552
763542
768847
773529
775900
776919
778470
780283
787957
789336
790656
791894
794183
808728
819604
820931
825483
828235
829690
833768
849712
851935
856287
859042
859779
865545
885936
886367
887471
890447
891725
897175
921133
935800
947701
948718
954628
975719
977729
979013
984786
990930
991634
992829
994315
996224
996785
997522
999766
1005914
1007746
1014890
1023000
1031349
1034892
1050975
1051004
1053903
1054168
1055997
1056793
1076032
1078333
1088877
1092136
1093526
1098676
1110320
1121760
1124868
1127451
1141626
1167248
1169376
1169568
1171095
1179102
1193945
1195626
1198813
1199320
1200306
1209554
1223633
1224902
1232588
1236698
1242418
1249292
1269831
1272029
1277099
1277625
1285647
1287049
1288030
1292098
1294774
1307701
1310439
1317915
1318380
1322549
1324813
1335045
1337509
1342647
1346099
1369502
1372992
1375212
1397526
1398925
1405071
1413484
1438531
1443249
1449798
1455538
1464484
1470788
1472628
1477168
1478550
1479792
1481942
1484636
1485298
1493839
1494083
1494138
1504760
1510906
1517121
1521170
1521853
1527181
1534380
1538897
1540144
1562388
1564720
1574114
1585670
1591169
1610948
1613038
1622930
1639228
1642155
1655106
1656182
1668811
1671530
1676061
1682811
1688338
1695917
1696910
1708019
1712001
1721599
1727006
1748957
1751425
1755543
1763805
1764611
1819531
1857240
1865040
1866654
1877530
1889774
1889826
1895100
1898930
1925246
1929708
1947840
1953984
1955498
1966026
1968418
1975098
1995166
2001012
2005116
2032362
2034460
2039426
2050286
2064172
2108326
2130258
2135674
2136142
2136834
2140098
2142876
2149508
2149806
2151646
2160914
2184586
2215016
2230652
2234476
2246744
2257240
2262488
2267930
2283804
2286800
2313196
2353958
2376748
2394078
2399734
2409058
2412222
2433726
2444046
2474340
2474860
2505654
2514434
2523388
2527658
2527872
2530152
2545998
2557612
2564482
2574908
2599772
2609460
2618508
2632766
2637814
2661202
2688970
2689610
2690112
2693278
2705480
2713502
2725934
2728334
2756024
2757018
2777970
2798020
2806948
2811256
2815434
2826652
2831258
2841214
2843812
2846122
2848102
2853234
2873312
2878574
2888998
2901228
2901696
2934872
2941272
2941372
2943264
2954182
2989690
3006638
3015284
3020856
3034755
3037250
3053349
3055894
3057643
3076070
3079152
3088745
3093680
3100753
3101690
3122433
3130586
3136674
3160979
3173241
3184522
3195175
3195828
3200203
3205920
3215258
3216314
3230769
3237581
3309341
3419451
3425621
3432471
3473231
3483631
3536441
4255031
4306511
4602081
4801071
4873751
4887941
4920321
5042631
5119571
5287711
5377741
5658921
5742231
5886431
5961491
5993151
6066281
6422281
6452001
6586301
6647601
6796441
6906571
7124161
7130251
7158451
7239631
7414051
7429251
7430491
7445301
7876371
7974821
8144851
8201661
8230371
8431361
8511291
8599771
8983491
9020721
9093061
9293661
9294491
9346741
9490431
9508001
9631171
9805291
9961841
9965971
10137961
10169241
10171741
10248271
10437071
10585491
10754731
11148521
11229861
11260831
11277471
11358291
11458941
11486481
11696061
11699631
11774471
11967091
12040051
12056021
12064581
12128141
12273951
12313291
12485861
12608451
12711881
12764951
13797691
13943411
13948401
13960201
13999431
14018981
14026241
14483571
14658981
14783121
14962591
15102371
15157821
15231521
15420311
15548336
15559967
15566731
15570181
15592264
15596225
15597024
15608768
15615189
15623990
15640419
15640799
15642047
15692059
15706969
15745993
15756113
15767754
15778105
15799723
15800564
15811258
15816217
15824358
15843165
15929370
15981941
16021228
16023074
16029199
16050617
16063351
16069917
16077962
16093601
16106636
16115678
16122188
16123375
16124803
16128899
16137405
16138794
16139590
16147014
16147376
16158500
16160880
16169562
16239415
16276522
16432171
16569283
16676209
16680472
16686688
16695088
16697509
16749982
16758676
16781413
20172814
20261668
20314600
20505799
20522131
20533804
20549344
20563885
20565712
22410569
24294931
24972015
25169456
27080734
27093694
27128602
27139687
27175597
27217720
27230251
27300640
27347215
27390211
27532033
27550063
27571639
27616618
27627586
27629764
27714541
27753742
27756094
27801343
27803710
27848200
27879981
27884465
27914055
27950664
29005047
29015786
29015921
29041881
29071738
29078196
29091894
29099432
29099868
29124792
29126540
29143388
29145300
29150753
29170483
29171776
29189898
29229027
29229321
29231809
29233084
29242430
29251755
29254078
29266950
29267027
29267164
29293282
29307148
29307307
29323571
29519853
29526143
29539283
29541962
29557050
29563983
29581080
29584654
29608215
29610149
29619485
29623762
29627710
29649555
29663232
29674802
29676584
29786748
29786941
29787255
29797349
29810412
29811414
29832069
29874212
29876444
29889111
29902611
29956289
29967659
30025776
30094911
30098079
30100405
30101195
30124966
30127683
30142381
30161279
30181897
30222412
30232861
30242089
30250183
30253633
30280692
30280713
30330786
30344630
30365927
30394293
30407419
30418201
30418299
30428015
30430116
30444363
30446831
30501821
30507645
30526603
30529092
30534361
30551638
30567215
30587329
30616300
30642217
30671446
30693515
30704756
30747088
30747386
30826798
30831208
30833693
30838026
30865877
30886434
30920027
30938099
30938520
31007302
31008489
31020335
31023034
31024367
31024597
31024787
31027071
31038481
31081515
31090637
31112271
31128614
31145399
31157226
31158204
31172140
31172637
31209204
31220939
31233363
31237010
31328625
31350395
31373108
31373182
31383452
31385894
31390216
31394077
31409774
31423818
31431900
31448506
31453127
31474582
31475850
31484461
31525614
31526180
31546456
31554685
31560944
31562293
31586385
31626235
31644084
31656728
31665596
31669046
31705751
31721571
31756422
31776631
31776936
31776962
31777061
31785201
31810111
31844333
31879493
31892722
31896437
31904885
31925559
31930598
31941668
31942863
31948211
31952926
31963283
31964523
31972218
31972896
31985691
31990362
31999191
32001709
32011145
32041944
32044253
32065620
32068574
32068945
32069508
32070448
32092843
32092852
32109996
32119563
32140254
32183723
32198182
32217369
32218882
32222425
32224897
32229869
32231960
32233652
32242504
32243948
32244016
32244035
32244229
32244273
32255852
32260606
32290491
32292972
32295746
32297955
32299884
32300327
32300584
32300613
32301946
32307946
32308153
32309349
32309373
32309497
32309546
32309583
32309604
32310079
32310249
32310354
32310387
32310431
32310481
32314237
32318473
32324943
32327291
32352889
32361938
32369837
32372178
32372874
32376022
32376930
32404648
32405307
32410289
32418783
32429082
32468798
32469392
32469495
32469717
32469967
32482658
32495626
32496446
32496777
32498062
32500780
32520943
32522806
32544216
32554504
32555971
32556123
32585562
32595977
32606737
32629515
32629572
32636782
32644538
32650782
32658928
32662280
32663767
32665042
32665248
32668882
32669976
32698748
32793749
32797559
32797901
32803683
32808014
32820417
32839283
32843592
32892341
32895482
32935138
32935830
32959936
32961177
32972730
33012343
33015800
33046106
33090143
33106804
33108783
33128806
33129379
33132170
33139046
33147615
33155718
33158741
33178885
33196227
33198042
33211102
33221994
33227839
33228741
33263363
33277199
33292729
33307638
33361449
33428945
33435398
33446198
33455400
33461345
33467222
33471284
33480549
33489180
33493428
33596861
33596879
33601956
33603017
33615270
33618340
33627760
33639268
33661161
33667720
33668091
33672786
33680642
33687535
33720587
33721731
33727184
33745881
33771141
33778662
33786804
33811255
33818732
33822124
33841816
33841903
33841987
33842081
33847770
33848398
33848508
33848888
33848963
33849032
33849889
33869998
33885833
33895659
33909240
33925657
33946798
33996842
33997160
34016023
34021836
34022153
34037563
34040562
34042846
34057308
34061238
34067941
34068051
34068148
34068154
34068319
34068582
34068653
34068717
34068971
34094217
34095794
34102508
34111316
34119786
34121680
34121719
34121774
34121799
34121929
34121970
34122442
34122493
34122543
34122636
34122722
34146158
34176815
34181080
34190219
34194247
34205385
34218848
34234997
34240403
34271915
34309962
34313704
34334041
34341137
34351175
34354561
34384747
34385049
34387564
34393356
34403257
34403551
34403917
34407263
34412887
34460855
34471501
34492179
34524868
34536389
34538718
34560843
34596835
34606941
34607000
34607069
34607120
34607178
34620526
34667503
34734659
34818170
34819320
34820068
34844519
34867697
34870497
34934517
35008493
35012720
35019422
35064060
35080357
35119681
35120195
35125734
35126178
35128978
35158730
35166948
35180320
35182649
35191439
35192754
35196470
35279376
35294013
35310219
35322329
35345474
35345942
35346578
35347602
35347656
35347897
35356466
35362460
35365088
35390395
35400072
35404855
35432457
35467713
35472970
35478329
35497249
35514562
35521788
35561457
35580368
35585343
35586471
35593120
35636702
35652721
35654272
35658308
35727758
35755127
35757014
35759892
35783624
35787021
35793405
35810579
35810760
35858083
35913877
35949017
35950803
35971388
35976180
35983367
35991661
35992984
36058595
36076792
36090835
36124425
36142896
36146433
36159055
36171710
36212486
36215514
36230373
36238523
36244142
36261291
36266626
36274489
36278264
36281870
36292045
36297461
36304422
36304976
36305051
36318098
36327691
36335729
36340477
36341590
36344299
36344715
36358870
36366690
36368416
36370728
36371131
36371874
36378265
36385464
36385914
36387341
36387705
36392766
36405493
36414323
36414550
36414961
36415093
36420006
36420233
36442493
36442859
36444626
36457533
36468700
36474119
36496295
36515417
36515770
36525623
36538189
36543182
36581096
36583105
36594778
36654419
36655420
36660866
36696017
36742325
36766421
36808298
36838004
36844099
36865090
36882626
36957144
36991232
36992274
37021876
37041659
37047665
37054012
37061663
37079112
37123750
37127078
37127139
37140183
37177773
37178043
37183393
37191019
37198383
37212632
37220460
37230188
37234673
37251405
37262792
37282061
37425618
37501878
37516117
37516194
37516255
37516337
37516400
37573495
37580198
37590878
37624508
37631066
37676249
37684601
37700019
37721141
37794168
37804630
37824516
37848908
37850681
37871689
37873266
37930916
37932013
37950741
37962948
37987137
37991224
37992820
38067335
38087037
38134779
38151428
38204030
38209809
38246013
38252875
38322629
38353535
38564916
38594007
38669006
38858875
38861356
38928435
38962779
38987674
39604976
39747150
40008024
40017205
40023910
40041746
40304817
40374533
40376269
40704817
40765587
40903138
40982320
41250206
41350753
41514691
41547182
41587978
41645642
41850586
41899064
41963216
41989722
42177082
42200942
42207659
42213061
42279793
42592435
42698273
42815790
42893171
42986642
42993963
43376737
43601805
43671363
43686943
43698619
43923609
44070277
44191201
44214452
44235508
44554026
44719985
44722207
45109725
45112737
45192869
45318521
45525248
46301843
46487027
46506990
47223195
47349661
47777095
