62
2125
2922
6679
7627
11798
14190
17341
18128
18635
19456
23455
26105
28137
29420
32499
32664
32666
36050
37057
37210
40703
44912
48673
56267
57166
57856
62697
63959
70037
72368
72491
75898
76245
80098
87230
90472
95216
100599
105841
111979
113863
119376
122462
123022
127954
135120
135686
139709
139713
140734
141747
144453
149807
151503
151911
153215
155881
156376
157020
178583
179349
181052
186718
190954
191777
193832
195104
224460
224502
226846
226958
228748
229746
231320
233341
237161
239964
243750
246282
250055
253770
268813
275362
276141
279202
284526
289548
290130
301013
301225
302410
308206
311546
313488
316333
317832
322102
325649
333547
334993
336159
338669
339390
345279
346954
347700
347839
348802
348832
349648
350737
351192
356041
356914
359395
360186
361926
362019
366355
366595
368046
369412
370225
372459
372916
374221
374909
377817
395362
396410
400322
407058
415638
419147
423574
429966
437628
439038
440575
442140
443765
447037
450619
450881
453308
454726
459901
475774
477713
480783
482095
482735
484918
487840
490396
497208
501520
502382
502799
503204
507755
508269
511876
514018
514223
522830
527166
529402
538949
541632
549368
559985
562927
564018
564812
569950
573227
589942
592483
595215
596167
600723
600990
602538
607890
637781
642891
646319
652340
659684
660465
662517
672965
675509
695919
703091
707486
732337
732612
735298
737978
743460
743884
752175
753005
754161
754642
757599
775272
781926
785703
787957
789336
802735
803524
806003
816689
819531
819604
831528
837162
842663
843146
857179
857423
860436
866334
878179
885936
886367
897175
907078
914936
922703
927455
935495
950759
950930
975165
976952
977729
979013
984786
996785
997522
998536
999339
1000103
1007746
1019388
1030588
1033820
1040465
1043127
1051286
1055997
1080527
1087434
1092136
1093526
1093826
1095220
1102242
1105032
1110420
1136020
1140447
1141626
1146459
1162492
1164981
1169386
1171095
1177490
1179102
1189973
1195626
1200306
1200324
1201332
1211340
1223633
1224222
1228529
1236459
1236698
1243937
1245684
1249292
1255710
1262181
1274200
1286661
1288030
1310439
1322549
1324906
1326291
1328459
1332729
1333083
1335045
1345491
1349101
1354597
1359739
1364750
1368810
1369502
1375212
1388397
1412537
1430045
1438502
1445832
1447995
1448147
1450237
1451909
1458835
1460367
1472628
1473333
1478550
1488056
1488559
1504969
1510906
1537283
1537768
1538203
1541149
1542744
1553550
1563881
1566188
1579038
1580705
1582540
1589279
1592472
1600243
1619907
1630966
1631853
1633055
1634403
1639228
1642839
1648406
1679010
1688338
1688703
1692677
1695917
1707084
1709978
1712337
1729671
1755543
1761167
1774953
1778533
1781105
1784927
1788769
1796237
1803125
1805535
1805579
1810793
1820663
1831022
1834812
1857240
1873394
1877530
1889774
1890694
1895100
1898930
1899896
1901316
1903292
1906994
1908710
1910430
1932910
1940432
1946898
1957146
1975098
1990488
2002880
2003798
2008264
2009368
2038076
2045912
2050286
2064172
2066900
2094474
2113594
2119088
2136142
2136786
2151646
2175660
2183848
2186258
2204776
2215016
2219624
2229176
2230652
2234476
2238228
2242494
2260982
2286800
2327398
2332348
2336624
2350152
2364434
2384130
2394078
2400716
2409936
2418850
2450842
2456338
2465208
2474340
2505654
2514434
2523388
2526276
2534466
2538938
2540084
2560106
2567932
2574794
2581328
2584540
2618508
2621356
2630504
2631490
2644236
2672534
2689610
2698598
2705480
2707220
2713774
2715148
2723410
2738540
2744810
2787950
2799634
2805212
2810584
2811256
2815434
2825260
2838498
2840952
2861564
2864498
2889014
2923178
2944724
2954182
2955500
2959622
3006638
3010000
3014848
3020399
3034755
3036902
3039342
3049907
3055894
3055998
3062262
3064384
3075476
3077324
3089209
3095369
3098612
3100942
3109509
3118740
3124052
3134148
3148884
3160510
3168506
3173241
3174121
3190499
3226204
3226353
3228829
3230643
3231996
3376141
3431821
3492191
3536441
3576381
3684401
3774041
3899521
3931101
4006611
4064611
4132931
4149471
4171421
4206701
4232141
4255031
4419301
4464111
4615471
4720381
4801071
4873751
5045391
5048441
5058081
5074891
5287711
5306201
5316611
5375001
5462511
5580171
5617901
5658921
5731651
5889031
5981211
5993151
6047061
6193441
6233291
6299361
6328601
6370871
6381191
6422281
6425061
6486991
6490561
6499981
6529121
6586301
6679321
6906571
6947111
7035241
7046731
7158451
7179401
7280231
7474171
7540461
7552111
7627121
7659891
7708711
7783511
7784011
7876371
7916571
8040861
8096581
8188801
8230371
8241591
8329381
8392071
8431361
8599771
8660211
8697461
8745501
9006571
9347051
9456781
9516701
9593621
9681821
9701681
9786431
9892861
9961841
9965971
10021891
10437071
10559921
10887981
11022591
11229861
11277471
11304551
11328251
11829551
11967091
12128141
12180721
12197821
12313291
12377541
12500941
12589741
12711881
13797691
13999431
14026241
14046131
14191531
14194231
14464261
14522191
14788301
14962591
15231521
15517331
15543377
15546337
15558219
15578860
15582766
15583108
15623990
15631017
15640799
15652765
15671315
15689438
15692059
15706969
15726649
15729279
15735168
15738598
15752220
15776829
15778105
15789805
15797480
15798631
15843165
15843825
15943995
16030160
16031116
16050617
16060886
16074236
16083568
16093601
16107611
16110120
16113739
16117522
16123375
16131856
16136626
16152709
16158500
16169343
16174613
16180541
16189613
16199493
16209570
16210973
16219000
16305784
16317010
16360258
16419787
16424818
16432171
16457329
16462930
16488277
16652077
16692985
16710268
16736059
20172814
20261668
20314600
20390872
20478610
20523502
20555602
20564065
21227287
21367992
24199387
24250561
24294931
24510306
24524806
24655228
27027388
27057838
27080734
27093694
27103804
27122866
27158524
27175597
27217720
27222622
27239512
27259183
27275434
27300640
27314020
27338806
27364744
27370063
27397792
27433246
27481207
27512458
27551803
27571120
27571615
27608992
27645211
27753742
27754282
27799810
27817105
27871383
27881114
27889049
27890078
27935593
27937298
27942267
27944675
27950664
28094275
29002891
29014324
29015921
29047508
29071738
29072050
29083128
29101098
29127118
29131195
29144682
29145300
29164831
29233692
29239183
29244483
29249174
29262487
29300262
29307909
29311587
29323571
29511895
29512837
29534878
29541962
29579532
29596609
29614959
29616322
29632585
29637140
29638879
29650066
29653756
29663232
29787255
29791659
29798958
29802461
29810412
29826051
29830324
29889801
29902611
29956289
29965456
29966206
30007773
30026118
30032910
30052269
30063434
30076307
30100405
30136276
30142101
30149526
30161279
30167634
30171681
30194730
30293873
30314130
30369218
30381964
30398408
30410782
30418201
30444363
30467556
30495123
30529092
30551620
30567215
30570995
30592746
30664623
30667386
30682077
30696473
30704282
30717800
30735937
30736887
30767096
30767445
30782255
30811539
30819324
30831208
30832553
30834108
30838026
30842705
30917191
30935180
31007302
31008489
31009306
31011116
31020841
31024889
31030722
31066594
31082396
31084592
31089854
31109849
31110130
31128614
31140147
31145399
31153153
31172140
31209204
31213066
31221962
31225367
31248009
31287074
31289494
31317053
31319252
31321106
31372272
31394077
31409774
31420955
31421106
31448506
31474582
31499398
31525614
31611527
31622540
31644084
31649667
31654607
31656728
31660678
31676460
31693635
31699369
31708403
31759977
31766278
31778409
31781162
31797942
31811199
31819967
31820401
31821114
31849635
31887204
31887466
31916219
31937580
31948211
31965164
31974640
31985691
32001709
32004730
32023809
32029613
32073992
32109996
32121342
32133313
32134747
32183085
32222425
32224897
32235194
32238808
32260606
32266935
32288681
32291291
32294965
32300368
32301946
32325098
32337262
32350297
32362796
32370298
32376022
32405332
32426694
32433885
32450424
32451867
32472627
32482095
32487050
32498062
32512868
32522806
32543426
32547426
32556320
32582276
32595977
32602742
32603445
32605852
32618603
32625132
32636782
32638739
32639035
32669976
32698748
32699022
32713577
32775498
32775926
32820934
32854013
32882989
32924305
32948610
32959936
33015800
33044992
33046106
33051337
33052341
33066032
33066466
33085387
33132170
33150806
33152906
33178885
33187551
33194995
33198042
33211844
33221424
33256768
33263363
33284661
33292729
33298750
33306221
33307638
33313938
33354865
33358197
33359260
33371643
33455400
33461345
33467222
33471284
33475346
33492019
33509198
33518320
33583715
33596879
33597645
33628317
33650487
33667421
33667720
33671938
33672786
33687535
33693219
33718512
33719282
33719411
33726393
33726771
33738435
33741778
33780078
33794146
33811255
33816330
33820495
33827049
33849889
33860932
33863649
33877176
33886260
33889172
33965669
34000010
34008691
34021139
34070051
34084047
34085850
34089825
34101783
34132804
34134004
34168714
34202335
34203842
34234730
34242845
34243702
34257553
34261097
34268940
34281074
34282381
34285713
34288861
34295100
34297033
34297224
34306039
34313704
34322567
34351925
34352584
34372913
34377441
34385049
34390150
34397644
34407263
34426977
34439726
34440335
34460855
34470821
34518288
34535980
34548976
34562915
34573480
34595388
34607339
34617756
34623214
34643827
34657138
34658538
34686544
34689250
34693922
34726732
34730060
34734659
34736015
34741193
34761440
34768668
34789300
34789542
34803208
34804853
34834788
34844369
34850744
34854332
34854916
34855714
34856100
34880007
34884676
34903603
34911788
34934517
34934984
34936371
34977221
35008493
35012720
35019422
35059279
35074587
35085395
35106960
35108768
35153419
35155714
35163894
35182649
35191439
35192754
35200183
35271764
35290150
35294013
35305687
35310219
35322329
35326018
35356466
35378818
35388257
35390395
35404855
35405757
35451694
35478329
35482588
35485494
35486156
35495855
35497249
35520100
35551110
35557339
35580368
35621769
35640554
35652721
35658308
35669157
35690568
35704433
35709810
35727945
35738817
35755127
35757014
35762054
35793405
35802271
35807034
35817341
35859219
35864759
35913877
35944277
35944663
35950458
35950803
35951811
35976020
35983367
35997913
36002724
36024561
36029431
36058595
36075581
36084934
36090835
36092838
36129044
36141473
36145887
36147242
36148086
36159250
36162187
36168038
36177229
36213874
36214597
36223368
36239054
36242782
36247416
36251152
36261172
36261291
36262477
36263065
36280061
36287088
36292045
36295327
36296257
36299528
36304182
36304422
36317062
36317553
36322529
36328847
36342850
36351009
36358059
36368416
36370538
36375907
36387890
36392766
36398107
36413583
36432575
36436287
36438170
36466578
36468700
36474119
36475063
36479005
36479606
36485173
36485470
36493629
36495495
36496295
36515417
36525623
36529780
36538189
36543182
36556814
36559269
36559919
36562156
36578450
36581096
36583105
36593749
36593969
36594778
36614252
36618834
36628102
36645695
36654419
36656233
36659701
36660866
36666664
36675191
36683373
36696017
36705075
36722553
36723897
36727459
36733249
36742325
36748124
36753181
36769605
36773009
36774140
36775529
36809558
36817999
36834514
36838004
36838596
36851315
36852942
36867657
36879718
36880650
36884663
36900036
36900459
36912380
36954591
36957144
36960077
36991232
36992274
37003893
37019685
37021876
37024761
37028700
37040949
37043833
37047665
37051765
37054012
37061663
37071754
37076955
37094341
37096030
37103833
37103953
37115098
37123750
37127078
37140982
37141018
37146733
37150861
37158930
37179877
37191019
37191067
37208672
37209324
37221599
37229462
37234673
37251405
37261034
37262792
37272101
37282818
37296165
37296920
37313925
37352439
37355927
37399262
37413241
37426813
37438662
37445252
37450820
37483505
37487056
37487130
37496941
37497158
37501878
37506587
37512180
37513847
37513937
37524660
37545051
37546005
37546190
37550336
37554994
37577436
37580198
37583784
37594761
37603730
37609896
37619643
37623667
37632996
37634409
37638400
37642160
37649718
37678078
37684601
37688106
37700259
37758777
37773542
37774553
37774742
37779628
37781737
37781885
37788492
37800533
37804630
37811920
37812889
37830341
37837054
37843534
37848303
37850681
37859556
37860091
37862141
37864378
37867880
37868085
37873266
37887801
37915606
37930916
37938416
37938888
37947464
37950741
37962948
37965600
37973134
37987137
37987387
37989779
37993205
37996939
38015421
38017095
38018690
38032583
38046365
38053465
38061995
38072863
38079991
38087037
38095687
38121509
38121701
38139013
38141309
38141504
38142003
38151428
38151599
38155294
38170860
38184493
38186614
38189050
38196894
38209809
38219123
38227316
38233811
38236337
38246013
38250001
38255710
38298290
38302428
38322629
38339964
38350148
38353535
38374990
38384868
38410490
38421243
38428368
38447743
38486954
38493267
38504120
38531018
38538968
38540367
38545678
38545936
38546169
38546417
38564916
38590644
38594007
38595688
38613225
38614688
38621689
38622085
38630457
38640178
38651345
38661958
38667277
38671921
38733844
38742141
38777646
38801176
38858875
38860749
38861356
38878926
38894593
38917852
38962779
38963248
39044749
39103915
39128817
39148677
39152514
39166191
39209504
39223226
39237693
39324081
39329212
39359896
39362247
39396945
39432003
39455306
39492007
39498303
39510587
39529633
39540860
39569543
39578140
39619156
39621372
39660324
39667262
39683755
39691020
39699867
39708990
39712770
39731773
39807286
39818466
39822756
39826347
39829462
39899470
39922367
39931678
39950919
39969276
40005999
40009391
40023910
40089827
40093857
40157713
40328496
40369823
40376269
40421756
40478260
40479611
40517135
40531647
40577916
40582972
40588562
40593918
40630452
40638943
40704817
40765587
40772045
40801268
40810883
40818891
40865490
40890173
40902096
40908765
40949357
40950051
40982320
40990078
40996070
41016570
41018585
41060137
41064061
41080787
41082955
41092029
41093354
41096713
41104490
41145511
41250206
41268741
41286185
41304365
41324465
41329665
41349230
41350753
41363461
41379331
41386918
41398626
41399161
41420682
41426139
41452758
41464994
41505538
41519874
41522467
41533789
41536230
41552743
41552820
41567537
41569682
41578115
41587978
41593843
41622579
41622781
41637684
41651433
41656148
41657338
41683713
41711968
41714204
41783347
41791536
41836843
41856164
41864342
41871077
41894309
42027587
42104489
42156854
42162600
42177082
42203069
42213000
42235052
42331080
42378459
42400830
42426414
42517159
42568576
42581711
42622334
42640321
42774864
42785480
42789825
42849987
42880339
42915380
43158835
43222751
43236174
43269663
43272346
43289986
43332102
43488265
43547035
43547493
43698619
43712100
43734740
43792169
43924687
43947541
44059715
44129259
44138952
44225465
44283738
44412070
44532962
44599867
44671877
44724275
44748488
44851715
44957931
44965526
45113964
45132026
45195797
45262319
45266790
45288716
45343032
45472663
45485738
45679597
46034804
46196797
46425603
46578483
46844955
47652747
