45981674
16710268
39243483
37632996
16457329
45760294
29650066
34243702
47914269
35339600
3049907
359395
29002891
16136626
743460
41064061
196726
37962279
43762390
47651446
675509
47799520
952584
1224222
37750044
47389416
42214974
29311587
47861012
43236174
30692628
47616526
41196633
42027587
47177102
41350753
33306221
1093826
2009368
39435310
395362
47176019
36578450
38667277
34607339
36317553
30167634
31394077
477713
44599867
2560106
34977221
47664735
46635654
44298062
30348316
36900036
47652747
46578483
1582540
47627083
38302428
1140447
38707937
47539968
833768
45510587
1430045
35703455
37422961
36772578
44070277
32561562
34439726
37183393
37124606
47478439
47474915
45493655
47477025
47469760
46208977
32134747
44270317
31781162
27937298
33936364
45345514
44842461
1537283
47297817
47397569
14505171
36270222
15517331
15789805
30136276
47414616
39510587
6647601
47192419
47403806
47365209
36884663
2707220
47335870
47324560
529402
37554994
47283880
47283793
47280314
284526
47131837
47269494
38678207
939609
36579394
40442860
37054377
47179247
46238407
47188647
37546190
47073529
9701681
37927239
169546
45262319
1451909
2151646
47190220
46323667
743884
47176108
1563881
34686544
156376
35859219
47152649
6047061
47131901
36003927
47120381
44138952
34656089
46687273
46025386
36141473
1368810
42880339
31317053
16692985
16652077
2336624
30149221
46266219
2864498
1630966
47032040
47023849
47020213
47019991
44674782
47018006
47019456
33194995
33667720
46844955
37590878
37183068
39149585
38621689
34664661
45679597
16073157
122462
38312314
33012343
40903138
1458835
44238298
46487027
4795121
35551110
2149464
46937562
1761167
38651345
37296920
31660678
43324322
3190499
6737771
46753016
43740077
30712294
39253729
41651433
40023910
29931219
1707084
32665246
41630304
16131003
1768405
36143876
43701603
37292563
32602742
41578115
31759977
1474421
46689782
34753197
32595977
38254966
46719341
38997259
40755081
40827416
41656148
46722894
35301602
37127115
45227760
46719510
32685060
45571591
46760301
45755862
31641561
45947284
45968121
46293124
46293193
34325794
34021139
33957213
46738063
3039342
2840952
32482095
46708983
44165505
38282085
4114501
1243937
46693890
46692168
46692372
46675354
43947541
45450183
14522191
38504120
4232141
1412537
30551620
39645605
38538968
45136820
35949017
400322
1354597
46364556
36954591
16117522
46196797
34853053
39880797
155881
46536542
46001613
39688519
42297858
36117710
7179401
46140584
46503192
15724439
1639228
35704433
31140147
46492982
42811248
43111418
32820934
5580171
45003989
46464940
29777439
36775529
34158370
40871547
6328601
36515417
46457750
2219624
33949447
29632585
6529121
46437274
602538
45113964
35743322
46429479
37951232
38273490
38579246
46407176
37300144
34089825
9006571
46219823
40554302
46365487
34134004
32516956
42046778
35817341
29541566
31011116
45692230
45391268
45521473
46367596
46315435
30736887
36509586
43712100
13797691
37788492
29219740
46356874
46356275
46006290
46346783
45184976
33759327
46240049
36322529
46258510
37321660
2683536
13825821
1136020
954639
44965526
41637684
38541316
40688911
46213120
45303065
9801691
45473270
44532962
41593843
37488179
46261391
46220138
38637515
38957184
33726393
2175660
44412070
31248009
43413766
41283546
41924430
38252875
46067854
32370298
765799
384629
41711968
15706969
42734274
39329212
39786746
38037858
44144004
16030160
1553550
27706711
43494458
32775498
37622746
44724275
35941718
46149233
752175
44279975
42581711
514070
15752220
36818350
30171681
27481207
45760437
46099706
43762870
38474152
46095288
45680210
46085782
36745623
45966236
46005337
45195797
32434218
46073206
46073372
1007746
279202
33548178
38193560
45343032
16113739
62697
36614252
480783
8329381
44430385
8697461
34242845
16060886
33860932
31644084
23455
5889031
43104337
1029377
43076820
45640934
3055998
40479611
37290276
31943119
45847721
41018492
502799
44280323
468123
29300262
45760737
43272346
29127118
40655771
1564659
35182649
2716774
45132026
45780633
16424818
42586385
45733213
27259183
243750
36733249
34643827
42951544
30908427
44625354
1701337
45039590
45750028
42849987
30008136
34854332
36639468
45288716
45719488
31820401
39102040
41569682
45709874
45463620
45451343
45435697
45329506
45305266
45274605
45169640
44957853
16488277
15943995
372916
42936594
32433885
507755
7879801
30481865
43039358
33178978
40436877
45525248
45362797
45447015
1470788
1445832
39362243
41856164
45557199
38374990
1108551
42914761
40619398
42847742
2186258
34884676
15583108
45384326
44775968
45470483
44901037
45518740
34730060
27107023
31534848
14950211
31880815
41080787
361926
45480497
45201716
37634409
44959195
44863496
45122699
44977762
1873394
45447407
36353935
39621372
45007213
38345059
45430002
45299010
3064384
2574908
33106804
45365492
36861665
41622579
831528
44957931
4840681
45385388
45383979
45383269
44273469
14046131
998536
36614161
44007420
4419301
34387564
1337269
100599
36370607
45348917
34409232
2785044
36663285
34850744
35021150
29145300
2744810
11328251
27233215
31525614
30151239
39125648
45299297
45297853
42584673
39004031
3095369
38032583
45266790
27608992
24655228
1333083
36024561
33359260
45263566
31727017
36496295
39876830
5316611
34630035
43734740
40304817
8604821
240623
45226814
2861564
35332616
31128614
1146459
43680919
30431194
36956789
27753742
31420955
2818714
45201718
44176035
39808500
8488071
45187408
922703
15729279
38097964
43692657
40671917
45176995
35935521
39022392
35425599
45173766
33313938
2801484
44888432
45151210
45144188
45141302
440114
45107850
41864342
45131604
33780078
45118973
36410518
35300210
976952
34595388
1873720
754161
45108310
45108257
42200942
31753085
20478610
34714895
32638739
1906994
33862792
29004482
37297552
36058595
44785330
29638879
289548
20505799
5375001
37413241
406610
6569771
39480855
35290150
33726771
7540461
31887466
31670543
44752264
31408319
2350152
44225465
41819191
36880650
11829551
44972493
35829902
43686943
35192754
15231521
1413680
33727902
36145887
36485470
44882640
16028388
34844519
35787021
15587234
32288681
44754418
37704831
44283738
44748488
33461345
771064
44711628
30529092
16099995
44707710
31499398
27370063
16273870
39404266
44262970
5993151
44674329
40818502
8892541
35083318
38854255
44594418
33072830
29965456
44618901
12711881
41600761
409155
44585736
42517159
37592484
33650487
487840
35108622
27954153
44442114
41961537
37355927
32636782
44533974
39747150
787957
9965971
44512232
33565098
42913775
44492720
44081214
30834108
30832553
1038790
33512767
44469761
44481410
33052341
38095687
996785
44463443
857179
31319252
44455391
301013
35810813
44399210
12128141
32300368
2672534
41009807
29015921
39117617
20390872
1393684
44238567
20555602
30507463
3931101
44368720
40765587
3077324
36149962
32390084
2505654
43609908
38181860
44235508
44114714
72491
32361797
33434074
75898
34112504
44327396
34775282
33509198
36358059
44280726
16180541
36351009
36342556
37937293
44236820
35877016
3917651
253770
39667262
1368322
36645695
30704282
34093276
1288030
36900459
37609810
34315187
32023809
42162600
6370871
33455400
30756317
43716892
6455781
44097297
302410
43516275
44166388
38067335
37709854
1898930
37220460
32008347
44148110
44145362
237161
8431361
43515466
843146
41306593
44098398
43512115
39117598
1857240
44064619
44059715
44020514
36863105
31976226
1211340
37175890
37426813
41514691
41101320
2141954
43292323
2364434
1910430
34971738
43985251
595215
32444603
230737
38917852
30696473
977729
31676460
20529286
368046
43453841
14658981
37075133
33719411
40284234
33816330
38104917
10559921
36413583
31007302
39899470
35955830
43270877
407058
1805579
31654607
37623667
454726
38894847
128971
35378818
40088312
33731680
41963216
38391762
39380507
5815311
36296257
33149140
38870132
3684401
30194730
157020
199147
31287074
32512868
40704817
35495855
35200183
31766278
43823170
2923178
43811159
43517899
43698619
43792169
34176815
39853044
34829884
36177229
40682417
41758689
43767139
40421756
43289986
37141018
43558125
36313076
42216108
2119088
34741193
16365565
37191019
35971388
43709066
162675
7783511
42393371
43697585
7916571
16174613
806003
32191288
43674111
33671938
1521087
2810584
29966206
16199493
36695229
43534227
41533789
15582766
37824552
33132170
43344060
43601974
43547493
31089854
43332102
38601583
43575241
7011261
34000110
43548732
1102242
43545305
42632374
2955500
43488265
40250636
43222751
41312418
40350336
27397792
42475830
36948732
43472875
34623214
42993963
39604976
43436846
541632
7627121
43292277
38079991
1589279
43420096
2204776
43410226
43404599
43403802
40772045
32652634
42622334
43391195
42826003
33889172
43372599
43372561
40741939
1803125
43367735
43367858
20201428
35802271
41635938
36747329
38001692
1679010
30026118
38447743
538842
42235052
40921471
38099266
36774140
43299776
43097358
16787221
39807286
38531018
32362796
38564916
43276312
42852451
34287134
41390182
652340
43274118
43273321
43269663
43116698
43266721
39956902
43243321
43234802
39963370
33718512
43158835
32914358
29239183
43001172
43115640
42426414
31024889
42177082
43167788
37071754
4873751
350737
42915380
43114806
32451867
29014324
39892594
7532751
514744
43088536
42592435
43020797
43073925
9892861
41627755
31367787
43030698
38621017
29288762
35155132
37978482
39666126
43027484
34322567
43039250
37921378
40902096
43023940
41587978
30787406
38184493
27550213
34282381
2414584
27275434
42999511
42994420
37048405
40982320
42980219
34886224
40638943
229746
1452935
42961789
42960522
32539752
3231996
42284232
816139
42919766
42918455
41907077
1614963
11480
42667221
32182070
42785480
33354865
42871049
42870645
1051286
35153419
41170699
30052269
42568576
37546005
250055
1501343
38186614
42833322
42827427
34313704
35762054
42822494
42821807
30418201
1555883
42816972
42726156
1335045
1349101
3055894
32133313
42800144
33936109
42792121
42789825
3173241
42767659
1033820
37881385
42744699
1788769
42731418
42251486
32854013
42282810
42716963
38378876
42691754
450619
42695142
42634391
3989901
15692059
32183085
41324465
39118069
42647997
42647292
37313925
597881
42642675
41505538
42624021
6299361
34288861
40600747
42560032
42599602
42598935
42587899
31409774
9456781
39447288
757599
42559502
38873307
33044992
30899600
1228529
42542457
27080734
37855813
42521647
42521473
42521351
42519273
42518945
37871976
3089209
26105
42497013
2738540
42493852
42486647
42486292
42366825
2215016
32556320
32156644
38127848
141747
41689901
42213000
42424760
37959959
40577916
42451284
33364458
42156302
38803386
190954
33877527
42440271
42439614
37076221
1030588
42416689
42416353
3163170
42412755
42412426
42412059
1201332
41436636
32001709
37179877
16033322
36788694
42378459
42203069
33583715
42366482
36647676
1162492
42344058
42343515
42343012
80098
42331080
38350148
42328840
33794146
42323035
41003588
36247416
37146733
42156854
13999431
42257659
30682077
29534878
2523388
42220870
38982060
27449548
42208073
37045120
41278898
5048441
1487435
42199181
41439934
42198605
42193968
38182077
492864
41349929
42176701
42176069
2922
42165840
37096030
34351925
37871689
5074891
34068286
37965600
37094341
35586471
42147424
6796441
41511205
36275640
42104489
42139091
29798958
42029318
42004353
42125559
30312262
2787950
40949821
42113335
42084939
8542671
42071322
3899521
42066815
41286185
42058476
1450237
42047141
1375212
39249006
34084047
345279
11022591
36879805
42025015
347839
41894309
42012303
36930126
40405701
42002807
37061663
31887204
41905998
41979593
41645642
41971191
41477852
41960892
41959497
38088613
41763343
36773009
36851315
41942303
40145129
41398626
41926634
41924625
1633055
41890786
9961841
41905099
36727459
41886838
36852942
38087037
41092029
41887198
16169343
37887801
41855351
33015800
338669
39822756
907078
41420682
226846
6906571
41379331
37061920
30007773
27433246
27940960
41765011
41787121
41791536
144453
41786713
41783347
41386918
41773422
488678
37619643
36223368
41495725
41729022
41714204
40190098
35807034
1310439
41709373
37545051
39498303
41657338
1975098
114596
34021836
41441868
41683713
41680616
36960077
37019685
33066032
41658884
41582800
40732728
41642746
41640640
31550321
36879718
139709
34470821
40478260
41329665
41622781
41602324
35640554
37446469
980580
41582162
41618405
41399161
1899896
41567537
29072050
38170860
34923765
30149526
31916219
38410058
37843534
2008264
41588171
30258637
36722553
2538938
44912
29131195
38777646
67721
41552820
41552743
41082955
41542412
41536230
41535272
41464994
41519874
16031116
41452758
36873512
37003893
41426139
2003798
3108308
2715148
39619156
39683755
41412995
36753181
32121342
16360258
35669157
41250206
36168038
41012313
24524806
947424
32603445
33284661
34440335
34397644
41378474
27837544
41349230
30161279
41363461
29307909
14194231
32029613
15776829
34934517
35497249
41329191
1286661
1890694
39969276
32462492
31471104
40375098
33371643
41305820
41304365
40531647
31030722
11967091
41268741
1784927
41265174
39529633
31172140
1695917
40810883
41211637
27057838
2581328
41177041
39396945
32376022
41145511
34191713
41060137
40865490
40981506
2066900
4255031
39569543
31020841
36809558
41096713
41104490
34306039
41093354
39128817
41069860
41085374
12180721
20314600
1080527
40949357
27238930
41016570
40950051
39578140
40514753
33150806
15640799
27300640
70037
36436287
40093857
1648406
36817999
33667421
41019199
39829462
34518288
41005789
41004070
40990078
1903292
419147
40996070
290130
15735168
5617901
40984631
40972259
781926
38169755
33863649
40837826
2644236
27871383
40005999
29327972
40944188
39237693
15843165
423574
40908765
837162
36618834
36468700
40890173
1488056
40818891
36593749
38545678
34202335
34803208
7708711
7158451
34132804
30467556
40803907
40801268
40797893
8188801
36214597
40369823
15671315
40758160
27881114
40523791
31622540
36075581
38483979
348802
35793405
39442196
16002278
40328496
1204990
2450842
40630452
32235194
32713577
40593918
40582972
3014848
40588562
37794049
36093463
29249174
39708990
38015421
40517135
514018
1472628
31008489
429966
646319
439038
35046363
2831258
39931678
40157713
31421106
31116921
1255710
40392922
38866331
3168506
38622085
30369218
2050286
38858875
15726649
37938416
40196486
40264938
34038862
16656058
36295327
40198752
30819324
31145399
3431821
39922367
36666664
36656233
37487130
36777790
37483505
34264962
31065244
39348494
1093526
5658921
40089827
878179
3234529
8599771
370225
16419787
1709978
333547
35326018
1579038
35008493
276141
33432979
313488
39699867
39818466
30495123
268813
37987137
30664623
40009391
39780732
40018284
10021891
39166191
37672932
40010528
32102981
27512458
33597645
2944724
95216
31649691
842663
27314020
8660211
37234673
28137
76245
29311548
30570995
39432003
37066292
37583784
33580409
39878990
38894593
6679321
39209504
31287507
31177786
16074236
16209570
35491226
39719010
18128
39826347
27946275
27966128
3174121
39394678
34234730
39691020
38151599
29263308
31819967
37666002
34458333
39731773
38878926
1542744
37399262
9786431
4720381
27645211
37076955
39712770
36957144
2872336
38142003
37867880
24510306
34726732
31995113
34101783
37098117
34168714
39674789
9681821
1324906
35191439
39324081
1600243
39662614
39660324
37260598
39537799
38389878
32450424
30592746
33211844
34624109
30767445
14190
38098018
37850681
39631253
32337262
35451694
29802461
36479606
39375914
885936
37054012
3036902
32795197
35875426
32405332
339390
1729671
31289494
4006611
39540860
475774
38027281
3228829
3226204
38141309
39492007
31974640
6947111
38879248
34099270
39247797
16110120
6193441
1326291
36668745
38614688
1448147
37781885
39438843
37047665
34261097
31321106
36162187
38661958
34761440
37642160
38053465
39359896
39154409
37140982
39386423
2799634
1692677
38910283
5462511
2584540
31937580
32582276
33221424
32325098
36992274
38733844
38099471
36853187
39322674
35108768
311546
39044749
15543377
37496941
813805
2332348
7552111
36755378
37115098
31821114
39233478
39223226
1460367
33075506
31372272
1249292
39152514
38428368
1169386
32487050
1537768
30935180
24294931
37863596
37550336
569950
33187551
39103915
37873266
39148677
27338806
1236459
38459305
32377196
34911788
927455
38219123
37445252
6490561
1810793
37209324
4628221
1901316
37450820
34297033
27287932
35727945
34617756
39064171
32639035
38139462
38783981
38962779
34548976
36370538
1619907
34657138
29826051
37021876
38987674
775272
38862178
30567215
38963248
16432171
15797480
35658308
33827049
36261291
2434898
38486954
38233811
15558219
38801176
3020399
3192165
33820495
30076307
33877176
115791
2838498
33467222
2540084
33471284
38151428
38861356
15798631
147035
38860749
38859482
362019
1388397
27754282
1990488
540439
38594102
819531
38671921
38767113
27571615
34903603
36991232
37800533
33298750
34535980
38671488
36092838
29889801
35520100
35478329
596167
38745947
34573480
36834514
999339
30838026
38630457
35969597
35106960
38669006
35997913
33292729
38652153
33066466
819604
31009306
38640178
997522
15738598
16083568
30444363
38631141
1634403
38594007
37352439
38322629
37930916
2230652
33450215
31213066
7659891
38613225
38209809
38593679
38595688
20172814
38546417
34007727
15578860
38570675
30717800
1580705
31221962
32109996
37859556
38545936
32772438
35951811
38540367
33051337
325649
32224897
14466541
935495
1188891
2038076
34855714
37848637
38196894
30410782
30101195
2723410
36029431
32671211
38250001
37203463
38155294
36705075
38457753
38072863
37051765
37877188
29144682
37879548
3536441
636079
38421243
37580198
31120081
6499981
38422818
32426694
4171421
38410490
33597866
32260606
35944663
37070519
27571120
38384868
35405757
35389588
35652721
31693635
31699369
348832
239964
37758777
37357123
2094474
7627
37781737
57856
440575
37915606
511876
3148884
36742325
15843825
123022
2303698
38298290
308206
38308167
48673
35911395
32294965
38310549
2400716
37649718
2713774
16434682
1834812
38046365
36838596
14191531
27027388
37947464
573227
2088948
35580368
35557339
3226353
36660866
442140
31965164
31208947
36129044
31627450
37282818
36242782
34789542
38246013
36251152
34352584
29653756
34936371
3109509
34281074
36299528
38196563
1510906
12377541
2286800
38141504
914936
2698598
2889014
36102482
1538203
10887981
37229462
38121701
24250561
38121509
695919
37867609
36625764
38030041
36683373
16470088
415638
672965
38090059
34407263
31948211
37048391
1236698
34854916
37773542
347700
38061995
37311882
37652729
36748124
20523502
1200324
3134148
37672648
35322329
38018690
38020334
37864378
36122310
1575185
38017095
33475346
37512180
38001935
637781
37996939
5731651
35310219
37993205
37150861
34203842
37956374
33152906
37989779
27175597
37779628
1541149
29047508
36723897
1332729
447037
31646495
36213874
37593384
37962948
33228619
37501878
31708403
37950741
3010000
522830
2242494
29131494
16050617
14962591
34377441
37830341
37938888
31209204
562927
37262792
1940432
15546337
32073992
36556814
35950458
36147242
6381191
34470092
374909
336159
15652765
16219000
27950664
37506587
37603730
29541962
33256768
35019422
37860091
36912380
37862141
36654419
35755127
607890
33085387
33628317
29233692
37868085
31105986
37568933
34285713
30667386
37744851
1478550
140734
37848303
37811920
37513937
2689610
33596879
975165
36761456
37837054
16305784
37470329
1095220
37807862
37317179
32201232
37804630
1702130
36121518
37812889
6486991
37490958
9347051
37684601
2418850
37806201
29637140
12197821
37594761
2394078
34768668
29101098
34689250
37700259
37774742
1688338
35003114
37774692
37774553
35727758
35757014
37513847
27122866
37679126
37678078
33046106
36696017
29596609
31474582
37728953
27158524
32301946
7876371
37736905
37593386
2246744
224460
34268940
32932631
37730177
33965669
37201301
3118740
36475063
633181
1774953
37715574
37673632
36990448
12545151
37701161
37707374
32353250
37577436
37688106
36538189
37692654
9560641
228748
29164831
119376
29071738
34844369
20261668
37675412
37670673
37103953
34016023
33855981
37028700
36659701
36304422
34257553
950759
36886397
35864759
2183848
37626035
27799810
35174696
37631762
37591771
33719282
32155028
19456
29810412
32222425
501520
37497158
34218848
374221
37627869
195104
4064611
351192
30381964
32191890
37608781
3774041
28094275
6679
40703
37580717
37584302
37583503
29666795
36165207
16123375
789336
63959
37546477
35271764
1274200
37551670
1488559
8040861
549368
692458
37552855
187756
36392766
33738435
35738817
349648
356914
15631017
16736059
29512837
27889049
149807
36559269
36766421
10437071
2136786
37524660
2113594
3075476
37234954
1171095
37257065
1781105
35141024
246282
37322158
8046881
7474171
32775926
17341
20405299
564812
35163894
27935593
37487056
37487007
37103833
15596225
36333586
30735937
34390150
30398408
37473721
37272101
2630504
2621356
1195626
36562156
27103804
151911
37261034
356041
37251405
31649667
1322549
34008691
36342850
35294013
37296165
497208
27128602
37254757
36159250
37023570
37198383
35085395
2526276
37123750
2811256
29787255
36148086
36583105
34736015
24199387
37043833
6425061
737978
33518320
37040949
191777
37024761
37020711
33232042
151503
34000010
32543426
36945460
29083128
32669976
1200306
1369502
36769605
1055997
20564065
36525623
31985691
32698748
36675191
754642
35690568
33307638
16798735
36543182
36655420
35155714
34385049
32554504
36432575
35482588
1245684
29663232
36466578
36493629
36628102
29902611
35983367
2002880
36593969
33358197
36581096
636945
139713
36594778
29262487
33672786
36560836
36560753
36556834
36556739
36556602
36556507
36554924
35356466
7280231
33693219
5981211
36523531
36438170
2815434
27942267
34372913
36292045
35944277
33286726
16189613
34880007
36485173
34934984
35404855
1642839
305155
36482774
346954
6586301
36479005
36478315
36478083
36375907
36474119
753005
31648121
31448506
30164129
15764275
308564
2902484
1895100
144149
29548347
36438608
32882989
36415309
678637
2510470
218458
36430546
29511895
36430333
36429572
35074587
35486156
36413083
32004730
36368416
36398107
662517
2474340
31797942
27551803
36328847
15623990
32522806
35390395
135120
34085850
11229861
36336044
7784011
36287088
2136142
5058081
33811255
29616322
36304182
2618508
36084934
36262477
14788301
36261172
2234476
559985
36239054
11798
4615471
36050
32291291
32238808
16158500
153215
34658538
886367
1877530
35204352
34872039
34795050
34535053
322102
876505
32611327
32608135
516438
32002799
31109849
30757047
30692973
57166
30056352
