47398570
44606767
14065981
46345088
41685295
47961385
47972301
46761117
30692628
36061171
45007213
42214974
47643906
40023910
14382921
47176019
44545745
37847929
47734735
30348316
34977221
47664735
44536810
44599867
1430045
35906528
47569242
1510906
14505171
36775060
36261291
32676884
1313728
38268702
30430820
32595977
529402
2897210
47322192
41294897
47206111
47124122
15789805
37590878
2871618
15610035
885936
16692985
16652077
2864498
37183393
32685060
34664661
40755081
38535689
480783
2636336
31797942
33012343
40903138
35600879
41578923
20305594
17321
571983
29931219
833768
46212896
46795141
31759977
38254966
46778552
45787273
9134
31641561
46750391
45818068
36055964
2386734
40671917
2783196
38504120
31140147
44165505
38538968
46001613
10441301
46619169
36954591
34288861
3684401
29094601
29753835
514070
39688519
35586471
42537305
44412070
35293985
33182533
46425603
45450183
954639
45303065
40344160
16050617
45800673
39423203
46006290
44909512
46001729
46315435
46046013
1085145
37321660
35703455
46314871
44851715
46258510
37177606
46213120
38907515
44459233
44433601
35874337
46209499
42734274
46089001
43076820
35743226
45391268
45521473
9801691
37788492
42581711
35046129
46025386
41286185
13825821
35182649
43494458
650034
40818502
45184976
45760437
36614252
43740077
15729279
36614161
1470788
43762870
1650897
31248009
7758891
16030160
45817836
43565942
44724275
37425820
43734740
40479611
1672546
1171095
31880815
205219
29014324
34093276
41856164
37036907
697526
502799
37005980
29127118
35008493
33292729
30008136
45288716
45720045
41569682
27889049
38239400
36092519
32512868
42186269
39362243
33931346
30567215
32638739
44775968
36039555
33052341
42698273
34168714
30171681
31562293
38095687
1518211
43519671
45405796
32747296
45225367
29638879
44648586
43119140
34844519
36663285
31753085
40704817
36496295
31408319
1294972
45205992
8604821
31070973
15231521
45188156
44114714
42213061
33780078
30549617
289548
43021651
44225465
38391762
33740996
843392
37313925
31525614
32300368
16028388
44283738
31372272
33061919
35787021
44754418
6604351
33843176
35955830
42405041
34297224
36132341
27128602
42056861
43869336
44442114
144453
33565098
39118454
31654607
857179
12128141
1268258
37609810
38708605
36566912
37592484
13999431
36524396
33455400
36863105
31766278
41303431
44145862
1180900
2141954
39480855
36313076
541632
34176815
43907326
32133313
5815311
38564916
38099266
38531018
42993963
15692059
42986642
30767445
6796441
36234690
34287134
33681928
36545200
8188801
28137
43088536
34202335
37096030
33877527
41441868
30664623
1487810
38285285
41587978
32556320
7158451
29072050
32182070
33936109
20534302
38182077
34261097
37855813
30717800
16281223
40328496
37871976
42458240
42447539
15652765
2689610
15706969
37871689
37045120
37098117
5048441
37094341
36901530
36879805
41477852
37061663
34021836
41905998
1662881
3025749
29076414
33015800
41826197
32376022
37850681
34612997
41363461
41645642
3126954
1295513
41398626
36660866
41582800
41399161
1934362
33277199
3899521
31916219
29131195
35497249
32029613
40907712
2831258
40865490
35191439
39708990
35322329
34268940
36776160
2332348
39931678
40517135
2050286
35566901
269343
40157713
38233811
36992274
37054012
39442196
30004405
27966128
191777
1542744
39362247
790656
33432979
35300985
37234673
1236224
29311548
33471284
39209504
37076955
1324906
39661772
930272
6490561
311546
33187551
35218484
38594007
37873266
33597645
30007773
32301946
31985691
38783981
34855714
39010033
38987674
38862178
20172814
540439
36991232
35862908
37055960
1579038
997522
33618340
38669006
30444363
511876
31009306
37580198
38052802
38640178
38421243
7127891
30161279
35658308
983114
1688338
596167
8898841
35652721
2695734
3226353
36886397
33718067
38246013
37488592
3014848
35376078
38202997
3109509
38169755
655533
514018
33232042
29420
187756
32669976
38141504
32603445
37516314
37991224
33152906
33881532
36625764
2630504
37243017
38061995
38026750
38017095
38018690
35580368
149807
35310219
33156596
32886237
37701161
36556814
36617810
9347051
31209204
29541962
24232080
36865090
37868085
6906571
35757014
36298704
1478550
33596879
6499981
1625030
37804630
1481369
34768668
32004730
2418850
33108783
29900950
36696017
28094275
33046106
29043098
37715574
32932631
34218848
37501878
34306039
29956289
2189616
29071738
37631762
8458681
37624508
228748
2811256
32775926
36342850
1562952
1737273
27935593
549368
2815434
36152472
1322549
29663232
181052
31649667
15596225
37254757
37230188
35956760
36159071
33446198
37292563
33774277
29787255
29262487
37123750
37178043
37043833
24199387
32129707
36583105
27175597
33596861
35710349
29592786
35059806
16054791
32183742
1965620
516819
27799810
39680
1200306
36769605
1369502
16798735
34372913
36674859
32698748
2618508
33307638
36432575
36466578
1642839
35690568
35482588
36292045
1895100
36593969
139713
36593527
2474340
32882989
662517
385838
36572820
36266626
33693219
886367
31448506
308564
36444626
16158500
36238523
135120
34085850
35390395
7784011
32522806
5058081
32444603
33811255
29616322
2136142
36239054
1877530
11798
559985
34844369
36050
14788301
32751758
600355
36159055
34342584
34820068
8761121
34934984
35294013
35486156
2234476
239375
32238808
4615471
35643298
153215
27139687
1033820
32543426
34385049
9961841
34740253
5993151
12097401
2815594
35015887
11229861
31623338
1833214
31298822
5653141
2402562
