975165
1701575
36421773
47177102
41286185
2782366
43158835
1450237
35281191
37847929
41098070
47022469
35703455
1313728
47452605
31781162
885936
7601271
33860932
40755081
45391268
43184223
46487027
37590878
13825821
34664661
46133173
596167
40903138
16692985
33012343
29931219
29266950
35704433
833768
38504120
2831258
46001613
514070
45113964
29027196
46006290
27817105
44412070
46500805
43712100
46137644
627356
2175706
32290238
40735688
42468526
1564659
34931179
43371440
42586385
39573295
30008136
36660866
35586471
33052341
13797691
38095687
39720820
31248009
34176815
44007420
34387564
45388257
33106804
42584673
1435856
42200942
20390872
44511210
43686943
44225465
41583566
1215755
39853044
289548
35192754
3140811
33461345
15583108
34844519
32288681
16158500
15587234
36466227
37043833
37114522
32390084
34297224
42056861
41170699
40498342
33565098
35008493
37313925
44442114
37609810
38594007
852997
31766278
5815311
42993963
34202335
38034909
1460367
36294882
35066240
32182070
3055894
7033091
42592435
37871976
34021836
37855813
33780078
16091343
1922088
997522
34804432
37871689
42216798
37045120
37096030
1899896
505735
28137
3899521
30664787
37061663
41763343
2630504
37626759
41618405
41645642
37545051
33015800
34512328
35497249
1650234
39931678
20314600
31367431
27646777
40648907
40328496
30136276
10887981
8458681
40775397
38206730
1255710
15671315
35322329
35793405
34268940
784143
30283038
40157713
38622085
3168506
38866331
2050286
35308276
38247419
38858875
33432979
33235967
39903174
29311548
32296114
39835662
39362247
1895100
2616396
37094468
33471284
75898
39197763
30991006
39610258
36295327
27966128
37076955
38990171
11229861
38141236
37850681
1324906
169492
39638937
341734
31686376
31448506
39621475
37054012
1634403
12148
34726732
33811255
2815434
27175597
35580368
39442196
33194995
36583105
36991232
11798
1877530
15596225
559985
37781885
36050
20172814
311546
5981211
39394380
34240811
38204096
36421466
36307284
34631293
33864395
33851048
