11798
18501
28137
35277
36050
63959
76245
119376
142455
181052
193832
253770
269061
269592
336159
422836
446295
480783
514070
531655
559985
596167
764211
833768
842663
857179
954639
969856
992829
1006048
1146169
1167248
1200306
1236224
1320791
1340482
1350436
1369502
1413680
1465282
1580705
1634403
1877530
1975098
2050286
2151646
2215016
2341786
2472724
2474860
2505654
2514434
2618508
2630504
2631490
2688970
2811256
2831258
2864498
2944724
3020399
3153572
3168700
3238471
3536441
4615471
6299361
8697461
11967091
13797691
13999431
14793011
14853021
15231521
15242901
15596225
15692059
15706969
15797480
15834351
16050617
16749982
20172814
23611534
24655228
24720734
27239512
27695374
29072050
29099432
29534878
29596609
29638879
29663232
29931219
29956289
30407419
30534919
30587329
30664623
31082396
31089854
31128614
31265564
31448506
31520449
31586032
31649667
31766278
31887466
31892722
31988181
32069508
32318421
32324943
32355871
32469967
32629334
32636782
32797901
32959936
33012343
33025836
33209714
33212508
33228745
33234650
33269333
33438780
33548178
33548487
33618340
33639268
33668091
33687535
33693219
33780078
33811255
33877604
33895163
34021836
34031054
34149973
34268940
34306039
34387564
34535980
34595388
34761440
34770777
34884676
35008493
35021150
35191439
35192754
35322329
35356466
35497249
35580368
35586471
35640554
35773220
36058595
36167527
36203865
36292045
36295327
36304422
36444626
36479606
36538189
36573470
36660866
36722553
37045120
37054012
37061663
37076955
37098117
37123750
37140982
37228149
37474465
37545051
37590878
37619643
37642160
37850681
37859556
37871689
37951232
37987137
38069802
38183281
38502299
38579246
39498303
39880797
39931678
40274339
40328496
40735688
40755081
41041317
41359295
41363461
41399161
41569682
41850586
41855403
41886838
41899444
41905998
42046778
42101987
42125646
42151956
42201057
42213000
42213061
42297858
42311020
42549059
42592435
44165505
44412070
44459233
44909512
45184976
45521473
45760437
45800673
46012061
46046013
46213120
46219823
46315435
46487027
