36421773
37078428
47997114
44803077
47177102
37962279
46226352
30692628
47752079
7128081
30348316
39410289
38504120
44519246
47625282
44536810
30161279
46659603
46505586
44070277
14505171
1313728
31781162
29650066
30136276
35704433
44599867
38215952
47349661
47188647
47223195
45002913
16652077
41359295
45525248
37590878
30283038
43184223
46487027
596167
39155143
46133173
40903138
29931219
31140147
33012343
39672592
29027196
37183393
37788492
34656089
44165505
34853053
954639
46001613
45113964
38538968
29777439
34306039
15724439
45184976
36863105
16050617
46315435
42537305
42046778
262121
43315201
34844519
37951232
38162132
35654053
46006290
30229260
35613147
42586385
34595388
9134
45622192
30008136
45362797
33052341
42177082
29638879
35586471
44007420
43158835
44967214
6654481
37654088
32614267
43686943
40982320
36663285
45032157
37649449
38391762
408993
1477035
36496295
36161663
35787021
36466227
34297224
33650487
33565098
38095687
36413583
32390084
44276160
34741193
33015800
44085570
28137
42592435
41441868
32182070
36573470
130444
41250206
41360562
37794049
31421106
40166260
33432979
39605229
29794300
27966128
33471284
37076955
39826347
39692938
311546
20172814
39206715
33187551
25172549
37873266
36865090
38962779
16089037
36991232
38669006
31009306
30444363
37580198
30101195
38640178
27871006
38061995
35310219
1478550
36696017
32305843
37624508
37254757
37123750
13797691
36878202
36292045
36419624
36137424
35390395
36174269
34738246
14788301
35976180
2234476
816270
27757705
886367
32504440
35411159
34385049
33086611
31147147
35051872
2194976
35053786
27103804
33968532
33478703
34711821
33352017
34751237
34935671
34921869
33811255
30242089
34910235
33750074
1464484
33663611
559985
34859173
34859297
32220033
34859047
29124792
378152
34839837
34835004
1388397
34822330
32444074
32279288
16156280
29663232
31328625
30586215
30656400
497208
34711755
3057166
34784795
33687535
31546477
32803683
1053903
32662280
1085669
34124645
1397526
11798
33778662
11229861
2048070
33158741
36050
8697461
33106380
34029319
34052594
29085620
34037728
31448506
31081682
32355871
2987484
181052
656360
30100405
119376
33373166
32795013
30704756
335556
2103604
1095896
32217369
1877530
31784387
31097846
16695088
31233363
660465
1167248
11699631
24226109
30330547
4211331
29676584
10754731
7600471
15608768
3146202
30253633
3200203
29631308
15840538
20497357
29619485
776919
16749982
29811414
29547749
29787944
1712001
887471
29099432
128693
63959
15816217
51268
6141341
