37962279
359395
46537850
35951610
35134764
44070277
47839713
30161279
39140353
46301843
2491948
46554512
40168236
44545745
46659603
47411493
38504120
47427344
256652
44599867
36775060
37183393
14505171
32676884
41856164
30430820
47349661
35949017
39007267
38032583
28137
29931219
47188455
37590878
38910283
31843159
36080478
43184223
596167
40903138
41578923
46133173
40997679
31759977
38252875
46750391
44165505
31140147
45865577
36863105
41286185
46001613
39688519
45184976
31248009
29777439
30229260
45303065
1085145
35743322
40344160
38579246
46006290
45391268
46315435
30736887
13797691
46341687
37321660
952584
46213120
45760437
44459233
46221991
46025386
42314463
45521473
45876116
43104337
45531017
1029377
954639
45817836
43383305
1564659
33132170
502799
34595388
41569682
43885995
1820663
33052341
44007420
2574908
1470788
34387564
29638879
42698273
36058595
42584673
35586471
35241545
36808298
31562293
35561457
34844519
31432310
24655228
30008136
289548
42855390
32390084
2040840
42517159
42213061
34660026
42200942
45109725
20390872
44114714
38095687
43686943
44283738
34271915
44902124
37313925
37928042
1171095
33461345
35008493
37937293
40304817
16158500
6604351
16099995
12711881
44442114
37609810
775272
15706969
1077666
33015800
34475518
31172140
32444603
37720975
33618340
42993963
36900036
23650846
42986642
42592435
32182070
34202335
997522
842663
37619643
37850681
24127490
34021836
36573470
41477852
38494340
37608429
32406594
41763343
32376022
1619907
41412995
130444
38800942
40398397
16027022
24294931
35322329
15671315
40774354
40328496
2050286
37794049
38622085
33471284
37076955
31209204
30567215
34261097
33187551
39139415
35658308
20172814
540439
1634403
36991232
38594007
38421243
30101195
38353535
38259161
1688338
38059708
36299528
33718067
35455309
37979101
38242740
20261668
3109509
14962591
672965
33152906
34281074
32663767
36261291
35310219
36556814
37501878
37950741
351192
1167248
36865090
36886397
37779628
37805654
1478550
33108783
37804630
34042846
140734
2418850
35757014
1787759
37513847
27122866
29596609
37686818
10520
36696017
27239512
37701161
36538189
34218848
37418291
34306039
37624508
20449939
4064611
29810412
228748
37434658
34770777
29663232
28094275
33738435
32775926
15596225
33596879
37049881
37472386
31649667
37311097
1737273
35956760
33046106
37254757
35997913
29956289
2189616
1322549
33446198
37382557
1054168
2811256
37123750
36654419
37217701
33774277
37292563
37178043
37198383
37103833
181052
36090835
37043833
36583105
27175597
29787255
35059806
32522806
8697461
35356466
36515770
119376
31448506
29616322
32669976
36766421
564812
34708949
1898930
11798
754642
1200306
126300
36050
35580368
36292045
34934984
1895100
33608416
36233832
27908659
35347656
357237
15623990
2533298
33718512
33657367
559985
1877530
23312471
16156127
9656471
1963936
15831204
20274421
3976831
15842667
30442108
29088077
20342485
