46345088
44055731
36413583
30692628
36497382
35780359
41283546
34656089
35951610
37750044
40574364
30161279
1450237
47176019
47651446
47734735
39410289
596167
36255166
30348316
46301843
46659603
30229260
256652
33375253
14505171
38420098
44070277
36775060
47478439
36772578
761552
47468131
33012343
42775176
14522191
33114324
47417343
30430820
35949017
47349661
30136276
44599867
40903138
885936
40168236
47383882
38215952
43376737
42297858
38504120
47188647
37590878
30664623
2864498
33548178
34884676
3153275
43184223
35959134
480783
16692985
37183393
29931219
41856164
46750391
6299361
46001613
45865577
16050617
34306039
954639
35309271
45303065
42811248
514070
41018492
46460529
40344160
44412070
37951232
46006290
43712100
45964355
41871077
46315435
37321660
46258510
45001984
2567778
46012061
45184976
38957184
588088
43565942
336159
37043833
38252875
37054012
44851715
31923832
43078019
45132026
46089001
35182649
40479611
15729279
16575364
36887514
44451964
40818502
33052341
37425820
3168506
16030160
35485540
44724275
43383305
43734740
36783488
45259581
1477035
39243483
34595388
3095324
13797691
34176815
42698273
42584673
33028937
38095687
43016837
37061663
44214452
20390872
38001692
15231521
45242473
43348474
45188156
15640419
45179345
44114714
33292729
42213061
33015800
20505799
11967091
37114522
43021651
38012361
36663285
41819191
262103
289548
1335045
43610478
7540461
9035721
44572569
35192754
35482120
44442114
44283738
34271915
1171095
31773402
771064
37313925
16028388
40304817
40183722
33461345
34844519
43686943
38067335
35787021
15587234
34297224
32444603
16099995
41791843
33565098
1368322
32390084
43612058
44146627
38870132
38894847
5815311
42993963
34741193
43502686
43334118
34313704
40287750
20201428
30026118
41328521
35008493
42116343
37668966
34202335
38285285
37921378
24522829
4255031
34257005
32182070
39969276
36119661
37859556
3055894
1460367
37672932
42213000
37871976
37877331
37855813
42592435
42413569
997522
34804432
35586471
3899521
36573470
34021836
35520100
41905998
36400299
41763343
27884465
41645642
35497249
16174613
7708711
37545051
27453715
34470821
32883304
41329665
41398626
41399161
36427374
35658308
38894760
30369218
33596879
37003893
130444
31819967
35793405
20314600
31367431
40648907
15596225
35640554
40328496
39818466
32718041
35322329
34268940
2630504
15671315
36253880
2723410
36331681
37794049
38975800
2050286
31421106
33467222
1200306
40272459
35810817
34276313
30242089
347700
38858875
35575209
34276158
35848169
36479606
34286584
38594007
33811255
3014848
30004405
31677098
33432979
33232042
39958511
27645211
39835662
2616396
35561457
33471284
33580409
34633210
37234673
39610258
36295327
37076955
32325098
39539062
36944482
38141202
20172814
2815434
37850681
27966128
35490102
37049902
39692938
34726732
36538189
37809441
37871689
39661772
29520899
36991232
39469853
1877530
39657956
35580368
39442196
341734
35356466
11798
1634403
36050
8697461
39042702
33493428
33367815
228748
37730003
34770777
37500527
36583105
1895100
36411137
36400380
36158789
31448506
27757705
34508594
11229861
559985
35353116
35249723
35229566
35123516
35018367
34968922
34737505
34540635
34502169
34431135
34317446
34258207
33236852
31655420
32890271
32967317
32565547
31648509
32122426
29099432
31923403
31884220
31734026
31674409
31605378
31563985
31355910
30990846
30856351
30108640
29800865
