11798
18635
26105
28137
36050
90796
119376
157250
181052
193832
194365
253940
347700
356041
361339
408993
480783
484918
497208
511876
514070
540439
559985
596167
628860
695919
829690
833768
885936
886367
954639
997522
1053903
1085669
1167248
1200306
1289194
1335045
1388397
1397526
1460367
1478550
1480870
1483888
1564659
1634403
1673880
1737273
1835298
1877530
1895100
1910430
1929372
2050286
2189616
2234476
2305398
2505296
2630504
2693284
2717492
2811256
2831258
2944724
3122049
3226353
4255031
4340161
4989631
5502861
6141341
6796441
6880751
6906571
7775981
8892541
9347051
11229861
11721561
12711881
13797691
14074701
15231521
15587234
15596225
15963851
16028388
16050617
16117522
16156280
16171403
16231491
16313458
16437127
16695088
16764574
16768387
20172814
20261668
20390872
27103804
27213076
27517699
27779242
27935035
27935593
29004482
29071738
29094550
29099432
29165758
29505836
29534878
29542796
29569624
29589442
29610149
29638879
29663232
29775745
29777439
29820873
29887703
29900950
29931219
29956289
29976445
30007773
30041563
30065327
30242089
30283038
30431482
30444363
30567215
30656400
31003772
31009306
31106554
31120081
31128614
31147912
31240743
31421106
31448506
31548792
31562293
31645479
31646680
31649667
31654607
31660678
31701431
31976226
32092730
32182070
32279288
32353250
32355871
32389844
32390084
32444603
32611500
32665248
32797901
33015800
33152906
33158741
33222783
33446198
33455400
33461345
33467222
33471284
33528050
33565098
33596879
33618340
33642019
33687535
33741882
33811255
33940040
34176815
34257553
34297224
34315187
34360203
34385049
34442237
34460855
34466402
34562915
34578168
34628045
34664661
34711755
34725190
34762642
34784795
34822330
34829884
34844519
34859173
34910235
34921869
34946349
35008493
35015676
35021150
35021690
35141024
35297357
35322329
35356466
35371513
35497249
35507501
35520100
35580368
35586471
35597765
35652721
35757014
35781052
35787021
35956760
35976180
35997913
36072362
36132341
36161663
36247148
36268593
36291955
36292045
36392766
36466227
36496295
36583105
36696017
36834514
36839591
36863105
36879805
36908366
36991232
37043833
37054012
37061663
37076955
37096030
37114522
37123750
37140982
37162530
37230188
37254757
37282818
37289646
37313925
37513937
37516502
37580198
37609810
37638400
37642160
37668966
37684601
37719703
37783796
37855813
37871976
37885598
37937240
37979149
38012361
38034973
38067335
38087037
38095687
38099266
38141504
38181860
38184493
38204030
38218223
38246013
38254966
38277422
38421243
38504120
38538968
38546417
38630457
38640178
38669006
38677786
38894847
39007267
39480855
39498303
39645605
39688519
39747150
39895988
39944783
39956902
40008024
40284234
40328496
40577916
40765587
40982320
41170699
41300795
41360562
41569682
41591751
41645642
41850586
41852820
41886838
42056861
42116343
42127022
42235052
42297858
42405041
42517300
42586385
42986642
42993963
43016837
43078043
43259344
43612058
43686943
43734740
43821616
43935133
44011479
44070277
44165505
44203347
44412070
44442114
44775968
44782872
44883119
44967214
45032157
45107850
45184976
45227760
45751041
45830718
46137424
46219823
46885838
46928913
46953947
46957330
47131837
47227341
47473590
47529976
47651703
47795964
