10483
11798
13083
13924
17247
18635
19412
19456
25342
26105
28137
31060
31799
36050
36397
37204
39360
41448
42102
45026
45230
47380
48302
50422
54701
55971
56935
58238
62697
65177
73744
75823
76692
76934
82898
83166
86038
93248
93640
97997
99923
108171
108671
110561
113973
115638
119376
122012
123840
124891
126300
128693
139278
139713
142455
143381
144116
152025
154222
154501
155881
157250
167705
167791
170354
177215
178291
181052
182439
183485
185263
187340
187552
188680
191158
191990
192876
193832
194365
195104
201632
203473
204906
206534
207260
221655
224686
226050
228748
235720
236838
237161
237544
239375
241620
241829
243344
245725
248050
250055
253940
256224
260869
267648
269312
272629
273217
283487
289548
290563
298617
301013
303699
306442
306722
308564
310577
311546
314293
316333
320765
325649
327726
331900
334373
336296
340012
342917
348802
351166
352893
355685
357237
359362
359526
361339
370225
372441
378152
378359
392488
392696
392698
392702
394932
398162
398858
400391
408993
411790
413805
416141
422836
424790
427127
429187
429790
429995
436144
440114
445899
446295
447522
447681
449062
453240
454122
467523
475268
480783
488295
490152
491046
496660
497208
502799
506015
507308
508668
517072
524718
540439
546153
549859
554433
559985
572412
572606
586452
590798
592937
595215
596167
600355
611709
612944
613345
615562
620403
627092
627356
660093
672965
676192
677679
679060
695754
698188
707722
713850
715883
715925
719993
723948
735298
737250
746281
755147
764211
770342
776919
780475
780635
785156
785764
786242
789905
790656
791025
792804
802735
806794
815918
816270
816865
825267
826736
827685
831335
833768
841623
842205
848302
852015
856287
858715
879611
885936
887471
892688
896354
905447
905619
907173
908695
914936
917635
926032
935189
941387
941885
944858
951997
952584
954506
954628
954639
956295
958606
975437
979013
982925
987893
990863
996224
997522
1010797
1018783
1018967
1019388
1029377
1032142
1033370
1033947
1037158
1041538
1051540
1053129
1053903
1055997
1057222
1078333
1080527
1085436
1085669
1095655
1095896
1096068
1096416
1101828
1104029
1110624
1113559
1124868
1127355
1127468
1146459
1167248
1169376
1179102
1179613
1180939
1184100
1193945
1200306
1200494
1204656
1214792
1217162
1217645
1223928
1228529
1233368
1245302
1246984
1248918
1250399
1266829
1269070
1269605
1275734
1280590
1281687
1284736
1314451
1322549
1334942
1335045
1340482
1348695
1349954
1355625
1356774
1358038
1370750
1374245
1388397
1397526
1397545
1402570
1406545
1413713
1421831
1430848
1443249
1446041
1446315
1449393
1455538
1464484
1468414
1470788
1473333
1477035
1478550
1480870
1481942
1483625
1488559
1494985
1499247
1507355
1508454
1519188
1530238
1541464
1542235
1564659
1565352
1579047
1584313
1585586
1589279
1589630
1593617
1601406
1602445
1602757
1603153
1610857
1610948
1612046
1628437
1630592
1631857
1634403
1638685
1648582
1651057
1652679
1661757
1677531
1679259
1681018
1685304
1687889
1688338
1695917
1698737
1703035
1719162
1720131
1726560
1728501
1728548
1735397
1747505
1748193
1751607
1759009
1771351
1794677
1798451
1800779
1820663
1824303
1857240
1870124
1871494
1873720
1877530
1877794
1884104
1885884
1892260
1893828
1895100
1898930
1910430
1929708
1931468
1932870
1938856
1940432
1942334
1945124
1950940
1966870
1976590
1987852
2009368
2035512
2045010
2050286
2098570
2103482
2111510
2136142
2136182
2141954
2145458
2151646
2152642
2153376
2155370
2181012
2189616
2194976
2227824
2230652
2234476
2234638
2252198
2271334
2288902
2299196
2313196
2353958
2365508
2371444
2384610
2389568
2394044
2394078
2412222
2424064
2425620
2444046
2453590
2469922
2486486
2505296
2508260
2510104
2514434
2553122
2556554
2562150
2566714
2574908
2616086
2616396
2620560
2634934
2651158
2652992
2679824
2688970
2695734
2698598
2723740
2728334
2747986
2748694
2777454
2781112
2785044
2811256
2815434
2822734
2830612
2831258
2835074
2842398
2864498
2873312
2876652
2882826
2920036
2936984
2949732
2953366
2962022
2991788
3010000
3017058
3020399
3022003
3031767
3044312
3047744
3053542
3054360
3059054
3075476
3079147
3079371
3084278
3092638
3106561
3107635
3109509
3112121
3123933
3124052
3127614
3134202
3136214
3153572
3168506
3172424
3178120
3182556
3193338
3206362
3221343
3226353
3309341
3452991
3523911
3543401
3577061
3706211
3734681
3817921
3846421
3969731
4109771
4171421
4224701
4242191
4309881
4416791
4417261
4602081
4615471
4617191
4642811
4692961
4720381
4776021
4808241
4878651
4895531
4993381
5119571
5162641
5316611
5331841
5375001
5438181
5617901
5799321
5815311
5815921
5981211
6134101
6292001
6490561
6720231
6796441
6880751
6906571
7130251
7158451
7273571
7569621
7602851
7764571
7778321
7784011
7859441
7931291
8078921
8132501
8174081
8212391
8310561
8329381
8600041
8697461
8745501
8806041
8878971
8916771
8988411
9146941
9516701
9632211
9961841
10232471
10241751
10272511
10529761
10689161
11016051
11086201
11183001
11229861
11287741
11288161
11353421
11508841
11744331
11814541
11829551
11988881
12081121
12278231
12711541
12755601
13797691
13943411
13944931
13999431
14060761
14085291
14164921
14251621
14341541
14466541
14494861
14522191
14626361
14760221
14788301
14962591
15010741
15035071
15157821
15231521
15536480
15543988
15552912
15559884
15577685
15596225
15601753
15605939
15610035
15620197
15621550
15623990
15624151
15629825
15646124
15652765
15680728
15685351
15722471
15726255
15726817
15736466
15742829
15743657
15752016
15752166
15778098
15794477
15797480
15799268
15806356
15815666
15815746
15816217
15828281
15829615
15832266
15987248
15990503
16027488
16031116
16033280
16039001
16044785
16050617
16060412
16060521
16079220
16091343
16096191
16101208
16109884
16151259
16156280
16158500
16167469
16167750
16170168
16187282
16214943
16232743
16296103
16338121
16346926
16347181
16352305
16356793
16362166
16370251
16430452
16432171
16552876
16585867
16586800
16611424
16647958
16652077
16661365
16678723
16693084
16696249
16745713
16768387
16805836
17358418
17422792
20163121
20171230
20172814
20201428
20261668
20326693
20347216
20374537
20390872
20391718
20449939
20462548
20502685
21367992
22696320
24294931
24328586
24694309
24817960
27055720
27078529
27080734
27087508
27139687
27139744
27255592
27259183
27267088
27283738
27284965
27298831
27312238
27425275
27450523
27453715
27455674
27466876
27509023
27515083
27616618
27629623
27645211
27669598
27670837
27679414
27694051
27707434
27757705
27794503
27799507
27799810
27817105
27842365
27881026
27884465
27908659
27937681
27940328
27958300
27959120
27962017
27966128
29010733
29023105
29029432
29071738
29083128
29085667
29091894
29092000
29097623
29099432
29126540
29131195
29133604
29136840
29143374
29153283
29164309
29169169
29191617
29200380
29215490
29216241
29218999
29226123
29229144
29229367
29233257
29244544
29250137
29262487
29268997
29281402
29307307
29311548
29316955
29327550
29330170
29333654
29521709
29538562
29547749
29574359
29579832
29581080
29584654
29586003
29592786
29616322
29622686
29638879
29640031
29642097
29644184
29663232
29752943
29777439
29787255
29787740
29794300
29830221
29831504
29832069
29889111
29899355
29902611
29916501
29917876
29931219
29956289
30003994
30007773
30026905
30035407
30060421
30064458
30064510
30094911
30101195
30106313
30145966
30161279
30229260
30236803
30242089
30281807
30283038
30286027
30306318
30307129
30307841
30325918
30335172
30365927
30369218
30382692
30396063
30398408
30411022
30418887
30472142
30491627
30529730
30547307
30550730
30567215
30586215
30600093
30607864
30656400
30680724
30718513
30723764
30766738
30818693
30855153
30876796
30885915
30888881
30920027
30944046
30984717
31020335
31024431
31027722
31038176
31057880
31058492
31065007
31074508
31078352
31118183
31125334
31128614
31140147
31145374
31146427
31172637
31213066
31225367
31233311
31233638
31234334
31247507
31248009
31253372
31283271
31284557
31313419
31314215
31328625
31340505
31365609
31365702
31367431
31394077
31397739
31404413
31421106
31431900
31439848
31448101
31448506
31474582
31496819
31514735
31525614
31546456
31627400
31636924
31649667
31654607
31657818
31658370
31670149
31671098
31674984
31677098
31679386
31686476
31723823
31724207
31735240
31742389
31750039
31762462
31766278
31787515
31797942
31799212
31814610
31819967
31833377
31838647
31844414
31916219
31923832
31928372
31930341
31965555
31979714
31985691
31988181
31995113
31999191
32004730
32011145
32043628
32044253
32045327
32101373
32124275
32130725
32182070
32184655
32202036
32203261
32222425
32222623
32224897
32225706
32225730
32238808
32260606
32272520
32276072
32288741
32291291
32296114
32302017
32306230
32325098
32326287
32327800
32335665
32335703
32355871
32370365
32373798
32377444
32384815
32388052
32390084
32409459
32426210
32433468
32439356
32444074
32444603
32461768
32467899
32486963
32489590
32495895
32511677
32520169
32522806
32543426
32554504
32569432
32581515
32604197
32614942
32624227
32629465
32650225
32653535
32654523
32658035
32662280
32665248
32669976
32670966
32681892
32693201
32698748
32718041
32726147
32764561
32775550
32775926
32797901
32799705
32819697
32825831
32836860
32846815
32854013
32882989
32888260
32895407
32898389
32899571
32976222
33012343
33015800
33034499
33046106
33052341
33077214
33108783
33121323
33130477
33140537
33150806
33152906
33158741
33169219
33186483
33187551
33194995
33195238
33198042
33199164
33209714
33211306
33211844
33212535
33222783
33231063
33232042
33239512
33245263
33279313
33292729
33307638
33351668
33358197
33364266
33388120
33429447
33438780
33446198
33450215
33455400
33468065
33471284
33493428
33494156
33496113
33499398
33501079
33519359
33520081
33541730
33548178
33551331
33551696
33559419
33565098
33596861
33596879
33609580
33618340
33636505
33644001
33650487
33652552
33654851
33656580
33663611
33672786
33673049
33673234
33679158
33682137
33687535
33714597
33715700
33726771
33738435
33741778
33755176
33756929
33774277
33778662
33811255
33832904
33834984
33848599
33849889
33864894
33865243
33878391
33879038
33880149
33888272
33909517
33940040
33942038
33947053
33968532
33974491
33979702
33980961
33982392
33990263
33990383
33998332
34008691
34016023
34016792
34020916
34020987
34021836
34029757
34041689
34042846
34043176
34063962
34071458
34085666
34085698
34085731
34085850
34090270
34098622
34099270
34111873
34121009
34144549
34149973
34168714
34174720
34176815
34189487
34198658
34202335
34202948
34226704
34238359
34240811
34251417
34257005
34257553
34260270
34268940
34271915
34276158
34276395
34281340
34286160
34286495
34288861
34297224
34303954
34306039
34309457
34313704
34328557
34340446
34341137
34343636
34344499
34352304
34352584
34381422
34384747
34385049
34387564
34404622
34407899
34439726
34444364
34462018
34467799
34471501
34473917
34475932
34494244
34508594
34513160
34531470
34540481
34559539
34562915
34564245
34564933
34592825
34598658
34622597
34643835
34656089
34664661
34688473
34711755
34712675
34714895
34715872
34726732
34738246
34741193
34747417
34754454
34759238
34762642
34770777
34772865
34776809
34777481
34779107
34784795
34789851
34804432
34804853
34807845
34820068
34822330
34841031
34844519
34845440
34856477
34859173
34859297
34865185
34866317
34876453
34884676
34906338
34910546
34924217
34934984
34935671
34947124
34948935
34950087
34979913
35004259
35008493
35012720
35015432
35019422
35021150
35021690
35024888
35030837
35038673
35039651
35040168
35040969
35045608
35053786
35074587
35082686
35100975
35106960
35120059
35132371
35140237
35172277
35192754
35200183
35215581
35216959
35242426
35246303
35273630
35279376
35282162
35283128
35287953
35297141
35299676
35300985
35310219
35318227
35322329
35326768
35338521
35344054
35345360
35347656
35356466
35376078
35378837
35381471
35390395
35400072
35404855
35429229
35448006
35455309
35457528
35472771
35482588
35497249
35560846
35572609
35572856
35573811
35586471
35587091
35588311
35589842
35640554
35652243
35652721
35658308
35678692
35683194
35690568
35703455
35703608
35704433
35708812
35710349
35710628
35711654
35712214
35727758
35735993
35757014
35769485
35779898
35781052
35791948
35793405
35799053
35810817
35835668
35848169
35874337
35899202
35911395
35913877
35936718
35939591
35948177
35950701
35950803
35952741
35956760
35959134
35967812
35969575
35969916
35971388
35975855
35976180
35983367
35988329
35997913
36002724
36040285
36042986
36058595
36080478
36085448
36090835
36098754
36117148
36125581
36136389
36137424
36142566
36142896
36143618
36145887
36149962
36151272
36159055
36159250
36161663
36167527
36168038
36177229
36180558
36180975
36183673
36198341
36200075
36215514
36239054
36239397
36244142
36252902
36253880
36261291
36263795
36265685
36271156
36277240
36281870
36292045
36292724
36293098
36295327
36295363
36297461
36298468
36299528
36303655
36303883
36304182
36304976
36305051
36309414
36313076
36315140
36316456
36318098
36318699
36318872
36319604
36322466
36327691
36331681
36335589
36336240
36337890
36338474
36341680
36342850
36344299
36344715
36347721
36352288
36358870
36359043
36359674
36362831
36366690
36366713
36368416
36370607
36370728
36371131
36371874
36378265
36385464
36385914
36387341
36387705
36390252
36394019
36404699
36409309
36414323
36414550
36414961
36415093
36416159
36420006
36420233
36432575
36434998
36441433
36442493
36442859
36444626
36452476
36454271
36457533
36458371
36458694
36473370
36474119
36474159
36479606
36481400
36483358
36484081
36484251
36485470
36494446
36496295
36503942
36517895
36525623
36536033
36538189
36543182
36555786
36559919
36562156
36566912
36573271
36579027
36581096
36583105
36591456
36617802
36625764
36637954
36638178
36654419
36655420
36660866
36661392
36663285
36666664
36667441
36682596
36684657
36693868
36696017
36713854
36722553
36726098
36742325
36748465
36753181
36758975
36777617
36777790
36791991
36803678
36828046
36832113
36834514
36857387
36863105
36863247
36865090
36879805
36896663
36900036
36905639
36933046
36934793
36990448
36991232
36994750
37005980
37023570
37043833
37044789
37047665
37048405
37054012
37055960
37061663
37076955
37079112
37093469
37095966
37096030
37111283
37111418
37111569
37112272
37114522
37123750
37127078
37127139
37150861
37162530
37178043
37183393
37198383
37212632
37217701
37221599
37222860
37230188
37234673
37235728
37250036
37254757
37257065
37295846
37295966
37296165
37301952
37311097
37313925
37321660
37322158
37326220
37350815
37355927
37383739
37391952
37405765
37418301
37424811
37426813
37449187
37474040
37488592
37497003
37501878
37504093
37514126
37516255
37516298
37516314
37516502
37545051
37546190
37551670
37573495
37578144
37580198
37580266
37590878
37593386
37599821
37603730
37604289
37609810
37609896
37623667
37624508
37626759
37631762
37638400
37672932
37684601
37686818
37701161
37715574
37722812
37725674
37779628
37780181
37787672
37794049
37823962
37835801
37836622
37841360
37850322
37850681
37855813
37859556
37871689
37873266
37878200
37885530
37885598
37910913
37921378
37928050
37930916
37937293
37946689
37947145
37950741
37951232
37953347
37962701
37962948
37973509
37978482
37991224
37992647
38003559
38010354
38012361
38017095
38018690
38034909
38052802
38053993
38061995
38067335
38095687
38099266
38141504
38151428
38181860
38204030
38215952
38221284
38233811
38236337
38246013
38252875
38259161
38259209
38273490
38285285
38297191
38305440
38317762
38353535
38384906
38428368
38493267
38504120
38531018
38537711
38538968
38546417
38548050
38564916
38590644
38594102
38613225
38622085
38630486
38631141
38638749
38640178
38669006
38671921
38678207
38742141
38858875
38861356
38862178
38866331
38870132
38910283
38957184
38962779
38963248
38982036
39005347
39007267
39195144
39206715
39208503
39209504
39290158
39324081
39480855
39652044
39672592
39688519
39724724
39821355
39826347
39890437
39895988
39914632
39916407
39969276
39982187
39992594
40005999
40101476
40136324
40149134
40157713
40328496
40344160
40374533
40376269
40398270
40582857
40629432
40720638
40771290
40779712
40820287
40865490
40903138
40940986
40997679
41018492
41062588
41130565
41170699
41250206
41286185
41303431
41324465
41386918
41398626
41420682
41477852
41514691
41533789
41569682
41587978
41645642
41711478
41763343
41818793
41819191
41836843
41856164
41905998
41992105
42116343
42157258
42162600
42177082
42178755
42181381
42200942
42213000
42223633
42235052
42241098
42279793
42297858
42465569
42507190
42536984
42537305
42584673
42586385
42592435
42809699
42845516
42913775
42986642
42993963
43016837
43065896
43076820
43104337
43184223
43318525
43325047
43343712
43348474
43383305
43453841
43610478
43612058
43614799
43620978
43686943
43698619
43701683
43728698
43762870
43871162
43924687
44003248
44007420
44062402
44114714
44152988
44165505
44218952
44225465
44231841
44233189
44372935
44412070
44442114
44442289
44459233
44513121
44572569
44599867
44621843
44648586
44673180
44851715
44967214
45025557
45055193
45084328
45107432
45107850
45109725
45132026
45158155
45184976
45227760
45235954
45391268
45450183
45471556
45521473
45531017
45573792
45590360
45760437
45830718
45915528
46006290
46012061
46025386
46067854
46219823
46313870
46315435
46323667
46388705
46465268
46474561
46487027
46600527
46750391
46752747
46908782
47059930
47167119
47349661
47414919
47452605
