48084062
39243483
47398570
37632996
1251955
40827416
46743233
46442156
34935669
30692628
47999744
46345088
31478552
47971245
32602742
46635654
37078428
35300210
47663542
47959613
47949602
45760294
40574364
47941580
44803077
46140584
47930026
37124606
47799520
47389416
47875864
47873569
42027587
47850411
47818218
47839713
47830660
47815229
47813629
47807255
47801353
47176019
43494458
27881758
33679974
35949017
1701337
30348316
47656573
47632970
38218070
1450237
39140353
6002901
47567430
46659603
38385633
44070277
38420098
40168236
32561562
46208977
33114324
1313728
31781162
47448912
30430820
47437326
47428088
30136276
36643797
46908782
45023377
31878233
47188647
30872897
45525248
38215952
29870565
47251291
44599867
47188455
37183393
15789805
41578923
14505171
47126513
41359295
44442289
39203082
33860932
42297858
885936
9035721
44218952
44062402
44231841
47022912
46487027
34664661
38535689
46954560
46949214
46529783
46928913
40903138
1443249
29931219
833768
37546190
31759977
38504120
316755
3043392
34288861
30336008
45818068
33597645
35867886
38927846
2831258
27138115
38538968
44165505
41928997
46692857
954506
46671544
33012343
14522191
46529377
46611537
46529348
46605831
46213120
46528393
46528297
46528285
39688519
46500335
46500264
46546063
46500222
1734019
46537646
46500161
952584
514070
46500147
46500125
46517772
723052
46500028
46279408
46500005
46499986
46499955
46499921
46499426
46499398
46499344
46499308
46499197
46499169
46499104
46499087
46499067
46499043
46499017
46498974
46498994
46498950
46498885
46498820
46498788
44412070
46498761
43376737
35309271
46476068
42811248
1085145
45316965
36167527
42157258
2350152
29541566
16050617
40344160
33590071
45800673
45521473
35024888
26105
46315435
45830718
36614252
46006290
39072259
43712100
44909512
46314871
46219823
37321660
45479448
2707220
24655228
2149464
36458297
46025386
38087037
39672592
33419363
46258121
42734274
42423569
38957184
44851715
38252875
46036754
46216072
44027486
46067854
31923832
42405041
33132170
42581711
46091660
650034
16030160
1683427
35182649
37027429
43104337
33741778
40479611
46034804
15729279
44459233
31049200
31887466
1029377
45184976
45984961
43740077
43734740
16072171
40436877
45896058
42880064
45856997
45406926
45833782
2864498
502799
45810375
44574477
36785613
1564659
45794456
34039531
45780702
336159
45688392
44430385
954639
45643839
45593089
45578492
45564429
41856164
42742458
43565942
45316213
32676884
45474068
39702608
45449713
2574908
32638739
37282818
45406038
38001692
37590878
1470788
45340437
45338099
36370607
36682596
29638879
42584673
31525614
45299844
35279376
45297853
34714895
20390872
43016837
31287507
45253219
36485470
45219755
45249031
2040840
41834390
15231521
1146459
34867697
42200942
45109725
35289124
45107850
27454525
45115631
15640419
1873720
43145135
43855044
45084328
41846285
7540461
289548
44225465
32177469
35192754
41819191
41583566
843392
36496295
36663285
41303431
40818502
31988181
44235508
34176815
33461345
440114
40871742
37937293
34844519
44789299
20329657
40304817
43686943
40183722
35787021
20505799
15587234
32288681
35180320
42279793
2636336
1146169
31172637
43601805
41128286
1892260
36132341
41170699
12711881
43535978
39747150
43869336
41300795
44125296
31338676
33580073
30696473
37355927
36161663
44513121
34297224
42056861
36145887
33565098
42913775
1038790
33052341
44442114
12128141
38095687
41011363
34315187
37609810
41648804
41752041
44233189
42162600
37592484
32390084
36149962
15542713
38012361
44206841
44007420
33455400
36863105
38067335
351192
43612058
3222393
35712082
36660866
480783
29584654
36042986
2141954
41711478
38677419
230737
43973375
41306593
36233947
1335045
43500576
43956145
37075133
43880377
33521438
34829884
38531018
31654607
37623667
32133313
5815311
43862187
40287750
38870132
37048405
31766278
38564916
41514691
32444603
35971388
806003
2810584
16126486
38594007
42986642
43140368
36200075
11550201
42993963
39604976
38099266
37921378
43317791
42235052
43097358
40374533
41591751
20201428
34725190
38182077
16174613
1694257
39958830
41992105
28137
37978482
2955500
43030702
42496165
36271156
41587978
39895988
35008493
112629
32182070
39480855
37313925
34313704
41363461
35597765
40720638
42592435
31316544
42726156
42725228
42724491
36582847
41547182
42634391
3989901
41324465
36838596
42213000
30064861
37045120
42116343
42536044
37855813
2738540
41689901
38803386
2721352
42406930
42197749
27453715
6796441
37756277
3899521
37098117
5048441
37096030
42181381
32670286
20366986
42170732
37871689
42159302
32050113
35586471
42104489
24522829
3128288
37094341
33476794
31468561
36879805
945150
1454595
37061663
15816105
41763343
41894309
36863247
41477852
41905998
39825738
34021836
33015800
38910283
16027022
20363377
37850681
39969276
41783347
37504093
36223368
37619643
37626759
41280317
29131195
41714204
35310144
41657338
41582800
41683713
41250206
41645642
41398214
34202335
41031394
35773220
41622781
41399161
41399007
649469
31916219
36722553
39353287
39007267
2944724
41552820
41552743
37545051
41452758
39931678
36168038
41430233
36753181
15386791
40274359
39702345
41349230
130444
35497249
7708711
1619907
41279669
41268741
41203402
41197966
33239512
34191713
41145511
41060137
40865490
41062588
30714370
39818466
27434029
40005999
40328496
40183955
40908765
32405332
40818891
38872920
40801268
40369823
30169777
35322329
40745520
38483979
1255710
36253880
37675919
34268940
40642691
40630452
3014848
40593918
40582972
40588562
32764561
2491948
36093463
36776160
1859874
32713577
40398270
37794049
32794995
37610865
40157713
785814
31421106
3168506
40347005
38866331
38622085
27433246
30567215
2050286
27817105
40190689
33232042
30004405
33432979
15459021
37987137
31321106
30369218
34168714
39890437
29311548
31267786
33580409
31169580
39826347
27966128
39394678
1648406
39777236
31819967
38878926
32325098
37076955
1277025
24294931
1324906
39324081
39595747
39590162
34726732
37054012
34099270
38954467
30732006
596167
39523831
37836622
33194995
38879248
37780005
39459467
38614688
34261097
1893312
311546
37730952
2230652
30268868
37055960
33187551
6490561
38233811
37873266
39130056
6426431
20172814
27744820
38962779
35310337
37021876
38838215
38733844
39010033
38987674
33877176
957901
36838004
31313419
38963248
38785498
16432171
30855628
35658308
31213066
38862178
38671828
19456
38277422
33471284
38151428
38861356
6906571
38204030
38671921
36295327
37636558
34855714
997522
36991232
514275
31009306
38424113
38669006
3935931
1634403
30444363
38594102
819604
15738598
38640178
32426694
35297357
33292729
38322629
38010354
38003559
37580198
38421243
38147335
34004373
31120081
32224897
38353535
38546417
30101195
540439
33738435
2339528
37722812
30281832
30226784
30007773
3132383
30220861
35944663
7115281
20492716
35654272
35911395
32130725
36742325
38298290
27937681
38053993
3226353
38275042
35376078
34352584
37573495
37885598
35455309
38246013
29653756
37979101
37930916
35104103
1625038
34281074
38198062
38202997
27871006
37041530
38017722
3109509
655533
37516298
36625764
37094468
38141504
33450215
35310219
37765581
36607708
38121423
27884465
36299528
672965
34333077
36043241
5804381
32043628
34997307
34905277
37516314
15797480
15596225
38061995
169492
38059708
38033330
16004390
37665863
2550754
38025506
38018690
530280
38017095
37212632
167705
9347051
37992647
37996939
37234673
37104031
35019422
37962948
37965936
37150861
37958032
343518
37950741
29541962
37910913
34535980
37148431
37928050
37779628
36865090
27911424
1167248
37262792
37694265
37903642
37514126
33909240
253940
36886397
35652243
37904419
36656233
35508808
36556814
882367
29596609
36347721
2089848
20261668
1478550
32044253
37177773
37804630
2418850
37804293
33108783
34768668
36922403
31548792
35413609
35757014
37765017
1737273
27122866
30394558
37624508
37593386
37725674
36696017
37684601
32603445
37715574
16183320
1645073
32635848
37594505
36990448
32353250
36538189
37686888
36905639
37299366
37673287
23611534
37230623
34306039
33801589
37652403
33470462
29956289
34058859
228748
36623461
37620363
37604289
33848599
16130944
37592945
37578144
35141024
37562137
549368
34524868
35999969
299563
36573271
37488592
35884650
1688338
37049881
27886714
34394769
580544
33998332
37257065
37433292
37433288
30062930
37322158
37311097
36342777
1562952
33596879
35053611
1891834
33046106
2630504
34257553
356041
32775926
29309697
24226109
31383452
30319030
37301952
49101
37433330
37421199
37047665
29830221
35412494
1322549
33731680
35997913
1593617
37418301
36342850
37295846
817677
10258171
29532220
27924403
31649667
37254757
37087675
37217701
129858
37183796
32429082
36159250
34134309
28094275
33774277
35956760
31472273
1817377
30250183
37234954
36777617
29114598
32129707
37178043
37245504
7694071
32185231
348802
37123750
32979946
13797691
37229977
37111283
37198383
35226385
33446198
33317817
12133581
36036876
34146186
4993381
36098654
29072235
37111418
27551803
35727758
33596861
16254910
36583105
37123854
454122
29787255
37111710
10559921
396410
31948211
34321591
35502527
2545382
36777790
29058616
1815139
37043833
933983
31532374
32680162
37049508
37044789
31259383
36661015
37040949
4064611
191777
31435765
29819802
20434801
30172157
15667243
37004941
16209142
34263402
34441974
34064706
15776829
15832266
235277
1727590
35139222
1967604
16563685
35474705
16131003
36908867
32377444
36896230
33618340
36908592
36900474
861801
36040285
33438780
34364766
35360059
31896002
33911691
1200306
34789851
16518313
2398624
915984
35326018
33209768
34673491
34560512
35580368
36847688
18698
829690
31128293
1433867
498897
36437426
36769605
6679321
36654419
36298704
1251541
36261291
1300856
16601521
30814711
213292
126300
36781880
27843652
34856477
31981745
3031596
35821365
3056320
754642
32174075
36675191
2152462
32628524
16054127
27799810
20163121
35516148
32183742
3239683
16798735
36658843
29822520
36713854
34388172
29311587
29018465
1153944
793672
32554504
33307638
1923794
36263795
1110320
33958436
2704054
34232370
36432575
36378265
353634
1697710
31546456
183485
36669935
10238631
32058505
35956465
29091894
147825
34462018
36655420
15758936
36637954
35983367
312159
27060364
32961177
35690568
3071062
33434492
31912962
36493629
35482588
1281687
348705
29537807
33714597
36638010
713850
36336240
30585447
1246984
31780851
29636415
36323790
29752943
15817284
33093114
313096
36611590
33746045
894969
14424701
31440084
35572609
16469827
864853
1249292
16600822
2002880
6425061
35193456
879982
35969916
15684306
29125610
36517895
36581096
1418566
31542233
15210511
16106547
27699097
36327691
36600207
15742829
36591456
35710349
3134148
33358197
857558
36593969
15594760
1942652
3050151
34988903
10867511
31469754
29618843
11390761
33101406
29052855
986947
817141
35234290
33599119
31995113
33750638
32122907
4025901
35960960
35560846
29268983
15543988
307459
13999431
663682
34903639
15624151
30428851
774896
27215611
33931225
864952
535550
35106960
16123375
236027
34997129
36451719
30787729
29606448
36376935
1168460
33468749
30148203
11287741
20558962
29507452
33672786
29224987
34897636
31394077
35378818
35988329
36157842
36322708
907173
34360203
499787
29900327
12180721
36525623
6340781
36572711
3146038
318589
2238660
514018
36568176
1033482
36503942
464249
30714221
13829531
277833
36244946
29533793
884061
31724207
36555786
36543182
2137374
2323498
36479005
27907388
33551331
1171155
1938856
48909
36292045
3148786
3162202
36419624
789336
1432982
34042846
36515770
6029801
29145237
36089423
908695
102431
4299991
33765607
27940960
1361544
32573500
30848818
15808804
33750210
36518581
1398925
32757276
5877331
20374537
1783585
14896631
30080201
1041538
32817930
1019396
27298831
35030837
32217369
7951761
1058421
34111873
36505210
320765
1906020
737174
584320
1697345
33778674
33942075
20269321
29047508
1898930
15626760
34947124
20424748
36332719
1331412
3041085
31297915
2393070
31549124
29083476
36047886
33872590
82898
2037232
33656580
36487292
5154081
34880007
31623338
30634854
40530
29501114
32718041
31762932
2389568
30726603
22696320
2545342
102527
35343817
33067824
2968688
2798602
251548
32175785
36474119
36318098
31654812
35464349
36375907
377999
2834332
36090835
35344054
29902611
3569811
34932181
32389649
9099451
5146921
32569432
36047229
1549960
487840
35340499
27408049
35793405
2783282
36336044
32377024
32373798
15652765
33616516
29968896
27202855
1629912
198228
34345419
290776
1155060
32238808
33199695
36454271
16311931
1381739
75103
35314358
36028691
224686
1579038
2960912
136170
2632766
33787992
308564
842198
14192361
2385310
301013
2392886
1403021
34089808
7876371
1388395
20426323
2620788
219392
36444626
33034499
33227839
210233
34497435
36242782
27512458
27885502
34936371
982925
5046121
16552876
5111971
370225
35709792
2777970
613087
31301541
34844369
295776
27645586
1334942
35882311
35292624
2526276
33909764
32776513
31718186
34397062
35145246
977598
35935601
24817960
34389018
35465359
15744659
12711541
15749141
7038021
10729131
16381924
278193
29097157
33918301
338800
382119
2811256
3165825
35643298
31797942
608191
33575250
29157120
1523452
29029432
226050
816865
33821919
3025588
31183325
15744715
32176103
35944277
29584060
36120562
21457542
35542573
310368
30855153
1885884
27942267
35400172
2220672
29293282
6292001
34098622
1374245
34244057
35543738
816270
1080527
1959860
201632
35762757
7430491
498657
32430037
33372140
1553869
35875830
646371
29786748
114950
30491152
1179102
34303655
1659295
44912
587558
35136474
433814
35433107
27103804
34244102
30842086
4099001
1477035
1492667
27139687
11220
2815434
2943264
35135864
36111255
1502356
3047909
34404622
20502685
7704701
2337590
30991006
30317077
31763060
36074423
33474365
14030851
33283565
29567395
243019
36118537
34891386
33477557
180604
24804214
34581334
35742692
98184
2524674
1112602
31208573
30137910
34346036
1386880
34487881
35511833
36277240
33965445
1480870
30944046
35402117
35086026
611660
16074236
2098068
32573828
1023499
62697
31744
16127809
2710664
35587017
942250
541246
32698748
27946325
1176411
15778098
564812
31882906
132010
239964
5981211
64689
1920280
30416368
1906826
4720381
36055612
1228529
36419937
4787421
356914
33832904
2953366
27547765
36180481
8020801
490152
35403426
365639
203107
21614119
7770951
740929
265732
29803674
29333654
33945504
7764571
34934984
757801
31145374
15799621
31644084
2252198
245725
2151646
32726147
33877527
32979253
29787740
316333
34372913
309205
33130477
1245684
35676455
29622686
20391718
283487
2412222
32882989
977729
488295
32684293
2444046
1946104
1095896
27267088
16214943
30076307
39360
33719282
2175706
30307683
2196880
35496
34520895
35074587
33007578
7726311
181600
1481942
112155
121936
3075476
31994546
29512837
3018337
20273317
1487435
11016051
10887981
35045608
15603430
27599251
1316340
301506
1932870
548999
31448101
33085387
35059806
16158500
27957405
555518
34096171
31979714
33877604
359395
16370005
31419216
8173141
237544
27886961
435383
450123
35910173
34748083
3817921
191158
3598121
3692151
16170512
970814
32899373
27255592
34240811
3353571
35269655
15778105
36410813
29205392
1373118
1660111
36415690
34820068
31948897
27916531
1169376
32669976
3093147
31094396
2747108
856287
29941809
325649
35395714
29143388
29831504
36405066
36404699
3057643
36362831
1628437
2873312
27137401
32260628
27963844
32319784
27919389
9965971
950759
30081514
1033820
29821442
31918801
35480995
33150806
16039001
31863776
1895100
6586301
33291701
151911
53111
34753460
30330786
34622597
36335589
33505377
453308
600990
35404855
29645455
58007
1449393
2618508
36057011
32180286
14483571
56181
30280713
695754
31946795
36368416
1320516
3127249
32366026
36158318
1497635
108944
13943411
36328847
15414
153215
8599771
12040051
2394078
390411
31453127
1695917
27078529
30226149
147035
242676
10038881
30530332
32543426
33931346
16031116
787957
4615471
33681928
27131233
379654
628860
36238523
30587329
29307307
36305051
16091343
36335729
35995509
251442
25086175
36297461
30793280
27569194
33998593
32318786
1334798
30475787
32495895
33608416
33849889
36224354
16519324
33305692
32422081
36060969
20724031
2920036
29673090
20326693
32299025
5681331
20206243
36340477
30367570
35791948
1703035
29811414
32699521
32654523
34176265
10520
7281691
35246303
15671699
36333354
32904059
260869
158963
33003093
34384747
35703203
35459183
31933560
36287088
237605
3143510
2353958
1402057
31792350
1683859
36319604
1424931
153989
614316
34315915
7560841
27380221
30407419
31248065
321592
757420
35735993
417658
34224765
16096781
1899896
464821
1798777
31626576
1624178
1751607
2234476
152025
3430241
36202826
32080331
11183001
36256814
773529
15673198
34517918
13825821
697526
33811255
1066611
2323444
155881
1412537
35956664
35879996
1315436
1065391
83166
32092646
31972541
34232185
3056924
32749829
2480860
30728531
357237
36292724
27908659
36244142
34085804
1565687
36278264
16457299
33713157
36274981
36244407
36167597
36117148
31985691
34835345
36117776
35833655
132137
1562388
15560080
14788301
36215514
36060471
34950087
9660871
36230458
88206
36142896
32522806
34144549
2830612
36158078
15623990
30229250
34403213
296816
16319284
3924361
2162468
35356466
35834054
600355
1612046
33519359
36143618
36159055
11967091
36137424
7784011
35390395
31658370
1397545
32306230
12565441
1055997
5287711
34218848
33565786
7085051
2327088
35976180
315870
1419063
48471
175457
29616322
34888306
5591871
35886829
6865751
7968211
32004730
27371317
1877530
30783793
1824433
162064
29695874
4649721
268637
31308192
30161279
785917
1354495
35810579
3166754
34980528
29930922
35559726
656158
31470168
27645211
35064797
8593571
27658825
1091965
641304
33858569
434713
32314603
30283038
32268420
29044116
27844873
15555630
35036047
1094
35011967
1582132
12733501
32752311
15525451
611709
21900021
2723410
34252666
34598658
32813310
31731761
34954158
35470973
34723761
14763611
32840141
29106658
2268268
32096052
33511478
32105189
338776
35579537
27360502
31593761
35563893
462940
31559815
27341227
3044312
6085411
27163870
210577
1690914
30498899
32031508
323249
1857240
31023183
1268630
20312695
30902474
2307868
34534224
34399603
29599778
8293111
34715872
1664251
34985721
31657505
737978
23179751
17750719
3029359
29252926
22023121
12410691
16219650
1061777
2317926
1390081
29083128
9803361
29792258
3324381
32278025
1059294
3397011
3010162
16194940
35141042
35394814
32058620
34240403
2895590
2319252
35652721
31682415
1661822
32935138
31627400
33161705
31497283
30809543
32469717
35389775
33146438
31207962
29241068
34444822
34818170
2765568
15812725
3065053
34903695
264777
35093708
31027808
32696309
35378469
185263
11744331
886367
29640482
4827631
16009668
35581430
6214
29124792
32504440
15685351
34174720
3206749
790656
34385049
35263100
35106115
559985
475697
1932182
35038673
361339
2531326
34008691
34751894
34668616
34351175
34508594
34928244
2660528
34473917
3986871
553926
10991251
34531810
239375
33478703
31328625
16768387
33687535
1085669
1053903
33778662
33158741
11229861
2593808
34352304
29273749
1078333
627356
31128614
29099432
33209714
764211
32355871
31448506
119376
27239512
1612850
11798
29521709
181052
36050
1168727
5891051
661509
33686708
33432151
33017976
31897791
30933208
30368082
