11798
18635
28137
36050
119376
154501
156376
181052
193832
228748
269343
269592
289548
347700
349648
351192
357237
514070
549368
559985
585962
596167
655533
816689
833768
847736
857179
885936
940263
954639
979013
997522
1061178
1167248
1171095
1255710
1313728
1382961
1443249
1460367
1478550
1562952
1619907
1634403
1737273
1801791
1877530
1895100
1942238
2050286
2175706
2186258
2189616
2238228
2418850
2474860
2630504
2686204
2811256
2815434
3057643
3122669
3164346
3194406
3221332
3705401
4039321
4592791
5681331
5714341
6002901
6490561
6796441
8604821
8620191
8892541
9552061
11229861
11781551
12047701
12128141
12711881
13797691
13820041
14505171
14962591
15587234
15596225
15645105
15811258
16028388
16050617
16068032
16072171
16099995
16128899
16209564
16285750
16432171
16446571
16450657
16457329
16600096
16652077
16692985
16695088
16743277
20163223
20172814
20390872
20492716
24522829
27131233
27233053
27239512
27294943
27821149
27871006
27878187
27884465
27908659
29000192
29036523
29099432
29245388
29266950
29596609
29616322
29638879
29663232
29787255
29822053
29831504
29931219
29956289
30004405
30007773
30101195
30109377
30136276
30161279
30229260
30273478
30407419
30444363
30485772
30579629
30582521
30696473
30704756
30722501
30988529
31070973
31120674
31128614
31178711
31303592
31372272
31394077
31431900
31441349
31448506
31457924
31471373
31484816
31557574
31654607
31656728
31660678
31672066
31740384
31779760
31781162
31923832
31930598
31976226
31988181
32098253
32182070
32288681
32353250
32355871
32390084
32444603
32522806
32598212
32676884
32703125
32775926
33012343
33015800
33052341
33073323
33108783
33147620
33152906
33194995
33239512
33292729
33446198
33455219
33461345
33471284
33471636
33565098
33596879
33618340
33731680
33738435
33741778
33750074
33774277
33811255
33843176
34021836
34039531
34042846
34099270
34146186
34176815
34202335
34257553
34261097
34268940
34297224
34306039
34313704
34595388
34664661
34844519
34934984
34936371
35008493
35279376
35281191
35310219
35322329
35388257
35390395
35497249
35520100
35561457
35580368
35586471
35640554
35652243
35658308
35712214
35727758
35757014
35781052
35787021
35956760
35959134
35971388
35976020
36080478
36090835
36092519
36132341
36136389
36145887
36148068
36242782
36292045
36295327
36313076
36353300
36496295
36559919
36583105
36614252
36654419
36660866
36663285
36696017
36766421
36791991
36808298
36838004
36865090
36879805
36887514
36954591
36991232
37043833
37054012
37061663
37076955
37096030
37098117
37111283
37111418
37114522
37123750
37127283
37149222
37178043
37183393
37250090
37254757
37265652
37299366
37313925
37321660
37350815
37413241
37424811
37425820
37499480
37501878
37546477
37554475
37609810
37620363
37624508
37639320
37668966
37684601
37688251
37701161
37720975
37724804
37725674
37765581
37794049
37802587
37804293
37804630
37836622
37850681
37855813
37885598
37903642
37910913
37926140
37937293
37944446
37951232
37987387
38010354
38012361
38018690
38033330
38056966
38067335
38087037
38095687
38127643
38182077
38184493
38204030
38209809
38215952
38218070
38254966
38296369
38320672
38321544
38322377
38324124
38421243
38502299
38504120
38535689
38538968
38594007
38609195
39203993
39208503
39606100
39623249
39625671
39688519
39827986
39877574
39893020
39969202
39969276
40168236
40287750
40304817
40328496
40398270
40421756
40464318
40629432
40903138
41234612
41359295
41426007
41578923
41629366
41711478
41856164
42056861
42200942
42213061
42223633
42279793
42297858
42405041
42468526
42537305
42586385
42592435
42698273
42734274
42986642
42993963
43149305
43184223
43409794
43686943
43698619
43734740
43740077
43894753
43905654
44007420
44070277
44114714
44129259
44225465
44283738
44331410
44412070
44442114
44599867
44838960
44851715
45002913
45027825
45082986
45184976
45253219
45316213
45692230
45818068
45830718
46001613
46089001
46132779
46213120
46219823
46226352
46314871
46315435
46323667
46411886
46454010
46460529
46750391
46969039
47005612
47131837
47172457
47176019
47188647
47223195
47227341
47349661
47378292
47389416
47427344
47452605
47628530
47698924
