9134
10520
11798
18128
36050
90312
119376
128693
136170
157250
181052
185739
193832
206534
218107
253770
269592
289548
349648
356914
367859
440114
499787
514070
520268
521299
549311
559985
596167
619151
764211
790656
829690
833768
885936
941387
954639
962819
976952
986148
992829
1000103
1025083
1029377
1053903
1054168
1067922
1078333
1085145
1085669
1097444
1354597
1397526
1425924
1443249
1450237
1464484
1469040
1470788
1563881
1564659
1605053
1615619
1630592
1630966
1634403
1701337
1776533
1779551
1795727
1801791
1803809
1842362
1871494
1877530
1945124
2220672
2393868
2501972
2526924
2680522
2688970
2709952
2728334
2785044
2806198
2987484
3020856
3053542
3119605
3120725
3136674
3193338
3536441
3712571
4132931
4150211
4602081
4803181
4895061
5580171
5881421
6080831
6299361
6499981
7430491
7876371
8620191
8697461
8814501
8896231
8958631
9035721
9133601
11229861
13797691
14505171
14634791
14788301
15157821
15231521
15497521
15610035
15706969
15811258
15929370
15974211
16028388
16029199
16030552
16050617
16113739
16137460
16161871
20172814
20329657
20390872
20505799
23611534
27089110
27230251
27239512
27293959
27476272
27756094
29027196
29099432
29124792
29126540
29131195
29233080
29266950
29541566
29561960
29580048
29596609
29610149
29638879
29650066
29663232
29831504
29876444
29931219
30007773
30008136
30136276
30140934
30161279
30229260
30242089
30251532
30283038
30307841
30369218
30407419
30528854
30549617
30664623
30704756
30736887
31128614
31225266
31365609
31408319
31448506
31649667
31727017
31766278
31781162
31880815
32069093
32092705
32131097
32300584
32305484
32307946
32355871
32390084
32395955
32444603
32469392
32469717
32495626
32496446
32496714
32496777
32561562
32561635
32638739
32665248
32747296
32747470
32794952
32797901
32861878
32959936
33012343
33015800
33028407
33043163
33052341
33067838
33101621
33106804
33128461
33156589
33158741
33198530
33199410
33258697
33292729
33429447
33663611
33687535
33720587
33727184
33735973
33738390
33753878
33811255
33860932
33891926
33895659
34004373
34022153
34037563
34039531
34040562
34057308
34068653
34095794
34098622
34102508
34110308
34111316
34125659
34176815
34181080
34183672
34194247
34198658
34234997
34240403
34244887
34269952
34288861
34306039
34351328
34385049
34402408
34404480
34457871
34508594
34549154
34549363
34595388
34622045
34656089
34664661
34687553
34714895
34741193
34818170
34844519
34853053
34854332
34867697
34884676
35008493
35021150
35025624
35136319
35290150
35310395
35390395
35497249
35542288
35561457
35577790
35586471
35621769
35654053
35704433
35791948
35867886
35976180
35997913
36058595
36092519
36266626
36270805
36303628
36485470
36496295
36529093
36643797
36682596
36685101
36783488
36808298
36838004
36848817
36880657
37054012
37061663
37123750
37183393
37191019
37201219
37271146
37290276
37321660
37391952
37425820
37546190
37573495
37609810
37780305
37788492
37835801
37951232
38095687
38215952
38218070
38502299
38504120
38534051
38538968
38640178
39022392
39137427
39139537
39140353
39198616
39203082
39243483
39327860
39410289
39608793
39645605
39688519
39707451
39720820
40168236
40328496
40344160
40376269
40701193
40735688
40818502
40903138
41282414
41283546
41286185
41441868
41547182
41569682
41576793
41822208
41856164
41871077
41985646
42027587
42168267
42177082
42213061
42230726
42279793
42297858
42415995
42468526
42584673
42586385
42698273
42727075
42811248
42847742
43021651
43055075
43077186
43104337
43184223
43234802
43371440
43712100
43740077
43882475
43885995
43976631
44070277
44165505
44270317
44335156
44412070
44417642
44459233
44519246
44536810
44572569
44599867
44655605
44691311
44695897
44714425
44729966
44838960
45002913
45107850
45109725
45113964
45184976
45273880
45288716
45343032
45391268
45392282
45451114
45459052
45496318
45521473
45531017
45542671
45692230
45760437
45787273
45830718
46001613
46002168
46006290
46025386
46119721
46180939
46208977
46213120
46219823
46226352
46315435
46323667
46345088
46411886
46422871
46425104
46465268
46487027
46576641
46659603
46750391
46908782
47177102
47188647
47221767
47349661
47389416
47663542
48067173
