37078428
47880055
47521374
32561562
47478439
1313728
47452605
31781162
885936
36569450
30136276
44599867
38215952
47349661
47188647
32041576
16652077
596167
43325047
40903138
37183393
33012343
29931219
46554512
36080478
42297858
43740077
29266950
35704433
38504120
316755
34656089
2831258
514070
833768
44902260
44412070
45184976
40344160
46315435
35586471
37321660
40818502
1564659
29145300
34856429
45338099
42584673
33292729
44838960
45109725
31070973
42698273
41846285
45032157
15231521
34176815
289548
43713167
31525614
41303431
44911373
40759835
28137
37937293
34844519
43686943
15652765
35787021
42279793
36466227
16099995
36132341
34297224
1335045
42056861
44442114
44125296
37609810
33565098
42177082
20390872
12128141
33052341
38095687
190795
480783
31372272
41514691
44233189
15542713
38012361
44114714
33455400
43612058
37313925
38067335
44145862
1910430
36660866
44085570
39480855
32444603
32761184
36165552
38531018
5815311
33326226
42993963
40287750
41328521
42116343
39734311
34202335
40526551
36722553
32182070
36276701
125409
42213000
37855813
42447539
2689610
34021836
37146733
15706969
36295327
37850681
37871689
37096030
24522829
37061663
41905998
3153572
33015800
31883705
41645642
1634403
36753181
38606502
41250206
1080527
35497249
16027022
2050286
40328496
24294931
35658308
35322329
34268940
32764561
38630457
31421106
38233811
37054012
40184958
39442196
35725748
2057230
33232042
37947145
191777
39362247
790656
35300985
33432979
33471284
37076955
39605229
29794300
39826347
37963733
37781885
20172814
595215
311546
39226901
39206715
38607775
37873266
33187551
253305
37727399
39100158
38018690
38962779
3113236
34489246
37580198
31009306
30444363
34502735
511876
38669006
38640178
38508546
38501671
38209809
35654272
35652721
36583105
38246013
32130725
1582216
38061995
36556814
36865090
1440338
33108783
37684601
37593386
37624508
34306039
228748
34257553
34770777
31649667
1737273
35956760
34484262
1562952
37254757
29956289
2189616
33446198
37123750
37295846
13797691
1895100
36777617
37177247
37118395
27255592
15681882
136657
32333477
10285171
386630
1716357
524480
34551922
36437426
36292045
36321629
35390395
600355
14788301
32306230
32522806
34715872
29616322
35886829
32004730
34240403
2227824
31027722
32637824
34385049
35411159
1932182
34212482
5377741
35286861
1117022
361339
35132371
29216241
35019200
33968532
30586215
35004259
34524868
16768387
1464484
559985
34854051
34777789
34668315
34818170
33811255
298766
30867115
30242089
32496777
1085669
32662280
33158741
33687535
34089291
1053903
446295
11229861
34393332
32366026
701882
32496446
27239512
2760106
34244887
27588004
27884465
36050
1572988
2728334
33996842
32307946
29654006
32300584
32495626
16039001
33828316
32092705
15623990
33800608
29663232
33765504
29610149
33681917
32629334
32069508
33720587
32469717
33693219
29124792
33668091
15929370
33639268
33548487
32469392
429993
360832
30570058
29145955
30850951
33381553
16029199
767689
3233965
3536441
18128
33228741
119376
1310018
67813
29965545
1414343
31763060
30704756
11798
20242633
8885
31055059
1659314
3705401
33148236
32007010
32628144
31849548
16695088
1877530
24226109
3146202
11699631
30727470
10754731
7600471
16749982
628258
15608768
1840568
27164008
30253633
776919
2871918
660465
30248927
29992435
30245205
3076070
292917
887471
1167248
2215264
996224
29577562
15816217
29099432
51268
