42459
184514
323122
383382
404318
484918
559985
596167
703875
787531
829690
950829
983181
991851
1234015
1263056
1312183
1313728
1316298
1411689
1478231
1485314
1561644
1711662
1799755
1928732
1935800
1957264
2688970
2975576
3089273
3232323
3485111
3636521
4868111
5154501
5276741
5451461
5750061
5815311
6820971
6863241
7082361
7679821
8651101
8669631
10063851
13797691
14505171
15503281
15716635
16359988
20431852
20467498
20512540
27380221
27441229
27949467
29099432
29595023
29650066
29887820
30148203
30263464
30380380
30396030
30524722
30634854
30865334
31128614
31140051
31592067
32196479
32317804
32872132
33012343
33015800
34664661
34997129
35252364
35949017
36189656
36564251
36670336
36680964
36719163
36751666
36877715
37131896
37328700
37440103
38087037
38095687
38215952
40170971
40328496
40903138
43376737
44474780
44599867
45528367
45560641
45576360
46301843
46328525
46539941
46722585
47322192
47427344
47468131
47484822
47619495
