4
28137
118007
149574
151503
167883
181052
190795
193832
207931
217871
234229
264218
268161
288194
289548
291492
308564
336159
351192
357478
422311
430076
433989
447636
448680
469200
475996
482957
514070
539249
565110
565911
581248
590289
596167
611058
643863
688489
719149
742661
750508
761552
771064
778025
817064
833768
867346
885936
926881
947099
954639
983266
1004889
1007637
1025821
1032817
1053213
1062475
1077067
1107637
1259294
1296832
1336114
1354597
1374621
1389361
1433568
1450237
1458875
1508466
1541889
1582049
1623102
1653210
1655865
1683183
1688338
1803585
1820663
1836592
1895100
1928664
1929708
1939520
1949940
1959654
2013490
2029880
2035380
2050286
2300146
2332432
2365508
2374588
2491948
2497796
2498544
2569278
2648996
2713112
2715086
2785044
2790320
2811256
2831258
2903618
2924718
2959948
3023600
3050422
3101490
3140811
3159942
3172466
3217754
3476891
3512281
3588691
3764191
4064611
4132931
4770321
5229951
6420771
6632591
7310061
7972101
8302081
8604821
9637491
9667121
10330581
10652781
12377541
14505171
15231521
15238601
15261381
15583108
15596225
15616078
15636957
15676749
15764678
15820349
15979341
16050617
16214205
16224489
16353172
16652077
20201428
20250736
20261668
20279452
20390872
20524969
20569942
27059848
27115378
27169741
27296521
27419629
27532747
27753742
27871309
27936443
27954222
29093966
29096964
29145300
29179902
29217144
29528004
29638879
29777439
29786748
29813854
29888486
29926398
30007773
30008136
30094805
30138643
30229260
30283038
30307841
30549617
30549879
30567215
30586316
30628909
31016729
31030774
31032918
31041138
31062358
31318089
31432310
31512725
31540271
31809254
32305843
32368888
32385099
32390084
32418450
32444603
32513196
32959611
33012343
33015800
33052341
33263363
33274372
33450215
33461345
33565098
33599456
33710307
33741778
33862921
33976683
34059576
34083253
34093276
34176815
34177699
34190380
34242003
34297224
34595388
34664661
34680920
34690215
34714895
34765770
34777481
34844169
34844519
35008493
35246303
35281191
35356466
35417620
35425599
35495855
35561457
35639123
35703455
35757014
35787021
35874337
36058595
36092519
36124425
36124522
36145887
36149962
36161663
36215514
36294394
36313076
36335589
36351009
36359674
36370607
36386163
36392766
36496295
36497382
36525623
36530392
36559919
36645695
36663285
36722553
36737005
36766421
36772578
37043833
37054012
37061663
37076955
37096030
37114522
37123750
37124606
37183393
37297552
37312482
37313925
37321660
37348564
37609810
37652470
37748639
37864378
37873248
37921378
37937240
37962279
38012361
38067335
38095687
38182636
38215952
38300443
38504120
38531018
38667277
38860322
38869253
39041090
39243483
39480855
39498303
39747150
40328496
40344160
40376269
40442860
40765587
40903138
40903938
40940986
41018492
41170699
41285607
41856164
42046778
42056861
42200942
42213061
42297858
42405041
42441712
42584673
42586385
42698273
42734274
42965279
42993963
43078019
43184223
43686943
43916019
44007420
44070277
44114714
44129259
44144004
44203347
44225465
44235508
44412070
44433601
44442114
44451964
44455666
44474780
44545745
44851715
44909512
45107850
45184352
45184976
45188156
45225367
45303065
46006290
46210041
46213120
46314871
46315435
46465268
46487027
46554512
46659603
46750391
47022469
47427344
47478439
47651446
47865981
