46345088
30692628
14382921
47389416
46208381
35951610
47052924
9134
44070277
47176019
47725280
47625282
30348316
46301843
30161279
47466546
43371440
47484822
14505171
35949017
1313728
46025386
46554512
44599867
38504120
38215952
41856164
47188647
47223195
47167119
16652077
38032583
28137
885936
37590878
42717401
46487027
34664661
45558296
40903138
29931219
596167
39688519
33012343
954639
38538968
36863105
46186765
46001613
514070
46465268
44412070
45303065
41286185
46006290
44909512
34714895
35874337
40688911
42581711
35182649
33741778
37027429
40479611
15729279
31887466
43762870
16030160
43565942
44724275
43734740
30140934
31797942
44459233
45813267
34176815
36355207
36496295
36749107
440114
27889049
38239400
1146169
45575711
38410704
42742458
30567215
38630457
29145300
45338099
843392
43021651
15652765
11967091
45107850
36410518
41846285
289548
29638879
40759835
36366462
33461345
37704831
37054012
34844519
37061663
15587234
42279793
32288681
36177229
37043833
16099995
31880815
36132341
43535978
42056861
39747150
41300795
41170699
41416708
44442114
32390084
33565098
2064172
44081214
20390872
33052341
38095687
32444603
37609810
31766278
34315187
37937240
29163642
480783
34243702
44022426
15542713
34884676
38012361
39480855
44114714
43612058
37313925
38067335
44085570
37513111
42726156
33731680
32352848
29584654
595215
35986072
37075133
33015800
33719411
35008493
33881883
3014848
36313076
38010354
40287750
38564916
41963216
43820337
43698619
38531018
36737005
34741193
43273366
37191019
6796441
35971388
39363446
42993963
40328496
34313704
39604976
35322329
1589279
42177082
42592435
41587978
35586471
33718512
38777646
37871689
15706969
37094341
42104489
41645642
41763343
35497249
37545051
41360562
37794049
40558873
31421106
2050286
37234673
33232042
36093463
27966128
39894049
33471284
37076955
39826347
33187551
33194995
34261097
15578934
1388397
33292729
311546
39226901
20172814
39206715
1634403
1537768
16235182
37873266
38962779
36838004
38987674
38975779
38862178
35580368
35658308
540439
38792538
38677786
36991232
30444363
35997913
37580198
38650659
38640178
33596879
38209809
30101195
37722812
38421646
30007773
38246013
32130725
27871006
31313419
38141504
655533
38121509
34281074
38061995
38042215
37665863
38026750
36742325
35991661
38018690
38027168
35356466
38025506
2811256
38017095
15596225
35310219
29596609
37950741
36865090
24232080
37924410
1877530
36654419
35757014
37624508
37299366
34306039
37551670
1737273
35956760
37254757
36342850
29956289
2189616
37230188
36152472
36583105
10887981
33446198
37123750
37296165
13797691
37127078
36040285
33618340
37127139
34064706
36952240
35650333
36298704
36782011
16798735
36655420
34385049
1895100
32554504
34820068
33307638
34360203
29902611
35793405
36590010
36292045
34934984
7861761
29333654
29832069
20326693
14788301
35390395
600355
35106282
33584069
32522806
35886829
27267088
32004730
29616322
32504440
35627811
35445130
35294671
35186117
33968532
33478703
30686173
32654523
34711755
1464484
559985
34843656
34818170
2313196
34397062
32662280
10520
34784941
32496777
1085669
378152
33541730
33778662
1397526
33158741
32496714
11229861
15623990
34549363
34523517
34457871
34402408
34393332
34371802
33325882
30307841
33199410
32496446
34300473
29521709
32183540
34269952
1053903
507308
1612850
34244887
31736313
34234997
254965
2514434
34145670
32031740
33687535
29085620
1855976
1110624
32520060
2987484
181052
36050
34181619
34181080
7281691
33965445
34111316
32366026
34104599
29831504
346426
34095794
32222512
7430491
31037834
32958041
97260
627356
427958
2728334
16101208
34068653
34057308
1740627
34040562
34022153
32307946
30250183
32300584
33895659
29124792
32495626
33795434
31423818
32789690
33735973
33720587
29516175
30100405
848326
32836860
32890809
32614942
33376149
18128
33228741
1443249
549311
29126540
32892341
32852648
27918741
32693776
32600242
32665042
29099868
32585511
1137852
1817377
30662150
31128614
29663232
32384368
31849548
1795727
10529761
2350512
29099432
1268242
11798
537122
31585413
692070
30456769
