47214908
47077553
34664661
40903138
46862297
46666647
46609034
46550102
45922714
29638879
289548
38181860
44257748
35497249
43342530
43322744
29083128
43105526
42359319
42349612
42119075
41575167
41042258
39725413
39721148
39435372
39317892
39290096
596167
38698807
38636466
38469092
38196065
38132194
38078004
37738361
37462695
37337685
37175211
37093074
36875109
36342831
36202938
29210534
601840
35234960
35042830
34698470
1579320
34214397
34155293
34107319
33966977
119376
33663125
2510448
33430602
33221607
33065369
33046038
32937839
32891319
32378560
16657381
32128734
31675639
31630128
30992218
30819282
29795778
30662743
517348
2249878
986130
27943378
