33263363
33610498
40945157
47857021
47998526
35793405
40574364
30161279
47176019
29650066
30136276
14505171
47628530
46301843
38707937
1701337
30229260
45521473
40464318
47427344
256652
44070277
43894753
32561562
47122833
31448506
47454089
26105
40328496
44002156
787957
869561
36748465
41856164
2707220
47378292
47131837
46908782
47349661
46025386
38215952
47179247
28094275
32041576
44235508
47227341
41359295
37054012
47188647
47223195
789336
514070
37138991
44599867
47172457
37183393
45002913
2238228
15046851
2861564
40903138
735157
35949017
34134004
30283038
16450480
11967091
16652077
35959134
36058595
47022912
1200306
36660866
34664661
46132779
46972263
42297858
36080478
885936
30664623
42993963
33012343
4993381
596167
37061663
41868403
36614252
38594007
39007267
35567786
46901370
43740077
16050617
119376
1443249
833768
29931219
31660678
16692985
785703
13797691
32685060
38910283
38095687
45023377
35586471
39688519
42405041
46001613
38504120
34656089
40818502
1474421
34288861
45205418
6299361
44165505
35356466
11798
954639
35008493
2050286
559985
350737
20172814
46307110
45732281
41670506
36050
731769
42897123
36042022
27178834
41617118
41135899
37584972
40712488
39602486
39463186
39066730
