11798
36050
90796
119376
130444
313488
559985
596167
997522
1200306
1877530
2050286
2173224
2630504
2738540
2811256
3055894
6299361
10171741
15596225
15671315
15796153
16681438
20172814
27956728
29153283
29532581
30125385
30664623
30705694
31157576
32182070
33354865
33548178
33811255
34021836
34202335
35008493
35322329
35356466
35460965
35497249
35580368
35586471
35597765
35864069
36180558
36493041
36845327
36991232
37045120
37054012
37071754
37096030
37111569
37121970
37642160
37850681
37855813
37859556
37881385
37928042
37993821
38087037
38182077
38594007
39011023
39249006
39666126
39969276
40328496
41441868
41477852
41587978
42104489
42213000
42452426
42569603
42592435
42593502
42726156
42846305
45212094
