11798
12148
23555
26747
28076
33780
36050
39663
40121
52900
56059
60216
94979
100678
124833
128128
166518
169492
171433
184848
193832
204918
244289
265486
279930
282075
285952
290460
296222
304185
308367
309048
311105
316401
322389
326496
330377
331561
339378
341587
341734
343392
355760
356511
358932
379520
388327
400989
412971
418564
432256
462939
467145
488295
507929
509401
514070
517907
521471
522733
522830
536774
538275
545420
547500
554813
559985
576099
594526
596167
609186
628489
633267
639196
640953
641304
692457
710502
710665
731641
772230
778973
780771
781268
808613
813586
814388
833768
842663
849035
855586
885904
890879
901635
937098
942250
954639
982646
984203
986797
1012420
1018365
1034208
1057028
1068271
1082010
1102857
1106109
1113074
1129717
1136543
1139894
1167248
1169153
1172121
1183427
1216188
1241657
1242418
1251187
1260254
1270813
1293750
1317821
1324906
1335045
1340648
1342394
1357077
1364357
1369982
1433445
1453256
1465039
1476238
1487006
1496781
1499934
1503510
1520782
1539835
1549142
1558522
1563359
1570645
1577832
1584313
1590067
1597390
1634403
1639575
1659157
1695348
1795489
1819791
1820881
1843608
1877530
1885538
1888872
1895100
1910430
1939734
1944292
1958912
2001356
2050286
2053462
2058664
2060366
2083902
2088878
2149848
2157282
2208706
2295312
2320086
2326362
2328516
2338542
2346744
2350512
2385310
2446918
2458658
2472280
2491638
2558356
2569342
2593716
2609000
2649720
2698598
2701422
2714558
2719276
2727134
2738540
2815434
2825260
2831258
2929410
2943374
2944724
2951048
3009454
3023277
3079152
3092736
3098431
3103960
3107282
3126317
3126921
3149884
3154368
3165584
3179406
3212131
3219026
3234472
3239847
3452921
3601101
3679831
4304191
4628881
5205611
5331841
5372801
5382751
5500611
5558171
5628921
5815311
5991621
6181541
6678331
7132551
7220461
8634441
8971571
9204651
9392751
11179221
11229861
11429931
11609521
12099661
12319961
12532121
12660351
13645091
13797691
13999431
14060371
14086361
14186351
14324611
15538894
15595562
15596225
15652776
15706969
15716840
15743279
15754928
15801471
15808563
15984215
16094597
16099995
16115878
16154096
16174613
16301617
16542604
16655149
16692985
16700869
16782529
16782532
16808980
20172814
20173210
20190595
20313391
20314600
20390872
20451940
20544292
20554825
24655228
27151372
27213574
27214636
27272599
27291610
27671011
27768403
27868504
27872259
27884465
27947271
27966128
29030469
29061655
29077784
29143674
29178156
29233618
29250137
29300803
29302068
29311548
29315664
29512282
29534878
29541566
29574065
29638879
29754017
29931219
30098263
30146546
30453574
30482667
30570608
30592825
30849113
30872897
30905721
30916644
30918259
30920027
30939586
31032580
31068752
31172140
31225367
31279290
31296827
31297400
31319160
31367431
31448506
31448606
31448656
31512952
31525614
31641561
31654607
31688477
31726532
31923832
31940844
32044180
32052148
32061647
32073491
32188770
32277916
32292065
32299778
32325098
32390084
32444603
32488276
32508689
32522574
32560303
32625132
32675095
32713577
32726147
32764561
32769855
32836124
32838642
32849808
32974867
32976222
33012343
33042583
33046106
33218492
33232042
33235967
33334193
33432979
33471284
33481250
33481773
33503433
33565098
33580409
33596879
33618156
33686569
33771148
33780111
33811255
33839283
33845006
33954803
34061352
34094382
34099270
34271915
34297224
34355660
34387564
34430574
34460855
34470821
34568203
34592672
34664661
34688813
34692249
34726732
34862392
34884676
34892260
34903603
34912852
34913844
34970726
35127300
35241545
35322329
35394336
35441486
35457420
35468413
35479525
35531087
35561457
35580368
35586471
35811339
35857033
35959134
35976020
36080478
36124425
36149494
36149962
36244113
36274489
36295327
36304422
36380951
36425223
36427019
36456607
36479606
36502096
36538189
36555807
36566912
36583105
36604788
36623461
36630362
36706330
36722553
36753181
36766789
36783488
36879805
36912593
36991232
37031139
37036907
37049869
37049968
37054012
37061663
37076955
37140982
37149222
37234673
37254273
37350815
37437563
37452015
37497082
37545051
37591746
37609810
37616940
37678249
37716247
37745296
37809441
37850681
37871689
37921378
37980668
38095687
38099266
38141236
38252875
38254966
38396576
38504120
38513710
38531018
38535689
38538968
38546631
38579246
38594007
38643385
38708605
38730373
38803386
38833378
38858875
38869587
38870132
38920136
38927846
38990171
39007267
39064798
39161432
39161557
39166821
39174529
39179709
39244173
39442196
39453306
39491524
39563448
39563606
39577479
39578280
39591589
39605591
39609605
39609852
39661772
39664521
39688519
39695158
39725864
39835662
39853044
39880797
39893251
39894297
39900601
39909276
39919187
39935941
39969276
40053869
40150971
40157713
40190658
40280338
40284234
40328496
40388521
40458673
40771016
40775397
40896573
40903138
40974013
41170699
41226408
41300409
41306593
41359295
41587978
41591751
41615727
41645642
41763343
41856164
41891702
41905998
41992105
41992267
41992318
41992373
41992413
41992563
41992679
42123429
42127022
42297858
42402626
42447539
42555523
42562131
42581711
42592435
42698273
43184223
43601805
43612058
43724496
43885995
44062402
44111373
44165505
44214748
44218952
44219091
44220684
44221262
44221523
44231446
44231841
44412070
44440837
44441348
44441475
44442114
44491004
44682526
45006365
45023377
45558296
45720045
45731945
45830718
46133173
46219823
46315435
46350539
46388705
46429479
46487027
46564196
46641068
46671544
46795141
46885838
46928913
47018001
47048965
