11798
18635
26105
36050
113255
119376
130444
132263
135120
156993
228748
268313
308564
325649
381528
453308
462700
559985
596167
609255
616988
652309
754642
886367
948465
982280
1093526
1154287
1200306
1309617
1577557
1642839
1664288
1678934
1694521
1719095
1877530
1895100
1898930
2050286
2136142
2139292
2234476
2238586
2297894
2313720
2485910
2514886
2625592
2689610
2811256
3055894
3072765
3172443
3173791
3209654
3234695
4541241
5058081
5498751
5958551
8685561
8697461
10022421
11229861
12445281
14087781
14788301
15555736
15629825
15685351
15700024
15796153
16080071
16127968
16173331
16743973
20172814
22696320
27122866
27757705
27874103
27927950
27966128
28094275
29141151
29333654
29520505
29550433
29596609
29616322
29624116
29787255
29818784
29902611
30007773
30040614
30073226
30138917
30171086
30386733
30411022
30694059
30850607
30905457
31327954
31448506
31649667
31658370
31674225
31748879
31979079
32004730
32087003
32301196
32352278
32376762
32522806
32554504
32671683
32698748
33147620
33194995
33232042
33240445
33307638
33511050
33548178
33553623
33565521
33570182
33593044
33596861
33648238
33787992
33811255
33917127
34021836
34085850
34103694
34184845
34261097
34385049
34524868
34692446
34738174
34768668
34846227
34880007
34934984
35141024
35238619
35356466
35482588
35508117
35652721
35757014
35956465
35976180
35988329
36036876
36040285
36205988
36228861
36238523
36244142
36287088
36292045
36328847
36368416
36375907
36432575
36444626
36459251
36474119
36479005
36503942
36543182
36581096
36583105
36593969
36637954
36655420
36675191
36791991
37043833
37054012
37061663
37123750
37198383
37379263
37516194
37619643
37626959
37779628
37794049
37855813
37871689
37928042
38866331
39009764
39111402
39140353
40328496
41056467
41412995
41884150
42206419
42569603
