16073157
45968710
975165
47857021
37962279
46345088
35793405
44011125
43158835
36497382
36413583
42698273
1450237
47734735
36255166
1092136
497208
47658877
6002901
47470333
44070277
43894753
14505171
484918
41632851
47484822
33860932
761552
1313728
14522191
47433838
44599867
40202215
38215952
35949017
47349661
885936
45692230
42297858
46312370
2785044
37590878
47183125
37183393
46323667
954437
16652077
35959134
46487027
34664661
46529783
833768
40903138
29931219
596167
45023377
38504120
1634403
39688519
33012343
954639
34656089
46750391
38538968
2831258
46529570
46529463
46529439
36954591
46529418
46529404
46529386
46529377
46529364
46529348
46528845
46528826
46528415
46528371
46528363
46528393
46528860
46528342
46528325
46528308
46528297
46528285
46528273
46528253
44782872
46279408
35309271
514070
16050617
44412070
40344160
45303065
38273490
31766278
46315435
43712100
41871077
37290276
46006290
1085145
35293985
36496295
35017071
46258510
37177606
46012061
45184976
588088
40818502
37928042
37165220
8507811
34651665
43383305
35008493
42586385
1564659
502799
42468526
36355207
34595388
35586471
1895100
39243483
33455400
45205992
45576214
45575711
13797691
41856164
39155143
34176815
37054012
38845853
39969276
33832904
15587234
43021651
42936594
29638879
45225367
37638400
1470788
42177082
35021150
44967214
30007773
45188156
37061663
34844519
2238228
43686943
15640419
45140431
33015800
289548
30549617
1873720
43145135
36058595
31988181
44225465
34234731
35192754
11967091
36660866
37313925
408993
33461345
12128141
35787021
44442114
36466227
34271915
16099995
44125296
41791843
34297224
44114714
42056861
41170699
36161663
33565098
38012361
44081214
38095687
33052341
34315187
37609810
1284048
43612058
32444603
44007420
41711478
42527675
39480855
2145458
38099266
31654607
20201428
36313076
43907326
41591751
40982320
37921378
5815311
42986642
42993963
38182077
28137
37096030
41441868
42900919
32182070
35597765
34261097
37855813
42592435
38803386
42447539
34202335
34021836
37045120
37850681
37871689
37619643
41905998
41763343
36223368
37545051
41618405
41645642
27453715
41615480
38606502
39683755
41250206
40328496
33596879
35640554
27057838
35497249
35322329
37721141
34268940
33239512
34191713
40865490
32949699
30369218
35106960
2050286
39442196
35300985
33374580
18128
31995113
32713577
37296920
40157713
40398270
38823095
15965280
30514259
40152491
39909303
27966128
38304696
39893216
33471284
37076955
39649310
39619494
39607549
35658308
33194995
6490561
38990171
15596225
38141202
311546
33811255
37873266
32522806
37183785
997522
20172814
36991232
30444363
37580198
33292729
819604
38594102
38631141
31213066
38594007
38322629
38546417
30101195
38003559
38421243
36148068
30161279
1730685
36078619
3226353
38259161
38286060
27871006
6299361
38246013
34936371
347700
31313419
38141504
37885598
36719575
38121509
1314686
695919
672965
38099640
35978977
34854916
37991224
2630504
35313339
37665863
36742325
37150861
2811256
38017095
36905639
35727758
36696017
37104031
35485494
35580368
37993205
35310219
37989779
14962591
37962948
37212632
6906571
31448506
36865090
1688338
1877530
37262792
119376
37234673
29541962
37722812
31656728
11798
37789181
559985
36050
32784666
37870985
37825925
35614066
31548792
31399812
37108085
37652002
35356466
37631762
37257065
37621068
37620915
34770777
37560844
37556425
37543408
37536725
37528821
37523780
30230122
37461466
15988582
31177680
36342850
37421199
36887871
34042846
30888881
20199352
33746931
30984521
