31773402
35704433
40945157
1450237
37864378
37078428
35793405
40574364
43236174
41283546
34656089
1701337
30161279
30692628
47775826
37847929
30136276
31287507
39410289
36353300
44519246
27913213
39458854
45176306
47523972
30348316
690071
37191019
979013
29650066
44474780
30229260
44070277
47574119
38385633
40464318
1430045
47427344
256652
34439726
37391952
33375253
484918
35703455
34134004
47508682
47490869
47484822
47468131
47122833
1313728
14522191
44169385
1877530
34288861
14505171
44599867
47417343
46571046
26105
46001613
40328496
44002156
787957
833768
41856164
2707220
47131837
38215952
28094275
45309263
45692230
24655228
47167119
45002913
47223195
37054012
43740077
47188647
28137
789336
35555374
514070
46323667
45525248
2238228
35949017
30283038
16450480
44235508
41591751
46670601
44546625
11967091
16652077
16050617
33860932
33467222
33667720
33887023
41630304
41359295
36058595
47022912
1200306
37183393
638020
46487027
35959134
36660866
37590878
13825821
37835801
34664661
46133173
156376
46972263
42297858
36080478
38535689
885936
30664623
40755081
33012343
596167
41868403
45479614
38594007
39007267
3190499
1085145
40903138
46132779
119376
1443249
35586471
3020399
29931219
42993963
16692985
13797691
46818054
38095687
38566770
45023377
46814309
38504120
38254966
39688519
954639
350737
20172814
6299361
34268940
2831258
306743
35580368
35008493
37061663
46460529
1634403
11798
2050286
559985
36807928
36050
36783488
771064
45386969
44283738
34856429
15231521
44572569
43686943
37114522
30549617
44114714
38012361
35495855
38067335
32444603
33719411
41533789
30026118
3025749
42698273
37620755
40982320
41441868
32182070
42881137
42674262
35935954
39498303
31856030
2482814
20342485
