35704433
47177102
35203439
43686943
37191019
46828838
1701337
4917821
39139537
36748465
47427344
35703455
44599867
14505171
284526
1526055
35565535
36882626
33860932
44220684
45391268
43184223
35959134
32685060
37590878
13825821
39155143
34664661
40903138
596167
38504120
571983
29931219
833768
8859801
46795141
31759977
9134
31641561
46747442
38538968
34884676
35867886
44165505
38181860
39645605
31140147
36954591
697526
954639
16050617
46186765
41286185
46001613
39688519
15724439
46303522
35008493
40755081
33052341
514070
45715724
29777439
45525248
1634403
40344160
35743322
45184976
42993963
38273490
29541566
38579246
38095687
42537305
46315435
13797691
37594761
37321660
46258510
40144312
39880797
336159
31887466
43762870
35586471
44371341
6604351
40818502
27913213
16575364
30229260
1470788
42847742
42584673
7733001
42586385
40328496
35366575
33292729
45288716
33106804
41569682
30007773
45205992
39969276
32638739
45391484
502799
29638879
43623129
39870573
15231521
36410518
34595388
35599985
33363448
31904474
32133313
41080787
12128141
37609810
43869336
1335045
32390084
31439848
36863105
32029613
40287750
41317049
38564916
37048405
42986642
38594007
43097358
1398529
37620755
38531018
42900919
16174613
41992318
39666126
42592435
38182077
34202335
37871976
37855813
37045120
34021836
35497249
531655
41899444
36879805
3899521
41655329
35191439
36753181
37794049
269343
16733167
33471284
38690456
37234673
37076955
37643109
1199465
311546
39453306
36193021
32513129
6490561
20172814
39206715
38958050
35082686
36991232
997522
38421243
29250137
27871006
37212632
36583105
37631762
1167248
1993354
33108783
29956289
37624508
37299366
29099846
34306039
37643625
34257553
34770777
37592551
37592591
37577967
37577603
33618340
549368
31649667
37254757
37123750
31623338
29787255
33596861
1055997
1200306
35388257
36655420
32554504
34385049
36432575
2136142
36659663
35690568
35482588
29902611
139713
36292045
36266626
34934984
1895100
36417451
36410741
33787992
36362831
34218848
31520449
15623990
1898930
357237
31972541
9504571
1443249
32444603
600355
6422281
36104804
2288902
36159055
36144645
36139989
35390395
33305692
1397545
32306230
14788301
34820068
33713157
36103775
36103523
35663466
20326693
1430848
32522806
35951882
35542288
30161279
1137769
7221621
34715872
29616322
35886829
35480674
35976180
32004730
3160979
2811256
29124792
35912173
35912236
35911739
348832
31351477
33811255
35876827
35119235
29663232
1080527
15559884
35791948
33800568
1877530
31985691
886367
31627400
35196470
27757705
29777884
34508594
32326014
11967091
11229861
35643370
33146438
35561833
119376
155881
11798
559985
36050
35574780
32234341
35461944
35420993
8593571
