4
947
1004
1608
2686
3483
8166
9134
9939
11798
11949
15542
18128
19957
19985
30187
36050
37425
41226
45633
47591
51268
55295
63959
63980
65122
106062
108478
109049
109567
115914
119376
121030
126300
128693
130005
133813
138724
139713
143582
157250
158613
158654
162714
166653
169492
180098
180163
181016
181052
187232
192551
193832
198918
202029
205163
210025
211429
214196
219392
228748
234297
252560
280749
283985
289548
292917
298776
300923
301505
306122
307456
310577
311546
315219
317449
317725
319558
320524
334771
335556
337504
337969
346205
349648
354998
360832
363662
365762
381826
383614
384172
390411
406857
421901
431105
431858
447444
452588
481933
486243
487565
497208
497939
502799
510511
514070
565417
570985
574633
575523
596167
600355
612975
614442
631020
656360
660465
668177
671187
680395
715925
718702
730371
745974
776919
783510
786242
816689
819730
824788
829489
829690
833768
851307
887471
895724
937474
940263
941387
943846
950759
954639
956295
992829
996224
1022861
1041538
1046638
1053903
1054168
1055997
1072650
1085145
1085669
1088701
1097444
1107670
1112602
1146459
1167248
1170258
1179102
1187496
1198813
1258884
1265975
1266819
1277099
1311940
1313728
1336423
1354597
1384598
1397526
1398925
1402570
1403881
1415702
1430045
1435856
1443249
1478550
1483625
1511624
1574834
1575207
1575757
1608931
1630592
1634403
1639228
1639251
1652410
1685304
1701337
1705302
1737273
1740261
1768105
1779551
1817377
1820663
1847648
1871494
1873720
1877530
1892260
1895100
1956984
2045010
2050286
2189616
2215264
2267930
2288902
2350512
2433726
2446434
2474860
2491948
2501972
2534466
2568432
2688970
2728334
2756024
2785044
2854698
2864498
2987484
3025051
3043193
3054252
3076070
3095007
3109509
3119605
3124052
3136674
3153572
3158603
3200203
3309341
3373881
3494061
3630371
4110001
4132931
4504091
4602081
4694251
5815311
6183571
7109071
7221621
7430491
7600471
7602851
7668081
7690291
7988981
9361461
10238631
10248271
10529761
10754731
10852711
10887981
11229861
11699631
11703781
11897631
12056021
13797691
13825821
14055611
14177871
14505171
14522191
14962591
15157821
15224811
15559884
15587234
15592264
15596225
15608768
15726244
15811258
15816217
16050617
16158500
16486195
16569526
16633033
16695088
16749982
16798735
20150803
20172814
20201428
20329657
20390872
20497357
23870604
24226109
24655228
27035866
27098971
27254686
27298831
27439009
27565663
27695374
27817105
27871006
27962017
27966128
29027196
29071738
29099432
29099868
29124792
29126540
29160937
29169169
29311548
29516175
29532581
29610149
29627710
29634075
29638879
29663232
29752008
29777439
29786941
29787255
29811414
29831504
29931219
29956289
29970151
30007773
30008136
30100405
30152636
30229260
30232861
30253633
30282795
30307841
30332790
30348316
30369218
30407419
30430820
30464041
30570995
30599988
30664787
30686173
30704756
30766738
30822269
30842961
30853883
31128614
31140218
31171039
31186639
31233363
31279954
31313419
31366303
31422604
31423818
31431900
31460660
31460896
31463945
31554685
31641561
31644084
31649667
31654607
31669893
31766278
31774666
31784311
31784387
31784443
31849548
31916219
31930598
31999191
32015805
32024107
32068511
32069918
32070448
32092137
32092803
32163624
32217369
32262311
32295746
32297955
32298692
32299210
32300584
32300613
32303307
32307946
32318473
32325098
32351827
32361485
32370933
32372874
32376022
32390084
32430037
32444603
32469392
32469495
32469717
32469967
32478036
32494102
32496777
32504440
32522574
32543426
32585562
32605852
32619605
32630927
32644538
32653535
32662280
32665248
32669976
32685060
32698748
32773267
32775926
32797901
32885257
32885838
32892341
32898389
32919319
32930660
33012343
33043163
33046106
33101406
33137074
33158741
33187551
33198530
33226079
33228741
33232042
33292729
33298365
33339580
33373166
33446198
33450215
33461345
33471284
33493428
33565098
33576666
33585886
33623262
33650487
33652931
33653135
33654187
33661730
33693696
33719411
33720587
33735691
33778662
33793607
33802946
33896894
34022153
34029583
34039531
34040562
34057308
34059576
34068653
34093276
34095794
34102508
34111316
34120121
34181080
34194247
34198658
34212482
34234997
34240403
34257553
34261097
34269952
34297224
34306039
34321794
34385049
34397062
34402408
34439726
34457871
34460855
34549363
34612634
34656089
34664661
34669453
34708704
34710768
34711755
34714895
34810223
34818170
34844519
34853053
34855714
34884676
34934984
34935669
35008493
35040168
35134764
35192754
35307128
35373146
35390395
35428940
35453597
35482588
35493781
35497249
35549764
35586471
35603596
35621769
35652721
35654053
35658308
35703455
35704433
35710349
35757014
35948177
35956760
35976020
35976180
36036876
36058595
36080478
36145887
36161663
36165552
36291955
36292045
36313076
36314643
36333406
36335729
36342850
36350700
36353300
36366713
36419624
36432575
36434583
36464174
36466227
36478175
36479606
36494446
36583105
36656233
36693868
36696017
36748465
36838004
36908867
37043833
37055960
37058800
37076955
37078428
37114522
37123750
37162530
37177606
37183393
37191019
37234673
37254757
37299366
37311097
37313925
37322158
37332488
37350815
37391952
37405765
37590878
37594761
37609810
37624508
37628066
37649718
37684601
37725674
37734906
37794049
37873266
37881385
37921378
37931738
37938734
38001692
38012361
38052802
38053993
38067335
38099266
38188975
38215952
38218070
38252875
38273490
38502299
38504120
38531018
38538968
38564916
38622085
38689323
38987674
39010033
39114949
39137022
39139537
39442196
39645605
39969276
40157713
40168236
40199202
40273095
40304814
40328496
40376269
40629437
40714247
40818502
40903138
40982067
40988671
41018492
41170699
41280317
41283546
41324465
41359295
41399161
41514691
41587978
41591751
41645642
41689901
41818793
41850586
41905998
42046778
42056861
42162600
42213061
42297858
42405041
42468526
42536044
42537305
42586385
42592435
42880064
42986642
42993963
43104337
43113031
43158835
43208417
43376737
43477110
43601805
43610974
43612058
43686943
43734740
44007420
44011738
44070277
44114714
44129259
44165505
44225465
44239137
44283738
44298062
44433601
44442114
44459233
44599867
44747247
44909512
45113964
45227760
45267657
45297853
45340437
45343032
45392282
45406038
45474068
45519214
45558296
45564429
45578492
45593089
45643839
45756987
45780702
45787273
45794456
45797216
45803840
45810375
45830718
45856997
45896058
46006290
46012061
46034804
46091660
46133173
46216072
46219823
46345088
46441307
46476068
46477152
46487027
46554412
46576248
46619169
46627340
46719510
46755081
46803804
47053180
47153504
47161414
47167119
47408424
47427344
47448131
47477154
47496356
47569242
47752079
47930026
47997114
47999744
