48068440
1013720
47857021
47997114
7879801
41286185
32024954
46345088
46576248
47925338
47959613
44011125
47952768
47949602
27896356
34295100
35793405
47930334
47898686
47923267
40574364
47799520
47904696
46411886
47389416
35657092
47882106
47874439
35951610
47871848
47865553
16033322
47855014
149574
43015770
47850411
47842848
47841377
30692628
47830660
47643906
47818496
47813629
47807255
38296369
47802373
47801353
47797665
47176019
47742657
30348316
47523972
30136276
47685771
47658877
47658340
29650066
45756987
47655207
571983
47643432
38065482
47411493
36040285
47627083
30161279
46301843
47588578
40698504
31995113
47358620
1430045
47555536
46659603
219392
45002913
43894753
336159
38420098
44070277
36775060
484918
41632851
47484822
39637542
10684671
37124606
47427344
42698273
44545745
44599867
1313728
40202215
32676884
2560106
33114324
44270317
47305556
47304975
47277109
46272525
47439523
47358142
47358591
30229260
36748465
45485012
34451283
869561
833768
2614862
36685011
41856164
38215952
2269306
47377583
35848891
36119661
37220460
47335552
2563220
12278231
46312370
14505171
47188647
47223195
28137
1194427
46752747
46752967
45803840
47178996
39826963
35949017
1163954
30430820
30852887
47054439
27119812
1895100
35106960
45525248
30283038
44235508
36274227
1409722
30289612
33275209
37590878
36261291
2041152
40409819
944555
34656089
16652077
37105733
14522191
42743174
39693476
33667720
46299958
46025386
34285901
40538385
46379939
36398328
45799001
40238777
9267
941756
46844955
29902611
735157
35881494
45335809
47027454
34854332
35879582
24448587
43325047
34625011
36382044
46400519
46939557
43618296
46899817
29831504
33321723
37555283
46266069
38022316
1035403
45367544
36882626
41110482
5577831
34191636
42026638
1596987
41461061
47022912
2864498
43184223
37183393
47020892
36056581
46487027
35959134
40388727
34664661
46972263
885936
1579038
30664623
46954560
35600879
10441301
34271915
40903138
36080478
32133313
29004482
12204791
16295650
31484816
29931219
16692985
41359295
976952
31759977
1474421
15610035
15238601
38504120
41578923
38254966
40168236
31641561
904061
1485505
34487881
36792136
337687
46738063
38206730
46689782
14811881
39914632
32638739
2386734
43760470
36920810
46699918
44625354
41003588
44798093
2568432
44165505
35356466
39886727
45113964
43060808
1085145
1354597
663461
27861880
2303488
7840911
46576641
44902260
35757014
36954591
31539488
35857284
35870138
38538968
1477035
40837826
33012343
46213120
16117522
45802257
2203514
39688519
3226353
38535689
46153013
36342408
36863105
1218945
36253880
46393156
46490987
8329381
27453715
46504632
35704433
42734274
33298365
1350095
46481292
43740077
46001613
33052341
514070
42723564
1562665
46219823
45303065
5580171
46465268
29777439
596167
35021150
46460529
42811248
42089141
41643062
46454010
41611890
1634403
44412070
112629
2013306
46437645
1466341
46437274
46424470
35743322
2050286
34824427
46425603
42993963
1286504
31654607
16050617
38579246
42847742
42046778
41742571
42297858
1700916
42537305
253770
35024888
45391268
38273490
38001692
13797691
35955830
38300443
9134
45830718
36437360
514841
45450183
1286661
789336
40101476
46046013
45424770
342128
39327860
24470165
45712160
35654053
41871077
46314871
35703455
46258510
46315435
15724439
954639
569
34839033
37951232
46006290
30532647
1510810
34039531
37451636
37321660
40144312
46012061
43712100
34013992
37496489
33442156
16169343
34620397
43253587
24655228
42360764
27476272
41367194
2508696
39623249
36471897
435383
36496295
44909512
40344160
41777543
16338631
34161633
34714895
2567778
41156259
46226352
41193047
987929
46258807
37141906
29802461
33945617
35874337
2182600
15231521
41572814
129199
38957184
2298368
46191075
588088
33015800
283487
7430491
45448526
35407403
44433601
44513121
43413766
46212896
42699517
41283546
1412537
44851715
45865577
2089848
34397644
46216789
37054012
41852820
35485540
39362247
44014101
37102501
43924687
42803399
1192592
34313704
38594007
102527
44030022
42162600
42719252
16319284
39923485
45521473
884061
32724057
29031983
251217
35208076
15706969
46196797
41011363
34844519
37005980
29638879
33028865
1123144
46186765
1475778
38541316
39672592
35574552
46178713
780674
41547182
3229232
32444603
31923832
40479611
46067854
40671917
39039893
350737
31698941
41213561
27970325
38879248
37679141
43925
370225
38181860
38856816
30167634
1136495
842380
31350064
1403021
30551173
45817836
46133259
46132983
33258697
370285
2815594
46125792
597881
1096416
31219844
384629
269343
46121289
358730
862079
34884676
29787255
36621785
5658921
40654395
32512868
43158835
194365
29190209
35097759
32543426
3931101
37061663
33150410
1573474
35580368
34149952
5840751
34835345
1306115
41834161
40436877
43386932
37290276
45524839
33825128
34903603
43343712
43762870
45558296
20172814
650034
34829884
2043228
30269203
20390872
36660866
29027299
42880064
40245234
36295327
46089001
45724247
35593526
122716
34223349
3092638
12545151
45818068
46010106
39012655
549311
7764571
37658138
38593543
228748
41390495
1454595
31847896
32669976
35277072
45463620
45451343
45435697
35292835
44167080
29506966
11221671
16030160
30567215
35613147
43076820
33931225
5815311
27246763
31172637
32409459
34815842
39362243
39608793
27107023
37506362
127610
121936
38265898
1899896
42405041
39670270
2009368
46036104
45007213
37775362
31729428
33194995
37623667
42584673
31173901
29102116
36317553
31887466
35008493
35499754
32335668
32217369
41514691
31172140
29099846
45184976
31468240
78139
45576194
39663
34741193
43236174
31727017
32249085
43022244
33168800
42462899
37416830
39692612
1720935
45714378
8458681
42468526
1011340
36177229
30149526
6502891
15938450
42150444
32299314
36614252
37937293
35709828
570506
2205170
111375
359395
7134721
29127118
41141990
1809291
31083879
40328496
45760437
38183281
35733175
45770929
41581844
1683427
45543273
989007
761552
30392498
38095687
37665623
46036754
45531017
37788492
41018492
1550028
31248009
35009219
35969597
45343032
33741778
36058595
46045898
46045651
32434218
33541589
31880815
34161684
46044583
1877530
38390047
43016837
43104337
40818502
3397011
32311835
1029377
15536480
43686943
45606012
35586471
33548178
15596225
16126190
13825821
35489804
32145062
34315915
26105
27377800
2831258
12386691
42688579
16478077
45092208
43751603
33650487
34321778
27547009
29832069
36887514
2707220
35698812
132137
45479675
6299361
119376
11798
1341003
45014390
559985
32083445
36762392
45789401
44425533
44079422
43809986
36050
41850763
36726098
31869643
31432310
37628640
37012756
35107729
34848228
32235911
31228751
31049808
