11798
26105
28137
36050
156376
193832
253305
289548
334993
348497
408993
422836
480783
559985
596167
601541
649469
660093
771064
813586
833768
843392
869561
885936
954639
997522
1023645
1055997
1255710
1313728
1322549
1474421
1477035
1564659
1584313
1608618
1634403
1877530
1895100
1910816
1964526
1975098
2050286
2141954
2238228
2365508
2474340
2560106
2566714
2630504
2719276
2723410
2724988
2798552
2815434
3039342
3153572
3168506
4554401
5166741
5658921
5815311
6299361
7708711
8620191
11229861
11967091
12128141
13797691
13999431
14317671
14505171
14938371
15596225
15671315
15754928
16027022
16692985
16798735
20160673
20172814
20314600
20390872
20505799
24294931
27962017
29099432
29131195
29291258
29541566
29584654
29621512
29638879
29787255
29931219
30026118
30136276
30229260
30430820
30664623
30917191
30918259
31068752
31081682
31082396
31140147
31172637
31225367
31367431
31421106
31484816
31494424
31512952
31520449
31525614
31654607
31660678
31677098
31688477
31773402
31781162
31819967
31972541
31988181
31998494
32080989
32133313
32182070
32244163
32288681
32390084
32444603
32522806
32653535
32683231
32747470
32854013
32949699
33012343
33015800
33052341
33114324
33132170
33279450
33292729
33348173
33455400
33461345
33471284
33503433
33548178
33565098
33596879
33650487
33811255
33829013
33864894
34094382
34176815
34191713
34202335
34243702
34261097
34268940
34271915
34297224
34313704
34387564
34460855
34498981
34656089
34725190
34844519
35008493
35322329
35356466
35495855
35497249
35580368
35586471
35640554
35658308
35788757
35793405
35949017
35959134
35971388
35976020
36080478
36145887
36149962
36200075
36253880
36307808
36561605
36566912
36625764
36660866
36748465
36753093
36753181
36809558
36879805
36887514
36991232
36994750
37041581
37054012
37061663
37094341
37096030
37100183
37234673
37282818
37295966
37296920
37313925
37432611
37545051
37609810
37855813
37871689
37937293
38067335
38087037
38095687
38099266
38182077
38215952
38254966
38504120
38538968
38594007
38708605
38800942
38958050
39007267
39480855
39608793
39645605
39666126
39688519
39692938
39791823
39880535
39880797
39969276
40160743
40183722
40280338
40304817
40328496
40344160
40427020
40593603
40594139
40596747
40611069
40720638
40818502
40820287
40865490
40903138
41170699
41226408
41250206
41390182
41420682
41505538
41514691
41547182
41587978
41591751
41648804
41689901
41752041
41763343
41791843
41856164
41961537
42022374
42200942
42223633
42235052
42440304
42458179
42569603
42584673
42586385
42592435
42726156
42913775
42986642
42993963
43104030
43140368
43184223
43361976
43612058
43624441
43686943
43724496
43973375
44007420
44114714
44129259
44165505
44182551
44225465
44283738
44433601
44442114
44457516
44572569
44599867
44747247
44782872
44932052
44967214
45006365
45023377
45032157
45055193
45084328
45107850
45109725
45235954
45316213
46001613
46213120
46487027
46687273
47287944
47349661
47378292
47417343
47427344
47454089
47468131
