11798
18635
36050
119376
130444
135120
139713
181052
193832
228748
308564
351192
484918
502799
559985
596167
672965
771064
829690
885936
886367
954639
997522
1146459
1167248
1171095
1200306
1478550
1634403
1642839
1737273
1877530
1895100
1898930
2175706
2189616
2234476
2534908
4098391
5058081
6586301
6906571
7220461
7784011
8697461
11229861
12180721
13797691
14896631
15231521
15623990
16060412
16652077
16692985
16798735
20172814
20347216
21646553
22696320
23312471
24108408
24127490
25172549
27122866
27175597
27937681
27966128
28094275
29333654
29591225
29596609
29616322
29787255
29902611
29931219
29956289
30007773
30101195
30136276
30161279
30444363
31313419
31448506
31525614
31644084
31649667
31658370
32004730
32031508
32044253
32444603
32522806
32554504
32669976
32671683
32698748
33012343
33307638
33446198
33461345
33471284
33521438
33596879
33608416
33667720
33693219
33787992
33832904
33843176
33848599
33856782
34029125
34064706
34085850
34111873
34202335
34271915
34460855
34595388
34656089
34664661
34696486
34934984
34936371
35008493
35310219
35390395
35482120
35482588
35497249
35580368
35586471
35735993
35757014
35913877
35956760
35988329
36080478
36238523
36244407
36255284
36292045
36298704
36341590
36368416
36375907
36432575
36444626
36474119
36479005
36503942
36517895
36518581
36543182
36555786
36581096
36583105
36593969
36594778
36614018
36625764
36637954
36655420
36656233
36696017
36748613
36783488
36834514
36865090
36957144
36969040
36991232
37076955
37087675
37114522
37123750
37148431
37221599
37234673
37254757
37289646
37292563
37301013
37313925
37321660
37580198
37593386
37624508
37631762
37684601
37794049
37848908
37873266
37991224
38003559
38012361
38067335
38095687
38204030
38421243
38669006
38677786
38975779
39005347
39206715
39226901
39255036
39517521
39688519
40328496
40714247
40903138
41569682
41598881
42990345
42993963
43016837
43610478
43624441
43686943
44114714
44129259
44269315
44442114
44459233
44627291
45188156
45219585
46750391
47411493
