9134
11798
36050
119376
198897
289548
316755
336159
350737
367859
483945
514070
538842
559985
585962
588088
596167
597881
761552
789336
833768
869561
885936
952584
954639
976952
1171095
1313728
1354597
1395052
1445832
1450237
1458875
1470788
1582216
1634403
1642310
1683427
1842362
1877530
1975098
2050286
2136142
2491948
2560106
2707220
2756024
2785044
2864498
3119206
3119605
3124052
3168506
4132931
5580171
6299361
8431361
8620191
8896231
9035721
11258421
11383191
13797691
14317671
14505171
14522191
14634791
15231521
15596225
15668079
15706969
15724439
15729279
16030160
16050617
16072171
16083992
16117522
16225550
16231315
16570621
16575364
16652077
16692985
20172814
20206645
20328433
20329657
20390872
24980431
27727828
27896356
29099432
29220600
29317550
29330354
29541566
29571316
29580555
29610461
29638879
29931219
29952130
30007773
30008136
30136276
30201822
30229260
30230122
30283038
30504770
30634206
30664623
30672019
30696473
30913400
31049200
31105569
31128614
31140147
31205188
31209204
31248009
31478552
31500860
31560489
31641561
31649667
31655420
31729428
31759977
31763349
31781162
31791987
31887466
31923832
32021803
32028416
32126568
32265722
32436565
32444603
32510530
32572509
32588352
32600182
32638739
32915911
33003093
33012343
33052341
33106804
33132170
33298365
33351848
33567901
33610498
33741778
33860932
33864894
33879582
34039531
34161633
34176815
34231581
34288861
34306039
34328243
34488178
34595388
34627290
34651665
34656089
34664661
34698557
34714895
34723181
34791041
34802717
34823531
34844519
34884676
34935669
34951373
34970169
34978511
35008493
35045487
35182649
35205609
35241545
35290150
35293985
35300210
35323316
35417620
35457107
35542573
35561457
35577790
35580368
35586471
35647933
35703455
35704433
35793405
35857284
35867886
35875426
35902329
35919090
35951610
35959134
36058595
36092519
36159055
36252786
36290738
36310347
36407642
36479049
36485470
36496295
36527646
36614161
36643797
36660866
36773427
36783488
36834648
36887514
36954591
36995972
37036907
37043833
37054012
37058800
37061663
37124606
37134775
37137106
37183393
37201219
37425820
37545704
37546190
37590878
37632141
37638400
37681738
37788492
37817928
37825261
37836457
37912982
37928042
37951232
37962279
38001692
38065482
38095687
38153371
38215952
38218070
38254966
38273490
38276146
38420098
38474462
38502299
38504120
38535689
38538968
38541316
38594007
38774882
38785498
38898679
38910283
38910802
38923533
38957184
39007267
39071758
39140353
39243483
39362247
39410289
39415283
39658236
39672592
39933061
39969276
40032237
40043476
40101476
40144312
40168236
40202215
40239763
40328496
40344160
40376269
40388727
40436877
40479611
40574364
40674450
40735688
40755081
40787440
40818502
40841626
40877485
40902820
40903138
40906721
40940986
40968668
40991499
41027789
41151104
41283546
41359295
41591751
41629366
41689901
41743476
41818793
41853756
41856164
41871077
42027587
42046778
42162600
42213061
42361121
42468526
42581711
42584673
42586385
42698273
42734274
42847742
42936594
42993963
43021651
43078019
43184223
43383305
43413766
43556977
43686943
43701102
43712100
43734740
43740077
43847832
43885995
43887655
43936531
44033111
44165505
44270317
44270415
44412070
44412078
44433601
44442114
44459233
44536810
44545745
44572569
44599867
44724275
44729966
44803077
44851715
44861775
44909512
45009708
45060685
45132026
45184352
45184976
45315654
45343032
45343619
45391268
45430445
45471359
45520084
45521473
45525248
45531017
45573792
45574745
45615187
45622192
45640154
45665650
45756987
45760437
45787273
45800673
45802257
45830718
45836501
45908079
45917637
45964355
45984961
46001613
46001729
46006290
46012061
46025386
46046013
46067854
46100681
46153013
46212896
46213120
46216789
46219823
46258807
46312370
46314871
46315435
46345088
46419877
46425104
46425603
46441307
46501547
46576248
46659603
46689782
46712237
46936911
46950649
46978566
46980181
47036737
47052924
47054439
47177102
47188647
47252450
47349661
47368273
47433838
47448912
47470333
47541037
47643432
47663974
47930026
47931056
47941580
47999744
48045081
