11798
18128
26105
36050
73744
119376
139713
143381
169492
181052
193832
228748
253770
311546
347700
354998
357237
416209
480783
514070
540439
559985
596167
600355
614442
776919
829690
833768
839618
842663
885936
886367
940263
948718
954639
987929
1054168
1088701
1136495
1179102
1200306
1335045
1349101
1397526
1406545
1459183
1476736
1564659
1589264
1601240
1623758
1634403
1635532
1648406
1688338
1714575
1728900
1737273
1741693
1762979
1788961
1810515
1845046
1877530
1895100
1917970
1934088
1938856
1997218
2050286
2158956
2189616
2227824
2234476
2301512
2406266
2450842
2586700
2649988
2672986
2698598
2766262
2811256
3070425
3109509
3136674
3144092
3155065
3193338
3210774
3536441
3573841
3657281
3812551
4031031
4286001
4599841
4993381
5119571
5511881
6638331
6796441
6808931
7304541
8196181
9062521
9924871
10537071
10873421
10989621
11229861
11780841
11920231
12206411
12450961
12764951
13797691
13840481
14039581
14264151
14331111
14715881
14788301
14962591
15229071
15549797
15551033
15559884
15578934
15587512
15596225
15597086
15695449
15762861
15791517
15835983
15842667
16003121
16050617
16056620
16059027
16060521
16063351
16072171
16127476
16128899
16138219
16154178
16156280
16159468
16169562
16182929
16186670
16198621
16301182
16547263
16553065
16592425
16624510
16636339
16695088
20172814
20175490
20264296
20314600
20342485
20390872
20506060
27046033
27084118
27480064
27508975
27524719
27732760
27757705
27814918
27871006
27897405
27962498
29014604
29027196
29049923
29052021
29066950
29085620
29099432
29116832
29141925
29173871
29173988
29283712
29317099
29319167
29330869
29512267
29522367
29561536
29572146
29610149
29616322
29638879
29663232
29777439
29777884
29787861
29809480
29811414
29831504
29919301
29931219
29956289
30036024
30200855
30261440
30404815
30407419
30468232
30498417
30502320
30586215
30630780
30633430
30724838
30745933
30765626
30867082
31009960
31070973
31089854
31110130
31128614
31131059
31135962
31140147
31142858
31209860
31222489
31232272
31245705
31253587
31257807
31259461
31266559
31285314
31313110
31313419
31365702
31378203
31431900
31435765
31440084
31448506
31460896
31473726
31546906
31548495
31562293
31565131
31603556
31609544
31610014
31610068
31654607
31664596
31690384
31697821
31732645
31746223
31766278
31775503
31778755
31783260
31840984
31849548
31930598
31966372
32004730
32011145
32176897
32217369
32297955
32306230
32353250
32355871
32390084
32430037
32441132
32444603
32512935
32522806
32791811
32797901
33004543
33012343
33015800
33028865
33046106
33052341
33108783
33147620
33152906
33187551
33194995
33222783
33232042
33421261
33446198
33455400
33461345
33467222
33471284
33565098
33596861
33596879
33618340
33687535
33811255
33848599
33877176
33919416
33940040
34021836
34085666
34085698
34085752
34176815
34191713
34202335
34243702
34254116
34257553
34257982
34271915
34306039
34313704
34343676
34384747
34385049
34442237
34460855
34508594
34664661
34711755
34715872
34725190
34726732
34738246
34822330
34829884
34844519
34859173
34910235
34934984
35008493
35019422
35204701
35322329
35347656
35356466
35390395
35497249
35586471
35643370
35710349
35787021
35791948
35867886
35886829
35956760
35971388
35997913
36080478
36092519
36132341
36159055
36161663
36228861
36244142
36292045
36299528
36313076
36362831
36496295
36510893
36517895
36538189
36556814
36583105
36614161
36696017
36726098
36762829
36834514
36865090
36887514
36901530
36991232
37043833
37048405
37054012
37061663
37076955
37096030
37114522
37123750
37140982
37177606
37183393
37198383
37217701
37230188
37254757
37313925
37350815
37545051
37573495
37580198
37609810
37624508
37684601
37722812
37725674
37765017
37783796
37794049
37855813
37871976
37873266
37951232
37979149
38012361
38017722
38018690
38034973
38053993
38067335
38095687
38099266
38104917
38285285
38315537
38353535
38468690
38502299
38504120
38531018
38538968
38594102
38631141
38800942
38809983
38870132
38957184
39005347
39007267
39082023
39206715
39480855
39498303
39604976
39610274
39623249
39666126
39807286
39894049
39956902
40005999
40101476
40107639
40144312
40232026
40328496
40344160
40525796
40714247
40755081
40903138
41170699
41207821
41303431
41360562
41591751
41613889
41730539
41850586
41856164
42056861
42297858
42537305
42592435
42815400
42993963
43016837
43124964
43184223
43519671
43565942
43612058
43686943
43740077
43956145
44007420
44085570
44114714
44129259
44412070
44433601
44442114
45025557
45132026
45184976
45227760
45303065
45450183
45725949
45830718
46001613
46006290
46219823
46226352
46258121
46315435
46424470
46487027
47188647
