885936
30136276
44220684
34664661
16692985
39688519
44412070
588088
46292494
20390872
29638879
954639
13797691
11967091
44680851
41300795
36149962
32444603
37609810
44030921
5815311
42993963
38531018
36722553
41992488
41992318
41587978
4255031
34202335
42723054
34261097
37855813
42592435
37871689
34021836
41645642
37850681
36879805
37061663
2630504
41831471
32376022
35497249
37721141
28137
1169333
20314600
33481426
40328496
34268940
191777
37296920
40466259
2050286
3168506
15596225
40038622
37234673
33471284
37076955
39692938
1324906
36479606
37970376
2698598
32598212
34099270
33187551
37836622
36865090
38962779
36838004
39214997
39137729
37196562
37580198
6490561
32377196
549368
37282818
20172814
37873266
253305
1634403
540439
38566645
36991232
38669006
35997913
38659844
38594102
31120081
38594007
30444363
38421243
36148068
38529187
37888756
38528864
38527813
35580368
30101195
522830
37054012
35376078
3198091
30679721
32522806
1494985
37885598
36299528
6299361
1191316
37488592
34936371
32751758
36583105
2850222
32130725
347700
5331841
2947282
27889049
38141504
1993354
33877176
38171346
33585680
38165214
31313419
38121509
1314686
672965
36625764
35978977
38082230
34854916
32043628
36742325
36719575
33152906
38061995
35313339
15797480
33811255
35388257
35356466
2811256
119376
38017095
31209204
36696017
37150861
1322549
38007096
38006821
167705
35310219
37779628
31448506
37722812
11798
1877530
34218848
27649906
1688338
596167
37890528
31972541
559985
37211991
36347721
37616329
37581774
37518565
37346379
3115380
35686663
35582743
35289397
1397526
32654523
11229861
32495895
29790706
1633815
36050
31341236
33948735
29610149
191158
74955
27103804
27246961
3430241
3196252
29816700
33419528
29939844
32463976
31734510
