569
5054
8438
9134
11798
17962
19456
20662
23455
26105
26361
26625
28137
30857
36050
37102
39663
45521
49695
50974
53111
62697
73306
76773
76934
78139
79212
81747
84822
93640
95476
96012
102354
109672
112629
117520
118123
119376
127610
131074
132137
137883
142996
144453
145769
149807
150185
150507
150943
155881
156376
157020
158963
162675
178291
179019
180294
185778
192513
193832
200647
206534
214999
215113
216696
219504
221960
226846
233301
237161
239920
240917
249789
250509
250761
251442
253770
258630
262103
262763
267648
283487
286780
289548
296092
299455
302410
306262
306743
309398
310165
310368
311770
315870
316016
316929
318023
318325
319171
320929
326672
336159
337776
338301
343251
343310
347700
350737
353044
353634
353717
357778
361367
364065
366772
370225
370456
371501
372916
373920
383453
384629
385476
389059
393592
399222
406610
407058
408654
408993
409155
416974
422025
427870
433814
436667
436913
437867
440114
446242
454944
457250
457377
464935
465227
466500
480783
480955
483945
487215
490713
492257
497356
502093
503339
507929
514018
514070
514744
516434
521369
528570
553822
555836
555877
559179
559985
573227
579467
582526
585962
588088
589302
590561
590798
595215
596167
596250
597881
602538
611709
618270
625385
639822
645654
650034
651369
652340
663682
673376
675424
678278
686361
687615
690071
694041
710382
716764
718047
723052
740929
744855
749226
754161
757420
759171
762572
764211
771064
781716
782609
787881
789336
804000
806003
810427
812739
813805
816270
819604
819872
831528
833575
833768
837162
842380
842663
843392
847595
847736
848844
849862
857179
858826
862079
866596
869561
873381
880499
884061
885936
889383
889807
894409
897464
902929
904061
905759
912871
914546
915548
922681
930146
930744
941656
946080
947815
950571
951988
952584
954437
954477
954506
954639
962530
970814
975165
977729
980410
989007
993088
994253
996744
998536
1000103
1000408
1006048
1007746
1008866
1016428
1017514
1018173
1022861
1023645
1029377
1031453
1033820
1040419
1047432
1054091
1056519
1058130
1059294
1059427
1061540
1065391
1071516
1072650
1085145
1091744
1096179
1108551
1110563
1113377
1123144
1135570
1136495
1149124
1151257
1165998
1169531
1172857
1173247
1179613
1180900
1183427
1183471
1183892
1194427
1200306
1208691
1225331
1242418
1243368
1245684
1247034
1254280
1276631
1281687
1284048
1294260
1298334
1298762
1300856
1314013
1322549
1333537
1335045
1339939
1341003
1343436
1344046
1352478
1354597
1361984
1366361
1368322
1368810
1369502
1380427
1382548
1390991
1397805
1398529
1401013
1406539
1406545
1410170
1413680
1427130
1430045
1431636
1445832
1446315
1447995
1454595
1456230
1458835
1458875
1459183
1460367
1470788
1473720
1474421
1475778
1477035
1480870
1481369
1484590
1494138
1499307
1502356
1502600
1509704
1510906
1511399
1518211
1534380
1537686
1550051
1551721
1553869
1554649
1563881
1564659
1571432
1577870
1578106
1579038
1582216
1596515
1599030
1607917
1615461
1623162
1623319
1634403
1638457
1642310
1651545
1651914
1655860
1661700
1672546
1673453
1673604
1683427
1686524
1687227
1688622
1694089
1699660
1703788
1705031
1716546
1719692
1720935
1730025
1733101
1734019
1734259
1738041
1741663
1741979
1755395
1796237
1805579
1809291
1812889
1819463
1824887
1840244
1842362
1844576
1846576
1849462
1850036
1853230
1857240
1873720
1874836
1877530
1891506
1892260
1898766
1899896
1910430
1923328
1924516
1930960
1931490
1948476
1959490
1959860
1960400
1961622
1966870
2001590
2022582
2041152
2041258
2043228
2044570
2048896
2050286
2080090
2084692
2088360
2118332
2137878
2141954
2145458
2171936
2175660
2182600
2186258
2204776
2219624
2226490
2245678
2262378
2267854
2269306
2269744
2291996
2293556
2349216
2361986
2364434
2365508
2368364
2384610
2389568
2394078
2394508
2443244
2457130
2457274
2459034
2481988
2501972
2505654
2523534
2538094
2550436
2563220
2574908
2581328
2591720
2604976
2609050
2631276
2631490
2636336
2639552
2648570
2651942
2661640
2665106
2666072
2705776
2707220
2707502
2710980
2714846
2715074
2717698
2721676
2722854
2728092
2756024
2777454
2777970
2783196
2787286
2798750
2831258
2834332
2836058
2836434
2851182
2853048
2864498
2899692
2908076
2924690
2929466
2930718
2940508
2942492
2945202
2951684
2955762
2962734
2967690
2992796
2995484
3014848
3017013
3021614
3021728
3030902
3032431
3039342
3043392
3049907
3050151
3056320
3061475
3061684
3065870
3069435
3077324
3088005
3093114
3095324
3114763
3115912
3116439
3119206
3120092
3124052
3139309
3140811
3148764
3157764
3160403
3168506
3190499
3218485
3220748
3222797
3235457
3239316
3239329
3239683
3373881
3389051
3397011
3432151
3806901
3814771
3845721
3931101
3991201
4045281
4098391
4132931
4206701
4215241
4255031
4268081
4348761
4459221
4479161
4487781
4531221
4548981
4603321
4617191
4720381
4730761
4808241
4839711
4873751
5129021
5137241
5145121
5146921
5216031
5257371
5321391
5375001
5416941
5742861
5796691
5805301
5815311
6017601
6065611
6234671
6299361
6314531
6343421
6569771
6603541
6654481
6692861
6693701
6728391
6737771
6801871
7011261
7086231
7158451
7263681
7385551
7406441
7519131
7540461
7595571
7602851
7627121
7659891
7734981
7768841
7778531
7783511
7784011
7840911
7853871
7958071
8018361
8188801
8314181
8329381
8390941
8402161
8507811
8577901
8604821
8697461
8741881
8804651
8853941
8892541
9006571
9035721
9110641
9117261
9158771
9172831
9213121
9343781
9347671
9404311
9415941
9897431
10021891
10154631
10232471
10308001
10400551
10418481
10493041
10519751
10533921
10550181
10559921
10671381
10888231
10941671
11096711
11221671
11304551
11306161
11367181
11604601
11743421
11753871
11881381
11950821
11967091
12038821
12128141
12348641
12386691
12423781
12433931
12441941
12471661
12546361
12633071
13741421
13792891
13797691
13825821
13912721
13961201
13999431
14028151
14030851
14046131
14099171
14158371
14162501
14220091
14268731
14317671
14449321
14496961
14505171
14522191
14596871
14634791
14651811
14658981
14769831
14859201
14950211
15102371
15135271
15137361
15231521
15328071
15349881
15386791
15420311
15536480
15563518
15574869
15578934
15579457
15583108
15587234
15602343
15610035
15640419
15664203
15671315
15680810
15687288
15720647
15722471
15724439
15729279
15729482
15735168
15735990
15752220
15761234
15783326
15785160
15787984
15789805
15794711
15797561
15799621
15806356
15815463
15829823
15837069
15837595
15843165
15862074
15938450
15965138
15972960
15985096
15985151
15997048
16028388
16030160
16037073
16039001
16039596
16050617
16054127
16057130
16058992
16060835
16060886
16069970
16070873
16072171
16084020
16099995
16123375
16124324
16131003
16132981
16137460
16142767
16158111
16158926
16196176
16217181
16234978
16257463
16266781
16273870
16281223
16283896
16308229
16312741
16330048
16360258
16365565
16394092
16406362
16457329
16468306
16478077
16488277
16499668
16509976
16540867
16545169
16553296
16562743
16575364
16576432
16588261
16590904
16652077
16678168
16692766
16692985
16764574
16792237
16803793
16980046
17422792
18785815
19157362
19759069
20114968
20172814
20201428
20227810
20272939
20305594
20328433
20329657
20374432
20390872
20411878
20434801
20436838
20478610
20485408
20505799
20508721
20533252
22242426
22659442
23179751
24022210
24059182
24202798
24328586
24655228
27089110
27119470
27128602
27138115
27183814
27202855
27216163
27244159
27246763
27338806
27351070
27364744
27377800
27379201
27448576
27453367
27476272
27527992
27547009
27581353
27633784
27669418
27682888
27707434
27734290
27753742
27764383
27818164
27823636
27832507
27861880
27876262
27881114
27904642
27913213
27928491
27937681
27962017
27963760
29004482
29006736
29015921
29057469
29065021
29072054
29076186
29082263
29089697
29094601
29099432
29101493
29112962
29127118
29137923
29143388
29145300
29146158
29153220
29159283
29170535
29182947
29191617
29206170
29223785
29250206
29252138
29257842
29259413
29280587
29290600
29291258
29303033
29303832
29304691
29317550
29324312
29327354
29329760
29501552
29503502
29513217
29541566
29548225
29550179
29561077
29561676
29564986
29572803
29576822
29577771
29583888
29584654
29627411
29637740
29638879
29653756
29659327
29755139
29777439
29778759
29784554
29786748
29810412
29824808
29887929
29894000
29902083
29902611
29931219
30008136
30010836
30059327
30102819
30118060
30123282
30136276
30137038
30149526
30151239
30161279
30167634
30206340
30229260
30242089
30245223
30245241
30251532
30266802
30283038
30330786
30336712
30392498
30418201
30430820
30484191
30491203
30495123
30506519
30514259
30529730
30547038
30549898
30565901
30567215
30574224
30605379
30619106
30633147
30642284
30650361
30651773
30656932
30664623
30679209
30693940
30696473
30710154
30712294
30736887
30739720
30790382
30815958
30828256
30829801
30832295
30832553
30850172
30854756
30941055
30948944
30949407
30959763
30984761
31001992
31010995
31021532
31029021
31041382
31049200
31065035
31070973
31076077
31082396
31083879
31090390
31128614
31130900
31140147
31170098
31170476
31172140
31172637
31173901
31177019
31205188
31208698
31265564
31313419
31330115
31338119
31338676
31363972
31387764
31394967
31397739
31398394
31408319
31409774
31432212
31432310
31448101
31461092
31466220
31468240
31471104
31474571
31475228
31484816
31499398
31512952
31513049
31513968
31517723
31525614
31529449
31546437
31547038
31555594
31558113
31560489
31560870
31561300
31562293
31594845
31615487
31631768
31641561
31642395
31644084
31645727
31654607
31660678
31668538
31670543
31699716
31699910
31716072
31729428
31753085
31759977
31766278
31773402
31784386
31797942
31811984
31821114
31847896
31853128
31859364
31860470
31861007
31863732
31869643
31887466
31887735
31898212
31909789
31913241
31923832
31925269
31930341
31946795
31954631
31955639
31966372
31975906
31976226
31979714
31980505
31988181
31995113
32001002
32015400
32031508
32044124
32046663
32053735
32067831
32083445
32093344
32097024
32102981
32133313
32140582
32155331
32166941
32173206
32178169
32181251
32207772
32238808
32249085
32272739
32288681
32290238
32302017
32322000
32327353
32333011
32347243
32354526
32357332
32361246
32373798
32389649
32390084
32390437
32409459
32419639
32433600
32434218
32437808
32441132
32444603
32448984
32450841
32460313
32471573
32483482
32493978
32512868
32522574
32527440
32529864
32554504
32560799
32561043
32580326
32582743
32586215
32603445
32613627
32614267
32620597
32636782
32638739
32673427
32703125
32717564
32725953
32747470
32761184
32761839
32775926
32779651
32787535
32814547
32820417
32821830
32840141
32844436
32873523
32879850
32883304
32886435
32889690
32898491
32911959
32914358
32924305
32951603
32953133
32960574
32968312
32988616
32997483
33008968
33015800
33028865
33028937
33032038
33052035
33052341
33061919
33076938
33106804
33117158
33132170
33150806
33152906
33162046
33194995
33198749
33211106
33212535
33220855
33250285
33251267
33258325
33258697
33273586
33276191
33279450
33283510
33298365
33306221
33321723
33329099
33332996
33359260
33363448
33364333
33372140
33373730
33430228
33433912
33438471
33438604
33442156
33455400
33461345
33472377
33490376
33495562
33500587
33523782
33528412
33541589
33548178
33564612
33565098
33580073
33591923
33597645
33599119
33604028
33606306
33614426
33620027
33628478
33650487
33654963
33667720
33670813
33706731
33713006
33719411
33721921
33722547
33726771
33731680
33738390
33740996
33741778
33748078
33769813
33777521
33783142
33800629
33816330
33829013
33860377
33860932
33863649
33864894
33868752
33888416
33899759
33900379
33909240
33938198
33957505
33963547
33965445
34039531
34039957
34059576
34062214
34068664
34093276
34094382
34094578
34111594
34149952
34158370
34160619
34161684
34174905
34175829
34176815
34191636
34196472
34202335
34227269
34232185
34240223
34243702
34245168
34251417
34256015
34257982
34266479
34268940
34271915
34281074
34282381
34285713
34287134
34297224
34306039
34313704
34315187
34321778
34344479
34371018
34385049
34387564
34395110
34402401
34457060
34466369
34487570
34491726
34516315
34535844
34548203
34548976
34571232
34604341
34620632
34623214
34635637
34638196
34651665
34654025
34656089
34664661
34668616
34690435
34700783
34710325
34714895
34723667
34724356
34741193
34767872
34768037
34775282
34780530
34796486
34815842
34820402
34822385
34822783
34829307
34829884
34833265
34844519
34853053
34856429
34863666
34867697
34870585
34873295
34884676
34884988
34903603
34921906
34933873
34935669
34951828
34960316
34963301
34976170
34981474
34996234
35008493
35021150
35024888
35036219
35041140
35042584
35079820
35082423
35085395
35087419
35092488
35096518
35106960
35114144
35124946
35128753
35131528
35141083
35146723
35166066
35180320
35182649
35183253
35186315
35192754
35199918
35206821
35223115
35241545
35243862
35268481
35276844
35281191
35285210
35290150
35292835
35293985
35298320
35300210
35301602
35309271
35315526
35317334
35322329
35329010
35331078
35351862
35355802
35366575
35392879
35417620
35422268
35425599
35450311
35474049
35489804
35491226
35495855
35499754
35541486
35541671
35551110
35551682
35561457
35567786
35577790
35580368
35585026
35586471
35599985
35613147
35621769
35623352
35634049
35645513
35648534
35650744
35652721
35654053
35664782
35670789
35675914
35698812
35703274
35703455
35704433
35710369
35735376
35755127
35758974
35785530
35787021
35797268
35811575
35817341
35822911
35826694
35848876
35857284
35858610
35867886
35874337
35875830
35879300
35889893
35893508
35932455
35935521
35937599
35941718
35943323
35944731
35949017
35950726
35959134
35960520
35976020
36022059
36039646
36042986
36055964
36058595
36075581
36076994
36078619
36080478
36088512
36091902
36092519
36094392
36110097
36117710
36124425
36125191
36132341
36145887
36149962
36161663
36165552
36166399
36167527
36168038
36170647
36177229
36196703
36200075
36203306
36214250
36233947
36234690
36249297
36253880
36255481
36261291
36266626
36267057
36289242
36292045
36295045
36295327
36296257
36304422
36313076
36317846
36322417
36322529
36350479
36353935
36359336
36359674
36370607
36383677
36386163
36391331
36392766
36398328
36405493
36410221
36410518
36413583
36442947
36451530
36458297
36466227
36471897
36478175
36481116
36481637
36485470
36492110
36495495
36496295
36503921
36515417
36520165
36521007
36523232
36523759
36524396
36538189
36562699
36566001
36566912
36575021
36578074
36582847
36582889
36584328
36613734
36614161
36614252
36614874
36639468
36645695
36657949
36658033
36660866
36663285
36668700
36677698
36682596
36685101
36687407
36691814
36695229
36701042
36709336
36722553
36725974
36726098
36728204
36730561
36733157
36735567
36746727
36748465
36749107
36757014
36762392
36770941
36775529
36783488
36783912
36785613
36794375
36804885
36808298
36825797
36851315
36862953
36863105
36882626
36884355
36887514
36925375
36934797
36939047
36958431
36964504
36974938
36987314
36995972
37012756
37016653
37020281
37025807
37041659
37043833
37048405
37054012
37054638
37058800
37061663
37069739
37075133
37076221
37078428
37085244
37094468
37096030
37102501
37105733
37114482
37114522
37118608
37118891
37121970
37133533
37138991
37141018
37151012
37174441
37177606
37183393
37191019
37191067
37194627
37197602
37201219
37218092
37220460
37222377
37228149
37228848
37239677
37242488
37251405
37256224
37274107
37290276
37296122
37313925
37314712
37316459
37321660
37332376
37340658
37350815
37355927
37399262
37406231
37413241
37416830
37423519
37423790
37424907
37425820
37433025
37442667
37448582
37451636
37459452
37460059
37460392
37471282
37487798
37491819
37493677
37522074
37530464
37545704
37546005
37546190
37562173
37564136
37567334
37576455
37583643
37585736
37590878
37592484
37598502
37603651
37609810
37613983
37620755
37623035
37623667
37638400
37639320
37640451
37656045
37665623
37667091
37675564
37683789
37689718
37693563
37723536
37727268
37727399
37727633
37737929
37754298
37758960
37775362
37775536
37777524
37787672
37788492
37788497
37805705
37808009
37835801
37839092
37840647
37841437
37844394
37852962
37853585
37857918
37871563
37873266
37885530
37899263
37927004
37928042
37937240
37937293
37940237
37950532
37951232
37953907
37956444
37978482
37987137
37991224
38001692
38007616
38012361
38012845
38019765
38024362
38024575
38032583
38034973
38065482
38067335
38082292
38087037
38095687
38098591
38098596
38099266
38104917
38127417
38127727
38133099
38136270
38139462
38151208
38158495
38170666
38177732
38180721
38181860
38183281
38188989
38197268
38215952
38218070
38226981
38229699
38236337
38239400
38252875
38254966
38258171
38273490
38275503
38275809
38287187
38290401
38299917
38300929
38312314
38315848
38321293
38337435
38352625
38358689
38384906
38388818
38390047
38391762
38410704
38420098
38441833
38444640
38459912
38474152
38491811
38495580
38502299
38504120
38508273
38509368
38535678
38535689
38538968
38541316
38545678
38547419
38553190
38564339
38564916
38566610
38566979
38572780
38579094
38579246
38594007
38611319
38618118
38630457
38633776
38637515
38644621
38662155
38664105
38677419
38678207
38691360
38697157
38698210
38708605
38721257
38730570
38745652
38751106
38761759
38765093
38768672
38788190
38832414
38836103
38843411
38845853
38859302
38860322
38877455
38888877
38894847
38898679
38903722
38922360
38946650
38957184
38961960
38967238
38971685
38976885
38997624
39007267
39011023
39022392
39033410
39039893
39063633
39072259
39110483
39117598
39118454
39125648
39136010
39139537
39140353
39147621
39149585
39155143
39185541
39198616
39200129
39226111
39242507
39243483
39248545
39304566
39310677
39362247
39363446
39369587
39373893
39374179
39380507
39391346
39445197
39452402
39466264
39479048
39480855
39498303
39514589
39517521
39518076
39545507
39545839
39557254
39577502
39594122
39605929
39608793
39621372
39623249
39634426
39650354
39655565
39666126
39670270
39672592
39685847
39688519
39702688
39709609
39720820
39726936
39747150
39767475
39808500
39817013
39818466
39826543
39830960
39853044
39855206
39876830
39880797
39895988
39908880
39914632
39932515
39936138
39938708
39946181
40024934
40041746
40052369
40097591
40101183
40101476
40105455
40111796
40118531
40125266
40131983
40144312
40149813
40158083
40161859
40167219
40168236
40183722
40187713
40202375
40205665
40212040
40218556
40225654
40227824
40246466
40250636
40262073
40265019
40269349
40270522
40278458
40284234
40304814
40304817
40314144
40318244
40327133
40328496
40344160
40363561
40376269
40385947
40388727
40390485
40410304
40421756
40436877
40453033
40457835
40478260
40479611
40498342
40509681
40517135
40538385
40548715
40559718
40595838
40600747
40607193
40636150
40640270
40643095
40648256
40648907
40659011
40680757
40682417
40700471
40703703
40704817
40708147
40721308
40731474
40735688
40746021
40751330
40755081
40758638
40759007
40786301
40794596
40818502
40829172
40831737
40841626
40843260
40877485
40894369
40901447
40903138
40921471
40935949
40940986
40967009
40976478
40982320
40986424
41003588
41011363
41011906
41014521
41018492
41022086
41023720
41032823
41046728
41072746
41099736
41104671
41128286
41141990
41170699
41172101
41193047
41213561
41225405
41234612
41255322
41283546
41284605
41285607
41286185
41288360
41300795
41303431
41312418
41338107
41355033
41366804
41373622
41375098
41398277
41416708
41426139
41429684
41436636
41441868
41459364
41464994
41507229
41512928
41514691
41522467
41527614
41547170
41547182
41548895
41569682
41578923
41583566
41591751
41592130
41593843
41598348
41600761
41611890
41618615
41622579
41645642
41661858
41663913
41669770
41686889
41689901
41723789
41752041
41777543
41791604
41791843
41819191
41832468
41834161
41836843
41837630
41852820
41856164
41864342
41871077
41877913
41894592
41915737
41928997
41946144
41961537
41966726
41998402
42003157
42030580
42046778
42056861
42084939
42089141
42116343
42127374
42128285
42144115
42157258
42162557
42162600
42165840
42177082
42181911
42184517
42200942
42212886
42213061
42223633
42235008
42256677
42278393
42279793
42295783
42297858
42302979
42314463
42321288
42341279
42361736
42361826
42393371
42430884
42440304
42451931
42459818
42463879
42468526
42469581
42493097
42493854
42494588
42494820
42502130
42502669
42517159
42527675
42531162
42537305
42538580
42569671
42581711
42582992
42584673
42586385
42591118
42600013
42615572
42617457
42688579
42692933
42696290
42696660
42698273
42699517
42712747
42719252
42734274
42737681
42742458
42747059
42748965
42777602
42785480
42805884
42806743
42811248
42834437
42847742
42857333
42859337
42860779
42873696
42880064
42884138
42884652
42913775
42936594
42938445
42967213
42970899
42986642
42993963
43004992
43009811
43016837
43017526
43021651
43022244
43026219
43038019
43057309
43065978
43076820
43077186
43078019
43098726
43104337
43105169
43119832
43137707
43139508
43140368
43147314
43158835
43168115
43184223
43185113
43187009
43231597
43232487
43246279
43285161
43289986
43290981
43293093
43315201
43319601
43327386
43332102
43334118
43335863
43343138
43343712
43343945
43344060
43344139
43344199
43344706
43344797
43344965
43345143
43346119
43347208
43359202
43364884
43371256
43371440
43373445
43376737
43383305
43386488
43386562
43386800
43387109
43388245
43388877
43389024
43389109
43389272
43389560
43389764
43389943
43390038
43390612
43395958
43407845
43408502
43413766
43431596
43431717
43432200
43432295
43432659
43432769
43432917
43433637
43433822
43434146
43434518
43435058
43435557
43435849
43436443
43436633
43440236
43453841
43458771
43460079
43480018
43493677
43494132
43494458
43515466
43517899
43519283
43519671
43535873
43538658
43558125
43566415
43567184
43582570
43583238
43583469
43586399
43601422
43601805
43605043
43609022
43609102
43612058
43624441
43635553
43638834
43642690
43680919
43683802
43684555
43684853
43686943
43690698
43701102
43709351
43712100
43724144
43727521
43734740
43740077
43751603
43756177
43762870
43787919
43790799
43791728
43792169
43796884
43797771
43822772
43825226
43837163
43855044
43869336
43878019
43880377
43882132
43885450
43885995
43887655
43890481
43891028
43903420
43915907
43917731
43923609
43924687
43933524
43936362
43947541
43956079
43956145
43959310
43959437
43962411
43967843
43973375
43974325
43976631
43982336
44002493
44007420
44011098
44011738
44011887
44019246
44020514
44022426
44024000
44027486
44029036
44030022
44050079
44059284
44071528
44077883
44083124
44097297
44114714
44117474
44120757
44125296
44129259
44140777
44142157
44157325
44159847
44160258
44161902
44165505
44167080
44169385
44171961
44180065
44182551
44183131
44183353
44185709
44186106
44186802
44203347
44214452
44215092
44215481
44218891
44220695
44223052
44224977
44225465
44225575
44229132
44231662
44232494
44233189
44235508
44238567
44239457
44244381
44246553
44248815
44248822
44255092
44265267
44270688
44279235
44279822
44279975
44283738
44288882
44298565
44299443
44327396
44331207
44331410
44332583
44332766
44341201
44343772
44354267
44355894
44356983
44382861
44384468
44388996
44399195
44399210
44404715
44404929
44412070
44412078
44413098
44415363
44420139
44423864
44430072
44430385
44431514
44432201
44433327
44433601
44434008
44434518
44436144
44440138
44441310
44442114
44443425
44443551
44447551
44450961
44451964
44455666
44459233
44460727
44461741
44463443
44465942
44484822
44490524
44492436
44500222
44502841
44511636
44512962
44513121
44531047
44537512
44556623
44571152
44572569
44574477
44585152
44588006
44591715
44599867
44605212
44610417
44640077
44643062
44648586
44648671
44650819
44662622
44677502
44680429
44686463
44691311
44694102
44695897
44699497
44699535
44707764
44708135
44724275
44726439
44726770
44729966
44736514
44747240
44748278
44754418
44754672
44758691
44760707
44769079
44770982
44771015
44775968
44780891
44782872
44785303
44789299
44794289
44795147
44798093
44798117
44807247
44814809
44837752
44838960
44839714
44840226
44842014
44851715
44856875
44857840
44864163
44866623
44874665
44877521
44880372
44883119
44901104
44902260
44909512
44909801
44912477
44913371
44920823
44925732
44932052
44935421
44948051
44953686
44957853
44965507
44967214
44977762
44978239
44987856
44992153
45004044
45006365
45007213
45008964
45009792
45025761
45027825
45035141
45039590
45041699
45043488
45051373
45059562
45059977
45066754
45068149
45071765
45072043
45072293
45072962
45073439
45074761
45082986
45084328
45084714
45090131
45092389
45094090
45095000
45107432
45107850
45109725
45109843
45110203
45113964
45127947
45132026
45137789
45140431
45158155
45173766
45184352
45184976
45192869
45195820
45202337
45210371
45214657
45214839
45219755
45225367
45227449
45227760
45233813
45235954
45242863
45246929
45253219
45254536
45259581
45266183
45271729
45275241
45288716
45290181
45303065
45305081
45305242
45313006
45313886
45315654
45316213
45318521
45324904
45342586
45343032
45345514
45347908
45362797
45365492
45365930
45367544
45373191
45381621
45384326
45391268
45400694
45407094
45407411
45417476
45420076
45422707
45424770
45426599
45430445
45435697
45437577
45445068
45447015
45449664
45450183
45458697
45471359
45471556
45472699
45472865
45479614
45479675
45481747
45482123
45490374
45496336
45513062
45516540
45521473
45525248
45531017
45535684
45537743
45539370
45552245
45555458
45556029
45556528
45561241
45573792
45576194
45587233
45593739
45606012
45607691
45612651
45622192
45623194
45627411
45640833
45663081
45665490
45671356
45683082
45688392
45692230
45692734
45693603
45709874
45714378
45715796
45715971
45719378
45720045
45721209
45724109
45725949
45731885
45738376
45739812
45756987
45759484
45760437
45760498
45762505
45763219
45770796
45770929
45780702
45785289
45787273
45789819
45790854
45791647
45794456
45796483
45800219
45800673
45802257
45810375
45814510
45816942
45817721
45817836
45818021
45818068
45820839
45830718
45832337
45833782
45834182
45842647
45847721
45849929
45851775
45856997
45865577
45876116
45890152
45896058
45900410
45908079
45912388
45916172
45917637
45921150
45934715
45939372
45941848
45961444
45972739
45980047
45984961
45986941
45990846
45996513
45997880
46001357
46001613
46002168
46006290
46012061
46012759
46023554
46025386
46027645
46034804
46035232
46036754
46045651
46045898
46046013
46060844
46067854
46072065
46072648
46073472
46080747
46089001
46091660
46093416
46099288
46099706
46119721
46120286
46121289
46122048
46132779
46133173
46133800
46134061
46136499
46137025
46137154
46139438
46140584
46149233
46152039
46153013
46166965
46167348
46173759
46174820
46178713
46194282
46196797
46200998
46202174
46207347
46209499
46212896
46213120
46216072
46216789
46219823
46221991
46223657
46238314
46247776
46250307
46258807
46266069
46266783
46266914
46277257
46279408
46287249
46307743
46313870
46314871
46315435
46323667
46337786
46354620
46364556
46383124
46388705
46405676
46406088
46409715
46424470
46425603
46429479
46429776
46437028
46437274
46437645
46448018
46448674
46460529
46462044
46463231
46465268
46487027
46498974
46498994
46499017
46499043
46499067
46499087
46499104
46499138
46499169
46499197
46499344
46499398
46499426
46499921
46499955
46499986
46500005
46500028
46500046
46500125
46500147
46500161
46500193
46500264
46500289
46500319
46500335
46504632
46517772
46519065
46528253
46528273
46528285
46528297
46528308
46528325
46528342
46528393
46528826
46528845
46529348
46529377
46529570
46529783
46533128
46537646
46539941
46546063
46549382
46576248
46627578
46647708
46689782
46731399
46734922
46742884
46775677
46795141
46844955
46885838
46926713
46989825
47054439
47101780
47139913
47159727
47177570
47179247
47183125
47185291
47188455
47188647
47223195
47253962
47295548
47318977
47327363
47335870
47349661
47388175
47392486
