47588057
47999744
37235120
40032237
37108833
47957547
47941790
47941580
47930026
40945157
33367843
30229260
47895983
47871442
46827180
29777439
29506873
31727017
47823900
1335910
47795955
37847929
47686888
47663542
47673982
47663974
47652679
47192335
47154270
27448792
47587708
47586679
34714895
3239316
37546190
47531637
47531417
47516881
37370982
46659603
30161279
14505171
47498496
47470333
41632851
36775060
33860932
40202215
14522191
47448131
32676884
44909512
1313728
47454089
40525343
47448912
31781162
47433838
46272525
44270317
47402558
32856134
30430820
35956664
33012343
47426681
47425921
45002913
39558702
47408424
30136276
38504120
44599867
885936
47405882
47401584
47366808
33153005
44747247
46908782
38215952
47351929
47188647
35734508
47280632
40818502
47161437
41110482
30610355
47225036
47153504
44403289
37808009
47161414
32814477
37903429
499787
45692230
33152865
46323667
35417834
47130750
36225038
46576248
44803077
29931219
47056102
44398812
47027454
37183393
41578923
40903138
47015874
596167
47004168
46999541
36473370
46312370
33298365
46970963
38535689
46964809
16692985
40304422
34935669
37350815
833768
31898212
36578450
46803804
40275782
46823148
46821815
46820970
38254966
46791841
46789401
46786377
46784461
45830718
34288861
46755081
35414813
34884676
37942090
44165505
42297858
46429254
40838192
46692857
46671544
31964758
46549382
46627340
46391960
46578342
32308936
31429594
46554541
38923533
36937667
33736552
36255647
38153176
20206645
46393156
514070
44412070
521813
38579246
35024888
37290276
46046013
41286185
37934324
46025386
46213120
36614252
42314463
45521473
20390872
597881
45531017
42581711
35182649
40479611
33741778
15729279
43762870
16030160
34595388
44724275
43734740
39243483
34176815
42586385
33738390
43885995
31797942
30007773
36887514
41856164
29144151
38845853
32638739
44007420
32747296
29638879
1470788
42584673
36058595
35586471
44967214
30008136
44214452
24655228
45266183
31287507
15231521
45246820
30549617
42213061
31766278
34844519
34313704
45185374
1873720
35277072
36410518
43145135
45075417
45068149
38099266
29004482
45041699
20505799
44225465
44991240
44990668
32133313
43021651
408993
1171095
40850086
37292467
44840226
37937293
33359260
34271915
29099846
13999431
41591751
43686943
35008493
35787021
37054012
29535759
32288681
37928042
37061663
44748278
44736514
38630457
29061690
30342989
44640077
42056861
40735799
32390084
44519246
44512962
33565098
44503128
44487748
38095687
33052341
32444603
38927846
44382330
38594007
480783
41514691
40794216
44241334
33455400
36863105
44160258
29291258
43535978
39480855
31965772
43968096
42177082
5815311
43775670
42508219
43681234
43644657
41128286
40704419
38986422
42900919
32182070
32018777
3055894
42592435
37855813
32578912
38803386
42344284
997522
34804432
37871689
37096030
505735
28137
2630504
41062588
34466402
36400299
6906571
41763343
41689901
41618405
29602231
34021808
41645642
27453715
31673853
34470821
37545051
41329665
41399161
649469
31916219
35640554
40851457
38606502
39683755
35497249
35322329
34268940
31030722
1619907
20314600
31367431
40328496
40398397
29330354
30369218
40005999
40183955
40714247
38750106
36158078
35793405
38872920
11383191
15671315
36298228
40611069
37295966
39119096
40437157
40157713
40427020
33991561
40347005
40398270
1055997
35652721
32713577
37610865
36753093
36331681
2050286
40251458
33811255
38858875
1242418
30514259
3063314
33432979
33235967
33232042
37234673
39909303
32296114
39835662
2616396
37094468
33471284
39692938
1895100
39610258
36295327
37154466
37076955
39812590
27966128
11229861
37756277
31618315
32325098
38141202
38141279
37850681
35490102
37049902
36538189
34726732
36479606
31172140
34099270
20347216
2815434
31209204
39547176
11839921
38823095
38304696
27932982
39495070
39442196
36583105
1877530
15596225
37781885
37047665
35561457
35580368
34261097
11798
39310677
559985
36050
1648406
34135252
20172814
31234639
1634403
31208597
16211694
35262809
39351882
27617164
33292729
36853590
31063177
36838004
32430037
30308657
37487245
31662621
36991232
38785498
38082098
35542573
15168431
32512935
32043628
36342850
34770777
35634049
31799512
34029339
32274112
35727758
16083992
30167634
13797691
36814972
36814615
31810771
29092461
30230122
31655420
