27896356
41629366
40574364
9495131
47995370
47892769
29946436
37124606
47368273
16652077
10887981
35951610
3119605
27379696
47052924
45521473
41663318
34859262
1674665
30229260
31649667
833768
41731753
869561
27765025
44070277
41576793
14505171
47448912
30657041
1553550
32779743
44723029
33667720
8859801
29931219
30283038
47101780
46025386
1842362
2864498
885936
3043392
35959134
34664661
46487027
33012343
40903138
32676884
33106804
39283018
46564196
3088005
46752163
46726695
40144312
38538968
35867886
954639
253770
46671544
37546190
30430820
16050617
38504120
514070
46533128
44412070
46504632
37951232
549311
46219823
35309271
43376737
41018492
16096191
42046778
38300443
38579246
947815
42297858
45830718
716805
46006290
37290276
45424770
37321660
38565443
45450183
34039531
37177606
45184976
987929
35654053
45525753
35874337
46012061
46209499
44459233
45303557
45524877
34714895
16060886
45586785
45132026
40940986
36614252
2707220
45760437
45523925
45587754
45589383
42581711
43104337
44953686
16575364
43762870
1029377
36614161
40818502
15231521
8507811
32652238
24655228
1582216
37425820
45917637
33750127
1228236
33132170
502799
42468526
1766401
1564659
45787273
34032473
33292729
41856164
30567215
1820663
33178978
1470788
37787672
45471556
2162396
44007420
42584673
29638879
29778759
31880815
43016837
45210371
40765587
34059576
34176815
45242473
41834161
31432310
45109725
45208340
31562293
45184352
45179345
44114714
44182551
45107850
20505799
43253587
789336
16028388
34595388
30549617
15640419
34844519
1873720
36058595
43021651
45097785
6234671
33015800
8132561
37593386
31988181
35425599
45084328
40421756
289548
45055193
44549923
43686943
44798093
35192754
33495562
39498303
590561
14658981
16281223
36496295
331233
35567786
42279793
43601805
36161663
1892260
39480855
2573946
36660866
34297224
42463353
41170699
37220460
34083253
36538189
44442114
42157258
32390084
44513121
36808298
34243702
42056861
41386918
38067335
190795
29145300
38181860
42177082
31654607
16099995
35869871
35797218
38095687
33565098
32444603
2785044
33052341
37296202
39517521
2728334
20390872
36132341
37609810
31353623
41514691
13825821
43538236
33455400
41011363
36863105
43974325
44047210
38860322
43998069
43956145
1910430
38034973
36313076
32352848
757801
33564612
5815311
36737005
37754298
38531018
41963216
43698619
39969276
36145887
596167
2831258
42993963
8530541
42353942
31089854
6796441
39604976
39432003
35495855
16174613
43097358
40374533
10171741
2514068
1508454
40140241
42235052
39956902
33467222
36957144
43200487
37642160
41505538
38182077
881352
34202335
42592435
37978482
36722553
1171095
41441868
4255031
34453723
32182070
35356466
37253745
6692861
34313704
42822494
41324465
37871976
31962476
125409
37672932
34804432
37877331
41670506
37474465
40287750
37855813
2811256
41884150
39007267
38803386
1200306
997522
27453715
1975098
35640554
36468700
15706969
31070973
35008493
33165822
35586471
42181381
35322329
37871689
37045120
37096030
42104489
29534878
34281340
40199202
37061663
37619643
34021836
40273095
3153572
41763343
6906571
37436558
35497249
41645642
41399161
649469
38553073
31916219
2050286
41250206
40274359
37584972
39702345
40328496
7708711
33239512
555877
36824816
40005999
38866331
40183955
40921365
36696017
35658308
38872920
2630504
40724820
34268940
15596225
40347005
40398270
40611069
32713577
39224496
30242089
36776160
37295966
33481426
30369218
35885962
29656319
32387580
37794049
3168506
29171308
36479606
33232042
39219898
33235967
37234673
33432979
39907602
27966128
35244434
34934984
39848909
32325098
2394078
34726732
37850681
39692938
39597363
1324906
33881532
1503461
35580368
36409309
39109611
39245024
37864378
33187551
37076955
6490561
39469853
38141683
34261097
34099270
39403015
39402384
37836622
35520100
1634403
38630457
36865090
37282818
39044749
33194995
38677674
38677381
38662339
37873266
39140353
36228861
39009764
36613108
36838004
31663851
33471284
36991232
35039943
38669006
20172814
35919415
30161279
38246013
38147377
32224897
38147121
36737272
37054012
2836370
35652721
38146950
30138982
35468845
3226353
347700
720995
1688338
37094468
35810800
9497261
32043628
1893828
37516314
37049881
36625764
539692
36124522
32853698
719993
4100541
1492302
35310219
35727758
35469105
36556814
31548792
228748
34770777
28094275
36342850
34524868
130444
32775926
37382557
13797691
37198383
37123750
36036876
36090835
63378
37142230
36583105
33596861
31670149
34064706
37043833
36292045
32522806
16633996
36793148
36654419
33307638
36593969
1692227
36368416
6537111
1895100
16682296
36297461
36142896
467699
35390395
14788301
34384747
35240225
29777884
35976180
35948177
30226784
34240403
20174884
34508594
27757705
27698626
32721803
35472970
35467713
35522488
34403917
7882391
35347240
35346444
35347401
35347897
35362460
35345942
35345474
35364869
35344673
30411022
35120195
35119681
385838
35003565
34385049
31773346
35040168
31282049
33811255
5488181
9961841
35014455
32654523
32200260
34061238
559985
33849889
16653979
34818170
30868801
32444074
497208
34779107
1728501
33510685
33959027
11177381
31328625
378152
1085669
16223642
34607000
32496777
33778662
1397526
34607178
34607069
34606941
32662280
34622597
33450215
108671
34450507
34450461
34450419
34450382
34450281
34449618
34449574
34449534
34449458
34449415
34449342
34004421
30100405
34343676
194365
32919319
34595258
34089291
446295
34352304
29790706
8697461
33849032
33848963
33848888
33848508
11229861
33848398
33847770
1053903
34403257
34122722
34122636
34122543
34122493
34122442
34121970
34121929
34121799
34121774
34121719
34121680
34477234
2531326
29634471
34393332
627356
1381533
4787421
30307841
31365609
33990343
34029757
31999191
1612850
507308
34244887
34198658
33687535
254965
34194247
29085620
1110624
34190725
34094217
32351072
33158741
33842081
33841987
33841903
33841816
30527052
32764561
36050
3091490
34115885
31341236
1054168
2987484
31448506
32355871
34037728
7075451
2446434
29663232
9875
427958
33722523
15801627
32092150
32585562
32068511
32469717
33438780
31285314
8897091
29119740
29516175
32469495
33548487
2514434
32469392
848326
2688970
600355
32045153
33452362
3309341
992829
29627710
32300613
32307946
32469967
16029199
32327291
33129379
33209714
31732081
32972730
619151
15577069
33228741
119376
32318473
32318421
1465282
3705401
32544216
32007010
857637
33128804
15828710
30704756
3536441
428754
33089915
15811258
1336423
421901
764211
31785201
1148949
1443249
33025836
29931014
32308153
32961177
32923155
32935830
32935138
32929820
32892341
1806057
29194068
32300584
31957499
32794952
335556
31431900
4297011
1041538
2625410
761552
31655420
16758676
32176897
431858
29099868
30904838
872936
32041944
32585097
32065512
32065265
32065012
32555971
12056021
538043
14111
1198813
15610501
382119
32244273
32198187
2475598
30599988
32496446
29229321
32244229
32295746
32244035
32244016
32243948
32310481
32310431
32310387
32310354
27946325
848363
1809667
20492716
32405224
32405171
32404909
32386752
32361406
4295891
32405528
32405307
32404749
32404648
29124792
30407419
32410896
30560398
31849548
32363707
31208086
32309583
31142858
31715801
360832
31654284
32310249
32310145
32310079
32309604
32309546
32309497
32309373
32362140
29831504
32351827
1266819
30519413
37712
32176749
29233113
1842916
32309349
32297955
2620560
615562
29976445
32268260
29160937
32300282
1680956
31469754
32217369
27620752
31891560
16078686
734912
32262728
15800915
3196122
3460861
20450062
31776631
31776936
31776962
31777061
32188486
16136185
20418649
27564667
32226118
45521
16096845
27298831
20166496
32197691
32209800
16142813
30667027
20400568
5562951
2465008
16054169
32165204
32172363
14228451
11798
47498
6505471
32166212
1695917
32163244
1829690
31972218
29811414
31972896
20387101
30806310
166653
588950
7459551
16114164
4649721
29623014
27933141
1142239
1056585
32114287
16128899
29173597
32069918
16194940
3263
16139201
30224434
521987
32100589
487840
139713
16205649
2606240
27695374
31964523
31112271
389231
29266950
1712001
6965581
27334921
27594022
525548
15964818
1499307
27456658
16014864
2747986
334939
15821626
20500606
20184529
32041223
139494
642091
1080527
16575943
30886177
219610
1121369
29391374
3597141
29191312
628258
32023701
32022121
3102137
1100217
1174892
909382
42819
31828159
16376452
342128
6327351
29676584
711181
31249664
30770705
417143
31818624
1459987
19021
12189891
1268431
29188147
917532
1810559
31802103
31811855
8626
1349101
31422604
30794035
31930598
2347908
2338438
4983091
2088022
8745501
633946
29199100
1511624
8660211
549859
30548156
1362766
11272311
15690917
490152
2160914
1648406
2830612
31096960
1781105
10520
948416
95485
1089329
30222412
6028201
15449131
341587
31443615
1179102
31460780
130195
572099
333869
790656
31940116
2382836
22410569
1361544
31812635
29104865
660465
10012181
1167248
662715
30253633
7038021
1497635
7296861
31573251
1200449
31854349
31854234
2174664
31755431
31141209
31006690
14094211
12627461
3528631
31845460
31207301
31668659
31668576
2400158
13803811
4994981
29099432
31347566
16118206
4543431
76934
330962
31255373
27552559
8123161
3107560
2508474
31853910
16040963
349648
64016
319009
298617
2298368
30765179
16773343
1046711
1100421
2378670
15684306
8472781
16241365
231450
987519
614442
4355571
31815745
29754764
27919520
12748261
16379422
1398925
31562610
3146202
1001535
31567162
31485022
30382692
31453127
320158
2079808
2174488
16026873
108478
30122240
27207484
16725814
31778148
335428
4615471
301491
1815139
475864
1382142
29992435
30551638
524480
16658581
954628
260491
12256581
2296952
31744
6141341
31548495
1870924
16671295
10370
30876796
31851101
29096182
16709002
371080
31791061
2082488
23870604
958125
27536221
441450
3643111
977729
3076070
1112602
3145502
1951618
1335122
472852
996224
1088081
1593617
3035053
15734754
31879543
1639228
380600
10585491
1557713
29915142
1516280
31853697
31806423
14513001
31440084
30106707
5983521
31574554
31020348
779208
29275819
31783620
323531
30730199
328399
30730182
31411036
31802008
31845371
29753835
2618508
1263923
10728201
31612251
31778840
31506610
212199
7225951
30708170
10991251
31854397
30816968
31774392
2545320
2009368
27371317
188532
53111
239375
31460896
15623990
31858645
3557591
4968831
2665530
31810997
15992904
10668511
3060831
2104286
29173988
31829510
7225591
5367861
1088701
887471
455608
31845336
31844211
31128614
128693
10529761
31784443
776919
1204656
3136674
655533
181052
590289
16695088
1877530
