9134
10520
11798
16610
28137
30857
36050
37102
39663
40302
49695
62697
79724
86715
102354
109672
119376
128693
129096
132137
137883
144453
145935
151069
151922
155066
156376
167455
175457
175863
180604
188058
190795
193832
194365
214999
215587
221477
237206
237544
253770
260065
268431
285103
292310
296816
303032
310859
313488
321102
325649
327798
333869
338803
347839
350737
358146
368046
383453
396927
398915
406610
408993
436913
440114
452406
454944
471863
482892
507749
553112
555518
559985
569094
585547
585962
588088
590634
596167
597881
602538
627356
650034
663774
697526
723052
735157
757420
757801
771064
779455
789336
790656
813805
816270
819604
821428
830065
848897
849785
858025
862599
885936
886367
894969
934054
939851
946978
953277
1022861
1059294
1077000
1170875
1171095
1183471
1200306
1231476
1259842
1280590
1306115
1334955
1341003
1366361
1373118
1397526
1397545
1443088
1460367
1464344
1472628
1477420
1480870
1508454
1526181
1553550
1593617
1612046
1648406
1656182
1683427
1684998
1695917
1723326
1776353
1877530
1891352
1893312
2036154
2050286
2094064
2162468
2215016
2218848
2227096
2238228
2296916
2388974
2394078
2397964
2607962
2618508
2715234
2729330
2807672
2882012
2890610
2997422
3022921
3028530
3031767
3039342
3065870
3079426
3118740
3121264
3134148
3190499
3201521
3228990
3589451
3905901
4298571
4668771
4776021
4872061
5377501
5377741
5416941
5804381
6909911
7158451
7275631
7406441
8431361
8604821
8960031
9965971
10186131
11229861
11287741
11367181
12204791
12545151
12733501
14459641
14522191
14629661
14658981
14788301
15102371
15420311
15610035
15647635
15652765
15712950
15797561
15826900
16050617
16117522
16127809
16170727
16172587
16196176
16277929
16281223
16319284
16370005
16434997
16568680
17211631
20172814
20449939
20470729
21900021
21910489
23179751
27138115
27158923
27757705
27861880
27894707
27898797
27933505
29058274
29082914
29131524
29143388
29576934
29616322
29787255
29810412
29831504
29931219
29974671
29978074
29995987
30148143
30151239
30407419
30586215
30671791
30694965
30746536
31172140
31172637
31234166
31409774
31448506
31649667
31660678
31674502
31732972
31854895
31887466
31898212
31916219
31961196
32053110
32173206
32217369
32222388
32268420
32302431
32355871
32389649
32409459
32429023
32436565
32490771
32560419
32585948
32603445
32630578
32638739
32703125
32980810
33032038
33052341
33158741
33178978
33198042
33211844
33298365
33333932
33376100
33597645
33672786
33672937
33687535
33719411
33726771
33740996
33811255
34068634
34093276
34158370
34212482
34288861
34352304
34385049
34387564
34449966
34466402
34487881
34623214
34714895
34741193
34834788
34840508
34853053
34911673
34997129
35127044
35282162
35299676
35310144
35343687
35345360
35360135
35425599
35486156
35514213
35520100
35757014
35793405
35800421
35874337
35948177
35976180
36009209
36167527
36177229
36214597
36253880
36266626
36295327
36342408
36471897
36473802
36495179
36559269
36583105
36804885
36826146
36863105
36934797
36991232
37027429
37049902
37094468
37096030
37183393
37361325
37619643
37663535
37834942
37873266
37921378
37929828
37937293
37941413
37978482
37987387
38012361
38037233
38067335
38099266
38181860
38209265
38218223
38239400
38421243
38535689
38538968
38580835
38594007
38708605
38783981
38860591
38907515
38910283
38927846
39535400
39583157
39645605
39670270
39672592
39803383
39886727
39895988
40246466
40259456
40287750
40308083
40328496
40436877
40517135
40776327
40786301
40877485
41015918
41023720
41286185
41306593
41359295
41591751
41593843
41611890
41836843
41905998
41928997
42127022
42144115
42405041
42508219
42527675
42584673
42592435
42742458
42789606
42811248
42925195
43033878
43044654
43060808
43094990
43113031
43236174
43246279
43348474
43373445
43376737
43378723
43460079
43736659
43760470
43936362
43953304
43974325
44022837
44120757
44144004
44169385
44182551
44212515
44225465
44244381
44293052
44335156
44358748
44404715
44417642
44454025
44454713
44540287
44754418
44775968
44782872
44955861
45023377
45205418
45227760
45235954
45274605
45305266
45391268
45407411
45479448
45479675
45627411
45709874
45751041
45787273
45800673
45934715
45954188
46001613
46133173
46186765
46209499
46210041
46219823
46279408
46303522
46424470
46479731
46481292
46500147
46500161
46500180
46500193
46500222
46500264
46500289
46500319
46500335
46500374
46528253
46528285
46528297
46528308
46528325
46528342
46528363
46528371
46528393
46528415
46528826
46528845
46528860
46529348
46529364
46529377
46529386
46529404
46529418
46529463
46529570
46529602
46529681
46529709
46529734
46529757
46529783
46530204
46531026
46531118
46531170
46531466
46532128
46532233
46532273
46537646
46546063
46628839
46646543
46689782
46719510
46742884
46750391
46751093
46753716
46770543
46773243
46817356
46889236
46937961
46956493
46962220
46972263
