11798
12148
13524
18635
24989
26105
26625
28137
29844
36050
36983
43263
43344
86715
90208
113863
119376
126784
132137
135454
139713
139978
147035
150792
153792
155066
161498
166602
166856
167455
167587
168038
169492
179349
180604
181052
183767
186718
193832
206534
212297
225498
243014
243854
254692
256652
257990
260869
268274
268813
273223
289548
292310
296816
300247
302466
310165
311546
313382
325058
326862
327798
336159
341071
341734
344983
347700
350046
350737
351192
367593
369017
373149
379196
389983
397814
398915
400340
407725
408993
410189
412971
414585
427870
440114
446295
452406
454752
457578
464404
473313
477575
480783
487840
489283
514070
518646
545853
553822
555877
558942
559985
567018
569993
585547
586257
589698
595215
596167
604329
606151
614316
615948
640522
656158
659560
660093
661509
662517
673134
675424
681319
690071
699146
700780
701647
708453
711271
711668
718097
740752
751858
754642
765940
768942
771064
771246
780171
787465
787957
788101
789336
810427
815215
825267
831269
833768
835603
838910
842663
843392
848897
852997
865392
869561
885936
886088
886367
921048
921471
934054
934718
936536
950837
952584
953277
953910
954506
954639
975165
976952
978849
979013
986733
986947
990785
993088
997522
1005914
1007550
1008866
1019396
1029377
1033820
1034763
1038790
1055997
1059294
1059461
1071516
1077000
1081213
1084941
1085145
1088531
1094343
1095235
1108481
1110420
1111133
1112852
1123205
1141626
1146169
1153054
1182617
1200306
1201572
1223992
1231476
1242418
1254889
1255710
1280590
1307890
1313728
1318121
1320085
1346456
1348093
1361984
1366361
1368322
1369502
1373118
1397545
1397805
1400546
1401145
1430045
1444041
1450237
1456858
1460367
1464344
1465336
1465719
1470788
1475448
1475498
1477035
1477420
1479629
1509883
1510906
1516280
1519893
1522647
1526181
1532576
1537768
1550618
1553550
1556068
1564659
1579038
1580264
1584313
1589630
1590101
1603854
1619907
1628908
1634403
1648406
1651057
1651777
1663103
1672735
1685434
1701337
1709978
1743617
1778533
1781157
1784927
1791187
1797635
1810669
1813061
1840114
1861202
1874836
1875182
1877530
1889862
1891352
1892260
1895100
1895246
1898930
1903260
1904466
1906994
1909694
1910430
1933250
1942238
1944468
1947584
1949556
1951618
1952070
1952448
1963358
1966544
1975098
1990332
1994680
2022582
2040840
2050286
2050402
2056602
2057282
2058124
2061230
2080176
2093618
2108598
2136142
2141954
2150030
2155400
2155750
2162468
2163462
2192046
2200820
2218848
2232248
2234476
2238228
2252198
2268682
2293758
2321990
2339680
2380752
2382918
2385342
2388974
2419170
2435730
2441472
2453254
2456150
2474340
2482814
2491948
2509454
2567778
2574908
2600870
2616396
2630504
2648196
2658044
2665106
2676056
2685080
2685612
2689610
2698598
2715148
2722854
2723410
2756024
2771426
2785918
2804690
2807672
2811256
2815434
2830612
2840952
2858298
2871918
2876652
2890610
2899692
2903488
2909126
2909892
2920036
2940902
2945482
2955500
2955762
2959622
2960418
2960924
2961278
2965132
2997422
3010162
3016297
3031767
3032388
3032431
3039134
3053087
3055894
3061684
3063713
3070794
3071160
3079426
3120354
3124052
3126954
3168506
3190663
3190992
3204349
3218397
3219963
3219999
3223313
3226204
3237478
3332131
3363131
3397011
3406561
3419451
3430751
3589451
3622701
3652011
3711511
3997021
4255031
4269301
4298571
4387361
4615471
4766521
4801201
4881151
5058081
5131141
5177421
5287711
5377501
5416941
5435981
5477351
5591351
5658921
5742231
5815311
6002901
6029801
6123661
6140441
6292001
6299361
6370871
6490561
6521491
6531751
6586301
6586991
6710611
6796441
6909911
7050671
7075451
7113861
7128081
7137181
7233441
7445301
7646761
7708711
7945531
7972311
8048251
8182321
8243761
8431361
8504761
8507311
8579141
8750541
8859801
8896231
8933231
8987171
9328951
9669531
9976211
10089611
10186131
10309371
10449471
10559921
10699801
10889141
11096711
11229861
11277471
11367181
11382231
11406731
11514541
11515201
11574841
11728331
11839921
11880381
11941031
11967091
12128141
12711881
12735471
12790501
13797691
13825821
13989101
13999431
14013101
14046131
14192361
14261141
14459641
14505171
14522191
14634791
14731311
14788301
15063711
15102371
15231521
15330601
15420311
15459021
15459781
15543377
15551164
15559967
15583570
15587116
15587234
15590438
15592944
15596225
15606269
15611881
15640419
15652765
15671315
15689438
15697596
15702081
15703600
15704931
15706969
15708635
15712950
15720647
15721556
15722471
15724439
15732510
15772890
15782834
15789805
15809890
15825287
15840919
15907190
15929370
15988020
16003233
16024259
16030160
16033322
16050617
16062164
16075111
16096781
16099183
16099995
16117522
16119236
16123375
16126486
16130770
16136501
16158500
16161237
16170727
16174613
16178516
16196176
16231491
16245346
16265047
16277929
16319284
16337185
16345255
16353691
16384675
16450480
16457299
16499668
16507999
16568680
16634371
16652077
16662310
16692985
16747789
16791529
16798735
17689483
17987896
19698436
20172814
20197342
20201428
20261668
20271358
20314600
20360749
20360818
20375794
20390872
20427481
20448532
20470729
20528335
20551945
20563885
21859725
23179751
24328586
24655228
27098080
27139687
27155863
27158923
27173386
27236557
27244624
27253336
27263884
27332995
27364744
27375778
27453715
27491599
27542584
27683320
27706267
27706711
27754960
27757705
27799810
27817105
27823021
27861880
27894707
27897468
27914610
27965453
27966128
27970420
28094275
29003845
29027196
29031983
29039798
29072050
29076414
29082914
29091567
29101730
29101944
29102116
29127118
29131195
29148451
29151065
29154764
29163642
29171776
29194948
29195743
29204597
29233692
29266383
29271656
29304995
29311548
29320901
29323526
29327354
29529580
29534878
29535268
29541566
29564848
29564986
29576259
29579428
29584060
29584654
29612588
29616322
29621512
29638879
29643939
29649316
29650066
29663232
29663894
29784754
29785974
29817991
29826051
29832069
29900266
29913494
29928965
29931219
29939861
29976376
30000191
30004405
30007773
30008136
30079195
30117473
30136276
30140934
30161279
30162697
30205043
30229260
30239402
30242089
30280692
30348316
30398408
30430820
30498899
30523496
30524285
30529275
30565901
30567215
30580853
30600093
30610778
30630871
30664623
30679721
30692628
30712709
30775378
30880736
30902134
30914879
30957578
30993700
30999265
31009760
31020841
31060563
31063177
31070973
31082396
31128614
31140124
31140147
31169580
31172140
31172637
31193547
31209204
31225367
31255056
31265564
31289584
31367431
31372272
31394077
31432090
31432310
31448506
31462381
31484816
31500860
31518078
31520760
31525614
31542612
31562293
31567807
31596153
31607058
31641561
31654607
31660678
31662840
31670543
31674502
31677098
31685805
31715362
31724664
31725661
31727017
31730615
31742250
31759977
31766278
31773402
31792308
31831169
31836883
31857982
31879493
31880815
31887466
31889645
31897817
31946795
31954631
31961196
31974640
31976226
31988181
32016906
32024217
32055037
32058019
32133313
32166941
32179592
32182070
32244163
32251764
32262262
32281100
32281984
32288681
32296114
32306756
32309401
32325098
32325351
32354526
32355871
32364378
32390084
32406594
32412972
32442317
32444603
32453843
32454322
32457057
32482095
32496812
32511898
32513129
32529962
32543131
32543246
32560419
32561562
32580326
32597240
32614267
32623772
32625132
32638739
32650782
32653535
32655572
32662280
32665435
32666479
32672998
32676884
32698748
32705368
32721647
32764561
32785527
32785861
32816893
32821830
32853698
32865280
32904059
32927554
32974354
32976222
32978989
33012343
33015800
33019751
33028937
33031869
33046106
33052341
33061919
33063843
33113932
33141654
33152906
33188785
33194083
33198042
33211844
33228745
33232042
33235967
33239512
33292729
33298365
33323575
33355960
33430612
33431612
33432979
33433060
33439669
33445225
33454874
33455400
33461345
33467222
33471284
33501625
33548178
33565098
33580409
33596879
33603008
33618340
33625111
33650487
33665763
33672786
33687535
33690920
33711345
33713006
33715700
33721921
33737124
33740996
33741882
33794697
33797004
33811255
33813751
33841722
33860932
33864894
33868748
33872053
33881883
33920886
33931992
33936001
34009097
34011708
34021836
34029339
34059576
34168362
34176815
34180569
34190219
34202335
34261097
34268940
34271915
34276132
34276313
34280193
34284915
34288861
34297033
34297224
34313704
34314960
34315835
34336035
34340446
34372913
34383415
34387564
34397493
34439726
34448564
34466369
34477110
34487570
34497385
34520336
34548976
34553853
34554855
34562915
34569924
34585798
34595388
34607339
34620632
34656089
34664661
34676618
34692249
34703432
34725190
34725634
34727003
34735897
34739266
34769463
34784818
34795220
34800293
34804853
34829307
34844024
34844369
34844519
34853053
34877603
34886224
34915591
34928244
34935669
34936371
34937707
35008493
35019496
35021150
35024888
35029056
35083245
35101012
35126582
35180848
35181315
35192164
35192754
35196470
35257421
35279376
35281191
35284656
35286589
35290150
35293985
35296632
35300210
35309271
35315295
35322329
35334377
35340549
35347125
35356466
35376078
35403920
35419629
35426060
35459098
35470032
35474367
35482588
35482881
35485916
35495855
35497249
35499754
35511833
35520100
35531087
35531328
35536603
35541486
35551110
35566901
35580368
35585026
35586471
35608300
35634049
35635520
35640554
35662793
35663695
35670789
35679151
35695335
35703455
35704433
35710349
35727945
35742248
35757014
35768987
35773032
35780359
35787021
35789845
35793405
35809560
35810817
35818752
35844323
35848169
35904495
35906304
35911239
35937267
35949017
35959134
35968725
35971388
35973210
35976020
36026671
36040285
36053613
36058246
36058595
36088512
36098654
36124522
36130735
36132341
36142896
36144287
36145887
36161663
36177229
36196703
36200075
36213874
36223368
36241707
36253880
36261291
36274227
36292045
36295327
36296257
36303628
36313076
36331681
36335755
36342408
36370196
36370538
36370607
36372026
36385033
36404698
36405493
36432575
36464174
36468700
36479606
36520210
36525395
36538189
36545200
36582847
36583105
36583506
36592119
36598573
36598647
36625764
36631355
36644840
36650218
36650346
36654419
36660826
36660866
36663285
36666664
36722392
36722553
36726098
36740986
36741553
36752476
36769605
36772578
36774493
36777790
36804885
36809558
36828046
36838596
36863105
36863247
36869210
36879718
36881448
36884663
36886397
36887514
36905639
36912670
36913466
36925117
36944482
36954591
36964504
36991232
37045120
37048405
37054012
37061663
37076955
37092742
37096030
37114522
37119843
37121970
37140982
37149222
37155177
37157035
37177606
37183393
37198383
37199454
37201219
37221032
37223289
37234673
37248681
37270043
37290276
37296165
37301961
37307355
37313925
37321660
37324281
37350815
37391952
37427506
37438389
37440179
37459452
37474040
37532922
37545051
37546190
37551670
37551899
37576998
37585736
37590878
37609810
37612113
37619643
37642160
37664853
37668966
37670936
37679126
37700230
37704964
37727268
37748639
37750044
37754847
37756277
37773542
37794049
37797787
37806984
37811920
37835801
37848058
37850681
37853585
37855813
37859556
37871563
37871689
37871976
37873266
37921378
37928042
37931738
37933037
37936654
37937293
37962279
37971440
37974305
37983688
37987137
37987387
38012361
38064443
38064866
38065482
38067335
38069747
38074671
38095687
38099266
38129553
38135752
38136270
38140665
38141202
38141279
38179516
38181860
38182077
38215952
38223946
38239400
38250855
38253215
38254966
38277422
38285285
38296369
38322899
38385633
38388777
38428368
38502299
38504120
38512602
38531018
38533262
38535689
38538968
38562027
38564916
38566770
38566852
38594007
38601767
38622085
38649892
38650663
38676794
38677674
38723440
38753165
38793101
38866331
38879248
38972600
38972680
38972801
38972981
38975205
38976885
38987530
38987674
38997259
39006374
39007267
39039170
39100158
39140353
39147621
39155143
39161468
39166191
39187044
39200804
39203082
39243483
39249006
39257639
39283410
39288243
39296710
39299622
39318828
39324081
39333685
39340843
39344524
39362247
39368595
39369903
39377318
39381729
39381781
39410289
39420100
39428983
39430521
39431445
39431909
39433667
39434876
39442587
39444807
39445630
39446734
39451610
39454292
39454435
39457521
39458854
39463127
39463469
39468433
39470200
39471072
39475642
39480855
39490994
39498303
39525009
39531606
39536152
39537160
39539768
39541514
39555304
39555995
39576948
39583243
39583690
39584080
39584269
39585396
39593840
39597664
39597736
39600163
39600560
39601290
39604700
39604976
39610258
39645605
39656695
39660001
39661195
39661772
39667683
39670270
39672592
39684233
39692938
39720820
39723730
39728549
39737743
39743577
39756942
39777410
39785024
39791931
39797428
39818209
39832267
39835662
39868236
39876830
39914632
39956902
39969276
40005999
40008024
40023910
40038471
40079814
40157713
40168236
40205665
40212040
40242367
40245234
40280338
40287194
40287750
40304817
40308803
40328496
40344160
40347005
40370993
40374533
40375098
40375763
40376269
40388727
40397977
40398270
40398397
40406935
40421756
40437157
40464318
40466259
40487267
40498342
40517135
40519713
40523916
40525796
40535790
40567518
40595808
40631190
40648907
40719322
40724820
40725214
40755081
40775397
40782787
40794216
40818502
40827975
40831737
40837826
40865490
40892389
40903138
40909605
40944188
40960544
40988671
41003588
41011906
41018492
41022086
41036138
41093354
41110867
41124832
41128286
41142388
41170699
41177783
41194578
41225405
41244891
41250206
41285607
41286185
41303431
41313501
41315789
41350753
41388309
41398626
41399161
41399703
41412995
41413244
41426139
41436722
41442239
41477852
41501957
41511205
41514691
41522467
41547182
41550193
41572274
41578923
41585171
41591751
41615845
41630304
41645642
41689901
41738692
41759138
41763343
41786562
41789001
41791843
41834161
41834390
41835338
41836843
41856164
41905998
41914564
41928997
41980671
42027587
42046778
42056861
42104489
42112167
42116343
42127022
42156302
42165045
42173059
42177082
42196947
42197749
42200942
42213061
42218055
42223633
42235052
42279793
42297858
42315412
42319832
42340592
42405041
42420750
42425764
42440304
42448682
42463761
42468526
42495033
42520232
42528841
42538580
42554160
42584673
42586385
42592435
42640321
42698273
42742458
42811248
42913775
42925195
42972430
42986642
42993963
43001172
43001751
43016837
43017526
43021651
43062718
43074150
43078019
43087725
43097358
43104337
43119832
43140368
43184223
43275630
43302055
43332648
43334118
43373445
43376737
43383305
43388437
43393701
43410447
43415379
43417896
43418441
43418643
43435362
43442117
43447243
43448181
43455978
43458771
43460983
43475288
43477110
43516332
43549352
43566367
43566387
43574801
43579961
43585722
43588422
43591631
43597266
43600428
43609102
43610974
43612058
43645283
43647687
43664413
43685022
43686499
43686943
43698619
43712100
43714303
43724496
43726966
43731580
43734740
43736659
43740077
43754253
43759136
43762390
43782815
43801591
43819557
43840197
43881395
43885450
43890481
43894753
43898860
43900701
43915907
43916192
43923609
43951763
43952785
43953304
43953717
43959310
43972286
43982336
44002156
44003248
44007420
44008011
44033958
44040225
44047254
44053850
44055820
44061602
44070277
44071528
44081214
44092278
44113094
44114044
44114714
44120757
44126922
44129259
44135617
44145862
44152988
44163777
44165505
44169385
44181773
44182551
44183131
44186802
44212515
44214452
44222116
44225465
44235508
44244381
44248815
44252882
44265267
44270317
44283738
44293977
44298062
44355894
44412070
44412144
44442114
44459233
44474780
44494840
44495105
44519246
44536810
44542953
44545745
44571846
44572077
44572569
44575615
44582316
44599867
44631111
44643062
44665016
44671877
44673180
44677517
44678323
44709165
44722207
44729035
44729324
44731767
44740341
44754672
44766777
44775968
44777877
44782872
44789299
44807247
44815426
44821735
44838960
44851114
44856530
44857840
44865448
44883119
44932052
44967214
45001984
45002324
45006365
45023377
45025557
45043488
45055193
45081808
45092409
45107432
45107850
45119685
45123077
45132026
45158155
45176306
45184352
45184976
45201532
45219368
45219755
45227474
45235954
45242863
45244977
45246820
45247290
45253219
45292445
45292468
45305081
45310884
45315344
45318521
45373191
45378072
45381621
45407411
45424770
45438101
45446233
45449664
45472699
45485304
45490374
45496545
45510587
45521473
45525248
45530247
45537743
45558296
45574529
45604117
45692230
45751808
45756987
45773473
45797216
45808421
45808930
45818068
45830718
45857527
45863635
45865577
45876116
45931867
45956771
45981674
45996525
45998494
46001613
46006290
46012061
46132779
46133173
46152039
46167908
46185226
46195419
46208977
46213120
46219823
46271630
46277367
46301843
46314871
46315435
46320654
46323667
46428952
46431610
46442156
46462044
46471799
46487027
46505586
46529602
46529681
46529709
46529734
46529757
46530204
46531026
46531118
46531170
46531466
46532128
46532273
46532857
46533046
46533121
46543029
46594008
46635654
46659603
46677500
46692857
46738063
46739803
46742884
46755081
46771137
46775677
46792856
46794154
46795141
46797945
46803532
46808607
46817356
46828838
46851346
46885838
46922698
46926713
46928913
46931212
46956493
46956787
46957122
46964809
46972263
47003064
47004168
47004944
47018521
47024488
47052924
47061639
47079009
47101780
47112915
47112998
47113047
47153204
47153445
47176019
47179247
47185291
47188647
47192335
47193351
47221767
47223195
47253962
47318977
47327363
47349661
47358620
47362384
47366873
47368273
47371750
47381110
47384066
47386294
47386299
47386521
47392880
47403981
47413781
47427344
47428088
47430065
47437326
47451611
47452351
47452605
47455397
47464273
47466418
47466666
47467604
47470333
47472948
47491416
47516881
47520005
47523394
47523972
47527882
47531399
47541037
47559898
47565670
47567430
47569242
47583656
47586890
47588578
47590413
47593059
47593355
47605745
47609488
47610242
47613114
47616452
47618463
47619495
47619549
47621182
47623449
47623937
47627083
47628530
47630757
47632589
47643432
47644540
47645071
47651430
47651446
47651703
47652679
47655207
47656573
47658340
47658982
47663974
47673982
47690171
47698924
47752079
47758156
47776643
47789018
47799520
47801353
47808562
47813629
47814088
47815229
47818496
47823900
47830660
47855014
47861889
