979013
45525248
46345088
31478552
46576248
42313173
36677975
47940925
44011125
42970899
46185793
47389416
46542374
40678592
47176019
395362
47689475
31781162
44519246
29650066
16174613
44197434
29777439
44325
44545745
30229260
47470333
35703455
37183393
35827377
44953642
40363495
14522191
47433838
38789499
757519
47414616
30136276
976952
29016381
885936
36481485
40442860
869561
46487027
4644921
35969597
30283038
38215952
33012343
14505171
47206111
47183125
1537283
36882626
44442352
44442221
44442169
44442013
47053180
37546190
29931219
44220531
44218764
44062238
44221163
44221523
36274227
37199454
34039531
37590878
13825821
35959134
46133173
34664661
40903138
596167
34243702
43987811
46012061
3081447
40755081
16692985
833768
46844955
46001613
38254966
38504120
46730043
46736689
46760301
46564196
45023377
44165505
954506
33622705
31412838
39886727
7373991
46683753
35191439
36954591
37663535
39880797
514070
440114
38273490
46219823
14871071
44412070
3041085
46429479
40344160
479987
32495956
14094211
1472430
975165
16050617
42046778
46315435
45830718
39663
43712100
46213120
42297858
1085145
388335
37938734
3088005
37321660
37177606
40144312
44909512
952584
2574908
43413766
39685847
42162600
336159
46067854
31887466
46137025
43762870
27913213
2947282
41317049
1720935
15658937
33741778
43740077
43246279
30245223
42899095
8294481
37848382
29250137
39535400
36887514
45986956
40818502
8507811
37290276
37036907
33363448
42586385
31408319
45447015
954639
31880815
45564515
34767125
43885995
41856164
43373445
34110308
41689901
41282414
33106804
38648240
33292729
35366575
13797691
41234612
34387564
43383880
34850744
309048
42584673
29638879
917547
1293750
9035721
45253219
39876830
45210371
40304817
45205992
32747470
31525614
42213061
45158155
31172637
30790382
36058595
45107850
34595388
31773402
36663285
954437
45032157
38763690
289548
347699
36496295
15420311
36538189
1199465
36726098
34354588
44760707
15231521
35757014
39592726
1146459
38678207
8127411
11967091
33046825
28137
34844519
697526
43686943
2879148
32288681
27397792
6604351
30920027
507929
155881
42279793
771064
41660094
37096030
1146169
11229861
41170699
31068752
36161663
15623990
13999431
44331410
39747150
43869336
34391598
42177082
34687902
42913775
37592484
31880619
36392766
37355927
44442114
20390872
34297224
44513121
41080787
43184223
16099995
42056861
33565098
11111411
38894847
31296827
331561
16010326
37043833
44081214
33052341
36901530
32726147
781268
38095687
1895100
12128141
43042390
3032431
41009807
36292045
3931101
37937240
37937293
38181860
190795
32121342
2566714
41946144
31976226
42822881
31513049
41514691
36766421
480783
37609810
34313704
31439848
44233189
32390084
36149962
44229132
44022426
43334118
36645695
34093276
31766278
33455400
34268940
30696473
44203347
44007420
44114714
40648907
37313925
351192
43612058
38067335
1634403
44108563
34475518
237161
43208417
3124904
36900036
36863105
36145887
37054012
39480855
43015904
43916019
1171095
37921378
37061663
2050286
37426813
41306593
31654607
1737201
30664623
42993273
33015800
38010354
36413583
33208975
5815311
43877592
32133313
38564916
43698619
34288861
37413241
38012361
36313076
35586471
31448506
35200183
43025309
43803536
40465984
41963216
20172814
42726156
38531018
42993963
35322329
31030722
36737005
40328496
35971388
2831258
487840
34741193
32444603
36660866
36359674
43200487
37668966
30040614
35356466
32363494
42393610
20314600
32244163
37191019
24720734
39655565
33618340
33719411
347700
15671315
350737
43578869
43332102
38099266
16126486
35580368
36991232
42592435
842663
313488
119376
39310677
32556320
38594007
1284048
34725190
34023789
1877530
11798
42986642
43140368
34002836
6299361
1929708
1589279
35497249
43273366
41591751
20201428
2811256
559985
1993354
35008493
36050
35495855
31785692
31520449
42283087
43126242
43055990
35687364
33188785
39791823
32166471
