18635
19456
26105
36050
47606
151503
155881
166732
228748
281753
304185
311546
351192
357237
385838
540439
559985
595215
596167
736954
868438
997522
1006030
1106109
1106701
1167248
1260254
1313037
1397526
1468432
1468439
1480870
1497635
1597390
1648582
1737273
1877530
1892566
1895100
1914888
1966350
2050286
2189616
2630504
2785044
2811256
2825260
3032431
3033264
3109509
3111866
3115380
5119571
5502861
6191671
6796441
7654501
8494841
8634441
10729131
11229861
11967091
13653781
13666591
13775221
14559041
14788301
15538894
15596225
15623990
15759370
16037566
16060412
16086413
16109884
20172814
20201428
20269321
27403402
27561922
27908659
27937681
29156314
29250137
29290172
29663232
29790706
29956289
30007773
30161279
30360438
30679721
30916842
31009306
31313419
31448506
31520449
31649667
31670149
31797942
31972541
32046544
32073491
32080989
32224897
32353250
32390084
32444603
32625132
32654523
33194995
33305632
33334193
33446198
33471284
33523978
33565098
33596879
33608416
33675117
33811255
33848599
33881883
34085804
34218848
34313704
34385049
34741193
34768668
34804432
34817299
34880007
34959264
34962537
35030837
35141898
35225646
35310219
35316347
35322329
35497249
35580368
35652721
35686663
35780849
35956760
35971388
35976180
36137424
36159055
36252020
36274489
36292045
36313076
36342850
36347721
36375907
36573271
36583105
36593969
36696017
36737005
36863105
36886397
37048405
37076955
37092498
37123750
37177773
37191019
37221599
37230188
37234673
37254757
37337142
37346379
37501878
37563071
37573495
37577108
37609810
37631762
37701161
37715574
37725674
37850681
37873266
37921378
37937240
37962948
38003559
38030967
38059708
38061995
38067335
38099266
38141504
38151428
38204030
38233811
38246013
38353535
38531018
38594007
38594102
38640178
38659844
38958050
38962779
39166070
39604976
40328496
40995859
41360562
41514691
41591751
41850586
41963216
41992413
42156302
42986642
43016837
43463012
43477110
43494728
43612058
43956145
