27896356
35793405
40574364
30692628
47491543
42698273
47176019
30348316
44519246
45525248
497208
38065482
35134764
979013
29600334
44070277
484918
47510907
47504418
47485729
31781162
46272525
29650066
30136276
833768
44599867
39139537
38215952
47223195
47131837
36643797
28094275
47227341
45002913
35949017
41285607
33887023
45803840
30283038
35906528
37590878
47122871
46670601
11967091
34277316
16652077
33667720
9035721
34664661
47022912
2864498
47020892
46487027
46133173
31660678
596167
38535689
40903138
885936
33012343
37183393
156376
37296920
3190499
29931219
16692985
34656089
42405041
31759977
46689782
38504120
38254966
31641561
35867886
46724275
44165505
38181860
35648534
39645605
43791882
33258697
43060808
1634403
1085145
34161684
9134
35577790
33298365
16050617
34306039
46153013
36863105
46186765
30664623
16117522
46501547
34623214
46001613
514070
45303065
954639
44412070
40344160
46437645
2050286
46425603
37638400
37951232
45800673
37775536
42046778
42297858
45830718
40101476
13797691
3039342
38300443
45964355
37177606
789336
46219823
6299361
41871077
35293985
46006290
46315435
15724439
37321660
44909512
38001692
27476272
34161633
45789120
30229260
36058595
15610035
42162600
46012061
15231521
43413766
42699517
119376
46216789
44775968
37054012
41852820
31729428
45184976
46132779
38594007
43686943
44030022
38541316
41023720
350737
37061663
45941848
36660866
31172140
36745623
2707220
194365
44451964
35580368
20172814
37290276
1720935
1877530
11798
35613147
42584673
559985
36050
45001984
35008493
35586471
1477035
2574908
45425131
45291603
37609810
43684549
42993963
43553418
41905998
42179855
42104489
41756417
40857803
40392761
30567215
38591922
38567980
38218647
38087682
36833499
36369022
36124085
35948177
1443249
35631378
35576037
11744331
185778
35445472
2350592
34772796
3184847
34326246
33538651
32927826
32829316
32294369
32168092
