47389416
35951610
47834641
47811730
47770647
29777439
44070277
47551612
44536810
47601744
46554512
47569242
38504120
32636782
284409
29072050
1313728
40023910
47460129
47416635
31963927
44599867
885936
47349661
47280314
38215952
16652077
32041576
14505171
47206111
43494458
40903138
37051044
32595977
1993354
29931219
1136020
596167
45007213
37788492
46991491
38535689
15652765
16692985
44902260
42698273
954639
2831258
7158451
514070
44782872
38139462
44412070
40344160
43712100
46353516
37938734
40144312
37425618
336159
40735688
32444603
37036907
43885995
45720045
42586385
44713861
43221649
41689901
35586471
40479611
38095687
33106804
13797691
29638879
42584673
45384326
38391762
20390872
40704817
16099995
42913775
843392
44752264
43686943
42279793
16158500
1473720
16764574
32288681
698395
144453
36466227
34271915
37096030
32390084
44696747
43827158
37140982
34297224
41791843
37061663
44529487
33565098
12128141
41622579
37609810
43973375
33455400
38067335
42527675
33015800
1171095
43791992
29268949
36660866
32029613
35986072
36313076
5815311
31766278
38410704
42993963
350737
34548976
35495855
37474465
13999431
42986642
35008493
37054012
43145135
32556320
43222751
43079921
15692059
42884431
42592435
38121701
38121509
38127848
37871689
41645642
37545051
33596879
35497249
40279483
41265174
40328496
20314600
31367431
40648907
15596225
41102596
29663232
34268940
40810971
33655289
15671315
37070519
40664337
2723410
38594007
2050286
39835662
1895100
2616396
37094468
39692938
37282818
36295327
20172814
39830020
33811255
39830268
1634403
11229861
35356466
31172140
39442196
36566912
2815434
35580368
39691020
36991232
11798
31448506
559985
35294013
36050
35191439
33066466
39324081
27175597
38860749
38369392
38350158
38315687
38167772
37279452
37268297
36978326
36877039
36867713
29248889
36396942
35529690
35511417
35438522
35419646
35361617
34937531
34874048
34540428
34158264
33339288
32046017
