698
1503
9134
10151
11798
12008
12148
16892
23207
28137
36050
39743
43300
44920
46507
46874
48302
49739
60492
76773
86547
90796
100250
112629
113381
115609
116028
121030
122867
123128
124519
125409
127079
128988
135556
136156
138095
142145
142862
147072
151922
156376
172041
182460
185739
190252
190482
190795
191459
193832
196989
200245
206534
218373
232586
236269
236335
237161
246284
253770
262763
271434
273217
275428
276167
282534
285078
289548
290563
299350
309664
309886
315089
316755
318023
319829
331722
336159
339390
347700
349648
350737
352990
354384
360298
375786
377951
383453
385141
390411
392077
396108
398945
401743
409638
409948
412982
413598
418756
420967
422836
434713
437628
440114
444878
447444
454605
458271
464428
475864
477772
480654
480783
487641
493452
499036
499787
538842
541632
559985
571964
589864
592937
596167
600158
605568
637666
637781
653838
657374
660093
662901
671187
691098
698209
713850
713883
716821
718434
724039
747359
753507
759700
764568
766777
771064
776018
785703
785764
785796
810427
818255
819730
833768
841795
853534
854738
857179
884089
885936
904061
909918
913302
917635
929531
941885
945543
954639
971174
983609
986818
989391
997522
1002557
1018805
1027965
1055997
1066464
1067211
1067922
1075165
1082965
1098443
1100383
1110713
1115219
1133145
1133346
1134513
1146169
1166027
1169736
1172857
1173977
1181993
1187919
1200306
1214763
1214792
1223928
1227675
1236702
1238261
1254662
1254796
1258713
1270365
1280363
1289194
1291693
1292575
1316340
1319168
1335045
1335777
1340446
1375382
1388397
1393088
1398529
1403021
1433568
1438458
1445832
1474010
1477035
1488056
1502356
1504998
1540311
1544512
1546064
1546518
1557713
1564659
1572110
1589279
1596079
1602757
1604359
1608630
1634403
1637363
1642310
1652121
1656484
1665985
1666869
1672546
1679259
1681501
1681897
1691178
1695885
1698106
1703589
1711874
1725325
1726798
1728548
1734019
1757207
1768405
1784641
1785505
1796693
1849364
1867824
1873720
1877530
1896010
1910376
1910430
1923328
1960400
1964868
1977790
1993102
2045684
2050286
2084372
2089376
2101614
2128720
2141954
2142170
2173506
2185452
2186258
2219624
2270350
2277848
2302866
2303692
2319140
2321536
2326728
2336404
2350152
2365508
2408800
2447960
2481940
2495956
2542532
2553122
2566714
2630504
2658992
2709952
2717132
2721168
2738540
2756024
2790348
2796680
2811256
2817412
2825932
2831258
2833210
2833560
2842242
2860678
2864498
2906322
2944724
2969690
2988970
3014848
3025051
3025749
3028447
3032431
3032908
3049907
3064390
3077022
3095324
3124052
3126954
3136011
3140811
3146171
3153572
3157764
3178636
3187241
3221343
3222013
3234155
3235457
3407761
3504271
3566931
3670151
3706211
4045281
4132931
4283371
4377451
4455891
4698831
4801121
4930611
5216031
5593911
5815311
5836331
6004111
6089961
6299361
6455781
6506101
6604351
6796441
6906571
7011261
7121601
7438441
7451961
7546591
7550111
7708711
7764571
8158961
8174081
8188801
8292911
8329381
8815921
8988411
9006571
9223791
9267011
9443571
9593231
9638771
9914771
10035841
10248941
10271821
10596841
10804911
11208191
11305791
11388691
11532211
11839921
11893211
11967091
12128141
12471661
12649051
12711541
13797691
14026241
14163631
14220091
14269971
14505171
14532391
14891711
14896941
15231521
15542055
15567923
15580348
15583108
15587234
15596225
15605830
15611881
15640419
15671315
15700661
15706969
15707110
15725720
15738208
15765813
15783943
15797480
15819727
15972982
15988360
16032828
16045800
16050617
16060412
16068181
16073157
16075111
16099995
16126486
16169343
16176557
16192878
16223672
16225253
16362166
16442371
16566562
16586800
16630303
16652077
16692787
16692985
16696249
16764574
16794937
20172814
20201428
20220943
20314600
20328433
20329657
20382682
20390872
20414572
20478610
20505799
24655228
27024403
27160333
27175597
27201148
27227014
27364117
27527125
27572128
27624037
27715426
27799810
27817105
27871576
27941612
27957405
27962017
29004482
29015921
29067933
29088094
29099842
29135728
29219649
29226796
29236584
29244115
29244544
29256383
29266950
29270988
29276614
29330355
29524682
29532581
29534878
29543333
29560199
29584654
29591225
29606582
29638879
29782750
29798953
29889111
29892359
29931219
29969698
29974805
30007773
30035407
30054388
30075168
30079995
30122332
30220594
30241852
30242089
30251532
30335172
30473335
30495123
30497341
30549617
30639903
30664623
30714370
30736887
30741603
30770314
30774669
30856576
30876796
30882266
30986663
31070973
31082396
31083446
31140147
31152030
31172140
31172637
31248312
31298004
31311518
31313419
31318211
31319252
31342332
31364658
31421106
31428737
31448506
31476872
31518494
31525614
31560489
31562403
31582616
31641561
31670149
31673430
31727017
31747800
31748946
31759977
31766278
31777555
31778839
31826686
31833200
31842456
31843159
31872315
31883705
31887466
31932042
31960182
31985691
31988181
32006956
32103335
32105673
32113963
32133313
32180353
32182070
32212157
32244163
32249188
32276072
32288681
32352848
32389844
32390084
32406191
32409459
32419639
32444603
32494865
32542405
32553978
32556320
32560799
32561635
32561872
32598762
32602742
32634702
32653535
32670966
32690629
32722484
32766237
32770312
32820588
32854013
32895618
32929368
32976222
33008968
33012343
33015800
33052341
33102029
33106804
33128903
33169219
33196610
33250285
33258697
33278514
33292222
33292729
33455400
33461345
33494275
33565098
33644001
33650487
33718512
33719411
33726771
33741778
33750127
33760108
33801000
33811255
33816330
33849889
33854389
33860932
33881532
34002836
34021836
34039531
34046182
34093276
34110308
34111818
34111873
34176815
34180348
34193900
34202335
34218703
34232185
34243702
34257005
34268940
34271915
34276313
34286160
34288861
34295100
34297224
34313704
34315187
34323577
34351925
34352584
34365230
34385049
34404480
34427918
34460855
34475518
34538354
34562368
34562915
34595388
34612882
34643835
34644847
34656089
34664661
34693262
34714895
34725190
34728642
34751894
34753197
34784221
34792726
34798706
34804432
34810623
34821528
34829884
34841031
34844519
34853053
34854332
34884676
34886385
34892118
34904284
34996552
35005618
35008493
35021150
35039943
35082518
35099583
35114356
35192754
35198661
35200183
35205189
35232645
35243680
35278336
35292835
35309271
35322329
35323009
35332515
35347656
35356466
35362146
35367929
35389018
35398284
35451149
35463975
35478219
35485540
35497249
35516896
35542288
35573286
35580368
35586471
35608300
35621839
35638360
35662793
35677220
35704433
35721001
35773220
35779872
35787021
35804326
35810817
35857256
35873330
35884650
35912758
35913707
35950803
35959134
35969575
35971388
35981618
36002724
36029101
36058595
36058634
36091902
36092519
36099161
36107347
36124425
36125755
36132341
36140039
36140300
36142566
36145887
36149962
36161663
36165552
36180558
36203865
36253880
36270809
36274227
36292045
36295327
36295363
36296257
36309723
36331681
36341680
36344827
36399546
36401953
36402865
36409577
36419931
36423738
36442947
36448909
36518581
36522364
36538189
36561605
36566912
36573470
36583105
36614252
36625662
36635794
36643797
36660866
36663285
36666664
36677698
36722553
36727459
36746949
36762078
36789803
36792599
36804885
36808298
36809558
36824816
36834514
36840295
36845327
36859743
36863247
36886682
36900036
36917886
36938953
36991232
37036907
37043833
37045120
37054012
37061663
37071754
37075133
37075396
37078428
37087675
37093914
37096030
37098117
37100049
37111569
37112442
37114522
37138991
37140982
37158930
37165220
37178045
37183393
37191067
37216298
37222377
37238057
37273897
37282818
37290276
37313925
37314712
37321660
37328700
37350815
37361145
37404001
37413241
37425733
37436558
37446104
37457331
37459399
37474465
37542705
37545051
37580198
37594761
37596867
37599095
37606959
37609810
37609896
37619643
37627586
37638400
37672932
37681631
37693563
37722725
37734039
37779823
37788492
37835801
37850681
37855813
37859556
37867912
37867919
37871689
37881385
37921378
37930916
37937293
37946689
37987137
38001692
38012361
38034973
38037858
38066031
38067335
38087037
38088613
38095687
38099266
38142416
38181860
38182077
38183281
38238455
38246632
38254966
38424186
38502299
38504120
38531018
38535689
38538968
38539709
38554750
38564916
38579094
38594007
38606502
38630457
38708605
38795362
38870132
38894847
38910283
38927846
39007267
39063633
39115337
39166423
39243483
39252610
39310677
39327860
39357730
39396803
39423203
39480855
39498303
39539062
39604976
39672592
39683284
39683755
39685847
39700866
39715419
39747150
39747463
39820487
39821355
39821476
39822000
39824229
39827109
39853044
39899470
39950919
39956902
39969276
40185396
40212040
40284234
40287750
40304817
40328496
40375763
40376269
40387297
40456668
40465984
40536651
40597911
40600923
40637811
40642181
40648907
40675485
40701193
40708147
40721308
40735688
40755081
40865490
40875351
40903138
40997679
41018492
41030531
41038108
41041317
41047359
41057617
41170699
41193047
41234612
41250206
41259673
41283546
41290321
41300795
41328885
41355655
41359295
41386918
41398626
41429684
41441868
41477852
41505538
41511205
41514691
41546018
41583566
41587978
41591751
41618715
41634282
41645642
41663318
41663718
41688552
41689901
41752544
41763343
41819191
41834390
41856164
41870536
41879162
41879250
41886838
41899444
41904086
41905998
41923563
41975804
41985646
42046778
42056861
42116343
42127022
42156302
42159302
42162600
42165469
42172914
42177082
42180769
42181463
42183532
42183578
42184348
42200942
42206433
42213000
42213061
42217712
42223633
42230297
42248171
42279793
42280196
42297177
42297858
42364351
42413488
42413569
42424488
42440304
42452426
42464980
42465569
42468526
42493854
42494820
42496165
42499674
42504883
42504952
42505019
42505051
42515755
42530985
42537305
42558486
42566399
42569792
42586385
42592435
42593502
42615572
42625228
42696982
42724555
42726156
42734274
42741674
42742186
42742248
42744699
42773177
42773285
42773470
42773567
42800549
42809287
42809492
42834311
42834417
42834550
42838358
42846305
42846508
42880664
42906219
42925195
42943514
42945774
42964349
42984633
42986642
42993963
43015904
43018040
43021651
43032483
43077186
43129302
43137546
43140368
43205377
43206431
43233188
43233698
43234802
43236174
43343712
43360112
43364884
43376737
43384540
43413766
43435761
43477110
43493677
43500576
43533752
43548734
43600306
43601805
43616552
43655893
43680212
43686943
43701102
43727521
43735577
43740077
43762870
43823170
43853811
43956145
43973375
44002156
44007420
44071528
44081214
44109474
44129259
44165505
44203347
44225465
44233189
44283738
44332583
44399210
44412070
44442114
44459233
44477045
44479991
44492436
44578271
44597394
44611754
44686439
44732647
44775968
44782872
44840572
44842461
44851715
44862282
44898450
44902260
44932052
44935790
44953686
44953901
44978239
44987856
45002324
45023377
45084328
45107432
45107850
45109843
45127947
45136485
45158155
45184352
45184796
45184976
45202771
45225367
45226237
45232300
45242863
45273880
45316213
45362797
45375371
45419580
45426599
45435960
45463721
45521473
45622192
45721209
45738376
45739812
45762505
45765428
45770929
45787273
45803840
45805587
45817609
45817836
45818068
45830718
45833528
45863635
45865577
45876116
45955920
46001613
46006290
46061396
46067854
46073472
46089001
46120286
46132779
46132983
46197900
46209499
46219823
46221991
46223657
46239326
46245577
46303522
46313870
46323667
46332170
46346064
46363660
46383124
46418730
46429776
46436144
46437028
46437645
46460529
46487027
46494289
46494637
46505357
46513151
46515161
46529681
46529709
46530204
46531118
46531170
46532128
46533121
46556094
46556733
46556853
46594793
46600527
46603474
46646543
46659603
46671544
46705878
46750391
46788211
46794154
46803762
46811298
46822381
46822697
46837631
46837761
46837936
46847085
46850435
46867118
46879953
46885838
46904187
46907305
46908782
46928215
46928913
46932189
46937961
46939557
46953947
46956493
46957122
46958760
46962220
46964060
46970212
46991080
47018521
47028442
47049846
47082976
47092466
47104334
47139913
47140408
47141319
47144878
47152924
47157757
47171837
47172457
47183125
47185038
47187825
47188455
47188647
47189365
47217989
47226796
47230914
47265284
47275900
47277095
47651703
