11798
18128
78807
97669
105244
115987
122012
133751
136170
154448
155881
166653
181052
189459
190265
214377
286325
310368
316154
317908
333107
354840
360832
372441
382119
421901
472852
498224
535078
551326
560252
578753
596167
604896
774896
864853
900542
908668
913302
940263
950829
992829
996224
1002165
1041538
1093526
1097444
1179102
1187496
1198813
1268242
1294039
1413120
1430045
1443249
1458875
1501254
1576428
1592550
1620854
1645073
1680956
1688477
1732725
1815139
1832472
1853926
1854898
1877530
1885884
1922960
1944874
1977790
2124942
2394078
2474860
2539516
2620560
2688970
2756024
2758276
2859554
2921636
2974540
3020856
3061777
3063314
3065904
3076070
3226204
3367241
4661141
4899331
5006941
5648711
5934151
8079551
8104651
8958631
9857211
11022591
11287741
11927581
12056021
14094211
14261141
14902381
15106421
15449671
15548064
15592264
15734754
15743413
15747342
15824731
16128899
16221205
16592425
16616182
16658581
16661188
16695088
16758676
20172814
20362954
20413597
27230251
27254686
27298831
27459133
27513439
27587071
27886034
27886805
29011151
29016417
29085620
29099432
29099868
29126540
29149164
29231809
29233431
29243407
29516175
29622686
29638879
29649779
29663232
29831504
29931219
30348316
30407419
30428851
30509023
30556094
31110826
31128614
31133711
31140218
31279954
31303592
31414165
31431900
31469754
31549748
31622540
31735166
31912196
31930598
31945206
32006967
32007010
32069531
32092705
32130725
32155116
32160666
32196479
32201730
32263125
32268260
32365848
32378771
32385147
32385996
32417999
32421794
32447667
32472485
32503565
32503760
32519161
32568628
32614942
32627981
32632309
32820119
32854446
33012343
33099440
33102973
33129379
33603322
33648238
33860932
34439726
35497249
35586471
37609810
38502299
38504120
38858875
40328496
40870085
41359295
44902260
45803840
46487027
