4
6410
11798
12148
26320
36050
51268
63510
63959
99299
104703
110892
128693
169492
185739
191777
193832
203533
214966
215193
215914
228701
242843
246282
263726
268899
276924
282708
307273
311546
316869
347700
347706
380183
391362
407490
423053
441254
446295
464935
489277
499924
505157
514070
525454
559985
573779
576050
596167
600355
638003
638161
672965
694698
710713
766609
773169
776919
792019
795244
805549
819730
832543
843392
885936
900613
922264
937840
940263
941387
972248
987219
991280
1006027
1021588
1022233
1041140
1043176
1044503
1054168
1067922
1088561
1107670
1135110
1162826
1163061
1167248
1170258
1171245
1175741
1198864
1199143
1199515
1200306
1207422
1237793
1307361
1313728
1333463
1397526
1397545
1400626
1403881
1432169
1437085
1438021
1443249
1470788
1478550
1481015
1551302
1594285
1598966
1609257
1634403
1656484
1696734
1701337
1712001
1844448
1877162
1877530
1895100
1926762
2005104
2007376
2044334
2050286
2063138
2162396
2245968
2260190
2269746
2394738
2433726
2436850
2447588
2490244
2581328
2603562
2756024
2810660
2815434
2818268
2831258
2953254
3020399
3074566
3112180
3115912
3139648
3158603
3163170
3691311
4255031
5502861
6032571
6271221
6356111
6847881
6880751
7221621
7782821
8154341
8167981
8548971
8604821
8860881
8892541
8981171
9338251
9868641
10529761
10611921
11011091
11229861
11699631
11844241
11967091
11972921
12253791
13825821
13999431
14580741
14702171
14788301
14870671
15175581
15222751
15231521
15543377
15587234
15592115
15596225
15616165
15640419
15652765
15671315
15685783
15816217
15844564
15982892
16050617
16155183
16155639
16469827
16539259
16550443
16660687
16692985
16695088
16749982
16768387
20172814
20202802
20210374
20225698
20314600
20326693
20330833
20346526
20390872
20465092
20529100
22410569
27040729
27053116
27085639
27097321
27207649
27453715
27473320
27512851
27668800
27679813
27695374

27757705
27817105
27835687
27846811
27889049
27894077
27901813
27901991
27921087
29006419
29031157
29099432
29145300
29311548
29333654
29542535
29544217
29584654
29596609
29604448
29608215
29638879
29752413
29777884
29811414
29902611
29931219
30007773
30008136
30083815
30136276
30161279
30202548
30261804
30283038
30335172
30366546
30411022
30496185
30497343
30567215
30888543
31099096
31128614
31140147
31142960
31172140
31209273
31221417
31296846
31316296
31318394
31525614
31641561
31649667
31677098
31737582
31759977
31766278
31781162
31894671
31974640
32041576
32053593
32115406
32135063
32217369
32222246
32235359
32288681
32302828
32325098
32390084
32444603
32543426
32554504
32561635
32563733
32582179
32638739
32764561
32961939
33012343
33015800
33046106
33052341
33106804
33147238
33186919
33194995
33232042
33277134
33284657
33292729
33305692
33342123
33455400
33461345
33471284
33474891
33495562
33548178
33565098
33567901
33619590
33650487
33679674
33712773
33719333
33741778
33744247
33788021
33800568
33844709
33849889
33920745
33991908
34021836
34053694
34085666
34085698
34085752
34110308
34155513
34176815
34261097
34266321
34268940
34297224
34298447
34347350
34349949
34378494
34387564
34398401
34487868
34497385
34522425
34562915
34564126
34595388
34656089
34664661
34773242
34807510
34834441
34844519
34904284
34933935
34934984
34962654
34972431
34974289
35008493
35246465
35293985
35309271
35322329
35404855
35485540
35497249
35509222
35542288
35578064
35580368
35586471
35593550
35635520
35640554
35703455
35711654
35787021
35874337
35882883
35928894
35951610
35951882
35976180
36039555
36058595
36080478
36090835
36137424
36161663
36172794
36202565
36292045
36304422
36313076
36335729
36345944
36370607
36392766
36413583
36583105
36611912
36680035
36696017
36762829
36865090
36991232
37043833
37045120
37048405
37054012
37061663
37096030
37108085
37114522
37142230
37183393
37191019
37198383
37251405
37282818
37313925
37321660
37418291
37545051
37590878
37603651
37609810
37619643
37624508
37794049
37850681
37855813
37871689
37871976
37873266
37880563
37987387
38001692
38095687
38215952
38252875
38254966
38502299
38504120
38531018
38535689
38538968
38594007
38879248
38894593
38975800
39007267
39022392
39178109
39206715
39226901
39243483
39279801
39410289
39480855
39672592
39688519
39747150
39835662
39887793
39889486
39982325
40157713
40304817
40328496
40344160
40376269
40574364
40648256
40730287
40903138
41214837
41300795
41547182
41569682
41618405
41645642
41856164
42044984
42056861
42104489
42213061
42297858
42584673
42586385
42592435
42993963
43335752
43453841
43601805
43686943
44070277
44085570
44225465
44235508
44412070
44442114
44457516
44492045
44545745
44599867
44775968
45002913
45140431
45184976
45273880
45303065
45316213
45384104
45521473
45531017
45760437
45975637
46001613
46006290
46012061
46025386
46315435
46529602
46529681
46529709
46529734
46529757
46530204
46531026
46531118
46531170
46531466
46532128
46532273
46532857
46533046
46533121
46659603
46795141
46842532
46956493
46956787
46957122
47018521
47054439
47177102
47188647
47258553
47360449
47378292
47427344
47452605
47459168
47461719
47607833
47752135
47955473
