11798
26105
36050
37712
115986
119376
130444
157250
163171
181052
214377
235720
252900
265968
307707
316564
319976
361418
431858
446295
446529
475697
529690
559985
568884
590289
596167
600355
628860
659560
761552
781716
790656
802735
825267
897175
927435
956295
992829
1008866
1053903
1054168
1083680
1085669
1117022
1167248
1179102
1211732
1281687
1293552
1340482
1342318
1392378
1443249
1448590
1464484
1508454
1509125
1639228
1647870
1693947
1728501
1816687
1877530
1892126
1938856
1945124
2050286
2175706
2239124
2251142
2313196
2325524
2350512
2350592
2446434
2550754
2616396
2728334
2760020
2831258
2980110
3002476
3156019
3164346
4477481
4831861
4895061
6747581
6880751
7133671
7221621
7778321
8697461
8745501
8958631
9797941
10887981
11229861
11725611
12056021
13797691
13999431
14433831
15231521
15577882
15596225
15623990
15842910
16027552
16029199
16099995
16232743
16239709
16540876
20172814
24902756
27230251
27298831
27525391
29099432
29099868
29124792
29126540
29521709
29528368
29610149
29663232
30101195
30283038
30586215
30600093
30891932
30897722
31128614
31153786
31285314
31372272
31448506
31644084
31649667
31721260
31801944
32044253
32092705
32092835
32198187
32217369
32256164
32295746
32300584
32300613
32307946
32308153
32309373
32318473
32327291
32353250
32355871
32390084
32469392
32469495
32469717
32469967
32478036
32482658
32495626
32496446
32496714
32496777
32504440
32511073
32544216
32544777
32554504
32600242
32631611
32662280
32665042
32665248
32791811
32892341
32935138
32935830
32937126
32961177
33025836
33101406
33127455
33146438
33156589
33158741
33194995
33199410
33227839
33228741
33228745
33239512
33349449
33432979
33434380
33471284
33510685
33565098
33632124
33652931
33661730
33663295
33687535
33693696
33720587
33735973
33753878
33769647
33778662
33848398
33877176
33877492
33895659
33968532
34004421
34021836
34022153
34037563
34040562
34042846
34057308
34059576
34068653
34085698
34085752
34094217
34095794
34102508
34103390
34110546
34111316
34181080
34194247
34198658
34218621
34234997
34269952
34385049
34402408
34457871
34473917
34549363
34595217
34607120
34608438
34622597
34654084
34711755
34721057
34738246
34746956
34777660
34803123
34818170
34850518
34934984
35120195
35400072
35467713
35467736
35585111
35658308
35705406
35710628
35757014
35787021
35810579
35891490
35948177
35976180
36142896
36292045
36297461
36304976
36327691
36402740
36583105
36632424
36632772
36660989
36742325
37061663
37076955
37212632
37234673
37257065
37546190
37609810
37725674
37931738
37964412
38053993
38353535
38504120
38622085
38800942
40328496
40398270
40815458
40818502
41250206
41569682
41670506
41886838
42832604
44070277
44442114
44572569
44828232
