46345088
46563085
34439726
33815625
42520168
46592628
46013153
975165
326035
40574364
47491543
39195144
35721001
3119605
16652077
35951610
10887981
2864498
38296369
37962279
38796319
2143152
3127516
37583211
336159
36058595
47734735
44298062
7128081
34977221
27014278
76934
8174081
833768
47520005
749226
40703703
47414616
35551110
30283038
34859371
1445455
34664661
596167
38504120
39011023
16692985
16050617
40755081
46823984
31759977
33788293
16464154
33119240
31140147
954639
34039531
46481292
46437825
45184976
1477035
37321660
46191075
35024888
46067854
39685847
34110308
36223474
44459233
33132170
7708711
34176815
33101621
13797691
2571472
31534848
42162600
45415234
42584673
45373072
34387564
38095687
35021150
8329381
34340596
42517159
289548
31313419
45235691
1662881
725217
45107850
306722
34643835
43686943
36538189
43021651
29638879
11967091
39498303
12128141
36161663
37043833
37096030
11229861
41170699
12711881
15623990
33565098
42056861
44442114
29126540
37937240
31880815
33052341
37313925
34243702
41514691
35586471
37609810
44233189
32390084
13825821
44240159
38067335
36645695
33455400
907697
34268940
43612058
40648907
480783
38894847
33748078
43208417
37054012
36863105
37061663
44007420
39480855
2145458
30664623
35986072
37075133
37921378
41306593
1910430
31654607
33719411
20201428
3014848
33015800
38010354
32444603
39380507
41591751
5815311
35200183
43698619
43848907
31448506
38564916
32352848
43803536
40465984
41963216
42726156
38531018
33004543
6796441
36747329
35971388
43682983
2811256
36313076
20314600
38099266
33618340
1648582
34313704
347700
16126486
43332102
34741193
42592435
39604976
38594007
43453883
35322329
35257421
32244163
42993963
32306543
43386096
15596225
43273366
842663
5617901
38012361
39101441
30026118
41386918
2482814
39655565
34725190
31089854
42986642
6299361
33208975
43097358
40589506
313488
37121970
32854013
40374533
5658921
35580368
15671315
42235052
39956902
2091054
1200306
32454918
8530541
36991232
1171095
32556320
374221
34288861
119376
35842818
35008493
38182077
42026741
40328496
35497249
31367431
40585699
33471284
1895100
169492
37873266
11798
38404594
1634403
35356466
30161279
20172814
36050
38545429
38401418
38210122
37387213
927231
36676406
36303175
36239170
1877530
35495501
559985
35478307
35380676
35228167
34785046
34699197
34666556
1443249
31045523
2901082
33955804
1464858
1518718
33234347
31859942
29594413
32972618
2365790
32638559
166653
3085199
4698821
16158153
