9134
11798
36050
76245
118123
144453
169492
191777
193832
229746
313488
336159
347700
559985
596167
672965
842663
954639
997522
1089429
1313728
1369502
1642310
1820663
1877530
1955610
2050286
2618508
2630504
2724988
2756024
2815434
2831258
3157764
3235457
4255031
5815311
6002901
6796441
7011261
7158451
8898841
13797691
15420311
15543073
15671315
15981104
16050617
16652077
16692985
20314600
29127118
29638879
29931219
30430820
30692628
30767445
31654607
31677098
31974640
31988181
32133313
32556320
32854013
32976222
33052341
33114324
33285919
33354865
33596879
33650487
33811255
34084793
34202335
34261097
34268940
34595388
34651665
34726732
34844519
34934984
35191439
35322329
35356466
35580368
35640554
35727945
36040285
36080478
36295327
36370607
36392766
36413583
36614252
36660866
37021876
37036907
37061663
37070519
37096030
37282818
37313925
37609810
37642160
37710960
37788492
37855813
37871689
38095687
38209302
38420098
38502299
38504120
38538968
38594007
38962779
39480855
39818466
39922367
40168236
40328496
40479611
40517135
40755081
41441868
41856164
41871077
42162600
42581711
42584673
43376737
43712100
43877592
44081214
44442114
44459233
44536810
44545745
44851715
47176019
47206111
47349661
47539968
47643906
47658877
