4
11798
26105
36050
51916
119376
148271
193832
206534
253770
289548
336159
350737
369962
393784
406610
440114
494698
559985
596167
661820
686709
711157
770286
771064
843392
858194
860159
882880
922606
954508
1002681
1024964
1060580
1061967
1116532
1121522
1146459
1171095
1200306
1204450
1267962
1276253
1280973
1353159
1402139
1447774
1469507
1470788
1479878
1494589
1525921
1566004
1634403
1675428
1809921
1873720
1877530
1887148
1892260
2050286
2128418
2227824
2235816
2238228
2628116
2631490
2742878
2777806
2785044
2815434
2955894
2980214
3032431
3113844
3146907
3160899
3191863
3240309
3794401
4169401
4271091
4581761
4682891
5395961
5585101
5819471
6014431
6299361
6458401
6828391
6836291
7063981
7232311
7572711
7784011
7841601
8286301
8398301
8522911
9035721
9565781
9864881
10149311
10285171
10340071
11019721
11304551
11967091
12474141
13797691
13854751
15231521
15549120
15596225
15623990
15640419
15646254
15649922
15671315
15685054
15706969
15713070
15728007
15794881
15805038
16028948
16045792
16136536
16137314
16196641
16214929
16607074
16608844
16700122
20172814
20289058
20328433
20368165
20390872
20516569
20549389
24655228
27006913
27076372
27199756
27280708
27444286
27484369
27540910
27584491
27955211
27955552
29012468
29015921
29266950
29317550
29549168
29573894
29593613
29638879
29648622
29778374
29803440
29918104
30142635
30242254
30282794
30549617
30552429
30736887
30790382
30815668
30831642
30835535
30979540
31082396
31143267
31172140
31186772
31248009
31374799
31432310
31463035
31493861
31525614
31547039
31562293
31683805
31727017
31766278
31822003
31828884
31988181
32046968
32082224
32121230
32133313
32140872
32371175
32388652
32444603
32638739
32747296
32776486
32846548
33015800
33052341
33061919
33292729
33298552
33326226
33359260
33471341
33473218
33946781
33999703
34083448
34093276
34146113
34176815
34261097
34268940
34387564
34394807
34604345
34716957
34759869
34818103
34844519
34856429
34867697
34944978
35008493
35136540
35192754
35279376
35289124
35300210
35322329
35339459
35356466
35395359
35425599
35561457
35580368
35586471
35757014
35801140
35935521
36058595
36410518
36451118
36465183
36660866
36663285
36682596
36808298
36934797
36995972
37054012
37061663
37297552
37355927
37598518
37609810
37654088
37788492
37928042
37937293
37964412
38032583
38095687
38273480
38302075
38345615
38594007
38831620
39033410
39198616
39255036
39485004
39641423
39914632
40328496
40385352
40421756
40464550
41023720
41199976
41234612
41263681
41303431
41864342
42150688
42200942
42213061
42584673
42698273
43021651
43273366
43686943
43982336
44002493
44007420
44077883
44182551
44235508
44283738
44416407
44442114
44477045
44648586
44702219
44810461
44838960
44884482
45025690
45076958
45107850
45109725
45205992
45210371
