46057587
44606767
37054012
37937240
1171095
46219823
47972301
43686943
47389416
37962279
37061663
47752135
47723991
33567901
8896231
39410289
47694511
42027587
44519246
1709978
44536810
47586890
44545745
47569242
41578923
40168236
1430045
3014848
47490869
47487031
37183393
47427344
47482163
47468131
1313728
47454089
31781162
31963927
14505171
44270317
30289612
596167
47440558
30430820
15706969
40903138
44599867
29650066
33012343
37201219
30136276
35949017
46477152
36748465
38504120
41856164
44747247
47179247
45787273
46025386
47368273
869561
29931219
47188647
40328496
34656089
47223195
16652077
38215952
45002913
3020399
30283038
954639
43016837
36496295
35743226
41569682
33455400
45471556
29638879
29584654
36161663
44442114
32390084
37609810
33052341
38095687
34315187
35586471
2722854
36863105
38894847
43698619
42592435
38285285
39209504
35597765
37673181
37871689
35497249
37619643
8068871
32522574
41850586
38606502
20314600
38800942
900134
37794049
32387580
38622085
38866331
33432979
37234673
33471284
37076955
39525009
6490561
33194995
39207405
34261097
37781885
20172814
33292729
39140353
36228861
39009764
38987674
38975779
38677786
38594102
38209809
38305440
30101195
33596879
30007773
35911395
36299528
15596225
38030667
2811256
35310219
37950741
1167248
1688338
29956289
35757014
37108085
37513847
27122866
33446198
228748
29596609
36696017
31649667
1322549
37123750
37382557
13797691
36654419
28094275
33596861
36583105
36036876
36090835
36292045
32522806
36543182
35969575
36628102
29902611
36581096
36366713
2474340
34934984
35636702
1895100
35390395
34240403
27757705
31627400
34385049
1940432
33968532
33478703
1464484
559985
1388397
34850518
33811255
378152
34818170
497208
31328625
360832
1397526
34008691
1085669
1877530
34442237
32496777
33778662
34352304
1053903
11229861
33834984
33158741
1340482
7130251
627356
34393332
446295
33429447
8697461
31448506
32496446
29521709
507308
1612850
34244887
31999191
34231198
32355871
33687535
2987484
978714
1110624
32614942
34094217
181052
36050
32366026
33996044
32300584
16101208
32495626
29663232
32092705
33720587
32469717
32469392
2688970
32300613
20500606
32307946
16029199
32327291
18128
33228741
1312216
32318473
119376
32544216
29124792
2424064
29126540
32892341
29512837
29876444
32268260
32263125
30664119
31128614
32658361
29099868
12056021
1187496
30200413
29099432
32478036
2350512
2399734
11798
