37413241
40982320
519574
40574364
48048154
36413583
43236174
1375382
46208381
35951610
47052924
37391952
30348316
39139537
44070277
47484822
47468131
44169385
44599867
47417343
38215952
28137
37590878
1435305
24655228
41359295
39688519
46487027
32685060
30283038
34664661
37183393
40903138
29931219
596167
571983
559985
833768
46795141
33012343
31759977
38538968
9134
35867886
44165505
38181860
39645605
29777439
37451636
38535689
36342408
35586471
31766278
16117522
45184976
40755081
31140147
33298365
46219823
40344160
30229260
1085145
35703455
42046778
46315435
45830718
2567778
43158835
40287965
38957184
44459233
41283546
45132026
43078019
32444603
45343032
34595388
30008136
842198
34844519
38095687
33106804
29638879
42584673
34059576
20390872
35300210
44225465
45084328
33015800
44911373
15652765
34288861
31562293
30291452
43686943
42056861
6604351
34297224
33061919
33461345
33565098
41170699
32390084
37609810
33052341
190795
44233189
16022909
32029613
44213915
543637
41670506
37520186
32363494
42592435
4255031
37871689
41973868
41763343
757801
41645642
35497249
37545051
29231377
41012148
34612997
39826543
37794049
32764561
33232042
37076955
33194995
311546
39206715
37873266
20172814
38204030
27820531
36991232
33471284
38151428
38861356
38594102
30444363
30161279
37580198
34317415
37282818
347700
38030887
672965
35310219
89866
336159
2679824
37104031
37212632
37962948
37950741
37850322
36556814
36859743
37624508
29596609
32775926
32276072
35356466
22800
37251405
31649667
1688338
36908366
1480870
36292045
13797691
32504440
34212482
790656
34385049
15623990
29663232
34921869
1464484
34320769
73744
16156280
34818170
32496777
1085669
2043944
1397526
33158741
32662280
31435765
29164309
34622597
33687535
34352304
11229861
1053903
33245263
34402433
1364989
2531326
31431900
32482658
1281687
31448506
1179102
29099432
32355871
11798
36050
34244887
32300584
33720587
8697461
29124792
27230251
32469392
16029199
30407419
33228741
119376
1443249
32892341
32693776
32600242
29099868
14870671
1877530
16695088
181052
11699631
10529761
30253633
16749982
29029213
1167248
63959
51268
15816217
3158603
3200203
