34412742
48083010
35134764
37632996
40827416
48068440
979013
39140353
41287492
46442156
44606767
45968710
31084666
37078428
1251955
47972301
6663791
46345088
44545745
48005451
46860034
7879801
47267180
32185847
1126892
14382921
44011125
47933656
43961188
47914269
37987387
36413583
37545704
46328525
47799520
32911803
47874439
46542374
47616526
47855539
29777439
47848860
42970899
30557958
1092136
30161279
47840307
47177102
1451909
45007213
47176019
42898395
1450237
30692628
36358059
42463761
31159735
47738025
47726396
47726522
47732363
33491714
45981674
47221767
47653635
27175597
39410289
46635654
43762390
47685771
38420098
45760294
45756987
30348316
41731753
47655207
47651703
47652747
37634426
47632970
31394077
44536810
35906528
40574364
1563881
47627083
46441283
38385633
46301843
45510587
1430045
29134571
2491948
47590413
47588578
47584482
46180939
1701337
35949017
45505081
47176474
45756365
47520005
37871563
44070277
40168236
40817704
39886727
219392
37124606
44953642
36775060
47485729
47466546
43950042
44030360
47448131
46208977
1313728
14505171
47004401
47450159
44028603
44027773
46689782
47414919
30430820
47437326
47408424
47423968
30136276
33788293
44599867
37422961
291688
47365209
47374574
37752457
869561
37220460
3039342
38215952
45692230
34656089
16652077
34439726
47153504
47265284
47253962
47188647
47207979
36922625
47183125
46323667
47179247
47144878
47178196
47177570
156376
47054439
34134004
32376022
45803840
41285607
46993881
43376737
36381512
47152853
40388727
15789805
35549764
32259493
29887929
47128302
44442415
2522716
44442169
44442072
44441789
44441695
44441639
44441525
44441475
44441426
44441296
44249266
45391268
44220531
46245577
44221070
44221523
34903603
37199454
35959134
46133173
33667720
39149585
34664661
2864498
9361461
46742330
33298365
12693151
46487027
46972263
38535689
32653535
16692985
32595977
34860283
46954560
37546190
32602742
46529783
46928913
45558296
37753812
833768
46907541
37183393
40903138
33012343
44902260
46893453
15793040
1443249
46875060
42090563
38504120
29931219
16137460
8431361
46212896
33740996
31759977
38254966
41064061
44338412
43284524
42006399
39187044
3043392
46564196
46760637
45023377
31641561
44454025
954506
2676056
16045537
46738063
46735642
35867886
36575960
46514375
46634444
45800673
44165505
39645605
31412838
45818068
41928997
45646584
7373991
34853053
45865577
1610813
46529463
46529439
1246018
41645370
31195375
38538968
39535400
46529418
46529404
46529386
46529364
2786904
31409774
46611352
37775536
46529348
43044654
36995972
46213120
2955762
16117522
46393156
36167527
1722990
41286185
40721308
46528845
46528826
46528415
46528371
46528363
46528393
46528342
46528860
29632585
16084020
46528325
46528308
42852451
46528297
46528285
46528273
46528253
15828281
32163920
20529232
922703
757519
39880797
39688519
45525248
46279408
33597645
16050617
46500335
46500374
46500319
46500289
46500264
46546063
46500222
46500193
46500180
46537646
46500161
36253880
36614252
46140584
46504632
35309271
46499640
46494637
31140147
43822772
34623214
45803658
514070
13806861
44412070
42849987
46468475
34158370
42811248
45113964
46454010
37314712
46429479
45817836
33596861
46444112
45316965
36316792
42046778
42157258
46437274
46424470
36879718
29541566
39939581
38273490
46413678
15670102
42297858
44282300
46390132
998536
854518
2836058
32707647
43712100
45830718
36444785
45964355
46315435
37177606
46006290
35024888
40101476
46046013
1085145
43502677
952584
38300443
46314871
46219823
37321660
40344160
44433601
43709351
41593843
45479448
37102501
4341061
38001692
2219624
6679321
88966
46191075
2149464
33860932
38197268
34384448
45030226
27476272
563972
46025386
16499668
30584772
34321778
39941236
41507229
29917273
32820934
35703455
38087037
3231996
20426323
35716699
41193047
1818133
45303065
39623249
697526
42734274
29061655
34059576
36484819
43246279
46012061
2593360
40512821
1723326
38135314
31803307
40318244
37848382
121766
31940961
27915539
30146091
1472430
16115831
27822787
27916531
331561
36322529
33726393
31366253
36092879
3166898
15797557
16389685
46196797
10927651
43413766
44027486
44122607
44030022
44192326
46194282
38907515
46067854
358730
43762870
46093416
45521473
46099288
46132983
45531017
650034
45760437
30171681
35941718
27913213
43104337
1720935
43494458
46073206
34287134
46073372
36251152
33741778
1029377
1683427
46073472
588088
39672592
44459233
36809558
33548178
45184976
5129021
46002168
30229260
37639320
45984961
30089251
37425820
16072171
43740077
43924687
744709
38621689
45941848
40436877
35485540
2785044
8507811
32625132
4132931
40877485
1672546
44572569
31943119
45773803
20329657
37452480
35733175
44430385
9134
43076820
45820839
37950532
41172101
1564659
16457329
36614161
3885971
29287180
32638739
35417620
45770929
45303557
45760498
11731291
44935421
33900379
40680602
45738376
45724109
37055960
2721352
34039531
44189677
45343032
954639
45564515
45639247
34767125
34032473
42586385
1445832
39243483
43885995
45362797
39890015
45447015
752175
42600013
1171095
45573792
44758691
13797691
33306221
41856164
39608793
29272566
1648582
42742458
1470788
44775968
45516540
37788492
32676884
39125648
39255036
31020335
42698273
45487336
41282414
2186258
31869643
39621372
33106804
40228776
2574908
38559744
275127
37100029
38391762
7704701
206534
34387564
34281074
729693
44129259
36058595
37590878
34850744
36851315
35021150
37138991
29145300
44798093
42584673
32472627
44007420
309048
39720820
34243702
37404001
35468714
45293742
45210371
44121389
45266118
1370381
32427728
24655228
36303628
43734740
9035721
930744
36964504
41834390
29638879
45184352
39876830
37938771
8604821
34854332
8046881
35617157
1146459
145769
33152906
43383880
38860322
3091681
37478453
34714895
44182551
6801871
45109725
34548976
30790382
40735688
42200942
42213061
31313419
35289124
440114
45107432
810427
45107850
15640419
27454525
391722
35300210
34595388
33711936
1873720
16028388
44238567
43021651
45058947
33359260
111082
14634791
31773402
384629
16764574
29004482
41846285
36957144
31887466
2968688
31408319
31976226
36561605
44269315
36466227
43458771
36664238
192921
41819191
3119206
44225465
289548
41583566
15231521
36496295
35192754
32687618
1892260
34125476
39354233
644896
31248621
1304775
843392
43519671
31908164
954437
226846
36485470
34176815
36128868
34310286
15602343
44882640
4978891
44819382
434713
360298
267874
41689901
26105
40304817
44789299
14658981
42775176
3140811
15652765
43686943
15583108
34844519
30686442
29051192
44782404
29092207
36568691
1473720
20505799
35787021
44754418
37928042
31811025
35180320
42148641
15587234
42279793
31172637
33461345
16808788
771064
15420311
43601805
3119371
41660094
33495562
44283738
34271915
44707710
29260744
43052766
976952
30498899
42216749
35355781
38630457
4003951
39922367
42440304
44511636
32722484
8892541
31068752
1172857
41791843
617637
35555374
41170699
12711881
1826429
1696071
44331410
36132341
31297544
44171637
44553660
37028700
33147239
6455781
42626249
12136141
33433065
44502841
37592484
44563047
33650487
32180353
42994924
336159
901862
44214452
39747150
36161663
33381154
1164393
44519117
2945202
37355927
41300795
968552
37132112
1096416
34297224
36222354
40498342
44513121
44517878
31784602
42056861
35969597
36313076
33100581
1056519
29257842
27901078
39391346
1019396
42913775
41918196
29157047
37296122
42162600
5416941
16099995
3024943
33565098
194379
2581328
29585315
20662
31479009
1298334
353044
33580073
25220
2043228
32959521
175457
3172294
34511692
1072075
33471636
31363916
38494680
36523232
44081214
10533921
44464732
10128871
1899318
37043833
37656844
44461741
7406441
44460727
32242403
43882475
43377603
29326936
6221251
27707434
33628478
1460243
30004004
866596
1022228
1296747
32580326
895038
3239693
42181911
31398394
166648
42468526
44433327
35834592
41080787
37121970
44445012
44443425
36841972
44442114
36841611
12128141
27645211
43073
284526
2825260
44441172
44440837
36808298
3178880
111375
43016837
2672534
34708597
44435999
32493978
41009807
11516181
29015921
36292045
33258325
2263350
555518
34819177
39631002
32047423
32574166
245725
36386163
775272
42136457
36351009
37460392
36954083
30145966
41585171
20390872
38095687
3159716
36003046
37065542
31512725
2332404
30640819
36677392
35681048
889807
44145023
30803818
1174125
37490833
36900036
15102371
9769361
44172861
36131770
32898475
16475125
3168954
36075581
3049907
34884676
27717268
39129800
32948610
1796871
36459956
31495478
32614267
29126540
14424701
253770
44399210
48131
41622579
33261298
16800910
2845120
35128763
44235508
32977008
825833
37991909
16575364
15674567
39510012
36538189
35965164
41390495
1800445
1346677
38361319
31008489
8690351
37663535
29892702
76245
31525614
37582932
1294972
1432982
2180884
38282354
32288681
1413082
35321671
1615461
43057309
40638943
37893560
16060131
33194392
2013306
29994812
33052341
36838596
37623088
4768471
38181860
30416368
455333
37182175
1368322
37937240
38547419
35317334
1146169
3041085
39493094
33329099
3204888
715756
40478260
3175580
3076087
76773
37842897
6865391
16021705
27392044
41946144
40755081
38747840
9976211
39726868
190795
44327396
37758960
31647125
36255481
849318
33032038
37550336
44233189
38708605
34240673
16464154
39578140
133969
31513049
33925978
339034
34643835
31552785
16158500
31103120
30551620
2871618
29185947
368373
35066240
35788757
29942562
232353
42177082
1875638
29311243
29191617
33596879
34815842
356914
12032211
32488198
618270
44291389
32322020
40800957
37975890
11429171
36804885
37374584
576681
15724557
2227096
1070510
698395
29272920
14785
31535013
37562173
347839
396410
34093276
31684917
33758680
33829013
44276587
35434038
36359674
540348
44273030
39373492
1500558
30063434
27880359
27243754
10238631
30567215
36149962
37937293
37609810
32390084
35964482
4319251
35645513
14000441
15542713
36705075
44215481
33241195
38012361
36766421
36971276
40682417
41871077
40241860
39504905
4547961
1642496
30600093
112122
4908011
1692677
34973867
31353623
10493041
3200581
30764203
29775700
36394019
16785088
7220461
443714
31790437
37413241
1193922
41416708
2138112
5460651
44022426
36524396
3018337
44203381
1228929
412971
886370
37522074
44114714
43572677
11893891
1058130
2714846
15972982
33455400
16174613
36088512
8254651
8294481
12471661
31833200
7602851
1895250
40818502
32842938
39377571
6370871
41299272
33305632
740601
418004
719715
262763
8878581
905447
34772865
160161
256864
30905246
15723208
41103846
37709854
8253491
15760601
1564688
38218223
996539
43558125
42066752
36663285
43612058
39056349
1511330
33721731
37693563
38067335
1518211
36645695
44145362
40284234
15735168
36233947
1284048
388335
30920027
360050
20490190
15692059
237161
15679694
3492191
39117598
43208417
45026
975165
36503046
32587693
43065481
32781955
36145887
34858547
32670866
36863105
2151646
34288861
33881883
44047210
15804023
34741193
2572946
27450523
144453
42426414
39853044
62697
31974640
31512952
1308611
13915971
2633432
411258
16232743
36042986
39333685
41514691
29584654
2663722
34560843
41213160
20268868
155881
32842748
480783
42581711
30682077
32444603
43998069
5207571
1502973
4575811
3064384
36177229
38677419
27792997
595215
37075133
16010663
33794146
230737
38917852
30696473
977729
15734920
36144287
38870132
1204656
30712294
2141954
1484582
37048405
1207492
43956145
3007474
36054204
10308001
40704817
15761659
31115458
38034973
39897751
252225
37718132
38104917
33849889
2389568
2205364
39595272
30959857
40701193
39147621
36165552
8094391
33181084
32752311
589025
453691
32376358
38493267
9392901
7540461
38127624
31248312
43535873
33731680
31654607
37623667
38531018
32133313
5815311
40287750
37754298
10038881
34904612
41464994
34959361
43535978
34829884
3692151
38564916
31766278
1326480
6499981
32454680
37191019
43698619
1695917
40851512
286750
40902096
1180900
3931101
34094382
34730060
1331412
32260606
1537768
14503411
34818342
38545678
35971388
313488
33277199
43110190
15754928
39969276
34000110
38594007
43610974
36148194
1201332
43553478
34313704
38099266
42941011
36280940
6796441
597881
36200075
39604976
1589279
7627121
33564612
41128286
35455246
43140368
1929708
41386918
43384540
38894847
42993963
20201428
35802271
42235052
37567334
42747319
41591751
39956902
42986642
40374533
1109902
16033322
43158835
157020
37642160
350737
37881385
42584748
37140982
39480855
41992267
43088536
34702790
30664623
38182077
32603445
16027022
43001172
40720638
2066900
40982320
41587978
37921378
39406531
280596
29099432
1579038
6299361
314165
522072
34886224
189459
4255031
1286661
36261291
20574376
34517156
359395
32182070
30582888
351192
37111569
42726156
3055894
36436287
42744699
42699716
42251486
37313925
16037073
1975098
7708711
42592435
29194948
41593019
42116343
42203069
757599
37855813
2215016
29099199
40566167
33618340
39249006
36180558
36727536
32556320
2151322
42406930
37179877
997522
41003588
482095
13999431
41441868
15706969
29534878
35586471
37871689
37096030
16505773
37045120
41073123
42170732
35008493
42029492
37739941
40280338
3899521
429966
37619643
2449396
34285713
34168714
35356466
2811256
36223368
38450105
37930916
41905998
33671938
41477852
475774
41324465
14341541
19456
39423203
37094341
38553073
2630504
34193274
5048441
536148
2278742
39007267
36400299
32406594
39822756
33015800
496610
2922
37054012
1710021
6906571
41763343
32377444
36468700
37061663
41786562
34612997
13825821
16424818
34021836
1295513
814974
16353691
41398214
38233811
6486991
16381924
12545151
31136234
41618405
20205853
34009183
7125281
31020841
39498303
1250749
41420682
29787255
3483631
37564399
41645642
41582800
32121342
31579071
27453715
1510906
34470821
32471395
36296257
41329665
36997516
41030531
41399161
35652721
31916219
37815761
452355
29072050
2008264
31007302
33116909
12532471
423574
725517
1310439
29131195
41248896
13943411
33597734
124891
37830557
41519874
672965
35640554
36094392
31573644
2468006
1124668
37118608
29663232
8900301
783252
1163439
41430233
34767872
1870502
37529790
514018
38638408
40375098
1460367
1620603
29260490
35062631
38139013
40509706
1930960
27154162
35736619
3168700
55478
29801290
36659701
360198
2715148
36722553
76934
332862
34202335
213781
2724988
41426007
2944724
1156449
842663
37272257
39683755
1619907
34560512
41412995
1472628
38910283
36660866
914936
40331625
41250206
31172140
33150806
37003893
3010000
36168038
27942267
4247471
151683
9942
1709978
33284661
31486297
29572803
41379331
27547765
1480464
33085387
35750196
37545051
31301197
36419931
326443
36593749
7147071
935495
1679010
1857240
38284504
40714247
718047
789336
37818532
31778409
3136293
15776829
1228529
507929
2261926
34248723
27057838
285500
31209702
35325743
1051286
4615471
9246841
14190
30703079
2394078
35322329
29564986
29031788
1965192
7764571
885936
35497249
37721141
1007746
30369218
1575779
9018331
34268940
37234673
36811267
393592
2689610
1364487
2831258
522830
37929828
39865839
40865490
32294965
1932138
20314600
40517135
31367431
28137
30565901
372916
4023121
3118740
1351537
34980572
35417782
904061
207513
35769485
38188248
4720381
58007
36515417
2705480
2618508
27871383
14194231
40328496
15671315
38942009
35300985
1369502
34612882
33796498
31421106
3168506
31677098
2050286
35191439
33467222
1200306
11967091
38858875
30004405
33432979
1291615
39835662
33235967
39892986
1895100
2616396
6425061
33580409
33471284
37076955
36295327
39826347
11229861
37850681
27966128
34726732
347700
37023570
2815434
37418291
11839921
36583105
33292729
37836622
15596225
34261097
37781885
35580368
35561457
31321106
37282818
39310677
2846122
30312518
34164316
34135252
3020399
36991232
27651388
20172814
38975205
1634403
4581761
33046106
312973
38053993
36865090
33194995
169492
39279801
11798
38962779
559985
596167
2332348
36050
1877530
3077324
39039103
16147719
37868085
15648163
1335045
