11798
36050
119376
156376
193832
206534
284933
289548
350737
440114
559985
585962
596167
873326
885936
1146459
1171095
1200306
1224222
1354597
1390081
1458875
1608038
1642310
1877530
1899896
2050286
2238228
2707220
2756024
2785044
2864498
3190499
3235457
4132931
4607741
6299361
10887981
13797691
15393881
15623990
15640419
15671315
15706969
15729279
16030160
16050617
16652077
16692985
20172814
20328433
27023476
29145300
29217144
29317550
29887929
30283038
30550574
30664623
30696473
31172140
31525614
31562293
31797942
31887466
31923832
32133313
32140154
32290027
32394285
32444603
32581287
32638739
33132170
33285919
33298365
33362620
33467222
33667720
34268940
34387564
34595388
34651665
34850744
35008493
35158730
35182649
35192754
35580368
36058595
36092519
36660866
36995972
37054012
37061663
37271767
37296920
37788492
38579246
38594007
39255036
39807286
39914632
40328496
40376269
40735688
40755081
41124214
41583566
41856164
41864342
41871077
42162600
42200942
42213061
42734274
42847742
43686943
43712100
43734740
43982336
44225465
44235508
44412078
44545745
44724275
45229380
45288716
45316213
45471359
45472865
