9134
11798
26105
28137
36050
104979
119376
120248
123062
135052
149574
162676
193832
289548
323864
350737
350741
372767
495829
503788
514070
539017
546254
559985
563480
563972
571983
572301
585962
596167
613342
626611
655299
665778
720214
723052
771064
824039
833768
869561
885936
954639
1033509
1063759
1086727
1090569
1169958
1171095
1213904
1238704
1248647
1313728
1430045
1431508
1458875
1460367
1473720
1495148
1497525
1564659
1566603
1601994
1634403
1663412
1701337
1707754
1729609
1820663
1873720
1877530
1975098
2200346
2215306
2238228
2253458
2360408
2470724
2756024
2766360
2785044
2831258
2864498
3020399
3043288
3118740
3752511
4898601
5405251
5824451
6002901
6299361
7244821
7784011
8127411
9503481
11039381
11229861
11475841
11967091
12693421
13797691
14505171
15587234
15596225
15623990
15671315
15676533
15706969
16017034
16050617
16073157
16079905
16099995
16652077
16692985
16764574
20172814
20240233
20561551
27596545
27743047
27764953
27799810
27892348
27896356
27962017
29015921
29027196
29092214
29145300
29227801
29518320
29638879
29667747
29777439
29814609
29824808
29931219
30007773
30136276
30161279
30229260
30283038
30348316
30430820
30664623
31140147
31172140
31338676
31421106
31525614
31562293
31641561
31654607
31660678
31781162
31865650
31988181
31988808
32133313
32288681
32362047
32390084
32444603
32561562
32638739
32653535
32685060
32747470
32977506
33012343
33015800
33028865
33051740
33052341
33132170
33258697
33279450
33292729
33298365
33461345
33565098
33650487
33726771
33860932
34176815
34297224
34385537
34387564
34595388
34664661
34738565
34798088
34844519
34870385
34884676
35008493
35115010
35192754
35554457
35580368
35586471
35704433
35757014
35787021
35867886
35949017
35959134
35976020
36058595
36080478
36161663
36194538
36313076
36386163
36392766
36538189
36559269
36633842
36660866
36726098
36730808
36748465
36808298
36863105
36954591
36995972
37043833
37047665
37054012
37061663
37096030
37124606
37183393
37321660
37590878
37609810
37623052
37937240
37937293
37962279
37987387
38067335
38087037
38095687
38181860
38215952
38296369
38502299
38504120
38538968
38579246
38594007
38630457
38850077
39139537
39243483
39592726
39615207
39645605
39672592
39880797
39969276
40168236
40328496
40344160
40388727
40498342
40678592
40735688
40755081
40903138
41283546
41300795
41630304
41689901
41856164
41961537
42046778
42162600
42200942
42279793
42297858
42468526
42581711
42584673
42586385
42640321
42683619
42811248
43021651
43076820
43158835
43291768
43376737
43686943
43712100
43982336
44002156
44002493
44081214
44114714
44125296
44165505
44233189
44279502
44283738
44331410
44412070
44442114
44513121
44599867
44782404
45002913
45107850
45179345
45184352
45184976
45227760
45316213
45343032
45391268
45525248
46001613
46006290
46012061
46212896
46315435
46487027
46742884
46773243
46795141
47188647
47358620
47389416
47427344
47454089
47468131
47484822
47496356
47854410
