4
10
11
12
13
14
15
16
17
18
19
20
21
22
23
24
25
26
27
29
30
31
33
34
35
36
37
38
39
40
41
42
43
44
45
46
47
48
49
50
51
52
53
54
57
58
59
60
61
62
65
66
70
71
72
75
76
85
93
94
96
99
105
106
107
111
136
141
154
159
162
163
164
165
169
171
179
191
193
199
206
207
212
217
220
238
260
262
267
270
272
287
294
297
298
315
316
317
345
346
347
349
358
366
368
377
378
389
397
404
405
406
417
421
423
431
439
443
449
459
465
466
470
481
508
526
537
540
549
550
553
556
557
564
569
570
572
581
591
595
601
610
611
619
627
635
688
692
698
699
737
738
743
769
776
779
787
791
799
810
817
823
824
827
832
852
854
864
870
872
877
885
886
894
897
905
906
912
916
920
927
929
940
941
947
965
975
992
999
1004
1011
1048
1057
1063
1067
1074
1078
1082
1094
1096
1103
1121
1140
1157
1161
1163
1170
1176
1180
1182
1186
1198
1204
1208
1220
1234
1258
1260
1262
1266
1270
1277
1292
1309
1341
1345
1359
1360
1366
1372
1373
1374
1380
1387
1396
1405
1415
1417
1422
1423
1446
1490
1491
1492
1503
1508
1516
1526
1534
1538
1541
1548
1564
1584
1599
1603
1605
1606
1608
1634
1636
1668
1698
1700
1711
1714
1716
1721
1724
1726
1731
1735
1783
1784
1818
1827
1828
1833
1835
1836
1850
1911
1915
1929
1932
1941
1945
1946
1957
1969
1978
1992
1994
1996
2004
2007
2052
2070
2072
2079
2090
2098
2104
2108
2116
2119
2125
2134
2137
2142
2149
2157
2167
2227
2230
2231
2234
2250
2252
2265
2271
2284
2291
2292
2294
2300
2303
2339
2348
2357
2375
2378
2383
2385
2391
2399
2468
2538
2548
2549
2577
2578
2597
2600
2601
2611
2616
2629
2646
2648
2649
2686
2702
2705
2727
2740
2749
2759
2773
2775
2776
2778
2779
2789
2795
2806
2809
2817
2833
2836
2851
2859
2864
2869
2870
2875
2884
2904
2906
2931
2933
2956
2964
2989
2999
3007
3015
3017
3020
3021
3024
3032
3034
3036
3048
3055
3059
3061
3074
3078
3079
3103
3109
3117
3128
3131
3136
3139
3146
3162
3186
3200
3214
3216
3219
3227
3233
3240
3255
3263
3264
3288
3311
3343
3353
3356
3359
3361
3372
3374
3376
3409
3435
3438
3440
3444
3445
3452
3453
3463
3478
3483
3510
3517
3543
3551
3583
3625
3640
3643
3657
3663
3789
3867
3879
3915
3919
3924
3942
3995
4007
4180
4295
4301
4303
4382
4385
4390
4406
4557
4651
4674
4750
4798
4952
4970
5000
5003
5023
5044
5073
5077
5176
5217
5222
5270
5288
5387
5396
5411
5459
5485
5486
5571
5586
5587
5618
5669
5766
5793
5809
5823
5825
5834
5844
5867
5885
5893
5897
5902
5938
5952
5962
5964
5968
5974
5999
6010
6015
6020
6030
6031
6033
6035
6036
6039
6040
6062
6076
6083
6091
6102
6121
6125
6143
6149
6165
6180
6187
6206
6227
6234
6262
6281
6282
6289
6315
6331
6384
6389
6401
6403
6405
6410
6435
6439
6448
6508
6513
6516
6556
6557
6561
6584
6588
6593
6606
6622
6640
6644
6675
6686
6695
6698
6703
6717
6719
6735
6750
6778
6796
6809
6833
6838
6839
6840
6857
6864
6878
6898
6899
6913
6922
6926
6928
6930
6937
6942
6951
6981
6987
7021
7037
7049
7052
7059
7064
7067
7100
7106
7111
7125
7133
7158
7159
7176
7199
7204
7219
7234
7236
7251
7265
7330
7358
7364
7372
7375
7378
7383
7407
7425
7431
7477
7497
7507
7508
7515
7546
7554
7574
7584
7599
7614
7627
7640
7654
7661
7667
7696
7701
7707
7711
7716
7719
7726
7727
7744
7751
7775
7793
7802
7832
7837
7852
7872
7877
7888
7897
7913
7918
7921
7935
7940
7942
7946
7948
7952
7966
7968
8015
8021
8041
8054
8060
8068
8077
8079
8082
8095
8096
8097
8101
8121
8128
8131
8135
8145
8150
8161
8166
8167
8172
8184
8203
8206
8216
8217
8222
8242
8249
8263
8267
8269
8270
8291
8300
8310
8313
8326
8337
8343
8371
8372
8387
8412
8433
8438
8454
8487
8492
8503
8509
8513
8514
8518
8519
8525
8526
8527
8537
8564
8587
8588
8606
8616
8626
8632
8633
8637
8648
8651
8652
8663
8667
8681
8684
8740
8777
8778
8787
8820
8821
8827
8829
8833
8852
8861
8885
8887
8889
8902
8907
8924
8954
8957
8960
9002
9006
9034
9059
9082
9088
9090
9097
9115
9134
9142
9149
9164
9183
9197
9218
9240
9241
9271
9279
9328
9363
9384
9403
9422
9426
9465
9468
9472
9517
9539
9543
9572
9576
9589
9595
9608
9611
9615
9619
9620
9624
9630
9636
9637
9639
9650
9652
9653
9657
9663
9667
9688
9691
9712
9717
9720
9742
9750
9758
9765
9778
9781
9798
9799
9807
9808
9816
9828
9831
9836
9842
9844
9866
9868
9875
9878
9881
9882
9884
9895
9908
9913
9918
9924
9927
9928
9935
9938
9939
9944
9954
9961
9965
9971
9972
9975
9999
10000
10002
10004
10014
10015
10017
10020
10025
10030
10040
10052
10060
10073
10074
10075
10081
10084
10092
10099
10110
10114
10120
10129
10132
10134
10140
10151
10153
10156
10182
10185
10186
10194
10208
10220
10233
10241
10244
10245
10256
10270
10271
10275
10278
10281
10294
10303
10307
10315
10324
10331
10332
10334
10353
10363
10366
10367
10369
10370
10376
10377
10386
10390
10397
10400
10410
10415
10420
10421
10424
10429
10463
10466
10469
10474
10483
10493
10495
10496
10498
10500
10504
10509
10520
10528
10545
10551
10552
10573
10575
10580
10584
10586
10588
10594
10598
10605
10609
10611
10613
10616
10621
10629
10630
10638
10642
10645
10651
10653
10654
10655
10657
10659
10663
10665
10666
10669
10671
10672
10679
10684
10697
10701
10705
10708
10713
10714
10725
10730
10732
10734
10736
10739
10740
10743
10746
10749
10751
10753
10755
10756
10757
10759
10763
10766
10767
10779
10780
10786
10793
10798
10815
10826
10827
10828
10829
10838
10839
10842
10846
10853
10864
10869
10878
10881
10882
10883
10887
10888
10901
10905
10906
10907
10911
10912
10913
10915
10924
10927
10930
10937
10938
10950
10970
10980
10992
11002
11011
11021
11029
11031
11032
11042
11055
11056
11057
11064
11065
11068
11071
11090
11096
11101
11111
11116
11123
11128
11143
11152
11157
11159
11161
11163
11173
11175
11179
11180
11189
11190
11219
11220
11223
11239
11250
11251
11255
11259
11260
11264
11269
11270
11272
11275
11280
11285
11289
11292
11301
11312
11319
11320
11324
11340
11346
11348
11353
11356
11360
11362
11365
11366
11375
11395
11398
11405
11406
11411
11417
11418
11419
11420
11421
11427
11435
11440
11444
11445
11452
11455
11457
11463
11474
11485
11486
11504
11506
11507
11508
11515
11516
11521
11528
11554
11560
11561
11579
11582
11584
11586
11590
11591
11602
11604
11611
11616
11624
11631
11639
11641
11643
11646
11649
11654
11662
11669
11670
11673
11675
11677
11681
11682
11696
11698
11700
11702
11707
11724
11737
11750
11752
11758
11768
11769
11778
11787
11798
11799
11803
11806
11809
11817
11818
11822
11824
11825
11829
11831
11838
11849
11858
11860
11874
11878
11880
11886
11898
11905
11915
11933
11949
11950
11954
11959
11962
11963
11969
11970
11972
11975
11976
11977
11980
11982
11986
11991
11994
11999
12000
12003
12005
12008
12012
12013
12021
12023
12024
12037
12038
12049
12050
12066
12073
12074
12078
12082
12094
12095
12096
12097
12127
12128
12130
12135
12141
12146
12149
12157
12165
12166
12172
12176
12182
12183
12198
12221
12232
12251
12262
12285
12287
12297
12301
12304
12307
12319
12328
12339
12363
12372
12376
12380
12394
12397
12401
12405
12409
12413
12417
12418
12422
12424
12430
12442
12445
12458
12463
12468
12469
12472
12475
12481
12485
12489
12495
12497
12504
12515
12521
12533
12536
12537
12542
12543
12554
12563
12564
12566
12571
12572
12574
12576
12589
12593
12595
12596
12603
12605
12620
12647
12648
12656
12660
12663
12664
12679
12693
12700
12702
12704
12721
12730
12736
12738
12753
12765
12771
12775
12781
12786
12793
12810
12815
12816
12831
12836
12839
12841
12842
12843
12844
12851
12857
12858
12861
12862
12865
12867
12874
12877
12880
12883
12884
12895
12898
12908
12910
12912
12913
12919
12924
12930
12937
12938
12940
12956
12957
12960
12964
12980
12983
12985
12988
12991
12992
12994
12999
13003
13010
13011
13015
13021
13037
13056
13060
13061
13063
13073
13077
13079
13083
13085
13108
13110
13115
13128
13132
13133
13143
13145
13147
13152
13161
13163
13164
13167
13173
13178
13192
13201
13204
13205
13207
13219
13221
13222
13229
13231
13240
13241
13243
13253
13263
13283
13284
13291
13297
13299
13306
13307
13311
13312
13318
13319
13320
13334
13343
13349
13350
13352
13353
13359
13362
13368
13376
13379
13380
13390
13392
13395
13404
13406
13414
13417
13420
13422
13424
13439
13440
13441
13446
13454
13459
13460
13469
13475
13481
13486
13490
13491
13492
13493
13494
13496
13502
13503
13512
13518
13524
13532
13540
13547
13551
13552
13563
13568
13576
13585
13589
13594
13595
13599
13603
13606
13611
13612
13613
13615
13617
13626
13633
13641
13647
13651
13665
13668
13676
13680
13690
13695
13696
13700
13703
13704
13707
13724
13725
13739
13740
13741
13743
13744
13747
13750
13755
13756
13758
13766
13768
13776
13777
13779
13781
13787
13788
13789
13792
13797
13799
13817
13821
13823
13828
13830
13831
13833
13840
13842
13844
13849
13850
13857
13874
13876
13877
13879
13883
13886
13889
13898
13899
13900
13902
13907
13908
13915
13917
13919
13923
13930
13935
13941
13946
13956
13957
13967
13969
13977
13979
13989
13993
13998
14004
14005
14012
14014
14015
14016
14021
14022
14028
14030
14035
14043
14050
14052
14059
14060
14063
14070
14071
14075
14078
14083
14106
14111
14124
14128
14132
14137
14147
14149
14154
14164
14170
14173
14175
14192
14228
14229
14233
14234
14238
14240
14252
14254
14266
14274
14301
14307
14317
14335
14357
14359
14378
14382
14384
14407
14416
14418
14426
14436
14446
14447
14450
14452
14460
14507
14509
14514
14524
14534
14535
14537
14540
14560
14564
14571
14572
14575
14577
14581
14612
14613
14627
14629
14631
14635
14641
14649
14654
14665
14677
14703
14709
14712
14724
14742
14747
14797
14810
14811
14833
14851
14854
14860
14866
14867
14874
14876
14899
14903
14910
14976
14991
14993
15016
15033
15037
15050
15068
15076
15118
15174
15196
15265
15269
15282
15293
15307
15328
15356
15363
15368
15370
15371
15382
15384
15388
15391
15403
15410
15414
15416
15417
15418
15423
15441
15447
15450
15465
15472
15487
15500
15509
15511
15519
15520
15521
15523
15525
15542
15543
15544
15546
15547
15560
15563
15587
15591
15600
15602
15614
15627
15637
15638
15649
15652
15657
15666
15674
15678
15684
15704
15705
15741
15744
15748
15759
15766
15768
15774
15782
15791
15794
15797
15798
15799
15806
15812
15837
15838
15839
15853
15856
15860
15864
15878
15887
15890
15891
15894
15901
15905
15908
15914
15919
15922
15927
15928
15931
15939
15954
15956
15964
15966
15967
15968
15981
15988
15990
15992
15994
15999
16001
16015
16021
16022
16036
16046
16062
16069
16079
16080
16082
16083
16086
16090
16100
16102
16112
16117
16125
16128
16129
16135
16150
16153
16155
16158
16162
16170
16179
16195
16201
16202
16205
16229
16232
16236
16237
16239
16262
16278
16285
16287
16297
16307
16309
16312
16313
16314
16317
16320
16324
16332
16333
16341
16348
16350
16351
16352
16360
16366
16406
16412
16426
16442
16457
16496
16500
16503
16509
16534
16620
16623
16717
16763
16764
16782
16792
16798
16811
16823
16874
16912
16938
16950
16975
16979
16996
17038
17044
17069
17071
17087
17102
17144
17148
17166
17192
17246
17247
17276
17365
17438
17441
17504
17586
17638
17646
17647
17660
17700
17770
17809
17833
17838
17875
17893
17905
17916
17920
17937
17976
18074
18109
18128
18129
18153
18157
18160
18172
18178
18190
18206
18217
18283
18288
18420
18437
18457
18501
18504
18532
18535
18541
18559
18568
18615
18635
18653
18681
18690
18757
18771
18774
18776
18812
18822
18911
18914
18921
18978
19006
19021
19022
19023
19029
19107
19109
19126
19161
19168
19224
19239
19297
19330
19354
19375
19401
19408
19498
19545
19574
19677
19740
19770
19773
19783
19796
19847
19887
19924
19957
19985
20005
20010
20022
20043
20045
20075
20096
20118
20145
20148
20185
20217
20270
20347
20351
20358
20359
20393
20479
20510
20530
20605
20696
20852
20983
21025
21072
21076
21172
21228
21320
21413
21416
21452
21506
21541
21641
21662
21673
21685
21692
21747
21767
21830
21836
21853
21901
21919
21985
21986
21993
22026
22078
22125
22148
22287
22331
22362
22614
22677
22714
22752
22870
22888
22896
23070
23072
23154
23171
23229
23241
23265
23288
23297
23303
23307
23311
23336
23493
23556
23612
23651
23702
23792
23803
23812
23820
23904
23948
24025
24030
24031
24160
24170
24203
24207
24334
24369
24434
24478
24483
24518
24551
24720
24731
24736
24830
24883
24884
24899
24978
24985
25070
25099
25194
25200
25202
25235
25280
25285
25342
25346
25363
25381
25423
25431
25495
25525
25572
25573
25580
25639
25759
25865
25872
25878
25935
26054
26102
26131
26178
26186
26201
26218
26251
26314
26331
26353
26361
26374
26421
26439
26446
26479
26563
26669
26695
26733
26746
26747
26819
26974
27029
27037
27092
27097
27174
27182
27185
27224
27229
27235
27411
27472
27486
27637
27679
27707
27844
27990
28075
28077
28137
28156
28314
28387
28463
28473
28548
28598
28610
28640
28693
28724
28731
28792
28842
28846
28867
28903
28940
28985
28997
29071
29125
29130
29132
29197
29246
29250
29257
29259
29283
29284
29285
29288
29300
29511
29739
29844
29849
29939
29964
29981
30062
30063
30094
30126
30170
30187
30264
30265
30350
30381
30467
30469
30507
30628
30692
30703
30774
30784
30789
30856
30858
30877
30898
30913
31005
31041
31051
31057
31060
31120
31132
31188
31203
31217
31254
31358
31377
31393
31527
31682
31703
31712
31744
31799
31896
31911
32184
32244
32303
32365
32376
32429
32542
32591
32595
32643
32658
32664
32666
32699
32735
32789
32798
32808
32822
32824
32856
32917
33057
33101
33133
33141
33245
33263
33323
33372
33387
33430
33449
33662
33668
33737
33777
33780
33789
33793
33899
33922
33930
33935
33937
33985
34069
34072
34102
34103
34177
34204
34210
34217
34221
34239
34464
34535
34614
34746
34766
34787
34795
34831
34844
34857
34920
34944
35017
35091
35105
35164
35389
35410
35470
35474
35489
35562
35648
35679
35778
35781
35819
35826
35864
35997
36022
36045
36050
36074
36113
36198
36208
36238
36255
36366
36397
36512
36688
36697
36757
36808
36973
36983
37020
37047
37057
37096
37151
37155
37210
37229
37293
37322
37330
37425
37431
37487
37514
37516
37528
37555
37615
37642
37651
37659
37689
37712
37787
37827
37851
37920
37924
37925
37930
37935
37997
38001
38013
38028
38031
38072
38093
38129
38164
38185
38226
38242
38273
38310
38318
38329
38415
38440
38482
38484
38510
38541
38583
38586
38591
38601
38610
38630
38652
38660
38708
38734
38740
38743
38778
38846
38866
38893
38899
38906
38941
38976
39277
39283
39336
39369
39409
39467
39469
39490
39610
39640
39651
39686
39743
39765
39783
39791
39813
39840
39850
39857
40084
40121
40139
40182
40189
40277
40400
40530
40571
40640
40847
40852
41079
41080
41197
41226
41428
41431
41435
41517
41620
41660
41834
41889
42031
42068
42201
42311
42369
42459
42616
42629
42644
42819
42825
42921
42931
42953
42991
43059
43171
43300
43584
43790
43850
43858
43885
43890
43958
44017
44118
44218
44244
44253
44284
44358
44464
44518
44578
44591
44654
44733
44760
44790
44804
44886
44993
45003
45026
45147
45395
45521
45582
45592
45593
45599
45616
45621
45665
45676
45692
45711
45769
45835
45846
45899
46042
46053
46054
46263
46580
46607
46726
46900
47084
47118
47165
47244
47380
47421
47468
47498
47504
47520
47591
47606
47622
47647
47776
47862
47921
48114
48214
48367
48471
48472
48746
48809
48909
49025
49416
49432
49538
49695
49701
49703
50090
50094
50102
50141
50207
50287
50317
50336
50391
50497
50764
50836
50841
50974
50988
51041
51082
51138
51164
51185
51216
51268
51293
51337
51391
51397
51434
51466
51547
51586
51588
51683
51721
51834
51844
51905
52042
52649
53111
53330
53423
53440
53471
53530
53595
53600
53681
53867
53908
54080
54083
54213
54253
54280
54286
54424
54442
54502
54540
54541
54610
54618
54685
54691
54804
54844
54874
54914
55051
55295
55351
55411
55478
55501
55504
55514
55526
55672
55683
55696
55701
55758
55779
55842
55857
55898
55899
55971
56059
56181
56182
56198
56231
56267
56301
56327
56401
56425
56434
56437
56496
56769
56826
56884
57057
57158
57220
57332
57359
57433
57501
57525
57755
57894
58007
58238
58252
58375
58386
58411
58535
58687
58758
58970
59111
59273
59288
59414
59541
59589
59638
60019
60152
60186
60208
60216
60245
60273
60413
60614
60684
60729
60734
60838
60889
61017
61104
61121
61155
61175
61246
61276
61293
61360
61453
61595
61619
61672
61730
61836
62513
62572
62635
62697
62819
62841
62911
63004
63075
63148
63377
63378
63399
63446
63483
63665
63749
63768
63822
63833
63856
63935
63936
63959
63980
64016
64123
64199
64287
64350
64469
64506
64619
64692
64731
64738
64799
64919
65100
65122
65265
65284
65323
65349
65463
65521
65586
65656
65738
66025
66211
66293
66308
66369
66377
66497
66643
66655
66663
66819
66876
66955
67018
67032
67111
67317
67330
67332
67348
67567
67736
67813
67819
67832
67854
67928
67938
68173
68180
68186
68262
68322
68376
68562
68630
68694
69020
69255
69277
69285
69350
69476
69547
69697
69889
70070
70114
70258
70367
70404
70465
70515
70844
70984
71069
71328
71372
71528
71535
71584
71783
71857
72008
72057
72058
72089
72195
72229
72256
72535
72564
72643
72852
72959
73051
73157
73522
73617
73714
73744
73800
73859
73866
73910
74094
74171
74350
74361
74486
74491
74511
74526
74656
74709
74710
74747
74778
75065
75103
75359
75477
75647
75704
75708
75775
75991
76121
76138
76145
76245
76317
76339
76405
76531
76683
76719
76893
76934
76988
77185
77224
77273
77473
77477
77617
77698
77831
77857
77864
77871
77877
77909
77944
78081
78143
78152
78277
78423
78433
78540
78751
78807
78813
78817
78844
79029
79326
79361
79408
79500
79520
79564
79820
79836
79985
80098
80284
80299
80309
80348
80403
80419
80567
80627
80717
80728
80761
81075
81188
81320
81631
81658
81697
81757
81762
81789
81914
82162
82387
82801
83212
83284
83433
83544
83777
83811
83856
83869
83906
83974
83982
84196
84396
84405
84488
84687
84762
84836
85030
85493
85568
85662
85838
85975
86014
86038
86072
86171
86322
86378
86482
86485
86586
86715
86742
86840
86921
86985
87068
87172
87230
87263
87576
87615
87769
87964
88203
88214
88502
88512
88588
88612
88724
88824
88864
88875
88965
89083
89102
89143
89250
89346
89458
89543
89564
89586
89612
89681
89852
89883
90004
90259
90297
90312
90472
90562
90839
90872
90887
90932
90942
91198
91205
91450
91571
91589
91629
91678
91837
91940
92161
92181
92470
92491
92746
92863
92938
93014
93042
93071
93171
93182
93372
93431
93519
93569
93640
93686
93748
93772
93887
93981
94091
94338
94413
94442
94474
94483
94645
94691
94855
94860
94932
94962
94979
95180
95205
95230
95342
95461
95485
95548
95677
95862
96171
96212
96234
96252
96277
96306
96356
96634
96676
96703
96785
96848
96950
97149
97151
97260
97287
97364
97365
97669
97744
97780
97860
97866
97942
98024
98032
98202
98340
98535
98927
99465
99525
99808
100250
100390
100612
100613
100757
100913
100953
101008
101109
101119
101610
101634
101639
101732
101785
101891
102138
102262
102281
102307
102354
102527
102650
102819
102859
102886
103162
103242
103588
103687
103734
104062
104251
104696
104732
104758
104958
104964
105402
105520
105648
105746
105963
105964
106062
106149
106192
106225
106362
106547
106610
106664
106701
106753
106812
106851
107009
107286
107340
107363
107482
107527
107938
107940
108065
108069
108141
108171
108271
108290
108413
108478
108567
108619
108623
108659
108775
108804
109008
109025
109049
109126
109222
109261
109282
109567
109638
109672
109674
109914
110135
110174
110197
110224
110267
110561
110887
111029
111047
111177
111187
111276
111375
111421
111769
111791
111977
111994
112066
112167
112184
112272
112290
112294
112354
112439
112525
112546
112629
112788
112857
112956
113003
113322
113391
113401
113798
113817
113853
113868
113918
113973
114283
114340
114521
114642
114684
114969
115042
115075
115164
115230
115246
115595
115718
115753
115770
115794
115914
115986
115987
116023
116045
116060
116065
116283
116331
116372
116377
116401
116492
116670
116951
117153
117197
117457
117627
117762
117873
118096
118123
118302
118414
118569
118630
118688
118773
119102
119168
119367
119375
119376
119423
119437
119471
119627
119646
119699
119829
119842
119843
119987
119997
120150
120151
120184
120233
120302
120568
120594
121030
121063
121133
121141
121281
121333
121392
121532
121573
121653
121689
121907
121908
122012
122116
122151
122365
122692
122747
122783
122804
122978
122995
123022
123044
123180
123260
123349
123492
123709
123741
124111
124377
124786
124788
124987
125111
125227
125479
125568
125809
125926
125946
125998
126048
126142
126300
126340
126345
126356
126397
126607
126733
126797
126907
127001
127121
127212
127305
127438
127486
127523
127716
127848
127855
127925
128051
128271
128440
128447
128546
128577
128632
128670
128693
128738
128794
128795
129131
129167
129199
129226
129288
129304
129329
129387
129563
129662
129858
130005
130120
130195
130236
130306
130422
130433
130444
130545
130558
130627
130641
130737
130807
130848
130854
130898
130954
131318
131357
131457
131498
131508
131549
131575
131604
131709
131866
131884
131963
132056
132133
132137
132743
132796
132931
133356
133661
133727
133751
133775
133813
133837
133928
134175
134282
134328
134329
134355
134422
134423
134472
134524
134639
134643
134679
134962
135029
135063
135088
135120
135126
135165
135454
135769
135782
135849
135862
135904
136022
136031
136110
136170
136248
136289
136327
136409
136462
136542
136586
136591
136692
136738
136827
137111
137141
137148
137392
137484
137782
137796
137989
138031
138066
138110
138160
138169
138175
138193
138220
138700
138967
139268
139298
139338
139494
139569
139585
139603
139639
139713
139877
140075
140539
140573
140717
140721
140734
140740
140814
141332
141541
141708
141745
141753
141788
141849
141931
142092
142094
142119
142249
142330
142455
142568
142607
142626
142759
143073
143187
143301
143381
143464
143582
143583
143673
143927
143988
144193
144215
144295
144380
144395
144508
144626
144658
144662
144689
144735
144765
145096
145311
145536
145826
145939
146100
146421
146476
146704
146771
146901
147012
147071
147076
147079
147081
147644
147670
147813
147820
147884
148028
148120
148244
148279
148325
148428
148567
148946
149348
150060
150098
150123
150209
150479
150489
150751
150801
150839
150855
150910
150943
151050
151249
151265
151347
151503
151747
151842
151911
151964
151969
152119
152147
152958
152964
152968
153044
153095
153215
153442
153485
153501
153605
153686
153989
154222
154392
154462
154501
154542
154753
154995
155041
155599
155602
155645
155674
155717
155773
155840
155881
155886
155929
155957
156333
156597
156958
157357
157875
158038
158258
158470
158626
158654
158933
158963
159242
159307
159567
159692
160004
160025
160092
160237
160292
160586
160679
160943
161392
161452
161461
161497
161554
161562
161705
162029
162185
162569
162683
162714
162956
163010
163122
163171
163252
163507
163528
163607
163815
164003
164097
164501
164610
164613
164716
164733
164826
164867
164964
165193
165230
165241
165280
165759
165896
166014
166589
166653
166732
166838
167020
167312
167347
167447
167512
167547
167587
167784
167846
167883
167933
168006
168099
168310
168340
168480
168543
168725
168768
168806
168892
169032
169090
169211
169763
169796
169940
170030
170093
170269
170515
170632
170689
170700
170720
170931
171081
171084
171157
171305
171887
171908
171927
172139
172308
172566
172571
172587
172623
172640
172805
172866
172894
172988
173094
173274
173378
173554
173564
173682
173801
173973
173985
174142
174225
174316
174349
174524
174697
174740
174938
175062
175078
175320
175342
175344
175602
175809
176073
176129
176263
176365
176396
176402
176419
176477
176643
176755
177020
177030
177103
177143
177222
177483
177501
177604
177748
177833
178054
178291
178321
178443
178472
178822
178908
178952
179019
179098
179113
179130
179167
179178
179329
179499
179579
179643
179713
179814
179884
179933
180098
180294
180352
180356
180373
180400
180524
180911
181016
181049
181052
181072
181106
181316
181941
181946
181960
182069
182419
182439
182500
182527
182536
182551
183045
183051
183136
183197
183337
183375
183399
183739
183778
183787
183832
184065
184164
184166
184240
184298
184301
184413
184462
184494
184749
184781
184821
184843
184848
184880
184895
184938
184969
185097
185457
185501
185778
185876
185901
185929
185962
186001
186315
186336
186436
186498
186543
186780
186825
186843
186936
186973
187280
187379
187439
187457
187640
187677
188202
188329
188355
188394
188425
188492
188532
188597
188635
188680
188684
188736
188746
188773
188777
188903
188921
188953
189020
189022
189091
189372
189459
189667
189706
189902
190168
190256
190265
190362
190403
190553
190613
190690
190789
190795
190814
190820
190857
190871
190933
190943
190959
191019
191123
191158
191266
191286
191364
191526
191622
191649
191842
191880
192007
192009
192016
192144
192320
192345
192432
192436
192464
192513
192551
192714
192876
192921
193010
193119
193178
193192
193372
193391
193452
193525
193534
193640
193656
193832
193858
194040
194278
194293
194309
194379
194438
194633
194783
194920
194975
195040
195081
195239
195486
195866
195873
196279
196425
196534
196537
196926
197004
197036
197151
197345
197372
197408
197470
197484
197536
197751
197955
198200
198400
198406
198499
198732
198755
198830
198918
198954
199193
199195
199250
199275
199319
199343
199373
199473
199679
199912
200032
200196
200242
200372
200425
200710
200716
200773
200882
200899
200984
201049
201336
201436
201450
201591
201772
201875
201900
202004
202029
202234
202281
202371
202410
202489
202541
202681
202750
202765
202831
202958
203048
203104
203150
203163
203329
203473
203657
203666
203873
204049
204142
204350
204396
204691
204734
204881
204906
205028
205194
205195
205463
205519
205543
205658
205757
206023
206046
206062
206333
206402
206534
206671
206915
207252
207392
207397
207420
207490
207513
207649
207659
207803
207861
207903
207934
207993
208145
208186
208205
208238
208245
208411
208419
208612
208753
208818
209299
209342
209357
209402
209441
209470
209614
209653
209697
209905
209917
210025
210066
210168
210223
210233
210387
210421
210441
210580
210616
210649
210662
210802
210824
210835
210840
210930
210982
211240
211322
211693
211707
211713
212171
212199
212245
212297
212619
212622
212704
212844
212998
213246
213252
213292
213321
213397
213541
213905
213991
213995
214015
214024
214044
214147
214175
214196
214228
214377
214630
214707
214737
214920
214980
215103
215133
215167
215222
215257
215334
215402
215450
215545
215697
215860
215890
215935
216145
216400
216531
216780
216990
217047
217096
217104
217136
217157
217179
217321
217383
217637
217655
217705
217855
217881
218107
218151
218184
218232
218415
218704
218854
219069
219158
219348
219392
219453
219498
219610
219737
219810
219912
219970
220242
220263
220675
220783
221106
221218
221797
222023
222026
222293
222392
222534
222674
222687
222721
222754
222801
222838
222851
222886
222953
223034
223039
223069
223114
223483
223513
223816
224033
224211
224225
224261
224324
224382
224517
224686
224851
224952
224959
225338
225402
225422
225886
226050
226461
226632
226742
226856
226976
226987
227043
227061
227309
227533
227767
227801
227835
227988
228216
228271
228368
228401
228741
228748
229217
229245
229249
229596
229654
229724
229744
229848
229875
230018
230192
230220
230302
230511
230738
230790
230824
231006
231063
231095
231098
231200
231425
231450
231470
231580
231594
231635
231671
231890
232082
232220
232314
232342
232353
232374
232425
232561
232603
232744
232803
233204
233441
233474
233518
233703
233717
233764
233779
233826
234093
234269
234306
234439
234504
234530
234756
234782
234952
235159
235179
235184
235232
235376
235593
235637
235751
236522
236575
236610
236651
236778
236838
237148
237173
237179
237279
237363
237410
237544
237605
237682
237901
237919
237948
237975
237977
238013
238062
238066
238115
238181
238337
238377
239009
239179
239187
239232
239276
239375
239811
240136
240261
240356
240391
240398
240518
240552
240661
240676
240872
240936
241210
241354
241708
241829
242015
242076
242083
242091
242130
242191
242219
242354
242399
242506
242659
242813
242822
242876
243007
243019
243072
243140
243151
243215
243290
243344
243422
243682
243780
243813
243883
244129
244164
244374
244422
244447
244566
244734
244848
245327
245341
245444
245449
245551
245615
245777
245924
245971
246140
246442
246497
246869
246879
247118
247227
247289
247355
247477
247508
247516
247532
247716
247789
247884
247897
247914
248041
248108
248716
248755
248952
249147
249932
249942
249948
250005
250055
250065
250260
250306
250329
250356
250394
250585
250686
250702
250769
250813
250825
250930
250951
250960
250980
251025
251095
251182
251281
251371
251442
251548
251658
251758
251792
251824
252013
252086
252305
252333
252483
252560
252968
253226
253230
253246
253354
253450
253541
253764
253947
254313
254346
254357
254366
254383
254523
254608
254721
254870
255027
255150
255157
255305
255344
255412
255611
255823
255911
256122
256224
256233
256478
256892
257148
257297
257393
257397
257415
257497
257589
258132
258275
258336
258442
258570
258579
258590
258610
258638
258687
258864
259116
259265
259277
259306
259468
259478
259519
259587
259650
259717
259734
259794
259858
259970
260065
260074
260223
260476
260491
260549
260571
260685
260704
260754
260812
260858
260869
260973
261154
261382
261496
261642
261909
262103
262128
262480
262597
262777
262797
262835
263056
263316
263377
263531
263538
263541
263622
263639
263825
263903
263955
264053
264102
264218
264344
264380
264539
264598
264712
264800
264869
264902
264990
265038
265181
265280
265375
265567
265685
265747
265927
265949
266062
266065
266138
266145
266360
266519
266539
266549
266626
267079
267354
267502
267531
267566
267599
267634
267811
267884
267967
268077
268611
268831
268836
268867
269061
269425
269759
269934
269979
269982
270003
270587
270769
270790
270805
270968
270988
271377
271461
271553
271622
271683
271698
272042
272360
272453
272629
272966
273110
273129
273286
273381
273396
273422
273589
273645
273737
274097
274357
274491
275145
275316
275407
275458
275719
275853
275854
276018
276144
276167
276501
276503
276699
277141
277149
277397
277536
277635
277785
277833
277920
277957
278040
278221
278294
278308
278744
278840
278887
278967
279013
279173
279217
279587
279922
280028
280143
280238
280375
280582
280596
280623
280749
280857
280934
281073
281074
281149
281383
281612
281753
281855
281915
282075
282159
282223
282226
282347
282376
282383
282457
282534
282639
282732
282801
283030
283143
283274
283620
283834
283958
283960
284028
284210
284226
284325
284379
284464
284504
284509
284534
284641
284732
284857
284932
284961
284997
284998
285002
285036
285214
285256
285317
285714
285737
285840
285845
285942
285990
285999
286159
286325
286418
286420
286472
286479
286498
286514
286707
286790
286903
287004
287084
287235
287282
287318
287356
287536
287604
287687
287731
287805
287818
287912
287918
287995
288005
288210
288258
288370
288382
288542
288559
288713
288896
288908
289037
289224
289357
289358
289548
289554
290102
290216
290232
290276
290460
290616
290696
290775
290776
290806
290859
291115
291136
291163
291171
291191
291241
291321
291570
291599
291637
291811
291867
292081
292216
292417
292538
292731
292828
292917
292921
292996
293015
293058
293139
293268
293701
293707
293737
293823
293883
293887
294278
294430
294537
294675
294775
294779
294832
294859
294913
294914
295050
295151
295154
295340
295495
295560
295675
295706
295776
295966
296022
296050
296220
296291
