44407613
979013
42286724
36236019
40328496
29072054
41433086
41226289
45283984
41046728
596167
24655228
39111101
34664661
33012343
42173059
40903138
41661858
36665881
40877485
37039559
35630562
41391596
37526032
44165505
46491848
34039531
43890898
36919396
12393351
43021651
37291091
15994618
45058947
37609810
45006520
31988181
40304817
43686943
40183722
36660866
43601805
16791529
39500766
38067335
29027086
34417771
2811256
31283106
36295327
38594007
33719411
10749991
31775119
41443032
31856030
41533789
35497249
42739457
6346441
2482814
42315635
41843109
35356466
30369218
41647753
29094930
37732828
40746157
31433538
38929608
40107639
33471284
39610274
39610258
32713305
31845415
2489998
6490561
36865090
20172814
37649575
1634403
29157397
19456
34943402
2625306
34299669
36625764
15810244
38017095
16124324
37962948
37682644
36203662
37030710
2418850
20255026
1688338
30222054
36299528
2519206
29509618
32401955
36326500
29190583
549368
33738435
30168270
36342850
31649667
37254757
33446198
37123750
29107019
31322499
33785443
4885361
16167469
35580368
29616322
36292045
36654419
32698748
32570568
36659663
36525623
36589939
36655420
34385049
3057643
36432575
36378265
20230654
35969575
36637954
31448506
35482588
16353415
139713
36517895
2234476
15826986
11798
559985
16134712
32605852
3062963
31828266
30596024
32724946
1895100
35228750
36510893
1744171
27393688
2316814
30872754
36330555
30783644
16312135
2236130
15257951
14714001
32124678
13915471
16642348
34995886
34645451
31248261
34506808
34148738
35912924
34006600
35550234
15702846
29061568
35394587
35380093
33224208
1715971
29550991
35834850
14264151
27655816
3657281
35062989
1877530
12640321
24492591
35251114
29135082
16074929
33811807
32993520
2960360
2462886
20261599
30445535
16228329
2269194
35219752
32332494
3715711
29117010
8751151
32879511
34985721
35550892
34140695
1706237
16233700
14409791
1644446
600990
3198734
29663232
15827257
34812749
32248925
33687535
497208
33831190
30974790
20282446
32738091
16058992
8254741
5038331
32032160
119376
33501079
1078333
32438773
764211
3085025
27086833
15657748
32596867
1648568
9845031
31128614
181052
36050
34031054
33371278
32355871
29099432
31915849
30407419
20518309
3393921
32638902
