9134
11798
26105
36050
56059
119376
155881
190795
193832
289548
295495
303511
331561
347700
350737
351192
368046
383940
434085
498657
514070
559985
571983
596167
697526
781268
785703
790575
805382
833768
869561
885936
942250
954639
1077000
1106109
1120895
1171095
1260254
1317821
1357077
1398529
1406545
1452188
1474421
1476238
1481942
1520782
1577832
1608618
1634403
1724692
1877530
1910816
1975098
2050286
2149848
2219624
2630504
2756024
2831258
2860116
2864498
2944724
3014848
3039342
3055894
3124052
4873751
5658921
5815311
6044921
6299361
6405721
7519801
7840911
8494841
8634441
11229861
11967091
12128141
12711881
13797691
13825821
15536541
15596225
15671315
16010326
16050617
16126486
16160360
16692985
20172814
20201428
20314600
20390872
24402492
27836164
29089975
29541566
29621512
29638879
29777439
29931219
29974294
30136276
30430820
30664623
30736887
30872897
31157576
31248312
31448506
31546456
31641561
31880619
31887466
31988181
32133313
32182070
32244163
32370298
32390084
32444603
32488276
32726147
33012343
33015800
33042583
33052341
33106804
33132170
33152906
33194995
33455400
33565098
33596879
33618340
33679158
33796498
33881883
34134004
34176815
34202335
34234363
34243702
34268940
34288861
34306039
34313704
34387564
34427918
34460855
34656089
34664661
34829884
34844519
34862392
34884676
35008493
35200183
35322329
35356466
35417620
35495855
35497249
35580368
35586471
35703455
35704433
35743322
35787021
35959134
35971388
36080478
36092519
36145887
36233947
36253880
36313076
36402740
36495441
36509586
36538189
36575960
36614252
36660866
36722553
36775529
36845327
36863105
36879805
36882626
36887514
36900036
36964504
36991232
37043833
37054012
37061663
37075133
37096030
37111569
37114522
37149222
37183393
37191019
37234673
37313925
37452015
37590878
37594761
37609810
37623667
37638400
37788492
37835801
37881385
37921378
37937293
37951232
38010354
38012361
38032583
38037233
38065482
38067335
38095687
38099266
38104917
38143561
38157082
38182077
38188975
38215952
38262153
38468690
38502299
38538968
38579246
38594007
38611319
38870132
38894847
39324081
39480855
39572779
39592726
39645605
39655565
39672592
39688519
39880797
39886727
39899470
39956902
39958830
39969276
40328496
40374533
40376269
40465984
40526910
40643397
40648907
40721308
40856231
40903138
40990901
41080787
41170699
41306593
41359295
41402341
41441868
41587978
41591751
41711478
41791843
41856164
41871077
41907077
41963216
41992105
42056861
42104489
42156302
42195471
42235052
42279793
42297858
42584673
42592435
42593502
42642407
42712747
42726156
42846305
42913775
42986642
42993273
42993963
43060808
43097358
43140368
43172247
43332102
43334118
43477110
43535978
43548734
43610974
43612058
43686943
43698619
43712100
43740077
43760470
43821616
43947541
44022426
44062402
44070277
44114714
44127096
44129259
44165505
44218952
44231841
44233189
44235508
44281649
44412070
44442114
44442289
44513121
44621843
44902260
45023377
45184976
45214839
45235954
45391268
45392282
45558296
45787273
45908079
46001613
46133173
46315435
46323667
46377742
46424470
46425603
46431669
46487027
46694091
46750391
46751093
46753716
46770543
46843091
46844955
46937961
46969039
47020892
47335870
47349661
47368273
47414616
47452605
47651446
47830512
