44070277
44536810
1313728
32676884
41856164
30430820
47349661
885936
28137
37590878
47188455
1435305
36080478
43184223
46487027
34664661
40903138
29931219
38504120
31759977
34656089
31641561
32638739
46750391
596167
46001613
33012343
41578923
36954591
34288861
45391268
37350815
38181860
36342408
954639
16050617
30229260
45303065
1085145
42046778
40344160
45830718
46315435
31766278
35293985
46314871
46219823
35017071
46006290
37321660
46213120
42297858
34463758
45184976
35874337
46012061
38957184
38252875
36660866
44030022
16030160
37788492
42405041
33132170
44724275
35182649
40479611
31049200
1683427
41018492
43740077
40818502
45760437
43734740
3235457
37425820
32924305
35008493
32444603
42586385
34595388
35586471
34268940
33292729
41569682
38239400
45362797
13825821
33052341
30567215
43453841
38095687
36039555
30008136
34844519
29638879
15231521
34176815
42936594
42584673
44838960
289548
40304817
42213061
34660026
31562293
44114714
45107432
33015800
45084328
29004482
35192754
37313925
1892260
33461345
39498303
37937293
15587234
36161663
39442196
36466227
41170699
36358059
34297224
42056861
44442114
32390084
33565098
8329381
5109041
37609810
44233189
35520100
33455400
36863105
36144287
36313076
43907326
42993963
6796441
347700
41591751
31089854
36200075
43172247
42986642
38099266
20201428
30026118
34725190
39956902
33467222
40274339
30518547
42592435
37921378
24507988
27550213
39931678
32182070
35356466
42593502
42846305
15596225
36901530
37855813
2811256
1200306
35497249
41266356
15796153
2050286
35652721
37096030
42116343
42181381
40328496
36168038
1593617
38800942
37794049
32405332
33432979
33471284
36838004
37809441
37076955
37873266
20172814
36991232
37580198
38594102
30101195
35654272
35310219
35757014
36696017
29956289
37624508
228748
31649667
33998332
1737273
8458681
2189616
35956760
32302017
37254757
37230188
36342850
36152472
36583105
10887981
33446198
181052
27128602
13797691
37123750
31995113
36543182
29902611
35106960
36581096
36292045
34934984
1895100
35390395
3160979
35948177
34212482
35381471
1751607
2670044
108944
559985
15623990
29663232
35053786
16802494
16156280
30242089
34202948
1085669
33158741
34622597
126300
33687535
34352304
1053903
11229861
1877530
33446491
33811255
31686476
34344499
32482658
1281687
32477002
1179102
32463739
32355871
764211
11798
31448506
36050
18128
33108471
119376
30769359
31128614
29099432
20387101
11699631
2267930
27899415
15816217
1405528
538043
20373052
3158603
15684306
16115821
851632
14237121
11177381
2725608
9035721
977729
2386474
5198761
6534461
1167248
2400158
4023121
285840
2545044
7659271
7671121
996817
863527
3213027
2021958
3109885
322926
