44549364
40574364
47651446
1564659
27175597
45525248
38065482
37183393
336159
38302428
2744810
885936
30136276
35704433
40315330
1352478
35949017
47349661
45719488
39007267
38215952
44599867
14505171
44716019
33012343
38910283
40903138
16652077
596167
36080478
31880815
44412070
45184976
44851715
42734274
40818502
43383305
37546190
42415995
45288716
41569682
29638879
36092519
35586471
44225465
41583566
289548
34271915
37937293
43686943
35192754
44283738
42279793
42056861
36161663
34297224
44442114
38095687
40498342
33565098
38099266
20390872
36386163
32444603
37609810
38012361
37313925
38067335
43612058
32390084
44007420
36863105
480783
44085570
39480855
38894847
37426813
37921378
36313076
41591751
31654607
5815311
38564916
37048405
38531018
42986642
31797942
42993963
38594007
37642160
42592435
15652765
42197749
2689610
37045120
37871689
37061663
41691630
27453715
41412995
29567282
40328496
35106960
37054012
40514753
2050286
37794049
32764561
31677098
32387580
33232042
40064299
37234673
16303108
36468700
39892986
33580409
33471284
27966128
31819967
37076955
31995113
20347216
33194995
37836622
6490561
36865090
1634403
39206715
37873266
36991232
20172814
15596225
997522
38250001
38150141
37779628
253940
33108783
37845302
1236698
37253745
1730685
20261668
37804630
27122866
37624508
412595
36538189
32889690
37701161
2785044
34306039
36342850
27799810
29956289
2189616
4064611
935495
28094275
549368
31649667
13797691
37254757
33446198
37217701
36159071
37123750
37198383
37043833
35710349
32190247
1055997
31985691
36675191
754642
36543182
33307638
35956465
1980940
29902611
32522806
36581096
36292045
36561090
1898930
36465451
1895100
35390395
34715872
29663232
35710628
31027722
16060521
35331906
34385049
34540481
559985
628860
35086442
2194976
35053786
33750074
34969295
30242089
34859173
33811255
16156280
34817121
34783206
34758739
1085669
1728501
6880751
2043944
34612634
33778662
33158741
34622597
1053903
126300
32662280
34004421
2363928
34343676
33687535
2514434
29165636
32330037
11229861
1877530
33446491
33834984
14483571
73744
29164309
32482658
34439678
34404295
996224
34378279
11798
34351234
507308
32543426
1110624
36050
2566374
938813
2987484
32789690
8697461
31128614
33675151
15929370
32614942
897175
33584712
29516175
764211
33429447
119376
33293908
181052
31448506
32045153
29099432
3293739
32355871
31431900
27880008
1931168
33275786
603979
33117997
29096419
32973194
32843169
1115623
30835484
32655593
956547
1565069
1598563
15666598
31090245
408543
27953997
1316001
10363871
32404091
2073868
448627
1204493
