2922
8626
8684
10912
10956
10976
11029
11064
11065
11128
11600
11604
11925
11949
12693
12802
12924
13057
13255
13272
14976
14991
16059
20662
21672
21956
22800
22906
23148
25342
26105
28137
42430
42819
42825
43171
44458
53216
53270
53423
54504
55089
56265
56798
58007
58556
58750
62523
69072
71675
73091
76934
77019
77617
79361
103523
112629
113863
115986
119376
129199
129858
130120
130444
132013
135120
141307
147072
149807
149916
150415
152280
153044
153215
157711
166137
166653
185778
185927
186974
187232
187499
192876
193253
193843
194365
194379
200916
208430
209357
214044
215987
217895
221748
222942
223368
225679
226329
228748
229726
235720
238337
240617
242419
244103
244839
245725
246463
251775
253305
259587
262103
280596
282359
283592
283985
285078
286400
286495
286607
302942
307850
309398
309720
309730
310368
311546
312035
312799
313096
315421
321102
324208
324556
325649
325973
326443
330965
334999
335616
336159
337376
337687
341525
347700
348705
349265
350737
350779
351192
352498
353634
354572
358844
362725
364157
365206
365460
365762
366415
367183
367665
369114
369980
370225
371577
383284
387431
388135
390411
390963
393380
393868
403263
405714
407847
413395
417658
419968
429966
429972
431995
434713
435988
436496
436667
440153
442618
444850
450619
454363
456957
466500
466974
469947
470053
473133
475697
476092
477039
478879
479472
482095
483115
483945
487215
487840
488833
489698
491240
497939
500030
500150
502382
503018
504704
506361
508958
511920
512641
514744
516855
516902
519574
522830
526032
526680
526724
535834
536256
540439
541632
553822
555877
562124
564681
579724
580791
585652
585962
587152
588950
592873
594787
595215
596167
604153
605585
608974
614988
627092
629850
643574
651473
653024
657789
672965
673376
678367
689168
695256
695500
699899
708867
711894
715883
716705
719463
721807
723841
727953
729721
735452
737978
738609
739090
739814
740601
747155
750873
754642
757599
789336
795760
795992
802359
813848
816139
816270
817677
819604
824080
825833
828235
842198
842663
843342
849971
859779
862746
864788
873345
875866
880919
881161
881330
884929
885936
886367
890924
893832
895038
897175
902600
903801
904061
911867
914715
914936
920752
922703
928632
936611
943537
943822
956866
957901
967541
970814
970977
975628
977729
978255
986763
986804
986966
988912
997522
1005914
1011373
1013079
1018173
1021389
1025280
1026575
1026597
1041663
1042085
1042799
1044580
1047119
1047324
1050817
1051286
1053903
1053968
1054091
1056816
1057810
1058835
1070963
1077750
1078511
1085669
1086975
1088464
1091965
1093526
1093599
1103328
1109185
1113802
1114560
1115011
1117124
1119999
1127355
1138113
1141555
1141626
1146169
1147749
1153054
1153220
1156452
1163674
1164393
1169376
1171095
1172130
1177047
1180120
1192292
1193945
1196128
1200306
1200718
1201332
1201572
1208410
1213760
1213897
1215755
1223865
1228511
1228529
1236224
1237873
1240775
1251541
1254889
1255710
1264939
1265497
1268686
1270876
1279583
1281687
1288030
1289194
1303218
1304113
1307225
1307701
1310439
1311660
1314686
1317992
1320085
1324906
1326480
1329168
1329218
1335045
1336613
1341123
1341501
1351980
1364989
1375212
1379442
1380702
1381152
1390207
1398529
1400155
1413199
1413289
1423327
1429162
1430272
1441873
1445627
1449798
1455301
1461746
1465113
1472628
1478550
1481942
1484482
1488056
1488257
1488441
1488559
1492255
1493394
1493839
1506629
1507414
1507882
1508454
1515834
1518922
1521339
1522095
1524961
1525891
1526235
1531481
1537601
1555928
1561952
1563100
1564720
1565109
1589279
1610459
1630592
1647564
1648582
1651728
1657384
1680003
1689782
1691726
1693740
1699234
1700577
1706767
1707839
1709978
1715236
1717687
1719643
1721534
1721599
1725275
1728548
1729941
1737201
1794489
1803125
1805957
1812889
1813981
1815139
1824433
1857240
1857358
1858622
1858718
1862220
1871494
1873114
1874706
1877530
1887740
1888670
1889774
1891834
1898930
1903292
1906020
1910430
1930960
1950762
1962986
1975098
1993354
1994290
1994680
1999898
2003200
2033322
2037332
2042504
2045124
2050286
2053096
2056794
2061734
2063230
2088624
2098570
2102294
2122360
2124230
2128570
2130258
2135674
2136142
2136786
2151646
2153658
2178078
2190572
2199674
2204036
2208294
2209822
2215016
2234476
2234598
2246828
2262488
2268970
2274000
2285330
2289428
2307868
2308684
2323054
2334846
2337668
2347436
2348636
2361654
2362512
2394078
2394508
2399734
2406902
2419326
2425438
2434010
2461870
2462694
2474340
2482814
2486022
2494734
2495956
2512262
2515120
2523388
2527358
2530152
2534466
2538938
2540084
2555782
2567700
2588102
2591540
2617516
2624966
2630086
2630504
2632766
2643420
2662766
2663722
2689610
2699602
2705480
2719216
2720886
2722462
2743746
2760020
2787610
2795598
2798020
2801038
2806948
2808072
2811852
2815434
2824094
2827480
2831258
2837734
2839060
2840952
2851710
2852112
2863890
2866020
2872156
2873312
2875080
2892034
2901228
2912300
2915076
2922752
2924690
2927112
2941818
2943264
2944724
2947282
2955500
3006638
3014848
3015284
3015494
3025749
3027465
3030090
3041097
3050998
3055894
3058293
3063638
3064594
3067508
3075241
3075476
3076447
3085911
3087505
3092792
3093099
3094081
3095256
3095369
3101690
3102640
3108242
3109885
3110538
3113519
3115912
3118740
3120354
3123794
3143594
3149628
3153572
3153988
3157039
3157105
3157764
3158048
3160429
3168506
3170694
3173241
3185686
3192724
3196658
3198517
3198655
3206424
3214897
3219026
3220355
3222411
3223955
3226204
3226353
3233965
3397011
3399641
3403681
3419451
3425621
3428061
3442121
3457231
3469561
3473231
3482151
3494271
3515581
3543401
3568011
3578541
3712451
3836461
3891871
3899521
3915281
3920911
3961001
4031431
4132931
4180231
4203191
4232021
4255031
4270621
4273721
4289901
4306511
4309371
4318111
4366211
4444731
4464111
4495051
4561171
4570831
4579541
4581761
4587871
4596011
4599301
4605101
4614331
4615471
4623831
4632191
4644721
4655481
4664181
4682121
4700081
4720381
4743681
4792901
4801071
4804401
4817101
4846861
4861721
4873751
4887941
4943231
4943761
4957021
4964301
4993381
5037331
5052761
5056031
5056541
5064511
5094071
5111431
5123521
5128731
5138721
5164521
5179131
5188831
5213041
5262941
5282341
5283441
5287711
5299361
5309411
5320361
5325981
5375001
5379891
5485791
5529861
5643951
5737101
5742231
5815311
5993151
6041381
6207401
6267861
6276271
6299361
6444761
6490561
6499981
6586301
6747581
6763021
6783841
6791311
6796441
7011261
7118951
7125281
7338381
7445301
7573251
7708711
7768841
7799521
7851051
7868361
7876371
7980651
8020801
8040861
8123161
8132711
8319231
8355201
8431361
8530541
8580301
8599771
8600041
8678971
8806041
9284671
9500511
9786431
9805291
10143581
10149911
10188381
10243871
10870491
10887981
11004781
11116361
11183951
11390321
11475361
11880381
12433931
12553651
12591511
12608451
12765341
12822451
12842271
13837671
13943411
14094211
14194231
14506931
14565371
14576121
14731311
14769831
14771181
14981211
15349881
15386791
15449131
15542713
15543377
15548336
15597024
15602093
15603152
15612568
15622928
15671315
15674567
15692059
15697058
15698322
15706969
15710218
15714745
15717800
15722880
15725917
15748391
15752414
15754928
15758936
15769340
15770652
15776650
15782416
15809890
15828281
15843165
15985096
15987907
15988650
15991012
15996005
16002278
16011825
16024259
16027022
16031116
16033322
16035161
16037073
16038895
16050617
16065627
16093601
16105336
16110003
16126486
16137460
16155183
16156280
16158111
16168778
16174613
16187246
16205797
16219108
16225121
16288024
16329535
16396624
16430257
16526119
16553065
16635064
16655590
16678960
16693456
16741120
16781413
19255159
20172814
20201428
20201479
20244205
20250208
20286373
20310952
20313391
20314600
20366986
20374537
20426323
20482519
20493409
20528335
20558050
20855303
20933017
21419079
21484664
22333350
22488343
22947237
23179751
23491594
23550490
23650846
23962505
24037040
24328586
24402492
24440734
24522829
24524806
27098080
27108412
27119470
27172408
27217720
27239512
27242185
27260620
27271984
27300640
27319069
27364117
27364744
27375778
27391252
27397792
27429268
27446824
27449548
27453715
27457615
27470602
27514801
27522175
27550213
27612961
27645211
27653518
27693565
27750553
27750856
27780457
27799810
27836164
27907947
27917633
27924759
27928491
27929213
27946325
27950664
27962264
27970325
28006407
29005047
29009582
29027299
29035347
29047508
29055640
29063225
29074813
29077421
29083128
29085179
29106658
29124792
29135082
29146296
29151505
29157047
29171776
29175907
29202284
29210845
29226796
29229027
29241961
29250137
29252867
29307148
29323571
29330355
29501114
29512837
29519828
29524226
29524706
29531463
29534878
29554701
29570863
29584060
29584654
29597479
29781909
29793560
29801290
29810412
29818639
29873687
29876444
29900950
29923884
29991367
29995483
30000191
30007773
30026118
30054388
30094911
30167634
30171086
30194730
30197981
30239307
30269203
30280692
30283038
30285921
30330786
30336073
30365927
30369218
30398408
30427400
30457771
30472098
30479157
30484191
30514259
30518547
30526732
30529092
30531081
30531082
30539457
30551173
30567436
30574224
30596458
30614743
30615930
30634854
30664623
30664787
30682077
30687749
30696473
30717800
30736222
30745723
30767445
30782255
30786463
30787406
30789540
30831208
30838026
30849241
30861356
30873468
30895060
30898530
30979618
30991006
30998571
31007302
31008489
31011417
31024889
31027071
31059380
31064997
31089854
31141070
31166809
31172140
31209204
31248189
31387992
31401855
31405882
31424767
31435765
31466242
31472094
31491001
31512952
31526180
31534178
31539488
31594832
31626235
31628855
31644084
31646859
31654607
31699376
31702880
31766278
31796649
31805492
31808713
31814610
31866610
31868145
31868776
31883705
31893510
31916219
31929581
31934026
31943696
31943841
31953324
31974640
31984004
32001709
32041070
32065524
32109996
32110086
32182070
32191232
32198834
32209267
32219321
32222425
32226999
32238822
32244163
32260606
32266935
32299566
32300368
32306543
32352848
32355600
32363494
32370298
32374250
32376022
32384815
32389844
32390437
32413120
32419639
32422533
32433885
32444603
32448260
32449886
32491353
32500780
32511073
32512935
32543426
32553547
32556320
32580326
32603445
32607152
32613627
32625132
32626769
32634084
32647929
32662280
32669976
32677551
32703125
32715882
32726147
32733996
32752311
32778598
32779166
32779566
32781955
32803683
32808014
32814547
32831707
32835722
32842748
32854013
32868662
32883304
32914358
32932631
32948146
32959936
32976222
32997475
32998204
33004543
33008335
33015800
33032482
33062685
33063843
33066032
33076419
33085387
33137913
33142648
33146438
33152906
33181084
33185466
33196227
33208975
33211249
33232042
33245049
33266287
33307638
33339824
33354865
33364458
33368138
33372140
33403910
33454852
33471300
33471636
33473006
33476794
33486639
33500587
33519700
33522190
33551478
33580409
33583715
33618340
33619629
33622782
33640324
33654851
33656580
33661161
33687535
33718512
33721731
33731680
33732007
33732245
33738435
33741882
33749074
33769813
33794146
33796498
33796590
33800568
33804502
33818988
33823716
33858410
33859457
33867616
33872590
33881883
33887338
33901255
33927021
33931225
33936109
33936632
33940040
33953207
33983604
33986398
34002836
34021808
34021836
34089825
34110308
34151490
34190219
34191713
34194840
34202335
34202620
34234363
34248632
34268940
34281340
34282381
34286495
34288861
34295100
34297224
34308618
34313704
34322567
34373068
34385823
34387588
34388172
34397644
34407263
34416189
34432163
34442237
34448564
34475013
34521755
34527665
34561206
34562915
34572978
34580019
34580834
34582429
34592182
34612882
34617756
34633210
34637711
34656326
34667503
34670472
34693922
34700800
34725190
34741193
34761440
34769853
34790188
34796093
34798706
34804853
34810454
34815842
34829291
34829884
34833265
34834185
34846954
34858547
34886224
34887431
34898782
34934984
34947124
34951005
34987000
35008493
35034148
35042853
35060820
35066240
35074587
35082518
35088163
35088579
35126582
35160006
35170367
35186925
35191439
35200183
35201314
35223092
35244434
35257421
35258155
35259822
35260708
35271075
35304154
35310144
35316133
35322329
35356466
35371615
35376702
35390395
35418208
35445722
35460965
35482588
35486259
35491226
35495855
35497249
35537195
35555374
35556629
35567786
35586471
35597765
35608300
35640554
35652424
35656086
35658308
35677096
35709810
35725360
35735993
35755127
35757375
35762054
35773220
35787021
35812759
35816075
35834672
35852827
35853735
35857033
35875830
35893508
35904495
35917631
35939728
35971388
36014370
36039976
36042022
36058595
36078619
36092879
36121475
36124425
36139558
36144287
36162187
36173179
36177229
36213874
36223368
36233947
36266626
36271156
36274489
36275640
36291717
36304731
36313076
36317553
36323018
36323029
36332719
36342850
36344279
36368416
36375907
36385359
36406535
36407984
36412641
36433402
36437360
36459198
36459912
36468700
36478175
36503942
36504922
36528469
36583105
36598186
36604079
36648487
36660866
36665881
36703081
36722553
36727459
36737005
36743948
36748124
36749107
36753181
36759246
36766421
36771902
36790519
36808817
36819299
36824816
36838596
36845327
36884293
36900036
36901530
36921627
36931888
36957144
36968836
36983974
36991232
37021809
37042692
37043491
37045120
37048405
37054012
37061663
37070519
37071754
37076221
37094468
37096030
37103992
37111569
37121970
37124090
37140982
37174539
37191019
37191067
37208672
37216298
37227926
37292089
37313925
37314712
37316388
37351851
37354039
37367732
37375246
37391952
37474465
37495749
37500795
37545051
37586115
37594761
37612113
37613983
37619643
37620755
37638400
37642160
37649718
37654748
37656844
37668966
37672932
37681738
37684601
37688578
37713015
37720975
37724180
37727633
37734771
37736762
37754298
37758988
37772465
37792904
37813704
37815761
37817928
37830402
37842897
37850681
37855813
37859502
37859556
37862096
37871689
37883177
37921378
37933037
37966820
37978482
37984830
37987137
37987387
38001692
38012361
38015421
38034909
38099266
38104917
38122310
38141202
38141639
38142416
38153176
38156081
38158495
38172391
38177004
38182077
38184493
38186614
38190596
38197268
38208588
38218070
38236337
38249224
38284357
38285285
38312805
38326298
38367511
38368031
38373894
38422821
38451458
38458859
38494340
38531018
38533538
38535689
38545678
38546417
38564916
38572780
38580835
38594007
38606502
38607770
38613416
38618118
38622085
38648240
38664264
38677419
38745304
38752297
38777646
38783981
38823095
38866331
38870132
38874523
38894847
38902442
38910283
38916581
38930625
38945158
38968773
38971685
38975205
39001751
39007267
39009781
39023405
39025684
39055307
39061573
39078168
39100158
39101441
39147621
39150735
39184582
39216844
39249006
39255036
39298165
39301169
39302985
39332699
39360762
39375506
39380507
39406531
39432003
39437876
39439047
39457308
39480855
39484472
39498303
39536893
39604976
39605929
39610274
39632596
39641256
39666126
39670270
39683755
39691020
39775220
39777186
39819713
39819805
39820244
39821087
39821228
39824189
39824396
39824650
39826543
39826759
39853044
39855907
39874516
39878708
39885898
39892594
39894289
39895988
39899470
39904765
39910105
39921391
39926480
39936255
39937702
39942323
39956902
39958830
39963370
39969276
39970721
40082577
40191635
40258042
40273095
40274339
40287750
40304814
40328496
40347005
40369823
40370993
40374533
40397977
40398270
40405701
40421756
40450491
40465984
40478260
40479611
40511807
40526910
40577916
40582972
40595808
40596747
40603462
40613368
40632230
40638943
40675485
40704419
40719291
40719322
40744182
40762006
40772045
40779084
40781897
40801268
40820287
40837826
40851512
40856231
40865490
40902096
40949821
40960544
40968706
40981506
40982320
40987722
41016923
41041317
41046728
41056220
41062588
41101320
41101772
41102952
41128286
41141990
41203402
41244891
41245856
41250206
41251909
41268741
41281733
41282639
41290321
41290692
41291798
41292521
41293452
41306593
41324465
41325546
41325937
41326448
41326778
41327506
41328885
41350388
41350433
41355655
41360562
41379331
41386918
41390182
41398214
41398626
41399161
41435752
41436636
41441868
41450735
41459773
41461680
41477852
41504742
41505538
41514691
41517513
41536230
41547182
41548870
41552820
41568424
41570707
41572066
41587978
41589302
41591751
41598280
41600886
41601391
41601902
41602418
41622070
41627775
41628061
41642094
41644195
41645370
41645642
41670506
41686889
41690513
41691630
41723789
41729534
41738765
41758689
41785489
41791536
41802346
41804421
41849062
41850586
41852820
41855403
41884150
41905998
41907077
41923310
41959632
41963216
41980671
41992105
41992267
41992318
41992373
41992796
42018995
42025973
42104489
42145099
42156053
42156241
42177082
42177636
42181381
42184348
42203069
42235052
42254797
42329757
42364898
42378143
42419185
42423802
42424264
42424488
42425021
42451201
42464774
42465281
42465394
42478820
42496683
42496760
42499512
42499674
42504883
42505051
42505123
42536984
42537231
42543996
42544380
42545381
42568576
42569752
42584554
42584748
42592435
42593502
42599814
42622334
42656978
42696838
42697033
42700753
42713034
42726156
42742248
42782359
42804788
42808286
42809492
42827427
42832604
42845180
42845746
42849987
42852451
42854446
42892780
42900919
42901547
42906219
42915380
42917578
42925195
42942885
42943421
42945290
42945774
42946966
42960522
42961789
42966230
42972430
42972947
42975274
42986280
42986642
42992876
42993059
42993327
42993963
43001172
43005528
43008201
43009811
43019314
43023940
43025309
43035208
43036475
43038220
43039250
43062718
43069017
43073925
43077776
43088536
43097358
43102877
43105669
43110190
43114806
43118484
43129302
43129316
43138566
43140368
43143430
43145135
43148989
43149943
43158835
43167788
43178718
43198421
43200487
43205377
43208417
43209587
43217657
43222751
43223103
43226713
43234187
43234802
43238486
43249130
43273321
43273366
43278562
43305080
43332102
43335752
43361906
43361976
43453883
43458483
43463012
43500576
43502686
43519671
43535873
43535978
43553478
43556893
43698619
43803536
43821616
43855044
43878019
43888945
43972051
43972371
44007420
44087794
44088527
44141218
44146627
