2125
9134
11798
22682
24925
26105
26476
26905
28137
29420
31254
32666
36050
45147
59940
62697
68971
72082
95216
105841
106019
109262
114028
119376
120585
125411
130444
136664
155881
157910
181052
182466
190690
191777
193832
207420
225646
228748
235720
239218
253770
254666
272042
281753
287649
289548
308916
309123
317032
332862
336159
347700
348832
350046
350737
351307
370057
370225
383284
385838
405204
413339
429966
439038
440114
442140
446295
447407
458341
471278
480252
480395
480783
482095
484918
487840
497208
503204
507308
513951
522830
532942
538842
559985
585327
585962
588088
589942
595215
596167
597881
627356
642891
649469
650034
677058
682532
702533
725834
735298
771064
790656
811574
814564
833086
833768
842663
843146
846381
859042
869270
869561
885936
888855
889470
901303
924665
935100
948413
950759
952584
954437
954639
989440
997522
1019388
1025083
1029377
1052718
1053903
1077342
1085145
1085669
1087711
1093599
1110624
1141626
1146169
1172492
1173983
1185113
1195626
1200306
1201332
1206399
1223633
1228529
1236224
1310439
1313728
1324906
1335045
1345491
1382548
1397526
1460367
1464484
1469842
1472628
1498719
1520733
1550107
1574114
1582216
1584313
1587755
1589279
1593617
1628437
1634403
1638840
1642155
1647870
1679010
1682811
1685026
1691904
1695917
1701337
1706496
1751121
1755543
1778533
1796237
1805535
1824847
1877530
1889774
1895100
1975098
1993070
1994290
2038076
2050286
2050402
2069054
2113434
2141954
2142876
2178078
2181560
2205264
2332348
2361078
2399734
2400736
2419738
2450842
2452880
2456338
2474340
2501972
2514434
2557612
2578584
2618508
2630504
2689610
2728334
2756024
2757018
2760020
2811256
2864498
2908530
2922752
2943402
2944724
2954182
2987484
3010000
3012008
3014848
3020399
3025749
3039342
3050157
3055894
3083950
3091490
3100942
3112718
3119605
3140811
3168506
3206749
3387621
3494671
3536441
4132931
4255031
4568851
4615471
4720381
4745831
4873751
5070211
5658921
5815311
6299361
6796441
6880751
6906571
7546591
7708711
7764571
7784011
8170221
8458681
8507811
8581991
8620191
8697461
8892541
9855421
9945651
10238631
10441301
10727161
10852711
10889141
11076151
11229861
11277471
11967091
12128141
12711881
13797691
13825821
13999431
14317671
14471931
14505171
14526081
14634791
14673651
14938371
15102371
15231521
15559884
15583108
15587234
15596225
15640799
15652765
15689438
15692059
15696243
15729279
15735168
15743657
15816217
15843165
16002278
16030160
16035918
16050617
16095809
16099995
16109884
16137460
16158500
16169562
16231491
16343926
16450480
16645381
16652077
16698358
16733167
20172814
20201428
20314600
20329657
20390872
27089110
27093694
27239512
27254686
27300640
27364744
27453715
27550213
27560356
27788896
27887242
27889049
27966128
29004482
29012847
29015921
29065021
29072050
29078196
29099432
29526143
29534878
29541566
29564986
29616322
29638879
29663232
29803821
29810412
29830324
29931219
30004405
30007773
30063434
30100405
30136276
30229260
30242089
30244965
30250183
30283038
30328423
30348316
30398408
30407419
30418201
30418299
30430820
30546454
30567215
30586215
30587329
30642217
30664623
30692628
30696473
30703189
30717800
30811539
30872897
31007302
31008489
31030722
31081682
31082396
31128614
31145399
31339739
31341236
31365609
31367431
31368151
31391200
31421106
31448506
31474582
31499398
31526171
31649667
31654607
31656728
31660678
31677098
31766278
31781162
31811984
31819967
31887466
31911607
31916219
31948211
31972541
32001709
32011145
32023809
32081490
32182070
32222425
32235194
32288681
32325098
32352848
32355871
32361797
32390084
32444603
32496812
32498062
32512101
32522806
32554504
32603445
32614942
32625132
32629572
32636782
32662280
32676884
32677551
32713577
32722484
32764561
32789690
32797901
32919319
32981111
33012343
33015800
33052111
33052341
33132170
33146438
33152906
33158741
33178978
33228745
33231402
33232042
33235967
33263363
33292729
33307638
33325882
33359260
33428945
33432979
33455400
33461345
33467222
33471284
33478703
33499398
33548178
33565098
33580073
33580409
33597645
33618340
33634973
33650487
33653809
33663611
33667720
33681928
33687535
33718512
33719411
33721731
33731680
33740996
33741778
33748078
33750074
33778662
33780078
33811255
33816330
33864894
33877604
33887023
33897433
33925978
33946870
33998332
34004373
34019813
34021836
34029319
34037728
34099270
34145670
34168714
34176815
34202335
34209901
34218848
34243702
34261097
34268940
34271915
34297224
34313704
34328557
34385049
34387564
34397062
34439726
34460855
34562915
34581326
34612634
34656089
34664661
34693922
34711755
34714895
34741193
34768668
34803208
34829884
34832252
34844369
34844519
34853053
34880007
34884676
34886224
34934517
34963903
35008493
35021150
35059806
35119235
35182649
35191439
35265239
35281191
35290150
35300985
35322329
35346368
35356466
35388257
35390395
35417620
35481690
35495855
35497249
35520100
35549764
35580368
35586471
35600879
35616475
35640554
35652721
35657092
35703455
35757014
35787021
35849191
35867886
35874337
35891498
35949017
35959134
35971388
35976020
35986072
35989426
36039555
36042986
36058595
36080478
36093463
36132341
36144287
36145887
36149962
36158078
36159271
36161663
36168038
36200075
36261291
36292045
36295327
36313076
36327691
36392766
36401953
36402740
36413583
36479606
36485470
36515417
36524396
36538189
36573271
36573470
36614252
36625764
36645695
36660866
36663285
36742175
36753181
36766421
36863105
36863247
36879805
36934793
36947166
36954591
36992274
37045120
37054012
37061663
37071754
37076955
37096030
37124606
37165220
37183393
37191019
37217446
37234673
37313925
37314712
37321660
37413241
37545051
37546190
37550456
37590878
37609810
37619643
37642160
37654088
37672932
37718132
37721141
37728350
37756277
37794049
37794168
37847929
37850681
37855813
37881385
37921378
37931738
37932013
37937293
37975890
37987137
37987387
38001692
38012361
38059708
38065482
38067335
38095687
38099266
38181860
38182077
38204030
38215952
38218223
38233811
38239400
38254966
38255710
38273490
38312805
38391762
38413069
38447743
38504120
38538968
38564916
38594007
38611319
38630457
38803386
38862178
38866331
38894760
38894847
38910283
39007267
39117617
39170812
39174653
39243483
39324081
39354233
39410871
39442196
39480855
39498303
39505372
39539062
39604976
39655565
39662668
39666126
39670270
39672592
39683755
39692938
39747150
39764835
39824801
39895988
39899470
39931678
39958830
39969276
40041746
40168236
40272459
40304817
40328496
40344160
40376269
40397977
40421756
40464318
40479611
40514753
40582972
40593918
40630452
40704817
40720638
40741161
40749111
40755081
40765587
40801268
40818502
40818891
40841626
40865490
40877485
40903138
40908765
40982320
40990078
40990236
41018492
41060137
41096713
41101320
41110482
41128286
41145511
41170699
41197966
41213212
41268741
41279983
41283546
41300795
41303431
41306593
41349230
41386918
41399161
41402330
41441868
41452758
41457368
41477852
41505538
41514691
41533789
41552743
41552820
41558803
41569682
41591751
41622781
41657338
41683713
41689901
41714204
41752041
41783347
41819191
41856164
41867272
41897587
41905998
41963216
42056861
42104489
42177082
42200942
42223633
42279793
42297858
42405041
42440304
42447539
42569603
42581711
42584673
42586385
42592435
42634391
42698273
42726156
42734274
42913775
42925195
42986642
42993228
42993963
43001172
43021651
43036799
43104337
43140368
43158835
43273321
43332102
43376737
43383305
43418373
43473260
43477110
43502686
43535873
43535978
43553478
43565942
43586399
43612058
43686943
43726966
43728879
43734740
43740077
43848833
43882475
43915907
43938860
44007420
44070277
44081214
44114714
44129259
44131726
44142138
44145862
44146627
44165505
44181773
44214452
44235508
44283738
44399210
44412070
44442114
44459233
44513121
44599867
44686439
44708102
44717279
44724275
44775968
44851114
44894326
45007394
45007706
45084328
45109725
45140431
45142387
45184976
45192869
45242473
45303065
45318521
45343032
45450183
45525248
45573792
45692230
45817836
45878207
46006290
46012061
46119721
46258807
46277367
46301843
46314871
46315435
46323667
46441307
46487027
46514375
46659603
46670601
46671544
47004401
47049855
47123350
47171837
47176019
47188647
47223195
47349661
47392880
47417343
47427344
47452605
47652747
47734735
