8121
11798
63171
108978
126300
289548
321428
336159
395637
433562
448594
484918
514070
547134
596167
602538
761552
785988
825483
833768
885936
886367
1171095
1200306
1249292
1278166
1313728
1357161
1361020
1430045
1470788
1564659
1589630
1623946
1693369
1701337
1877530
1895100
1903292
2192340
2231014
2272902
2405680
2567976
2798602
3020399
3077324
4132931
4265231
5386841
5658921
6299361
6747581
7166211
8230371
9353381
10437071
14505171
15671315
15721605
15741329
15843165
16099995
16160880
16437319
16692985
20172814
20329657
20390872
20563885
24655228
27429268
27516154
27715426
29052081
29065746
29169461
29317550
29600334
29638879
29650066
29931219
30008136
30144006
30229260
30477677
31027988
31081682
31172140
31209204
31423818
31426121
31432310
31660678
31686776
31759977
31766278
31887466
32133313
32219321
32395193
32561562
32638739
32676884
32718041
32795057
33012343
33052341
33114324
33261537
33667720
33832904
34039531
34093276
34161633
34176815
34559246
34595388
34664661
34844519
35008493
35019422
35021150
35191439
35586471
35703455
35757014
35949017
36058595
36080478
36092519
36355207
36485470
36663285
36775060
36851315
36863105
36995972
37023570
37054012
37058800
37061663
37124606
37183393
37361325
37425820
37609810
37638400
37748639
37855813
38095687
38215952
38420098
38504120
38538968
38594007
39007267
39022392
39198616
40259456
40328496
40376269
40903138
41578923
41632851
41871077
42162600
42297858
42584673
42586385
42734274
42852451
42855390
43021651
43033878
43383305
43413766
43494458
43740077
43885995
44007420
44238567
44412070
44433601
44572569
44599867
44782872
45184352
45184976
45229380
45391268
45471359
45521473
45525248
45531017
45575711
45626922
45770929
45917637
46001613
46006290
46025386
46132779
46153013
46213120
46301843
46514375
46554512
46794154
47349661
47452605
47454089
47468131
47478439
47484822
