11798
16128
18128
24322
26105
28137
32024
36050
37210
39765
41465
65409
67648
108944
109008
119376
135120
137796
145759
169492
177030
181052
183963
185766
187061
189372
192048
193832
226958
228748
246339
251371
273579
285990
294018
295090
299015
302429
313667
331875
338634
341734
346551
351192
352973
354843
364893
369980
372916
379813
387318
388414
398109
443972
451870
452355
480783
482095
497208
503204
505856
511696
544011
559985
564018
586452
596167
597881
600355
622649
628860
633317
649434
657064
662338
678700
686869
699822
702533
703836
715883
737978
757803
764211
771064
775098
781716
789336
796927
816689
833768
857423
885936
890439
890879
891907
916233
954639
955785
967663
975165
1019017
1019388
1053903
1061674
1070105
1074279
1076304
1078333
1092136
1125524
1144045
1159252
1169568
1171095
1173594
1178708
1200306
1206936
1223633
1224902
1230663
1249650
1271172
1274590
1289194
1297297
1313728
1313777
1332606
1335045
1337509
1360353
1380927
1397526
1398820
1411211
1413713
1461958
1465852
1471340
1473333
1478550
1500589
1551719
1564659
1589279
1591420
1598210
1619907
1624064
1634403
1639323
1639492
1648406
1648582
1649410
1675788
1679010
1682682
1727780
1732053
1737273
1750159
1764611
1803125
1820663
1872130
1877530
1895100
1895574
1898930
1975098
2012980
2050286
2050402
2122360
2130258
2136142
2140510
2189616
2194976
2215016
2227824
2265308
2267930
2278328
2338076
2394846
2396660
2567976
2574908
2578178
2597122
2622216
2630504
2635652
2717400
2756024
2757018
2770474
2783350
2798020
2811256
2811968
2901228
2924200
2937998
2943264
2977652
3006638
3049907
3053227
3057166
3057643
3081241
3101690
3137478
3153572
3173241
3214517
3230769
3492191
3530721
4306511
4720381
5045391
5102171
5119571
5252911
5428941
5502861
5543211
5731651
5742231
5916471
5993151
6186401
6523011
6583221
6850481
6880751
7254851
7379461
7445301
7843741
7852811
7916571
8487611
8575911
8921131
9295171
9506341
10887981
11229861
11506971
11536301
11641381
11744451
12711881
13797691
13999431
14505171
14521171
14788301
14962591
14981441
15427381
15559884
15596225
15602773
15689098
15689438
15706969
15745807
15843165
15990622
15991012
15997497
16027022
16050617
16125415
16169562
16174613
16217520
16335943
16404295
16645096
16652077
16764574
16802494
20172814
20201428
20245393
20261029
20347216
20523502
20563885
27064195
27147823
27175597
27188791
27239512
27345328
27364744
27573145
27799810
27873079
27956910
29065021
29083128
29099432
29131195
29156848
29235737
29323571
29584654
29590666
29616322
29638879
29650066
29787255
29889111
29902611
29931219
29956289
29965327
30086741
30101195
30103356
30150332
30161279
30242089
30244574
30244965
30280515
30280713
30529092
30567215
30571495
30586215
30586926
30667386
30696473
30898530
31007302
31082396
31128025
31147147
31221667
31311907
31313419
31318364
31328625
31328671
31448506
31645639
31649667
31746630
31766278
31811984
31849635
31857357
31887697
32004730
32008805
32011145
32080579
32119563
32119948
32121342
32123028
32167251
32200260
32232219
32290491
32306230
32353250
32355871
32356614
32426694
32444603
32494895
32512868
32522806
32583556
32625132
32629572
32665248
32676884
32698748
32736181
32784715
32797901
32803683
32831270
32946976
32976222
33052341
33108783
33158741
33194995
33196227
33209714
33232042
33239608
33298365
33419678
33446198
33455400
33471284
33478703
33520429
33565098
33596861
33596879
33618340
33667720
33687535
33778662
33811255
33864894
33877176
34021836
34024174
34042044
34061238
34169357
34190219
34218848
34242224
34271915
34275355
34297224
34306039
34313704
34328557
34352304
34385049
34387564
34460855
34471501
34524868
34562915
34594087
34630035
34656089
34667503
34715872
34736015
34804853
34829884
34843349
34934517
34934984
34987396
34998022
35008493
35053786
35153419
35240225
35300210
35318227
35322329
35390395
35485494
35497249
35566901
35580368
35586491
35627257
35704433
35791948
35793405
35849191
35886829
35913877
35951610
35956760
35971388
35976020
36042986
36058595
36132341
36149962
36200075
36261291
36292045
36295327
36305051
36313076
36327691
36362831
36375907
36392766
36444516
36466227
36479606
36538189
36543182
36556814
36581096
36583105
36594778
36663285
36696017
36722553
36766421
36777790
36809558
36847099
36886397
36947262
36991232
36992274
37013271
37043833
37048405
37049881
37054012
37061663
37076955
37123750
37183393
37198383
37221599
37230188
37234673
37251405
37254757
37297552
37313925
37321660
37358120
37422961
37480297
37580198
37590878
37609810
37624508
37684601
37722812
37781885
37804630
37836622
37843534
37845187
37850681
37871689
37921378
37937293
37962279
37987387
38012361
38018690
38053993
38067335
38095687
38099266
38104917
38254966
38259161
38409035
38504120
38535689
38554969
38564916
39082023
39166191
39206715
39362247
39410289
39442196
39604976
39747150
40287750
40304817
40328496
40344160
40574364
40818502
40865490
40903138
41128286
41286185
41300795
41569682
41573933
41591751
41645642
41836843
41837022
41856164
42032081
42056861
42177082
42200942
42505081
42527675
42698273
42734274
42993963
43435362
43477110
43612058
43649202
43686943
43821616
44007420
44081214
44114714
44145362
44235508
44270317
44412070
44442114
44536810
44599867
44803077
45183485
45184976
45288716
45343619
45345514
45525248
45760294
46006290
46315435
46388705
46519065
46554512
47221767
47520005
47844864
