4
10
11
12
13
14
15
16
17
18
20
21
22
23
24
25
26
27
28
29
30
31
32
33
34
35
36
37
38
39
40
41
42
43
44
45
46
47
48
49
50
52
53
54
57
58
59
60
61
62
63
65
66
67
68
69
70
71
72
73
74
75
76
77
85
90
93
94
96
97
99
105
106
107
108
111
112
114
124
125
136
138
141
154
159
162
163
164
165
169
171
179
191
193
199
206
207
212
217
220
238
260
262
267
270
272
287
294
297
298
300
315
316
317
345
346
347
349
358
366
368
377
378
389
396
397
404
405
406
417
423
431
439
443
445
449
459
465
466
467
470
481
508
526
537
540
549
550
553
556
557
559
564
569
570
571
572
581
591
595
601
610
611
619
627
635
686
688
692
698
699
737
738
743
769
773
776
779
787
790
799
810
823
832
864
877
905
929
931
941
947
965
992
999
1004
1011
1063
1074
1094
1125
1204
1208
1358
1372
1373
1503
1548
1564
1576
1584
1608
1668
1700
1721
1726
1731
1735
1783
1884
1932
1957
1992
1994
1997
2094
2125
2134
2142
2149
2157
2250
2385
2390
2392
2472
2530
2590
2601
2617
2646
2686
2749
2789
2795
2806
2823
2833
2844
2864
2985
3061
3103
3200
3255
3263
3286
3288
3446
3483
3573
3583
3672
3867
3971
3991
4385
4557
4855
5003
5042
5054
5077
5216
5270
5288
5411
5486
5793
5807
5823
5824
5829
5844
5968
6031
6033
6036
6039
6062
6086
6141
6158
6165
6214
6221
6289
6312
6392
6403
6428
6507
6556
6588
6622
6640
6679
6686
6706
6719
6735
6796
6840
6857
6859
6861
6862
6928
7012
7028
7033
7052
7064
7078
7116
7159
7362
7372
7375
7383
7425
7627
7700
7701
7711
7820
7852
7877
7888
7913
7935
8006
8015
8068
8097
8121
8161
8166
8222
8241
8242
8243
8267
8326
8412
8433
8438
8454
8519
8533
8626
8648
8684
8740
8833
8838
8852
8885
8924
8957
9058
9082
9134
9240
9243
9267
9279
9364
9365
9384
9403
9421
9497
9589
9595
9608
9611
9620
9636
9637
9650
9657
9701
9717
9730
9750
9763
9785
9828
9857
9875
9878
9891
9924
9929
9939
9942
9961
10000
10004
10073
10074
10081
10094
10140
10151
10202
10211
10271
10307
10370
10377
10397
10466
10469
10483
10487
10493
10520
10523
10620
10636
10638
10701
10718
10720
10737
10789
10828
10881
10911
10912
10915
10956
10976
10992
11029
11064
11065
11096
11101
11128
11191
11220
11264
11271
11276
11295
11301
11320
11341
11348
11423
11440
11444
11455
11474
11488
11515
11560
11564
11579
11584
11600
11604
11616
11641
11648
11670
11733
11798
11822
11829
11830
11831
11849
11885
11886
11898
11925
11949
11977
11999
12008
12050
12097
12176
12198
12205
12213
12287
12307
12337
12401
12410
12417
12424
12445
12485
12521
12554
12574
12590
12605
12729
12831
12880
12915
12919
12924
12931
13054
13083
13085
13100
13161
13164
13166
13204
13219
13238
13255
13272
13283
13297
13334
13335
13359
13362
13380
13401
13404
13414
13440
13446
13450
13454
13476
13481
13486
13494
13513
13519
13524
13540
13552
13581
13603
13700
13708
13744
13756
13768
13779
13788
13792
13797
13817
13821
13849
13877
13903
13924
13956
13979
14064
14111
14115
14118
14190
14234
14274
14298
14299
14313
14335
14357
14377
14378
14379
14416
14430
14436
14507
14509
14514
14524
14535
14537
14540
14577
14612
14613
14615
14641
14650
14747
14769
14785
14833
14903
14976
15011
15033
15068
15076
15307
15376
15382
15403
15414
15418
15423
15449
15450
15487
15500
15509
15517
15520
15525
15537
15542
15555
15563
15651
15658
15666
15684
15695
15704
15744
15748
15759
15760
15772
15791
15794
15818
15836
15860
15877
15901
15930
16006
16046
16069
16079
16080
16102
16128
16153
16185
16214
16229
16239
16291
16297
16307
16314
16341
16352
16426
16448
16585
16610
16623
16647
16687
16761
16768
16792
16811
16823
16841
16858
16863
16867
16876
16892
16898
16907
16928
16975
16978
16996
17014
17038
17069
17188
17246
17247
17276
17312
17321
17341
17360
17365
17377
17389
17504
17560
17583
17587
17599
17627
17646
17647
17651
17668
17672
17700
17770
17783
17790
17797
17833
17875
17879
17896
17910
17916
17920
17921
17924
17937
17945
17962
17976
18020
18064
18067
18089
18128
18153
18206
18227
18288
18303
18322
18326
18336
18343
18440
18442
18443
18532
18535
18596
18617
18635
18640
18641
18653
18681
18690
18698
18776
18820
18879
18896
18921
18960
18978
19006
19011
19013
19021
19022
19023
19029
19065
19107
19110
19111
19130
19154
19168
19196
19201
19257
19296
19297
19299
19359
19375
19408
19412
19437
19456
19475
19545
19572
19574
19582
19596
19677
19702
19783
19791
19847
19865
19924
19957
19985
19994
20043
20086
20145
20196
20217
20227
20262
20347
20351
20361
20419
20420
20510
20605
20648
20660
20662
20687
20723
20773
20852
20982
20983
21025
21072
21151
21152
21228
21335
21346
21372
21392
21452
21492
21506
21509
21585
21605
21672
21673
21685
21725
21773
21853
21854
21901
21919
21956
21984
21985
22026
22125
22127
22199
22278
22287
22453
22511
22614
22728
22800
22858
22914
23032
23070
23139
23148
23154
23225
23288
23303
23307
23455
23476
23532
23556
23589
23612
23619
23720
23723
23739
23792
23820
23877
23904
23937
23945
23948
24025
24031
24161
24177
24340
24350
24363
24369
24434
24465
24518
24551
24574
24658
24731
24736
24819
24978
24985
24989
25003
25052
25080
25092
25165
25211
25220
25223
25231
25265
25270
25342
25351
25423
25431
25499
25525
25663
25677
25797
25865
25872
25895
26074
26082
26102
26105
26293
26353
26361
26400
26401
26421
26479
26494
26559
26620
26625
26664
26747
26873
26958
27003
27097
27182
27185
27245
27391
27485
27513
27602
27679
27691
27844
27873
28017
28075
28077
28137
28155
28252
28307
28353
28363
28387
28473
28548
28595
28640
28668
28672
28720
28765
28792
28867
29089
29128
29132
29225
29257
29259
29283
29284
29300
29420
29463
29739
29844
29857
29885
29901
29908
29944
29964
30023
30043
30072
30094
30187
30265
30356
30381
30467
30469
30628
30754
30789
30857
30879
30898
30925
30983
31041
31132
31203
31217
31243
31247
31254
31309
31315
31323
31364
31470
31517
31520
31527
31589
31620
31692
31712
31744
31799
31896
31991
32005
32024
32184
32253
32303
32354
32382
32421
32595
32631
32664
32666
32699
32735
32798
32856
32899
32921
32969
33057
33070
33133
33168
33215
33387
33449
33514
33547
33662
33780
33840
33937
33955
34069
34078
34095
34103
34126
34194
34210
34221
34388
34464
34530
34700
34722
34795
34804
34844
34857
34863
34944
35164
35216
35266
35282
35324
35410
35434
35486
35650
35709
35810
35986
36022
36045
36050
36113
36163
36182
36236
36238
36255
36397
36439
36483
36505
36512
36697
36754
36757
36858
36859
36881
36983
37047
37057
37102
37204
37210
37229
37267
37340
37425
37431
37482
37514
37528
37555
37570
37613
37643
37712
37782
37787
37851
37925
37930
37967
37990
38013
38084
38120
38185
38206
38242
38283
38329
38346
38356
38357
38415
38443
38484
38499
38508
38581
38586
38610
38612
38656
38700
38703
38708
38791
38847
38857
38866
38893
38899
38941
38963
39028
39049
39124
39230
39277
39285
39336
39360
39403
39419
39450
39456
39488
39493
39494
39532
39610
39621
39663
39681
39765
39791
39813
39840
39850
39993
40012
40074
40084
40189
40233
40249
40286
40376
40400
40481
40485
40493
40530
40541
40547
40640
40700
40703
40746
40762
40772
40801
40802
40913
41080
41179
41193
41197
41226
41240
41277
41306
41344
41351
41363
41372
41403
41428
41510
41515
41620
41625
41686
41730
41773
41830
41832
41834
41843
41889
41953
41957
41994
42102
42109
42141
42178
42201
42262
42265
42280
42311
42369
42394
42425
42426
42430
42459
42464
42540
42576
42587
42598
42616
42629
42748
42756
42805
42806
42807
42819
42825
42953
42984
43059
43138
43171
43246
43300
43318
43344
43366
43423
43587
43599
43653
43665
43709
43713
43834
43850
43877
43890
43925
43958
43969
44017
44022
44025
44067
44088
44143
44218
44260
44282
44319
44335
44337
44404
44464
44466
44536
44563
44654
44767
44804
44827
44834
44886
44897
44900
44912
44920
44955
44993
45026
45034
45082
45132
45147
45188
45260
45297
45356
45364
45444
45510
45521
45582
45599
45616
45633
45676
45703
45711
45713
45746
45765
45769
45894
45899
45950
46054
46101
46135
46172
46199
46223
46233
46248
46304
46371
46373
46396
46435
46441
46448
46456
46497
46556
46590
46595
46607
46663
46690
46726
46730
46739
46823
46870
46900
46914
46996
47038
47135
47165
47173
47176
47199
47244
47326
47329
47380
47436
47468
47470
47480
47498
47504
47520
47564
47569
47588
47591
47605
47606
47622
47640
47647
47654
47684
47776
47862
47878
47929
47963
48070
48114
48131
48172
48214
48302
48471
48489
48625
48677
48746
48769
48909
48946
49101
49224
49249
49336
49343
49485
49639
49695
49702
49739
49781
49956
49972
50006
50090
50094
50102
50103
50141
50293
50317
50333
50340
50391
50396
50397
50403
50422
50427
50477
50495
50499
50582
50594
50599
50606
50608
50617
50624
50715
50726
50764
50802
50824
50836
50883
50950
50965
50974
50988
51041
51058
51065
51114
51127
51134
51166
51170
51216
51242
51268
51281
51293
51341
51378
51386
51391
51408
51417
51466
51469
51531
51547
51550
51588
51607
51685
51692
51809
51813
51818
51844
51864
51905
52040
52051
52171
52249
52313
52344
52394
52478
52504
52529
52544
52709
52909
53025
53065
53111
53132
53216
53389
53423
53424
53440
53471
53480
53536
53600
53710
53867
53886
54029
54083
54110
54164
54202
54213
54219
54253
54280
54286
54403
54442
54453
54484
54502
54504
54541
54544
54550
54592
54610
54618
54667
54668
54685
54691
54701
54717
54753
54804
54808
54830
54844
54857
54941
54944
54970
55010
55051
55089
55115
55188
55236
55256
55295
55381
55411
55424
55430
55478
55497
55501
55504
55526
55554
55555
55559
55696
55701
55711
55742
55752
55758
55783
55785
55842
55898
55899
55971
56002
56006
56015
56017
56041
56059
56181
56198
56231
56265
56267
56273
56301
56344
56409
56435
56463
56496
56523
56584
56614
56624
56702
56751
56763
56769
56807
56826
56863
56872
56883
56884
56961
56962
56965
56970
56983
57004
57006
57027
57028
57046
57057
57166
57216
57262
57267
57332
57366
57376
57387
57454
57495
57585
57589
57736
57741
57755
57873
57972
57990
58007
58022
58199
58238
58246
58252
58275
58307
58329
58368
58375
58386
58405
58535
58571
58687
58758
58901
58943
58953
58970
59111
59165
59273
59277
59375
59414
59472
59565
59590
59651
59790
59792
59818
59860
59940
59990
60006
60019
60249
60292
60413
60504
60540
60610
60627
60640
60734
60889
61013
61047
61049
61146
61155
61175
61194
61246
61253
61290
61298
61339
61360
61399
61453
61619
61637
61711
61804
61836
62119
62125
62192
62360
62513
62523
62534
62631
62635
62688
62697
62852
62911
62914
62928
62931
62991
63075
63148
63171
63377
63378
63399
63446
63521
63524
63529
63613
63647
63749
63753
63797
63822
63833
63856
63867
63888
63936
63946
63959
63980
64001
64016
64081
64093
64104
64125
64160
64255
64287
64346
64372
64406
64461
64577
64659
64676
64689
64692
64710
64799
64864
64920
64941
64959
64974
64989
65019
65027
65062
65122
65130
65177
65185
65265
65284
65307
65323
65349
65409
65502
65513
65521
65546
65548
65586
65694
65721
65738
65800
65831
65846
65885
65928
66025
66027
66086
66103
66211
66227
66293
66366
66367
66393
66409
66413
66458
66459
66477
66490
66493
66497
66558
66589
66655
66660
66665
66667
66819
66824
66849
66885
66951
66975
67018
67051
67111
67117
67148
67186
67212
67214
67289
67291
67293
67316
67330
67340
67381
67386
67398
67462
67473
67491
67511
67567
67680
67701
67707
67711
67716
67784
67789
67801
67813
67819
67832
67850
67886
67913
67920
67928
67934
67997
68006
68036
68042
68043
68164
68173
68180
68186
68262
68277
68299
68316
68322
68334
68376
68454
68456
68536
68545
68562
68613
68741
68746
68788
68885
68971
69020
69057
69061
69129
69152
69213
69285
69404
69473
69668
69697
69725
69823
69851
70070
70114
70132
70316
70364
70367
70396
70404
70415
70458
70477
70488
70570
70575
70605
70621
70692
70844
70919
70938
71057
71099
71310
71328
71334
71350
71410
71454
71508
71528
71820
71844
71857
71881
71904
71920
71926
72057
72082
72088
72092
72113
72179
72229
72256
72368
72430
72446
72556
72583
72596
72602
72725
72753
72816
72833
72852
72947
72999
73072
73083
73084
73232
73306
73349
73617
73714
73724
73744
73749
73768
73800
73915
74005
74021
74022
74081
74094
74103
74178
74361
74372
74405
74446
74449
74496
74587
74612
74617
74654
74656
74710
74717
74747
74778
74791
74885
74888
74892
74941
74945
74953
74955
75065
75103
75122
75232
75347
75359
75379
75898
76044
76245
78139
78422
79759
81747
83166
84822
85796
90310
92752
94091
98426
100599
102354
102527
108944
111375
112155
112371
113897
113973
115986
117520
118569
119376
122733
122801
124891
128215
129131
133969
136170
136925
137713
144453
144735
145546
145769
147072
149807
150185
150943
151922
152025
153989
154222
154662
157910
158470
158963
164577
165933
166602
166651
167479
169492
172609
174875
175457
179349
180604
181052
182881
183124
183767
184301
189055
190954
191083
191777
193832
193843
198897
200647
202810
204142
206534
208238
210233
210364
213292
214874
218232
219392
222721
223069
225618
228216
229746
233204
234439
235720
236068
237161
237544
238558
240623
240917
242556
242813
243717
243750
243780
245725
248712
249789
250670
251442
252225
253770
256666
257466
258630
258874
261983
262103
262121
262763
264454
265330
265732
266915
268274
268813
269343
271698
273579
274529
275127
278193
282075
282105
283487
285678
285787
289548
290745
291353
293374
296010
296092
297101
301013
301505
302905
304811
306622
307859
309048
309398
310165
310223
311505
313936
314317
315180
316016
316350
317032
317413
317810
317898
318023
318589
318699
319558
321002
325049
326035
326750
331210
331561
334993
335288
336159
336743
338803
339264
339390
341071
341756
342128
343251
343310
347055
347700
347749
347839
348705
348832
349648
349869
350779
351307
351548
352463
353044
353994
356080
357736
358463
358730
359395
360050
361367
361926
368034
368046
368373
369026
369266
370225
372916
374779
375443
377428
378152
378177
381381
381799
383284
383453
384438
384629
387702
388851
389059
390734
391722
393113
393592
394888
395571
396759
397814
399222
399240
400322
400610
406610
407058
408102
408654
408993
409155
411258
412195
413339
413349
413515
413700
415024
415350
415638
417658
417982
419336
420401
420541
422025
426793
427248
427870
429856
429867
429966
433814
434713
436667
436913
437867
440114
446529
452355
454122
456957
457250
459136
459808
463157
463601
463958
464935
466393
466500
469198
474744
475723
480139
480783
481515
482095
482289
483117
483120
483226
483945
484806
485806
488833
488997
489200
489335
490152
491330
493951
494835
497149
499787
501801
501940
502566
507174
507226
507236
507308
507449
507485
507929
509336
510142
510521
511876
511920
514070
516434
521813
522509
522670
522830
529993
530475
532531
532928
533140
533163
536852
537575
538094
539937
541089
548999
549603
550691
552245
553112
555518
555836
555877
558942
559179
559985
560401
561436
563430
563972
565162
565324
569993
573227
579467
582124
582761
585652
588088
589698
589941
590561
591264
594405
595215
595956
596167
602538
607890
607939
608698
611702
613087
615869
617132
618270
620403
620691
627092
627356
639822
640522
643094
643343
646319
650034
650445
651528
653822
654028
654418
655533
658274
658340
660732
661092
661333
661971
668177
670572
673376
674452
674538
674578
674849
675424
681951
686361
687615
691166
692609
697526
698395
699146
699702
699707
702533
702592
707054
707656
710533
711205
712206
716302
717005
718097
718543
720954
723052
725453
731769
732306
732469
737660
739110
739688
740752
740789
744855
745534
746909
752175
753758
754161
757123
758065
758681
761919
763387
763504
765079
765940
771064
772947
775763
776180
778082
780635
783136
784586
792623
801426
804000
804235
809163
809166
810427
811513
812102
813580
813593
814252
815918
817166
818051
819730
819872
826460
830065
831214
831528
833768
834158
837162
838425
843186
843392
844785
845178
845511
848647
848844
850110
857179
857760
857790
858826
859042
862079
862599
864262
865392
866596
866939
870479
873381
875483
883089
886317
889383
889807
891716
892535
894409
896939
902033
902929
904061
905447
905759
907173
908146
912871
915548
915666
917635
918454
921471
922681
922703
927376
930146
930744
935100
937015
939946
941656
944337
947815
950360
954437
954506
954639
957766
964687
967541
972837
975165
976952
979013
979815
986947
988418
989007
989374
993088
997522
998536
999249
1000103
1000408
1001713
1001945
1002532
1004368
1006048
1007746
1008866
1009692
1010244
1014380
1014887
1017955
1023645
1025695
1026283
1029377
1033820
1034763
1035163
1035403
1035820
1036937
1043300
1050257
1052718
1056519
1058130
1059427
1060662
1061540
1066611
1070510
1071516
1079084
1079944
1085145
1091744
1091965
1093826
1096179
1096416
1097728
1100359
1108551
1110563
1113421
1113916
1123144
1129175
1134642
1136495
1140447
1146169
1146459
1149124
1151871
1154875
1155347
1156449
1156452
1157599
1165533
1165998
1169531
1169568
1170875
1171546
1172857
1173247
1175641
1177082
1177316
1180900
1183427
1188260
1188334
1192592
1194427
1195626
1199053
1200306
1201332
1209529
1216723
1217645
1218945
1222756
1222804
1225331
1225514
1230123
1235208
1235918
1243127
1243368
1243937
1246243
1248698
1249010
1249215
1256255
1264966
1265249
1265587
1266829
1269184
1272899
1283901
1284048
1291319
1296478
1303218
1320516
1324906
1327367
1329482
1331011
1332384
1332975
1333083
1333595
1339389
1339967
1341003
1341149
1343436
1346677
1347657
1351073
1352095
1352478
1354597
1356774
1362452
1366361
1368322
1369502
1371503
1372090
1378629
1380427
1382548
1387033
1388397
1393684
1397686
1397805
1398135
1398529
1401145
1403021
1408957
1411376
1412537
1413680
1427130
1430045
1431636
1435856
1437475
1443088
1443854
1445832
1447995
1451909
1452996
1458835
1461746
1462403
1470788
1471513
1471893
1473720
1475778
1484501
1485505
1492285
1493158
1493839
1494138
1497959
1500314
1500327
1502600
1503461
1503654
1504998
1507511
1509704
1517084
1523063
1532979
1534367
1534380
1535900
1536026
1537064
1538897
1539533
1546064
1549534
1549960
1550107
1552019
1553869
1555852
1557713
1559810
1562665
1562989
1564659
1566912
1568251
1572110
1573031
1580264
1582540
1589279
1590101
1599792
1600007
1600110
1605053
1607126
1607765
1607917
1612850
1615461
1618439
1623319
1626848
1628933
1630966
1634656
1634913
1636063
1636716
1638457
1642155
1642310
1648582
1651914
1657358
1660111
1661700
1663194
1664251
1671194
1672546
1675508
1682811
1683427
1686155
1686524
1691220
1695917
1700916
1701337
1701575
1705031
1707839
1715005
1716546
1719162
1720014
1720131
1720757
1720914
1720935
1723326
1723820
1724565
1725275
1726798
1729671
1730799
1734019
1734259
1738317
1738537
1739665
1741979
1748193
1761167
1766941
1768405
1775253
1778377
1782607
1788769
1789803
1796237
1797635
1803809
1807735
1812889
1817377
1818663
1820663
1827236
1834498
1834562
1840494
1856986
1857240
1864770
1865854
1873394
1873720
1877530
1891506
1892260
1895578
1898766
1899540
1899896
1900768
1906994
1910430
1913306
1920280
1923328
1923794
1929884
1944874
1952070
1957642
1959252
1959490
1960400
1961622
1964526
1966870
1972562
1990332
1993908
1994680
2013306
2026504
2029812
2033322
2038076
2040840
2041152
2044694
2050286
2057194
2058822
2059828
2060514
2064932
2065846
2075548
2078778
2084276
2089848
2111280
2118332
2120656
2124806
2137878
2141954
2142194
2142626
2142876
2143966
2144976
2145458
2149464
2150922
2153190
2158442
2162396
2175660
2186258
2196880
2203514
2212216
2215016
2227096
2238228
2238490
2245482
2254660
2262378
2264008
2268268
2269306
2269744
2285330
2302052
2303488
2310284
2316080
2324744
2326578
2332348
2333358
2334606
2346930
2357054
2364434
2365508
2366960
2376614
2380556
2382574
2387360
2392986
2394078
2397956
2399744
2419752
2443244
2450842
2457130
2459034
2462708
2463086
2465208
2468816
2474458
2481700
2494990
2501972
2505654
2521274
2523534
2531218
2563220
2566714
2567778
2568744
2570456
2573946
2574908
2581328
2590960
2593360
2597636
2600870
2602410
2604736
2605898
2620788
2653826
2661640
2663082
2664712
2685080
2707220
2715074
2716774
2717698
2721352
2722462
2722854
2723410
2724872
2724988
2728764
2744810
2756024
2757018
2773120
2777454
2777970
2781112
2783196
2784950
2785044
2790348
2795598
2798142
2798750
2825790
2827104
2831258
2831388
2833560
2840952
2850878
2851182
2857142
2859156
2861564
2864498
2877534
2884918
2888784
2899692
2908076
2940804
2942492
2945202
2951684
2967690
2981972
2983762
2987484
2993962
2995484
3001406
3016297
3017013
3024929
3025749
3030090
3032431
3033131
3039342
3040956
3043392
3044699
3047909
3049907
3050151
3061684
3064384
3071062
3077324
3077971
3078422
3085754
3088327
3089428
3091681
3093114
3094442
3095324
3095369
3100942
3102137
3102321
3113333
3117946
3119206
3119362
3119371
3124940
3140811
3142539
3148693
3153572
3156712
3166364
3168954
3170300
3172294
3172664
3175580
3190499
3192038
3195097
3210924
3212183
3222393
3229232
3229852
3230643
3236249
3239693
3373881
3389051
3397011
3430241
3432151
3494271
3664281
3670151
3690841
3764191
3814771
3823561
3885971
3990601
4003951
4098391
4100271
4109771
4132931
4134501
4184801
4201171
4206701
4215241
4232141
4232681
4255031
4293691
4371741
4387361
4424141
4442811
4455891
4479161
4487781
4575811
4603321
4617191
4665421
4688211
4730761
4745831
4787421
4803181
4872061
4873751
4914971
4933141
4977311
5045391
5057241
5082351
5119571
5129021
5315191
5316611
5321391
5333671
5375001
5406761
5416941
5460651
5477351
5488181
5529861
5538311
5576381
5577831
5603241
5606661
5658921
5666771
5742861
5797771
5805511
5879751
5908921
5921361
5958551
5981211
5994931
6065611
6071991
6085781
6109961
6140641
6243431
6245251
6299361
6303991
6314531
6370871
6373591
6442901
6455781
6467761
6502891
6529121
6540951
6558191
6569771
6581941
6596861
6604351
6604821
6654481
6682541
6692861
6734001
6742521
6769701
6801871
6808301
6829511
6864111
6864881
6906571
6929351
7011261
7072601
7081891
7134721
7158451
7179401
7294161
7299191
7314191
7330061
7338381
7360151
7373991
7540461
7552111
7560841
7568291
7659891
7676931
7704701
7734981
7784011
7821731
7840911
7853331
7876371
7879801
7985671
8014301
8040491
8127411
8132561
8176021
8188801
8243761
8307341
8329381
8355201
8364271
8390941
8431361
8507311
8537901
8577901
8604821
8678971
8690351
8741881
8768181
8783961
8789621
8821511
8892541
9006571
9025691
9035721
9088911
9110641
9172831
9203231
9213121
9254961
9276781
9321931
9328951
9404311
9410311
9503481
9558461
9602621
9632211
9634281
9699051
9714781
9830021
9965971
10028301
10148381
10148881
10195431
10238631
10256221
10338381
10375721
10400551
10406001
10418481
10441301
10533921
10540591
10559921
10601321
10646341
10673781
10684671
10700561
10704501
10825091
10852711
10887981
10927651
10939721
10941671
11028161
11197841
11221671
11229861
11277471
11304551
11344851
11345741
11373711
11390321
11395531
11406731
11507611
11515201
11535031
11604601
11662231
11743421
11752141
11753871
11881381
11893211
11922111
11924551
11934341
11950821
11962621
11966341
11967091
12007501
12064581
12101241
12111721
12128141
12222701
12238651
12240291
12339601
12348641
12374211
12386691
12423781
12441941
12545151
12633071
12660841
12678671
12693151
12701951
12711881
12756031
12783121
13741421
13797691
13800251
13825821
13959421
13961201
14003681
14028151
14046131
14085291
14107781
14158371
14192361
14317671
14350631
14392951
14496021
14500611
14503411
14522191
14528311
14596871
14626361
14634791
14651811
14658981
14774231
14883251
14938371
14950211
15035071
15102371
15108091
15137361
15210511
15231521
15238601
15245241
15349881
15420311
15543988
15546283
15558219
15569913
15578934
15581377
15582312
15582766
15583108
15587234
15596225
15602343
15614228
15615189
15623990
15629825
15630293
15631017
15640419
15640799
15642790
15652765
15667131
15671315
15674567
15679694
15681438
15686373
15686679
15689438
15692059
15692825
15694270
15695904
15699274
15706969
15706970
15710218
15718009
15720647
15724439
15724557
15727534
15729245
15729279
15735168
15735990
15738126
15739524
15741138
15742318
15748816
15752957
15760788
15762023
15762308
15764154
15785160
15794652
15794711
15797480
15813874
15815877
15821271
15829029
15829596
15829823
15837595
15839074
15839121
15843165
15968305
15972138
15972155
15972864
15984702
15988020
15990503
15990622
15991012
15992904
15996005
15996864
16000747
16003530
16021705
16024259
16028388
16035918
16036066
16039068
16054127
16058164
16059810
16060835
16060886
16067006
16070580
16072171
16072562
16084020
16095398
16096481
16096781
16099145
16099995
16104955
16105336
16113739
16114951
16117522
16119574
16126190
16127809
16131003
16136626
16137460
16141495
16142767
16152450
16155135
16158111
16165505
16166620
16167966
16168205
16169562
16174613
16180541
16189200
16189613
16206077
16219650
16224097
16225253
16233757
16257463
16273870
16283743
16301122
16308229
16312741
16317475
16333216
16335943
16347181
16365565
16389685
16394092
16407166
16424818
16445740
16450216
16469824
16478077
16488277
16499668
16504972
16518889
16525237
16547674
16563358
16576432
16590904
16638271
16646392
16666969
16764574
16772128
16791529
16792237
16804231
16980046
17210692
18720697
18785815
19031914
19157362
20114968
20161339
20166991
20169121
20172814
20188504
20197342
20222428
20239411
20246482
20262670
20302312
20308801
20328433
20329657
20353144
20360224
20390872
20391589
20445427
20478610
20501644
20505799
20508721
20518000
20536936
20540962
20555602
20810700
20855303
21227287
21251156
21367992
21429021
21463242
22031858
22033382
22242426
22659442
23004118
23650846
23706801
23724786
24059182
24404997
24448587
24728100
27004822
27022432
27023476
27040234
27089110
27092449
27093694
27107023
27115000
27126532
27128602
27138115
27156520
27183814
27233215
27242581
27243754
27246763
27259183
27263884
27272083
27319069
27351070
27364207
27364744
27375106
27377800
27379201
27397792
27404749
27417112
27450523
27461950
27476272
27476845
27481207
27482023
27508093
27544747
27547009
27552883
27569194
27571438
27584896
27608992
27629623
27645211
27653518
27657226
27666109
27682357
27687142
27694312
27701473
27706711
27719479
27727222
27734290
27753742
27764383
27771925
27789274
27818164
27822424
27831985
27832642
27836173
27842392
27861880
27865660
27874103
27876262
27887242
27901078
27902979
27913213
27925519
27927170
27953302
27955754
27959120
27959852
27960025
27963076
27967110
27970421
29004482
29007874
29009065
29012946
29015921
29016187
29027196
29028753
29031358
29031983
29041566
29044116
29055640
29057411
29058274
29058998
29065021
29068855
29071738
29074813
29078196
29083128
29089697
29089792
29092312
29094601
29097575
29099846
29106658
29106706
29127118
29129925
29131195
29143943
29144151
29145300
29148650
29151145
29153220
29161484
29170535
29172615
29188310
29190209
29191617
29194948
29209923
29219740
29231342
29231377
29241296
29250137
29253683
29257842
29260744
29263585
29266281
29268144
29270988
29281426
29287180
29290600
29292792
29304691
29311587
29312250
29317550
29323571
29324312
29327353
29327354
29329760
29501552
29502606
29503023
29503502
29506966
29511020
29513217
29520312
29522105
29541566
29545437
29546835
29554701
29561676
29562754
29564986
29565377
29572803
29574555
29576259
29576822
29577771
29580515
29584654
29585471
29587128
29599869
29610001
29624520
29627819
29632585
29637740
29638879
29649316
29662179
29673090
29755139
29755202
29777439
29788550
29796287
29798958
29809953
29810412
29810592
29813543
29815920
29822237
29824808
29826029
29832069
29870936
29876391
29887929
29889111
29894000
29903073
29913494
29914122
29917273
29918830
29926640
29928965
29933752
29946275
29969839
29970490
29992699
30004095
30005860
30007773
30008136
30010836
30026906
30030878
30035069
30051888
30079195
30102819
30118779
30120193
30129209
30137910
30140934
30148143
30149526
30151239
30161279
30162697
30163040
30167634
30168550
30171681
30177003
30194730
30201822
30204992
30220183
30229260
30245223
30251532
30262134
30262906
30265970
30283038
30289378
30291452
30308744
30333472
30351088
30367570
30397677
30398408
30408753
30410782
30418201
30426544
30430820
30439180
30464814
30464981
30484191
30490857
30491627
30496144
30497198
30501589
30503994
30507463
30529730
30532647
30537304
30537491
30547307
30549617
30550573
30551173
30551620
30558604
30569103
30586215
30589859
30596458
30615152
30620221
30620838
30630871
30633147
30634854
30642217
30643341
30653480
30656932
30662952
30663471
30671791
30672019
30679209
30692628
30693940
30696473
30721492
30736887
30745723
30748911
30767096
30770350
30776898
30787053
30788504
30790382
30803005
30803818
30806202
30811539
30815958
30816628
30818693
30832553
30835196
30850436
30852887
30854756
30872897
30876796
30884919
30893372
30903420
30905246
30917191
30948944
30949407
30955769
30959101
30960535
30974004
30980332
30984703
30984761
30991006
30994912
30999690
31006690
31007302
31009760
31010578
31010995
31020335
31020841
31030137
31048572
31049200
31060563
31063177
31065768
31076711
31079851
31081680
31082396
31083387
31083446
31083879
31084605
31090390
31128614
31130900
31140147
31145911
31155103
31172140
31172637
31173901
31186911
31194810
31195375
31197848
31205188
31206770
31208597
31209281
31215041
31215547
31222247
31233286
31238461
31242314
31248009
31255056
31264380
31278864
31287074
31287507
31287719
31293766
31296846
31297544
31301197
31312623
31313419
31317053
31318660
31328625
31330115
31338676
31342381
31353623
31366253
31370412
31372272
31392608
31394077
31394967
31398394
31399185
31408319
31409774
31411036
31426693
31429093
31432310
31446665
31468240
31469917
31471104
31476947
31484816
31494116
31498417
31499398
31503803
31512447
31513049
31525614
31529449
31534497
31534848
31539488
31539632
31541043
31546437
31548792
31558961
31560870
31560932
31561300
31562293
31571871
31585248
31589725
31606957
31614727
31630323
31631768
31641561
31642395
31644084
31654607
31660678
31662331
31667243
31668538
31670149
31670543
31671098
31671909
31674502
31676460
31677892
31696042
31699716
31711411
31720476
31722271
31723319
31725661
31727017
31729428
31747972
31753085
31757506
31759977
31760267
31775119
31785086
31796943
31797942
31799136
31800233
31805492
31811826
31821114
31826820
31831367
31838856
31845531
31847896
31848466
31849635
31851101
31860470
31861007
31868776
31869643
31871560
31875823
31879029
31879493
31880619
31880815
31881503
31887204
31887466
31887697
31892039
31898212
31910649
31912962
31922041
31932731
31943119
31946795
31948211
31955639
31956739
31965772
31974640
31975906
31976226
31977809
31980426
31980505
31988181
32001709
32008337
32023809
32024954
32029613
32030533
32032162
32043445
32044124
32046663
32047423
32054549
32056431
32067831
32080611
32083445
32094030
32097641
32106112
32119883
32121230
32121342
32125553
32132818
32133313
32134702
32141726
32143743
32145062
32147331
32152960
32155331
32163760
32166941
32173206
32176103
32178169
32180353
32182554
32185231
32185487
32189903
32203826
32206404
32209267
32221815
32222388
32223634
32238538
32255197
32257183
32262262
32267702
32272739
32274112
32278127
32279865
32281296
32288681
32290238
32300368
32302017
32305843
32311835
32315397
32318987
32319784
32322000
32327353
32335668
32351548
32354526
32377444
32381940
32390084
32393997
32395253
32403046
32410289
32417872
32421158
32430630
32432021
32434075
32434218
32437808
32440842
32444603
32462492
32493978
32496812
32504554
32515873
32534149
32543426
32560799
32572284
32586215
32587191
32589937
32594680
32595977
32614267
32620174
32625132
32626769
32626780
32633100
32633857
32636782
32652634
32666479
32676016
32685060
32691973
32692179
32692672
32699705
32701763
32703125
32705368
32707377
32712974
32713089
32718935
32721647
32722484
32724057
32726147
32736059
32745703
32747296
32747304
32747470
32748419
32761184
32761839
32762417
32764114
32775498
32779651
32781955
32787535
32795197
32799438
32802465
32805579
32809446
32814547
32820903
32821830
32825687
32830388
32833699
32842748
32845101
32853698
32864192
32873523
32874107
32879241
32879850
32890697
32899373
32924305
32924686
32925373
32927554
32951603
32959521
32960574
32968312
32974354
32997483
33012343
33014500
33025815
33028937
33032038
33046825
33047655
33051296
33052035
33052341
33061919
33067824
33072830
33076600
33076938
33085631
33093107
33106804
33106945
33113932
33117158
33132170
33137913
33150410
33150483
33152906
33158552
33159288
33165857
33168800
33168918
33170067
33178978
33181286
33182533
33183450
33205347
33208975
33220855
33238056
33251267
33258325
33258697
33263363
33269308
33270605
33273586
33273913
33276191
33277059
33278514
33279450
33280203
33283510
33298365
33306221
33307262
33313938
33326012
33326226
33332996
33348699
33350497
33359260
33363448
33381154
33390952
33431612
33433065
33433912
33434295
33438471
33453663
33454874
33455400
33460049
33460352
33460715
33461345
33485651
33494101
33497839
33499398
33520429
33541589
33548178
33551331
33559604
33564612
33565098
33580073
33589298
33591923
33596280
33599119
33601770
33602703
33604010
33604028
33614426
33620027
33638613
33650487
33654963
33663295
33681928
33682137
33682517
33708828
33717638
33718512
33719054
33720237
33721731
33721921
33722547
33726393
33727902
33737124
33738390
33740996
33741778
33743998
33753405
33758008
33774083
33780078
33780370
33782867
33791742
33799903
33805934
33811255
33816330
33832904
33833596
33840336
33842382
33843176
33853393
33854343
33859457
33860932
33862968
33863649
33870201
33874947
33876325
33877527
33878360
33880811
33881883
33885070
33886445
33887023
33900379
33906991
33908192
33931225
33938198
33949447
33956821
33958611
33963547
33965445
33979661
34008232
34010793
34013172
34014023
34020987
34021808
34025737
34032473
34032830
34039531
34059576
34062214
34068664
34074480
34083253
34093276
34093885
34094382
34101783
34105121
34107830
34111594
34116230
34121641
34122440
34131311
34134309
34150356
34156036
34168547
34176815
34186084
34186435
34191636
34194840
34198542
34200013
34200672
34202814
34205024
34212395
34223349
34229447
34243702
34245168
34256015
34257553
34258433
34260476
34261097
34261958
34268940
34271915
34281074
34281340
34282381
34284185
34287134
34288861
34295100
34297224
34305057
34306039
34308618
34310489
34315187
34315915
34321157
34323652
34325371
34326116
34341137
34354588
34367432
34374004
34384307
34387564
34389310
34402907
34409232
34439726
34448564
34450376
34451283
34451313
34458333
34466402
34468404
34471324
34475518
34475932
34480493
34488307
34491726
34495402
34497503
34498981
34512328
34520163
34523965
34524385
34526221
34535844
34538235
34548203
34548976
34550986
34561206
34580542
34580834
34583011
34587511
34595388
34612882
34620397
34623214
34624069
34625011
34630035
34638196
34651665
34654025
34656089
34676622
34693922
34700783
34702735
34708704
34709057
34709856
34711498
34714895
34720397
34721378
34721815
34723667
34730060
34738565
34743773
34753197
34756906
34757059
34758823
34767125
34769463
34775282
34779719
34780530
34781609
34789727
34793938
34796486
34803208
34804853
34809043
34820402
34833265
34834788
34836135
34837945
34839033
34844519
34849337
34850744
34853053
34854332
34854916
34856429
34863666
34865937
34867697
34870585
34884676
34886224
34899099
34904085
34905300
34906580
34913960
34921906
34922019
34931272
34932627
34934517
34937707
34938614
34938920
34943141
34943978
34946339
34947124
34951828
34959361
34963301
34968380
34968620
34970064
34979354
34981474
35008493
35017071
35018478
35021150
35024888
35036219
35038777
35042584
35044288
35053816
35068515
35074587
35079820
35084777
35087560
35090321
35097759
35106960
35111365
35124946
35127622
35128270
35130958
35135950
35136586
35141372
35152782
35153088
35155132
35155741
35158730
35162659
35170367
35180320
35183253
35186315
35192754
35196349
35199195
35199591
35208076
35212777
35241545
35249740
35257031
35257421
35262809
35263169
35276844
35283646
35285210
35289124
35290150
35292835
35293985
35296632
35300210
35309271
35314508
35315526
35326018
35332515
35335689
35337322
35343687
35344054
35346920
35351862
35355049
35355802
35356466
35361695
35388257
35388899
35397485
35401790
35416090
35417620
35417834
35422268
35425599
35433107
35448613
35454432
35459098
35465958
35470032
35470973
35474049
35481401
35481943
35482120
35485540
35488521
35489804
35490102
35491226
35491893
35495855
35499570
35499754
35502663
35510327
35510459
35514586
35520508
35521013
35536603
35540438
35542250
35542573
35547039
35549764
35559726
35561457
35567786
35580368
35585026
35593526
35599985
35613147
35617157
35621769
35625977
35634049
35638176
35643298
35644370
35647728
35651855
35652424
35664865
35670789
35672472
35675053
35675914
35677310
35684071
35698812
35703274
35703455
35704433
35710369
35718966
35721001
35733175
35735993
35743226
35743322
