975165
46834358
47177102
34439726
46345088
47663542
39939581
34819729
47940628
46576248
3119605
16073157
38667277
47854410
40678592
37546190
41350753
36677803
31394077
37847929
47734735
29777439
36353300
47619495
336159
45996525
45956771
38065482
35485916
38218070
1450237
39140353
37191019
35883998
46659603
1701337
30229260
47592265
36270805
47569242
38570678
14505171
44070277
36775060
47484822
37391952
35703455
32676884
1313728
36020360
45223202
44599867
47454089
31781162
757801
30430820
38215952
41867272
43376737
42297858
16652077
41110482
30136276
47223195
15170941
47171837
40786301
36274227
33548178
885936
35485889
35485860
36080478
45692230
43184223
37183393
45558296
35959134
46323667
46487027
43519671
33667720
36261291
36957144
46991491
45235954
41578923
34664661
46133173
2864498
40388727
596167
40903138
36473370
15543347
30283038
29931219
46963233
33012343
38099266
44285272
41283546
38504120
16692985
46865090
41856164
833768
44433601
34853053
44902260
44513121
44165505
45023377
40168236
46734922
46671544
46001613
16225253
954639
36954591
46210041
16050617
38538968
45751041
38535689
46153013
36863105
40755081
15724439
45391268
33298365
44144004
33182533
42811248
514070
46213120
40344160
45184976
44412070
43712100
46315435
33117158
4132931
36783488
44459233
502799
35241545
36614161
44775968
42586385
34595388
31887466
41569682
20478610
34176815
45546916
32638739
42162600
36995972
45316213
45343032
41023720
29638879
29317550
44007420
33292729
33258697
34387564
33052341
42584673
31432310
35586471
5477351
37404001
27128602
30008136
20390872
34867697
39969276
9035721
39876830
44838960
1146459
193832
45240489
45239396
34630035
3025749
32747470
45109725
40735688
33618340
15596225
44414834
43098007
810427
41689901
45107850
35300210
2238228
44077883
31484816
44002493
32133313
37413241
1873720
36370607
45084714
32444603
41864342
40328496
39255036
2785044
37788492
36058595
37937240
45032157
38095687
40818502
44235508
44894326
44225465
41583566
36663285
43686943
29004482
289548
39354233
2501972
36174042
35192754
36538189
7784011
771064
43021651
31988181
35757014
44782404
36726098
11967091
29015921
34288861
15583108
31562293
28137
33061919
15231521
37292467
20329657
14634791
13797691
39498303
35290150
33359260
31525614
40304817
41591751
3140811
31649667
33461345
38630457
40183722
34093276
44795147
35787021
34844519
34271915
30664623
12128141
42279793
16158500
1171095
32288681
1473720
1200306
36660866
44754418
15587234
37054012
42581711
37061663
36466227
1460367
119376
43601805
39592726
12711881
37043833
1146169
31880619
11229861
35322329
42200942
32390084
40008024
1634403
6299361
15671315
20172814
38594007
35580368
31172140
350737
15623990
35008493
11798
559985
44150422
43837717
43691543
43273413
43156193
42724287
41343140
41242811
41191420
40654966
40195902
40063822
39836460
36050
39542201
10871971
39373972
39196647
38943550
37624208
37167187
36753142
36549752
36510565
1707336
36149275
36131205
35349906
35268407
35186760
35118489
34924045
1255343
34756393
1877530
34693452
34328394
34218350
34007648
562186
33636423
33550949
622808
33292835
33123357
2545752
31209094
32971632
3652071
31565495
16263793
653085
87390
337776
631989
1986968
32758208
30628267
32059112
32680435
