9134
11798
15414
16610
28137
36050
42102
42819
76773
90796
94691
113381
117456
125409
128988
130352
130444
137700
169492
188777
193832
211565
232586
235720
272299
285078
288258
289548
306743
312351
317064
336159
347700
367239
377588
390411
401743
406857
422836
434713
440114
473072
480783
505735
514070
517653
537838
559985
596167
657947
659933
667882
693805
713883
792726
807364
813735
829489
833768
842663
873495
885936
889682
898541
917547
939520
954639
997522
1001713
1055861
1055997
1066654
1110713
1127451
1146169
1200306
1236702
1295513
1317671
1460367
1564659
1589279
1602757
1634403
1643339
1648582
1662881
1701337
1787583
1873720
1877530
1892260
1912452
1965150
2050286
2091054
2209564
2215016
2238228
2262056
2365508
2447960
2482814
2574908
2630504
2644236
2721352
2728334
2738540
2771294
2811256
2880174
2944724
3025051
3055894
3123708
3153572
3234155
3549931
3899521
4255031
4690571
5048441
5815311
6299361
6796441
6906571
7451961
7708711
8031081
8599771
8697461
9006571
9093931
9976211
11229861
11768721
11934341
11967091
12128141
12711541
13797691
13825821
14505171
14705631
14938371
15231521
15539456
15542713
15557473
15596225
15652765
15658303
15671315
15706969
15797480
15798631
15816217
16024895
16050617
16067006
16099995
16174613
16360258
16396624
16692985
20172814
20201428
20314600
20390872
20439295
23906682
24522829
27100270
27175597
27364117
27453715
27584854
27936716
29069095
29105985
29131195
29534878
29543333
29634471
29638879
29753096
29777439
29793560
29794300
29889111
29931219
30007773
30035407
30136276
30205043
30229260
30291452
30348316
30369218
30696473
30767445
30770314
31082396
31172140
31225367
31265564
31326611
31419224
31421106
31448506
31525614
31642395
31654607
31670149
31766278
31773402
31781162
31923832
31932042
31985691
31988181
32113963
32130725
32180353
32182070
32244163
32376022
32390084
32406594
32409459
32442956
32444603
32512868
32561635
32638739
32670966
32676884
32842938
32976222
32999111
33012343
33015800
33052341
33152906
33182533
33292729
33362446
33455400
33565098
33596879
33650487
33726771
33738390
34021836
34038237
34039531
34202335
34257005
34271915
34288861
34297224
34313704
34352584
34387564
34535980
34562915
34595388
34612997
34664661
34804432
34804853
34829117
34844519
34853053
35008493
35037148
35192754
35279376
35322329
35356466
35405757
35497249
35531087
35580368
35586471
35617157
35621839
35661908
35703455
35773220
35787021
35788757
35793405
35949017
35959134
35971388
35976020
36092519
36124425
36144287
36149962
36161663
36165552
36167527
36168038
36180558
36200075
36203865
36223368
36253880
36295363
36468915
36494446
36538189
36573470
36660866
36663285
36722553
36753093
36753181
36775060
36807846
36808298
36832113
36863247
36879805
36900036
36991232
36994750
37043833
37045120
37054012
37061663
37071754
37094341
37096030
37098117
37100049
37191019
37204727
37216298
37228149
37282818
37313925
37321660
37474465
37516117
37520551
37545051
37592484
37609810
37619643
37619885
37642160
37672932
37693563
37722725
37754298
37756277
37788492
37814919
37815761
37834942
37850681
37855813
37859556
37867912
37871689
37871976
37921378
37930916
37937240
37937293
37978482
37987137
37987387
38012361
38015421
38067335
38087037
38088613
38095687
38099266
38182077
38186614
38215952
38254966
38291321
38376291
38504120
38531018
38535689
38564916
38594007
38680859
38870132
38873307
38874523
38963755
39007267
39243483
39249006
39362247
39480855
39498303
39604976
39672592
39716505
39820487
39821355
39822000
39853044
39889116
39895988
39931678
39950919
39956902
39969276
40064434
40183722
40199202
40280338
40304817
40328496
40344160
40374533
40376269
40465984
40536651
40577916
40597911
40615615
40629432
40648907
40705794
40735688
40749111
40769276
40801268
40865490
40903138
40949357
40982320
40990078
41051127
41067445
41100484
41170699
41225405
41250206
41290321
41303431
41305387
41306593
41328519
41347434
41395464
41398012
41398214
41398626
41399161
41477852
41505538
41514691
41540853
41587978
41591751
41593019
41613767
41615480
41618405
41622781
41645642
41648804
41655329
41657338
41665237
41683713
41689901
41714204
41752041
41763343
41783347
41783816
41785821
41791843
41802346
41803207
41804218
41826197
41834390
41846285
41879381
41886838
41899444
41905998
41928997
42056861
42090563
42101987
42116343
42125646
42151956
42156302
42181463
42201057
42213000
42235052
42257680
42266974
42267379
42279793
42297858
42311020
42393610
42413569
42423802
42440304
42465394
42504952
42549059
42556317
42566399
42584673
42586385
42592435
42595421
42625228
42634391
42726156
42734274
42873992
42986642
42993327
42993963
43032483
43140368
43158835
43376737
43463012
43612058
43712100
43821616
43848409
43850878
43862187
43869336
43871900
43885995
43897408
43923609
43974325
44007420
44008011
44070277
44081214
44114714
44125296
44165505
44182551
44203347
44240159
44244381
44298062
44412070
44442114
44459233
44513121
44524125
44599867
44729966
44732647
44769559
44815426
44851114
44851715
44856530
44911373
44955861
45107850
45158155
45184976
45242473
45253219
45303065
45338099
45437577
45450183
45516540
45525248
45643702
45800673
45818068
45830718
46006290
46208977
46209499
46219823
46301843
46314871
46315435
46474561
46487027
46488036
47176019
47427344
47478433
47520005
47564957
47590413
47717548
