9134
10483
10520
11798
18635
26105
28137
36050
39510
42819
52339
73279
80422
101634
119376
123022
136971
150489
152280
180523
181052
181072
185739
187552
193832
198203
206886
232914
237161
253770
256048
263414
275641
278840
288258
289548
301225
311546
315203
325649
331900
332829
336159
348802
357237
360832
372157
374221
380154
382410
385838
406857
422167
446295
474636
478879
480783
484918
497208
511876
514070
515865
541632
550460
559985
595215
596167
600355
611771
619357
627356
637781
642165
659933
695919
707279
723052
737660
753507
754164
790656
810427
824667
829489
829690
839926
870473
873495
916233
917547
920724
941885
954639
976952
992751
1029377
1053903
1069864
1080527
1082965
1085145
1085669
1131154
1137769
1141669
1156223
1170258
1195990
1229854
1237925
1255710
1313728
1335045
1340482
1353963
1368322
1397526
1427435
1443249
1460367
1461520
1464484
1473720
1478550
1483625
1488056
1501046
1544512
1565285
1589279
1598615
1605053
1625030
1634403
1648406
1652679
1679266
1688338
1691578
1701337
1704908
1709978
1734019
1737273
1819459
1820663
1842362
1873720
1877530
1895100
1910430
1945124
1977218
2021908
2040684
2050286
2124630
2141954
2143152
2188316
2189616
2220672
2227824
2293014
2353958
2381976
2394508
2408716
2444046
2465208
2495956
2514434
2553122
2574908
2677554
2679824
2698598
2709952
2724988
2756024
2808072
2831258
2855666
2864498
2880174
2944724
2987484
2988960
2995484
3020399
3049907
3055894
3088745
3091490
3095324
3096157
3123708
3124052
3147489
3160979
3221343
3226353
3231064
3234155
3561131
3775021
3926911
4132931
4150211
4504091
4694251
5048441
5119571
5287711
5316611
5377741
5438181
5815311
6490561
6796441
6868351
7011261
7118821
7221621
7321611
7708711
7840911
8697461
8809631
8814501
8853941
8892541
9855421
10529761
10559921
10596841
10852711
11229861
11305791
11594911
12180721
12548421
12637801
13797691
13825821
14339671
14505171
14669901
14788301
15102371
15231521
15420311
15538879
15558219
15559884
15567923
15577685
15577971
15596225
15623990
15640419
15700661
15726649
15738598
15797480
15812146
15972739
15988360
16002278
16014429
16029199
16050617
16060412
16072171
16091343
16099995
16101208
16109884
16113739
16126486
16158500
16174038
16652077
16692544
16805836
20172814
20201428
20261668
20310952
20314600
20326693
20328433
20390872
24577572
24655228
27039214
27120823
27230251
27239512
27252973
27454525
27462250
27741007
27757705
27871006
27896356
27908659
27918387
27966128
29049851
29083128
29124792
29131039
29330355
29555612
29580048
29591213
29596609
29610149
29616322
29638879
29653756
29777884
29832069
29902611
29931219
29956289
29968896
29969698
29975730
30004405
30007773
30008136
30064510
30161279
30242089
30271595
30291452
30307683
30430820
30444363
30464041
30495123
30497341
30551173
30567215
30574224
30664623
30671791
30692628
30766738
30816628
30884061
31009306
31030722
31063177
31081682
31082396
31140147
31225367
31263253
31265564
31313419
31365609
31421106
31448506
31478552
31649667
31654607
31699802
31715801
31766278
31805492
31819967
31849548
31880815
31903924
31932042
31962476
31979916
31985691
31995113
31999191
32004730
32029613
32044253
32092705
32133313
32235194
32246575
32276072
32288681
32297219
32300584
32307946
32355871
32377331
32444074
32444603
32454918
32461768
32469392
32469717
32473050
32495626
32496446
32496714
32496777
32522806
32556320
32561635
32603748
32614942
32662280
32665248
32676884
32764561
32775926
32789690
32791158
32797901
32825687
32854013
32899571
32965809
32976222
33012343
33015800
33049419
33052341
33106804
33108783
33128903
33146438
33156589
33158741
33186483
33194995
33199410
33208103
33209714
33228745
33232042
33292729
33325882
33342123
33363338
33429447
33432979
33445253
33446198
33450215
33461345
33471284
33478703
33490641
33510685
33565098
33584393
33596879
33608416
33609538
33650487
33672334
33684764
33684899
33687535
33710647
33719411
33720587
33726771
33731154
33735973
33738390
33750074
33753878
33788837
33811255
33849889
33870385
33900874
33907418
33949568
33954019
33959587
33963199
33968532
33973721
33975889
33987270
33990383
33997210
34002836
34021836
34037728
34039531
34085643
34095799
34096000
34098622
34110308
34122858
34164316
34174720
34176815
34183672
34191713
34194247
34198658
34202335
34212482
34232370
34240403
34244887
34268940
34288861
34297224
34323577
34354561
34385049
34393332
34460855
34463465
34508594
34527730
34549154
34562368
34562915
34572796
34595217
34595388
34612634
34650525
34658317
34662376
34664661
34673491
34711755
34714895
34725190
34741193
34768668
34804432
34818170
34834788
34858547
34860742
34884676
34886224
34910546
34922221
34934984
34936371
34947124
34948935
34955560
34961892
35023760
35024888
35100975
35106960
35126582
35166323
35189467
35192754
35200183
35244434
35246303
35309271
35310219
35322329
35331078
35332515
35347656
35376078
35386304
35390395
35417620
35480812
35497249
35521454
35542288
35586471
35608300
35629115
35643370
35658308
35686197
35704433
35727758
35728854
35773220
35787021
35793405
35804409
35862908
35869112
35876827
35877668
35880537
35886829
35912003
35913707
35956760
35976180
35997913
36117148
36137424
36142896
36149962
36161663
36167527
36167597
36183673
36200075
36244142
36253880
36262392
36266626
36267085
36271156
36292045
36295327
36309175
36342850
36375907
36402740
36413583
36443823
36466227
36486366
36496295
36524205
36556814
36573271
36625764
36654419
36666664
36680035
36696017
36703081
36722553
36732841
36741243
36746727
36753181
36775060
36834514
36865090
36896230
36900036
36908592
37042692
37045120
37076955
37078428
37094341
37096030
37096290
37096695
37098117
37104063
37117017
37123750
37146733
37177606
37177773
37180923
37191019
37191067
37198383
37199171
37221599
37222377
37230188
37234673
37254757
37297805
37301859
37313925
37314712
37321660
37347671
37350815
37457391
37488562
37501878
37513847
37575793
37590878
37594761
37609810
37631762
37668966
37701161
37715574
37720975
37775650
37794049
37804293
37804630
37835306
37850681
37855813
37867899
37871689
37873266
37921378
37946689
37953251
37962948
37975920
37987137
37992647
38003559
38010354
38012361
38017095
38018690
38037858
38053993
38061995
38067335
38081130
38095687
38099266
38128193
38141504
38181860
38183281
38199624
38209809
38233811
38246013
38252875
38254966
38273490
38286060
38298290
38504120
38517812
38535689
38564916
38584767
38594102
38630457
38640178
38669006
38671488
38822147
38838215
38876745
38912565
38962779
38987674
39005347
39128809
39137729
39249006
39362247
39423203
39442196
39464562
39471235
39480855
39485305
39498303
39557910
39672592
39688519
39818209
39822756
39826155
39826347
39886727
39887196
39892986
39895988
39958830
40005999
40137276
40212040
40304817
40328496
40344160
40347005
40369823
40374533
40397977
40407892
40428152
40437157
40574364
40582972
40593918
40630452
40670058
40679063
40703703
40755081
40774354
40782787
40801268
40818502
40818891
40865490
40877485
40903138
40908765
40982320
40990078
41009807
41060137
41096713
41145511
41170699
41197966
41268741
41283546
41286185
41304365
41306593
41324465
41349230
41398626
41399161
41420682
41429684
41452758
41461680
41514691
41533789
41547182
41552743
41552820
41569682
41578923
41587978
41591751
41622781
41639851
41657338
41683713
41689901
41714204
41783347
41801985
41834390
41846579
41856164
41868403
41879250
41915719
41928997
41933350
42032081
42056861
42116343
42223633
42297858
42314463
42405761
42413488
42416662
42423569
42527675
42584673
42592435
42601556
42634391
42726156
42742248
42773492
42811248
42855390
42939926
42986642
42993327
42993963
43015904
43088536
43097358
43102877
43104337
43140368
43158835
43208417
43209587
43249130
43376737
43400552
43477110
43565942
43601805
43612058
43686943
43698619
43727521
43740077
43760470
43826583
43855044
43862187
43885995
43886730
43897408
43920341
43986657
44007420
44070277
44081214
44114714
44125296
44144004
44165505
44182551
44233189
44372935
44399210
44442114
44459233
44599867
44729966
44734865
44747247
44851715
44955861
45032157
45132026
45184976
45288716
45303065
45318521
45343032
45450183
45505081
45521473
45568023
45760437
45800673
45817836
45818068
45830718
45865577
45984961
46006290
46012061
46025386
46129756
46185226
46213120
46219823
46245577
46279408
46314871
46315435
46388705
46389289
46390048
46391359
46419476
46419811
46420212
46420683
46422064
46445891
46465268
46477152
46478755
46479947
46480341
46480577
46480862
46481249
46481250
46482828
46483659
46483909
46484424
46484862
46485295
46485788
46486148
46487027
46487117
46489362
46498588
46498627
46498660
46498688
46498711
46498761
46498865
46498885
46498950
46498974
46498994
46499017
46499043
46499067
46499087
46499104
46499138
46499169
46499197
46499308
46499344
46499426
46499921
46499955
46499986
46500005
46500125
46500147
46500180
46500193
46500289
46500335
46508778
46517772
46528879
46528893
46529073
46529093
46529247
46529290
46529310
46529377
46529783
46635654
46854277
46857878
47192335
47223195
47322192
47349661
47452351
47698924
47728664
47799520
