9134
23148
26105
28137
36050
144453
169492
193832
289548
311546
313488
336159
444549
480783
484918
514070
559985
595215
596167
609113
624587
675509
714458
757599
771064
785703
833768
842663
866470
885936
954437
954639
997522
1085145
1201332
1242418
1389389
1450237
1460367
1470126
1510906
1589279
1611373
1634403
1820663
1873720
1895100
2050286
2066900
2135602
2505654
2574908
2593716
2618508
2630504
2744810
2811256
2831258
3055894
3062705
4255031
5815311
6490561
6604351
6796441
7474171
8859801
9035721
9347051
11967091
12128141
13797691
13999431
14046131
14505171
15231521
15420311
15542713
15596225
15636509
15692059
15754928
16036209
16126486
16337185
16353691
16764574
20172814
20201428
20390872
20439295
24655228
27397792
27453715
27884465
27887242
29027196
29071738
29072050
29099432
29111551
29564986
29584654
29632585
29638879
29777439
29931219
30008136
30348316
30567215
30682077
30849241
31020841
31082396
31140147
31350395
31367431
31448506
31654607
31759977
31766278
31773402
31785692
31880815
31887466
31974640
32029613
32041576
32133313
32153408
32182070
32288681
32300368
32325098
32444603
32556320
32703125
32762417
32842938
32854013
32929368
33012343
33015800
33046106
33052341
33106804
33150806
33187551
33194995
33211844
33263363
33292729
33471284
33495562
33565098
33580073
33596879
33650487
33655289
33667720
33672786
33718512
33740996
33811255
34021836
34094382
34129637
34134004
34168714
34176815
34202335
34261097
34268940
34271915
34313704
34387564
34398287
34460855
34470821
34562915
34623214
34726732
34741193
34844369
34844519
34853053
34934984
35008493
35021150
35191439
35279376
35300210
35322329
35495855
35497249
35559726
35580368
35586471
35608300
35640554
35704433
35743322
35757014
35829902
35955830
35959134
35971388
35976020
36080478
36148086
36295327
36413583
36449254
36496295
36509586
36538189
36583105
36644610
36660866
36663285
36753181
36766421
36780730
36785613
36863105
36865090
36900036
36957144
37054012
37061663
37070519
37076221
37076955
37096030
37112282
37140982
37183393
37191019
37191067
37234673
37297552
37313925
37321660
37350815
37413241
37446469
37477497
37609810
37640346
37642160
37656844
37704831
37727399
37850681
37855376
37855813
37871689
37871976
37873266
37928042
37965600
37978482
37987387
38001692
38012361
38053993
38067335
38095687
38099266
38141309
38181860
38182077
38215952
38254966
38273490
38300443
38504120
38535689
38708605
38858875
38870132
38894593
38975800
39007267
39118454
39195104
39442196
39480855
39604976
39683755
39692938
39830020
39892594
39895988
39969276
40009391
40101476
40284234
40304817
40328496
40344160
40374533
40421756
40648907
40704817
40735688
40738444
40903138
41170699
41283546
41367194
41429084
41441868
41514691
41583566
41591751
41645642
41834161
41871077
41905998
42056861
42177082
42213061
42235052
42279793
42280522
42297858
42527675
42592435
42705413
42744699
42809540
42986642
42993963
43021651
43060808
43076820
43097358
43140368
43236174
43383305
43535978
43612058
43698619
43712100
43751603
43923609
43952237
43973375
44030022
44070277
44081214
44114714
44165505
44169385
44214452
44283738
44412070
44442114
44599867
44717279
44729966
44775968
44851715
44909512
44932052
44978239
45007213
45008270
45184976
45303065
45525248
45830718
45981674
46001613
46006290
46219823
46315435
46346458
46364556
46437028
46487027
46828838
46877593
46993881
47176019
47188455
47349661
47468131
47523972
47734735
47752079
