44803077
46592628
48045849
33367843
40945157
33610498
40968668
47588057
47999744
37235120
38402112
40032237
35599492
47402558
39969931
20206645
31964758
43639163
46576248
47957547
44842259
44398812
47941580
43236174
31596262
47663542
47930026
43780437
24980431
40525343
33147886
45060685
538621
35734508
31810771
43350866
47871442
34889479
32318771
34796639
40529543
47814722
38692083
16217002
47773678
47663974
34830710
47754648
37836457
27799468
32588352
41856164
47423268
40896609
34951373
32299650
43415467
37957512
39777498
690071
36311632
47643432
47360336
33163042
47619495
47611921
46659603
44474780
44070277
336159
1701337
30161279
43648937
31673853
32814547
47531080
47530746
38845853
36926243
45686313
31831022
761552
41632851
40202215
33792714
47122833
31448506
15596225
34234731
35969597
47468825
44962587
38066594
1313728
47448912
27448792
27476845
11383191
37942090
26105
47328881
15706969
46951793
40328496
37912982
38878809
38968707
787957
29061690
16069225
47408097
47408424
29634535
47351929
36309231
47131837
37061663
38215952
1563881
28094275
47324560
44235508
46312370
47272922
33946808
41110482
47223195
16338268
16652077
42629037
35956664
789336
47161414
37903429
31429594
35008493
47192335
35417834
29642151
34584295
37183393
35949017
33874947
47052924
30283038
30664623
37619109
39349174
47053180
31662621
36058595
47022912
1200306
37612124
885936
36660866
41514691
46995536
34664661
34313704
46132779
38116887
46515161
6299361
46972263
42297858
4993381
41868403
40903138
35356466
43295881
34935669
20172814
45299332
38594007
2636336
31859918
350737
11974981
30342989
833768
33811255
16050617
119376
46879905
1634403
35879839
29931219
31660678
16692985
36887514
13797691
31727017
46752977
38095687
31453422
46564196
46133173
20488540
954639
40850086
37154466
46803804
35586471
11798
36143876
33351848
46001613
30650361
31090390
34571044
34102371
38504120
596167
46719341
31063177
36050
27254881
46771496
30167634
34938920
31718809
36479049
559985
34752860
32274112
15543988
31452160
35128270
39277677
45993728
44560923
44238773
42448885
36449254
41505572
39968146
38923533
39877711
487840
1877530
38784730
38739969
38518195
37430833
37253928
37078972
37035141
36926259
36896190
35021805
36562768
36444636
36444235
36437946
36437405
36406334
36353112
36346077
36282669
36197458
36185258
35633299
35617939
35538115
35459770
35335992
35335933
35263742
35258826
35068959
34950567
34846346
34785977
34737908
34725690
34693558
34631606
34604631
34598105
34571484
33873334
33848191
33740925
33446681
33442814
33352185
33226583
33211055
3239316
33054862
33048058
33027561
32977912
32947913
