36523759
46563085
47997114
46415037
45505081
47883444
30348316
44165505
47389416
40678592
37609896
47596117
47767266
31781162
4437831
47736866
47645071
40574364
32061889
47628530
47630757
46058368
42425764
47593059
47588578
47527875
47520005
47516299
14505171
44070277
47508580
42373885
47496356
47490869
1701337
47482793
38215952
37183393
47452351
47417343
1515190
47414919
47439523
36234386
42520168
30229260
47414616
30136276
40703703
41856164
47392486
47387143
20163223
20163121
45384166
47265284
47230914
47217989
27202855
44189226
31901303
29931219
47144878
47178996
885936
45803840
42297858
185739
47083361
45446233
16652077
46970212
34664661
32653535
35186315
46487027
40903138
16692985
46907305
833768
46847085
31759977
38254966
38504120
44513121
45818068
37623069
44418143
46540238
45865577
20443411
45817609
43463868
46600527
46001613
46513151
2864498
32561635
954639
35704433
45830718
44412070
132137
46437645
46437028
45184976
46429776
43376737
38579246
44851715
46006290
40344160
41933350
37321660
46313870
45542671
2808072
46269091
46229532
35024888
43602654
46191075
43601892
43601381
39685847
46223657
46221991
43433953
32409459
43432584
43387247
43389560
43389644
39383203
45876116
38957184
37112442
5216031
1683427
37274107
32775926
46120286
1433568
43386800
43344139
38037858
46073472
34039531
4045281
37590878
40818502
31887466
30008136
45817836
1564659
422836
34595388
9134
45770929
15801008
45762505
45739812
45738376
45721209
42601556
42586385
20478610
43583238
33106804
3095324
45526456
16072171
37846792
45316213
45426599
44492436
40228776
45409383
44648586
38763753
13797691
45357169
42584673
44007420
917547
33292729
20390872
41834390
30856576
5375001
43734740
45242863
40304817
2785044
32747470
2182600
27753742
45109725
33152906
45109843
34714895
15640419
45158155
44214452
40735688
884478
27644164
208567
45127947
45107432
33052341
1873720
45107850
9035721
43021651
42200942
29004482
38308557
41819191
41730539
44978239
38095687
44225465
289548
41583566
44931175
34738565
42279793
336159
35417620
35192754
36538189
31140147
44283738
11967091
1634403
31988181
40642181
15231521
44862282
3140811
33461345
15583108
16764574
34271915
37937240
15587234
43686943
15706969
37928143
35787021
16158500
44744360
1473720
38630457
42926608
43601805
32306543
37043833
36466227
44691833
1146169
24655228
11229861
44607142
36132341
36645695
39747150
34643835
36358059
34297224
44502841
41300795
12711881
37883001
44553660
44578271
42913775
37592484
33650487
37355927
44442114
33565098
42056861
38181860
31654607
40765587
37583092
44117474
12128141
43042390
253770
44235508
37623088
27120823
34457060
8329381
31525614
37582932
37583032
30152636
36266626
29638879
37623035
37623102
33740996
35848990
37582880
37333259
36808298
44332583
36762078
36760285
43780643
147072
434713
37133533
37562173
480783
44289026
31880815
37609810
41514691
34243702
36660866
37937293
40519653
36149962
32390084
44253651
36755323
43583469
44245174
43974325
43334118
44022426
44114714
36863105
32029613
44186106
33455400
35937748
40648907
43612058
38012361
38067335
41305994
36145887
39899470
38104917
42116343
39480855
29584654
36042986
29969698
14220091
35615031
595215
43986614
41386918
31766278
35495855
38894593
41306593
1910430
34829884
3222393
37075133
37623667
218373
38870132
11208191
31932042
3028403
1849364
34439613
33881883
31974640
34110308
35200183
32133313
5815311
33726771
37048405
541632
41128286
33211102
36313076
31448506
36142566
35332515
40465984
38531018
33004543
43740929
37191019
43208417
43698619
34094382
32444603
35971388
38894847
42393610
30696473
43343712
20314600
39498303
43644408
43641267
42468526
15754928
347700
43600306
16126486
38594007
38099266
42476849
1766401
43140368
31785692
43452684
33564612
915695
35673092
1589279
39604976
6796441
32244163
42217712
42213513
43384540
43008201
42986642
37474465
38613416
1215755
42235052
2677554
41517513
2833560
41591751
40708147
43236004
34725190
39956902
43097358
43172247
40374533
20201428
7532751
42425021
15991012
2393868
43233188
32854013
43129302
43205377
43001172
37061663
350737
35322329
42696838
43137546
33796498
31298004
1335045
2831258
42424488
31676460
38611319
37054012
1284048
38564916
1214763
16050617
230737
42945774
42945290
42943514
42809492
42809699
42993963
30664623
39666126
15929370
37978482
38182077
42499674
42834714
42834550
33710647
42504883
40675485
38142416
43018040
38285285
2495956
33263363
374221
3157764
1477035
41429684
30291452
16505773
42834311
40571097
38066031
32419639
40536651
37867919
37780181
1171095
37071754
2098570
1648582
112629
27799810
42984633
37520551
12711541
34257005
917635
34313704
33208975
37921378
32182070
26105
36845327
125409
42880664
34202335
42593502
42846305
42558486
42838358
5658921
39011023
37111569
37656844
3055894
36119661
41663718
40837826
42800549
41441868
42742186
38087037
37933037
40720638
6299361
39324081
42465103
42744699
42726156
2811256
32370298
35008493
36722553
39895988
42592435
37672932
42647569
38297191
34288861
40328496
36991232
35757014
825239
30551173
2630504
31962476
2482814
27014278
37881385
42648524
34261097
42213000
904061
119376
37877331
15671315
36677698
32299566
41505538
42625228
30054388
90796
41547182
42530951
31313419
42566399
596167
36253880
37045120
13999431
41477852
39423203
33548178
32761184
36309723
37313925
757599
38458859
7708711
37855813
37871976
32556320
42504952
35497249
37274170
41892042
42413569
41663318
36180558
41587978
36295327
42279240
29534878
42178642
37096030
37098117
33188785
35586471
33015800
15596225
41905998
41763343
39927656
41290321
41899444
41879162
41879381
41802346
5048441
41803207
41804218
41581934
2050286
35356466
39824650
39824229
20172814
11798
35580368
559985
41548128
39822000
39821476
39820487
39819640
41689901
29889111
37436558
41665237
38142327
40941950
41328885
41399161
41618715
39969276
33194995
39007267
38606502
41445447
41420682
41250206
41259673
40628322
40493021
38122272
39683755
31819967
35793405
36050
41240864
39925985
41207821
37545051
35956245
38206730
41149425
41146982
41145834
41144343
41139726
41138563
33102029
40550704
39154241
39154171
39154103
39154021
39153930
39153836
39153752
1877530
39153671
39153575
39153477
41098557
38141583
38851691
37974644
37974563
37974511
41070212
40613368
41063388
33900874
37974464
37974411
41033018
40905161
1895100
31670149
39926480
41006765
285078
30714370
30725645
40992969
40593603
12471661
39934528
38392012
38219019
37584618
37534390
36558093
35396031
35357508
35141300
34845424
34664679
34049549
33862328
