36808298
46345088
47898686
289548
36413583
3119605
149574
47734735
45147721
44298062
14634791
1430045
44070277
3020399
44536810
8438
31500860
29777439
34268940
36936232
31995113
38385633
2560106
34931272
29650066
36851315
32676884
46025386
1313728
30430820
47054439
38215952
40442860
31781162
37057697
28094275
3092941
47223195
47188647
36270805
37590878
45525248
33667720
14505171
44503285
2238228
46133173
44235508
36274227
44599867
46670601
34240811
16652077
39688519
47022912
31083446
885936
41064061
46487027
36346586
3222797
41856164
34664661
156376
2474102
36644610
37835801
32436565
1025083
32044124
38181860
35290150
39007267
37183393
40903138
36080478
38504120
34042846
596167
39498303
29931219
32685060
46719341
15238601
499787
1701575
1354597
1061693
35106960
27508093
35191439
237418
833768
1183892
33931225
33721921
44902260
41578923
46817356
33012343
44165505
29541566
38538968
46001613
46006290
33298365
46533128
42297858
45303065
723052
42811248
37951232
514070
46424470
46213120
46437645
954639
46425603
16050617
41282414
42441712
45830718
34039531
46012061
46315435
40144312
35356466
26105
34321778
987929
41582800
35704433
39880797
45132026
44433601
3114348
42699517
44030022
42162600
46196797
15706969
46194282
2707220
997522
30736887
24655228
350737
347700
31172140
36745623
194365
34149952
46089001
11876
33741778
650034
1029377
42584673
45184976
1171095
45531017
45760437
43104337
37788492
3200120
41512928
1470788
39634907
33796498
43762870
16215672
33580073
36614161
253770
31766278
35292835
480783
45980047
34295100
30140934
29317550
34884676
45817836
45329506
45305266
40436877
8507811
35586471
43734740
3235457
43853811
36255414
45955920
32290238
36521007
44724275
32133313
43016837
32102535
1564659
44459233
40809991
36485470
37036907
38087037
30664623
42586385
32638739
36629092
30991006
31887466
36957144
39859222
38095687
43373445
45205992
45576214
15738802
1899896
45472678
2030918
37058800
30283038
44442114
34387564
29638879
45266118
235720
29015921
45179345
37061663
32444603
1435856
43021651
1873720
843392
15420311
41303431
13446
34844519
34176815
20329657
8431361
336159
44894326
31654607
31248009
43686943
36496295
35192754
11967091
41939084
1634403
31103120
10887981
38630457
15231521
36538189
36660866
15992724
33650487
36726098
37609810
44129259
31525614
37937293
40304817
40829172
37096030
44690459
1222804
34297224
539692
33908192
41961537
37054012
40765587
39747150
1898766
42177082
44513121
38594007
33565098
16104955
44007420
33455400
31146427
41011363
33015800
33062685
30136276
35008493
35547039
4099001
245725
32299314
2811256
43803536
43743636
42592435
2268970
38182077
32182070
37859556
37672932
36722553
2630504
42216798
31916219
37850681
2050286
40328496
35658308
40714247
30004405
6490561
34261097
37873266
169492
20172814
33596879
33471284
33292729
38640178
36050
30007773
672965
24250561
167705
36865090
16089037
37150861
31649667
37779628
33108783
16333216
13797691
15596225
37773136
4064611
37379263
35141024
32775926
37123750
37295891
32302017
37178043
36661015
37222860
36036876
31353623
36902359
36762829
34385049
36298704
32698748
32554504
36292045
36432575
1642839
35482588
29902611
36581096
139713
1895100
790656
36158078
1630592
36328847
36215514
24817960
35580368
34846855
950759
2257306
35071559
34144549
35390395
36159055
11229861
600355
29640031
20326693
33713157
1055997
32522806
35793405
29777884
11798
1612850
35283128
35976180
7221621
34715872
1877530
559985
35886829
33584393
29616322
32044253
33687535
29997745
33002784
1095896
1449403
