1204
9134
10520
11798
12148
13255
18635
20662
26105
28137
34844
36050
43171
51268
54202
61339
68164
72003
87230
92836
113863
115987
119376
126300
126670
130963
131468
133927
135120
139978
149574
149807
151911
153160
154501
155881
167705
169492
178583
179349
181052
182908
190265
190954
193832
195104
209233
210231
212297
225200
228748
233341
234152
235135
236575
246282
253940
311546
312624
313488
316154
316333
317908
325649
331466
336159
337687
338669
339390
347700
351192
356041
356874
357237
359395
366595
367855
370225
371474
375329
377708
377817
378399
385838
386213
388577
392665
393380
407932
420541
443765
456715
463381
467775
468287
471078
475774
482738
484280
484918
489502
489698
490152
491046
491240
500017
502382
502799
514070
514178
517487
520355
527743
531655
534657
535550
540439
545145
549368
551062
559985
562088
564812
571343
581469
596167
598615
600355
602550
613087
617951
636427
638582
642891
645960
650034
659560
662517
672965
682067
694221
694781
698758
708588
715925
725507
729014
734934
736147
737978
757123
768849
771831
773529
775272
788562
789336
790656
810202
812410
829690
833768
851632
855993
856287
857423
859779
864510
864952
866334
868144
874241
885936
887471
892688
897175
907173
935495
950759
951894
952584
954639
956295
973552
975165
979089
983181
997522
999339
1005914
1019388
1029138
1041538
1042878
1050125
1055997
1063406
1065165
1074279
1085864
1091953
1092136
1092343
1097444
1102139
1103520
1110320
1119942
1139473
1141885
1146169
1146459
1156449
1160592
1164477
1167248
1169376
1175727
1179102
1182328
1187496
1193445
1193878
1193945
1197708
1200306
1200718
1234015
1244765
1247866
1254662
1262181
1264960
1269879
1276297
1279842
1307068
1308682
1312523
1315436
1316716
1318535
1320516
1322549
1322608
1336542
1337759
1339387
1340271
1349101
1350095
1352563
1359085
1367742
1372992
1375212
1381635
1398925
1402533
1402851
1405071
1406201
1410159
1411870
1417092
1417691
1436237
1449798
1450237
1451388
1459788
1460058
1469503
1478231
1478550
1480870
1493583
1495148
1500722
1507936
1526756
1545814
1554829
1562952
1564659
1564720
1593129
1593510
1600243
1603363
1610948
1613824
1619907
1620854
1621375
1630592
1634403
1637827
1648259
1656484
1664849
1673048
1674665
1675760
1688338
1690914
1701337
1713698
1715829
1718274
1730685
1737273
1747579
1755395
1764611
1787759
1800779
1817499
1819605
1833698
1836690
1844562
1857240
1870312
1872130
1877530
1885884
1885902
1893312
1895100
1895246
1898930
1913718
1920796
1928732
1930960
1932870
1940444
2003618
2029550
2045478
2046492
2050286
2064172
2078180
2078212
2082188
2088274
2092816
2100958
2122360
2124848
2128570
2130258
2136142
2136786
2151646
2167998
2188878
2189616
2227256
2230652
2234476
2249606
2307166
2343892
2362112
2418850
2435730
2450842
2473110
2495200
2523458
2564482
2568512
2569192
2573946
2608244
2618508
2621356
2630504
2638630
2676416
2676866
2775054
2785044
2800032
2811256
2812258
2815434
2830612
2831258
2891938
2894638
2916754
2921636
2922912
2951086
2979598
2980110
3020399
3047496
3049106
3049838
3055894
3061684
3070828
3076563
3086814
3099161
3109509
3119463
3124052
3158603
3187592
3193958
3206891
3212819
3226353
3237581
3411361
3498071
3636521
3849781
4064611
4102891
4137871
4174921
4325561
4341061
4501521
4567331
4571751
4614271
4681881
4899331
5006941
5013551
5119571
5201071
5258091
5328291
5353461
5498461
5502861
5731651
5815311
5831381
5838271
6035551
6261461
6422281
6490561
6560491
6637011
6796441
6906571
6919831
6992421
7115281
7778531
7835511
7951761
8033751
8095341
8226211
8273821
8285431
8418911
8431361
8458681
8749221
8916571
8950691
9020721
9161681
9294071
9344421
9345761
9347051
9713781
9762811
9985891
10063851
10258171
10497041
10806451
10856331
11229861
11277471
11333041
11379571
11640721
11907011
12000741
12011881
12711881
13672641
13696201
13797691
13999431
14002851
14101801
14191741
14505171
14520201
14572621
15231521
15404961
15551490
15568900
15594760
15596225
15608768
15619579
15623990
15648373
15720647
15724439
15734920
15767754
15797480
15816217
15978044
15996864
16020211
16026487
16029199
16036066
16050617
16099995
16110055
16115821
16158500
16228969
16345057
16354162
16432171
16477336
16571851
16609828
16652077
16659763
16661365
16664503
16692985
16695088
16713463
20172814
20178997
20261668
20314600
20347216
20366986
20387101
20422993
20449939
20470768
20482735
20485693
20492716
20512540
20523502
21213599
24328586
27077821
27122866
27123661
27128602
27135199
27139687
27175597
27196681
27215611
27236920
27239512
27257428
27259183
27298831
27298882
27357589
27380221
27428923
27459133
27462250
27505717
27513439
27561922
27799810
27823021
27851896
27871006
27884404
27884465
27889049
27966128
28094275
29004121
29054715
29066950
29071738
29099432
29148485
29153482
29249185
29265861
29309697
29314581
29541566
29541962
29555039
29570701
29587764
29596609
29616322
29631282
29638879
29642097
29648975
29650066
29663232
29777439
29787255
29806614
29818639
29931219
29956289
30007773
30008080
30056983
30101195
30136276
30148203
30161279
30164815
30221875
30253633
30263821
30280713
30285594
30314130
30408425
30411022
30444363
30479845
30565532
30587329
30592599
30671282
30712893
30771995
30794946
30817853
30835546
30848865
30896962
30944046
31024573
31024889
31060563
31105569
31110130
31128614
31145374
31213066
31225367
31228397
31282728
31313419
31365504
31365609
31411482
31414165
31448506
31462881
31475623
31518078
31549488
31553644
31562985
31585772
31623338
31627450
31649667
31654607
31656728
31660678
31724475
31753216
31757269
31760756
31766278
31781162
31816469
31819852
31819967
31858505
31859162
31859594
31882433
31916219
31940605
31947763
31965555
31988041
31990831
31995113
32004730
32007731
32091725
32181345
32182070
32210501
32216754
32224897
32302017
32317298
32325098
32336664
32353250
32353821
32434075
32443981
32444603
32468324
32512935
32513129
32522806
32532415
32561562
32597240
32598212
32614909
32625132
32634618
32648441
32651941
32658122
32718950
32726021
32733498
32771871
32775926
32822111
32855727
32882989
32898206
32916841
32932631
33012343
33015800
33019666
33025372
33028865
33046106
33047647
33052341
33055275
33104054
33108783
33113932
33128897
33143137
33152906
33182533
33187551
33194995
33198042
33212536
33216873
33221994
33235967
33239514
33283221
33292729
33329121
33371643
33432979
33436025
33443767
33446198
33455400
33471284
33473208
33490657
33493428
33513898
33519271
33520410
33527046
33548178
33565392
33580073
33596879
33599119
33601034
33618340
33645999
33653547
33670873
33679836
33681928
33694407
33705435
33705619
33718067
33719282
33731680
33738435
33740418
33811255
33811793
33854343
33863234
33869419
33892204
33898256
33925970
33931346
33944982
33946667
33954716
33998332
34020681
34021477
34039531
34099270
34135015
34136376
34144549
34145070
34154698
34175092
34176815
34191463
34191713
34202335
34218848
34237053
34254334
34257553
34261097
34293534
34306039
34313704
34367680
34385049
34387564
34395270
34399732
34399917
34409034
34418902
34427918
34443734
34460635
34460855
34462018
34469347
34488653
34503010
34521449
34524868
34542796
34547056
34551041
34556375
34567542
34606672
34612333
34656089
34658317
34674042
34680307
34689214
34708009
34710956
34714895
34768668
34779659
34801221
34820068
34829884
34844519
34855714
34894542
34902869
34917588
34934984
34936371
34950386
34978845
34993421
35001129
35019422
35054014
35076990
35082686
35087560
35106960
35128978
35133138
35141024
35155714
35171845
35171950
35184203
35206868
35246303
35261903
35277531
35279376
35294013
35305067
35310219
35341252
35356466
35363764
35376078
35384059
35388257
35390395
35423126
35429229
35440314
35482588
35502072
35540140
35566645
35570784
35580368
35586471
35597765
35628395
35640554
35652721
35658308
35700264
35700531
35701234
35703455
35710484
35712080
35712082
35712214
35717996
35725325
35727758
35727945
35729062
35735141
35735993
35757014
35762757
35769485
35803582
35808321
35810695
35830075
35870964
35874505
35884650
35907583
35912758
35918659
35926816
35927336
35938769
35940061
35951610
35953385
35956760
35969618
35983367
35988329
36030410
36030591
36054564
36060461
36067095
36067452
36088157
36094392
36117605
36136389
36142896
36148068
36149115
36149962
36153134
36158078
36180558
36202826
36215514
36227622
36238357
36238366
36239805
36251603
36267317
36271156
36281104
36281930
36282658
36289439
36292045
36298704
36299528
36305051
36306109
36335589
36339727
36342408
36342850
36381152
36399542
36400578
36409309
36421254
36422006
36432575
36442455
36445656
36449254
36468700
36514936
36515160
36515209
36515770
36523596
36538012
36538189
36556814
36573271
36575960
36579096
36583105
36584321
36586573
36590675
36593969
36600947
36607235
36614410
36619761
36625764
36654419
36656233
36659061
36661015
36676329
36696017
36719575
36726098
36727051
36727351
36734193
36734431
36735679
36736995
36737380
36742325
36749107
36751780
36760421
36762620
36763030
36763079
36802009
36830064
36838004
36855214
36863105
36865090
36874302
36879805
36886397
36894822
36905639
36922572
36957551
36958495
36980246
36991232
37043625
37043833
37047665
37049881
37061663
37075133
37076955
37098161
37103833
37108085
37115914
37122538
37123750
37131544
37140982
37149030
37150861
37162530
37172886
37178043
37183796
37198383
37203463
37212632
37221599
37227435
37228347
37229977
37230080
37234673
37251405
37254757
37257065
37298467
37299366
37301013
37301952
37308637
37311097
37311882
37322158
37325344
37332509
37353968
37409762
37418301
37425618
37449187
37457391
37471282
37480297
37488592
37500006
37501878
37503095
37506011
37509861
37516314
37539769
37542896
37545051
37546477
37552938
37554613
37580198
37590878
37609810
37610865
37619643
37620363
37624508
37631762
37638400
37642160
37684601
37700259
37721141
37722812
37725674
37728953
37750044
37756277
37779628
37804293
37804630
37813014
37814221
37836622
37850681
37855813
37855931
37856176
37867546
37871689
37873266
37885598
37908584
37912518
37913136
37931046
37946689
37950741
37951232
37962279
37962948
37987387
37991224
38002054
38010354
38018690
38030290
38059708
38061995
38071820
38074269
38095687
38099266
38128193
38170839
38182077
38202997
38204030
38209809
38215952
38219303
38233811
38254966
38261125
38273490
38286060
38353535
38413069
38421243
38424113
38424129
38504120
38564916
38591222
38594007
38594102
38631141
38640178
38785029
38785498
38796319
38858875
38866331
38870132
38894847
38962779
38990171
39109611
39111402
39202999
39209504
39231832
39243483
39324081
39423602
39459467
39688519
39816835
39825738
39826347
39907602
39932579
40092657
40157713
40199202
40256791
40287750
40328496
40398270
40430396
40482869
40483414
40529543
40574364
40678592
40755081
40775397
40865490
40903138
40940986
41038108
41099350
41199637
41203402
41412995
41477852
41569682
41591751
41616010
41663318
41689154
41856164
41875881
42181381
42188948
42448965
42501846
42584673
42592435
42721411
42822494
42983434
42993963
43024640
43033878
43060808
43134729
43443558
43450793
43628241
43664503
43668596
43686943
43698619
43740077
43750385
43776446
43801591
43821616
44007420
44043305
44047821
44070277
44138952
44141539
44144004
44165505
44192326
44233189
44270385
44442114
44513121
44563047
44597623
44842309
44855269
45023377
45184976
45303065
45391268
45450183
45490374
45525248
45787273
45830718
45858606
46001357
46006290
46025386
46210041
46315435
46445891
46448674
46454010
46465268
46539941
46559119
46751093
46753028
47012042
47025427
47052924
47111310
47112007
47112941
47120659
47176019
47188647
47223195
47308709
47358620
47368273
47422704
47428321
47632970
47794056
47802841
47814088
47842901
