37078428
46473934
1171095
1898930
43158835
37054012
35793405
46989502
380141
35951610
47854978
37061663
37847929
44070277
47533193
47490869
47427344
31448506
1313728
37736681
30136276
14505171
44599867
47322192
41856164
596167
47378292
40903138
40755081
46025386
38095687
38215952
47179247
47223195
33012343
16652077
35008493
30283038
47004168
47116449
47109996
44442415
44442352
44442221
44442112
44442072
44442013
44441695
44441639
885936
44280475
37546190
44062238
44221163
44221523
44231197
36274227
34039531
46844955
37199454
6299361
46972263
42297858
46968504
35586471
20172814
350737
32334620
33811255
6499981
16050617
46893272
29931219
1877530
11798
1634403
559985
38504120
36050
39688519
44331410
44165505
46564196
45811143
8425811
36954591
2386734
155881
1747607
39886727
46628839
954639
16010326
30643341
507929
185778
331561
39535400
31512952
