29
30
31
32
33
34
35
36
37
38
39
40
41
42
43
44
58
59
61
63
64
74
193
569
595
627
852
931
1094
1293
2094
2646
4855
5054
5807
6910
7012
7033
7078
7185
7270
7627
7820
7877
7918
8166
8242
8438
8519
8648
9134
9701
9942
10094
10370
10390
10500
10520
10881
10912
10976
11030
11073
11220
11295
11560
11670
11798
11822
12148
12410
12674
12802
13085
13255
13335
13446
13708
14190
14528
14769
14785
14833
14976
15376
15404
15414
16006
16229
16239
16863
17014
17321
17632
18698
19456
20662
21956
24978
26105
28137
29300
33818
34844
34863
36050
44912
45230
48466
49101
50608
54202
60596
63856
66849
70477
71334
73306
76773
78433
83651
83777
86171
90057
90306
100250
107218
113863
117520
122012
123022
124786
128988
132137
136657
140734
147072
149807
151683
152566
154333
155066
156736
158963
160161
161326
165191
167705
168310
169492
171342
172609
173684
180049
181052
185739
185778
187145
188532
190690
193843
200647
204536
206333
206930
208430
212494
216144
218373
219308
221797
222801
228748
236628
239964
240623
241135
241777
242874
246282
251548
253305
253940
262767
276141
278193
285078
288012
288179
301225
307850
310368
311505
311546
312624
313488
314293
318325
318429
318589
328000
328368
334839
335616
336159
336690
339390
342128
342943
347700
350471
351192
356041
356914
357788
361091
364707
366595
366605
370911
377670
378010
380154
396410
397181
397814
412241
414912
418018
421901
429212
442140
460638
467281
473133
475276
475697
477643
479143
479920
479987
481564
486780
489283
491222
491422
491840
492799
495235
502382
506498
507929
508398
511876
512875
514841
514946
515777
518646
522830
527313
530280
530926
531252
531655
532953
540439
541508
548994
549119
549368
552328
555518
559985
561672
564026
564812
568884
571795
573386
588950
590190
590798
591264
591269
595215
596167
596390
602298
604153
615562
617783
618717
632142
638378
640680
655533
659560
672965
673130
673158
675566
683083
686173
703625
707239
711894
711996
715566
716927
717020
725247
737174
750180
757420
762585
763396
765692
770851
772230
775272
786296
787957
788416
790656
792062
792194
795645
795992
802735
809357
813805
814974
817669
819730
825397
825833
829690
830065
837162
842380
842717
858958
862599
870203
871391
872501
882367
885171
885936
887116
887471
888799
894150
894969
895038
908695
909757
910864
917026
917547
922245
930326
934708
935189
946283
946578
950360
951988
954628
954639
969226
975165
975631
976235
977598
982280
986733
988553
988912
991758
994253
997522
998015
1006917
1007550
1015394
1022228
1025280
1034892
1041814
1047560
1061004
1061760
1066611
1066654
1068008
1068500
1068648
1078934
1088210
1093361
1103520
1104029
1110713
1111953
1121837
1126892
1127355
1130273
1130538
1140447
1146169
1146459
1151484
1156452
1161063
1161951
1164393
1167248
1169153
1176411
1181204
1191507
1195626
1200306
1201572
1202517
1223992
1225514
1236753
1237564
1239972
1243127
1252630
1254215
1254662
1255404
1255710
1256153
1259941
1262183
1269184
1277025
1291095
1294736
1301507
1308444
1311940
1316340
1320516
1322549
1324906
1329963
1339939
1341149
1349803
1352478
1359409
1361467
1363195
1368322
1369502
1388185
1394993
1417092
1417532
1430045
1440595
1441672
1446315
1478550
1488559
1491266
1492667
1492780
1504814
1505047
1515834
1517243
1519617
1521300
1539891
1546064
1562952
1562989
1564659
1565040
1571432
1579038
1582216
1584313
1587865
1590101
1594397
1599154
1600243
1602445
1609047
1619907
1632331
1634403
1642496
1647870
1648406
1662202
1662332
1668407
1674466
1677987
1679259
1683859
1688338
1692619
1695917
1699234
1703035
1712484
1713850
1723486
1724053
1724565
1729671
1737201
1737273
1739665
1758945
1759009
1759995
1783585
1784641
1792161
1820663
1840568
1849402
1849462
1864900
1877530
1881060
1889132
1893312
1895100
1912626
1917286
1923794
1932870
1940652
1944874
1962364
1963654
2015590
2015776
2022582
2033756
2057230
2057894
2063336
2082960
2120438
2136786
2169546
2175706
2178078
2189616
2191056
2208250
2227824
2230652
2248718
2269736
2281866
2283674
2295436
2297390
2302052
2323498
2332348
2335308
2338474
2339528
2353410
2361654
2372374
2375102
2379616
2382286
2394078
2407802
2415058
2418850
2434206
2438426
2444046
2481492
2489724
2509454
2550754
2574908
2591804
2593716
2616396
2623694
2630168
2630504
2644374
2645506
2660846
2673582
2675322
2684172
2698598
2700614
2709952
2710130
2710664
2756024
2765616
2781454
2787950
2797226
2808072
2810584
2811256
2812244
2812456
2815434
2816076
2816342
2829346
2831258
2840548
2844362
2854654
2864498
2873444
2875476
2896748
2902212
2903968
2914464
2922358
2930034
2945842
2946014
2946350
2947282
2954730
2960244
2968688
2980110
3014848
3022921
3028447
3039134
3042111
3054285
3056911
3057703
3064390
3065870
3066480
3069435
3088331
3088732
3091284
3099186
3109509
3113236
3115912
3118740
3123708
3124087
3133628
3145747
3152862
3163587
3173826
3187173
3190401
3194886
3201563
3204315
3207074
3210855
3224237
3226353
3228829
3233035
3430241
3475211
3561131
3563521
3565161
3605411
3606021
3710411
3846421
3851171
3935931
4025901
4030881
4123741
4137871
4255031
4292721
4371741
4409291
4416791
4445221
4548751
4581761
4628221
4628881
4649721
4730761
4873271
5143021
5154501
5205601
5426341
5502861
5731651
5937431
6029801
6113091
6156841
6226011
6261461
6425061
6426461
6447741
6486991
6490561
6506101
6586301
6621691
6641401
6679321
6756941
6769701
6894451
6906571
6947111
6986761
7028591
7115281
7147071
7202711
7212251
7474171
7560841
7568291
7676931
7708711
7851051
8174081
8282151
8318551
8458681
8664091
8799281
8806041
8845161
8923401
9043881
9151721
9161371
9347051
9670011
9681821
9826951
9914641
9964811
10171791
10241871
10260471
10432531
10539181
10728201
10787021
10870051
10994851
11096711
11116361
11183001
11188021
11227571
11229861
11258641
11304551
11344851
11356951
11360141
11390321
11474311
11512711
11515201
11516381
11601241
11982981
12222701
12248351
12545151
12553651
12670131
12695431
12711541
12827871
12844151
13479141
13696411
13797691
13808151
14149811
14466541
14475281
14496021
14528311
14626361
14868551
14957841
14962591
15099071
15145281
15231521
15459021
15482841
15516261
15542713
15543377
15543988
15550136
15552912
15555630
15558219
15559712
15560080
15578934
15596225
15600969
15623470
15635137
15636139
15660477
15667131
15670869
15684306
15694270
15700661
15721376
15723721
15726649
15733855
15740932
15752031
15759847
15768370
15783943
15785160
15797480
15798919
15811046
15812064
15812725
15817284
15837069
15837595
15839074
15841082
15938450
15963179
15972982
15974211
15992904
16003233
16008273
16020567
16024259
16031067
16041594
16044785
16049071
16050617
16054791
16060131
16068579
16074236
16079220
16089037
16096481
16096781
16097000
16099995
16103580
16104208
16116864
16130666
16142744
16145186
16147721
16157877
16163023
16167290
16175463
16180541
16186360
16188527
16194856
16198621
16202655
16202778
16211694
16224278
16226389
16254910
16284679
16285750
16369510
16432171
16445740
16470988
16487341
16498372
16498723
16509607
16511104
16526119
16539985
16540669
16540867
16542901
16572334
16590490
16600822
16604965
16630303
16635064
16658581
16659412
16659520
16675072
16678723
16737214
16756843
16775599
16788367
16793389
16798735
16800910
16867318
17206933
17987896
18007189
18032854
20150803
20172814
20181448
20210251
20244205
20261668
20271358
20286373
20310952
20326279
20334565
20347216
20360218
20363977
20392891
20393629
20400568
20411878
20421535
20429890
20449939
20484526
21175567
21290860
21345248
21614119
22767837
22814620
23082636
23179751
23268213
23405476
23611534
24037040
24232080
24234548
24250561
24252121
24294931
24451259
24459798
24510306
24524806
24728183
27024007
27049549
27080734
27089110
27122866
27124738
27138115
27156520
27157114
27187537
27225793
27239512
27254881
27259183
27274060
27305779
27306151
27356590
27373033
27392839
27410401
27412699
27413635
27446293
27456658
27459190
27470602
27502726
27535054
27538498
27564673
27583219
27590932
27625771
27629623
27645211
27657763
27707434
27733513
27750553
27799810
27802972
27818857
27866743
27871006
27884465
27889049
27891641
27899351
27904977
27914683
27917882
27931309
27932650
27935593
27937681
27951966
27963330
27966128
28077968
28094275
29000216
29003333
29004713
29005669
29008377
29019235
29019936
29028401
29029432
29032031
29032097
29032428
29041924
29062726
29064308
29066400
29068855
29071738
29085130
29086918
29099225
29122948
29127839
29131195
29132626
29141921
29146884
29156578
29160937
29161696
29165180
29169516
29173895
29185215
29189352
29191474
29191654
29212391
29216657
29218499
29219649
29221155
29221194
29241296
29241559
29241961
29244483
29251356
29254076
29255724
29257246
29258213
29262487
29264552
29266041
29288203
29298037
29305668
29307307
29310726
29311548
29316588
29318444
29326936
29501114
29512363
29521086
29524406
29541962
29554701
29554843
29555612
29565377
29570863
29583888
29584289
29589362
29596609
29619898
29628468
29631361
29648448
29649316
29649900
29653756
29663232
29670484
29677397
29753096
29782750
29783156
29787255
29794011
29794300
29818857
29830221
29831504
29889111
29893765
29956289
29968725
29984275
29985812
29995987
29997745
30004405
30007773
30100217
30101195
30104166
30108989
30138893
30152636
30161279
30181291
30193524
30198174
30206163
30209811
30220183
30220616
30221875
30242089
30250496
30281832
30283038
30314130
30315426
30335106
30344192
30369218
30369353
30405248
30427395
30436573
30444363
30452741
30453811
30457771
30472971
30475787
30505778
30509820
30537254
30567215
30595443
30597845
30627949
30628138
30629094
30664623
30667177
30667386
30681090
30696473
30708051
30717800
30736330
30748919
30787053
30806325
30835196
30835546
30849955
30873468
30876796
30883851
30887808
30925067
30925620
30929570
31001992
31005008
31009306
31020841
31029021
31042993
31061819
31064997
31070973
31076711
31110130
31111395
31116089
31116773
31120081
31127475
31130349
31145374
31145399
31151337
31155600
31155879
31157061
31189472
31202768
31207301
31208698
31209204
31213066
31215547
31220025
31225367
31254865
31255056
31264096
31287507
31297544
31297879
31313419
31321106
31342381
31345160
31349994
31353623
31354982
31363889
31365504
31368796
31402780
31403486
31414165
31427030
31429594
31433635
31442507
31448101
31448506
31481326
31518078
31520760
31525614
31535013
31536405
31537742
31539488
31548792
31549745
31594613
31604127
31612623
31618315
31627450
31630238
31630323
31644084
31646658
31648235
31649667
31656728
31667243
31675925
31701248
31702880
31707238
31715362
31718186
31726532
31730324
31736506
31762199
31780464
31784663
31785692
31794139
31799682
31800904
31817700
31819967
31832582
31833200
31841487
31844414
31846897
31855228
31861325
31880237
31884445
31887697
31889343
31915514
31926526
31932042
31935846
31952607
31974640
31984004
31992247
31995113
32004730
32017423
32029613
32035090
32043628
32080611
32096751
32115635
32121230
32130725
32132964
32191232
32197463
32212664
32214333
32220984
32224897
32225216
32238808
32252623
32259356
32270540
32276072
32281100
32288741
32294965
32296114
32301917
32301946
32302017
32314646
32315991
32317018
32325098
32327510
32330453
32333499
32335668
32337262
32341099
32343556
32350297
32350329
32353250
32354751
32376022
32377001
32389844
32390084
32398776
32405332
32408090
32416836
32424699
32426484
32426694
32428275
32434809
32442956
32443597
32444603
32450424
32451867
32455809
32495456
32505739
32510395
32512047
32512935
32513129
32522806
32534149
32541589
32543426
32544777
32547426
32553496
32555829
32557076
32582743
32598212
32603445
32604197
32614909
32620327
32628009
32630249
32634702
32649855
32659473
32691256
32720617
32722150
32722969
32750914
32751758
32761555
32773774
32775926
32779166
32780123
32789201
32804432
32811880
32820854
32820903
32824967
32825687
32831500
32849808
32853698
32884674
32936118
32948926
32974281
32976687
32984575
32999838
33008326
33028244
33046106
33051337
33062685
33072769
33076419
33078509
33080419
33098984
33108783
33119158
33123734
33129803
33152741
33152906
33156596
33168800
33181286
33183672
33185632
33187551
33194995
33195436
33197873
33199448
33210309
33211844
33212535
33216900
33228745
33232042
33235641
33236217
33250285
33259172
33260280
33263363
33269308
33285164
33292729
33295735
33313938
33329071
33339543
33342123
33349168
33358104
33374259
33377979
33432979
33434295
33445678
33446198
33471284
33475346
33484426
33491264
33493428
33503438
33522190
33525613
33537616
33580073
33580409
33596861
33596879
33615916
33616497
33618340
33623446
33628317
33634848
33636505
33642830
33644748
33645732
33650487
33653547
33656580
33666015
33680132
33719282
33731680
33744045
33749359
33756929
33778674
33781247
33796590
33807494
33811255
33820495
33824938
33832904
33844744
33848599
33849795
33859501
33860377
33873735
33877176
33881532
33897741
33909240
33913273
33931346
33956771
33964962
34016023
34024037
34037346
34064706
34072026
34093885
34095695
34099270
34115473
34125476
34125624
34126443
34135252
34160064
34164316
34168714
34186029
34202620
34210378
34212482
34226381
34244057
34256148
34257553
34261097
34265769
34274785
34281074
34285713
34286621
34297033
34297251
34301281
34306039
34315734
34323824
34329643
34333470
34341892
34342257
34342544
34344564
34352584
34356191
34360203
34370480
34377441
34385601
34390150
34405614
34405812
34416599
34418446
34419574
34422823
34423458
34445964
34460855
34481713
34487570
34491798
34497435
34519834
34524868
34531470
34535980
34548976
34550568
34552569
34556375
34560512
34562915
34573480
34577168
34583011
34590909
34612882
34633210
34636875
34664661
34676086
34688406
34689250
34709684
34712612
34714895
34720517
34721378
34721815
34726732
34726927
34729156
34736486
34744035
34759850
34766653
34766886
34768668
34804432
34810223
34834355
34854916
34859703
34861494
34866281
34867697
34874562
34884676
34891509
34892131
34897636
34899099
34903603
34903639
34904855
34910464
34916899
34927050
34932181
34934984
34936371
34942244
34950087
34950410
34961080
34965594
34972305
34978354
34978805
34984262
34986528
35008493
35015075
35015432
35019422
35031378
35039651
35039943
35040969
35041581
35045608
35049478
35055555
35056694
35060820
35067411
35068227
35068233
35082686
35085395
35086026
35092073
35104103
35104241
35128270
35128978
35138900
35141024
35141362
35143919
35148653
35159667
35163118
35180848
35189100
35191439
35206503
35220401
35228520
35234112
35234290
35243862
35244434
35260907
35279376
35283189
35285210
35294013
35310219
35311723
35344169
35344226
35347656
35355878
35356466
35359673
35376078
35390395
35394587
35395418
35400172
35401009
35401695
35408893
35412494
35455309
35474367
35482588
35483989
35485494
35489411
35491226
35491305
35491893
35497249
35516082
35520100
35540438
35542288
35561457
35561856
35566901
35580368
35589842
35595498
35595669
35596215
35623352
35627462
35631351
35634049
35634183
35640554
35641278
35648987
35652243
35652721
35654272
35658308
35669157
35672441
35686404
35700761
35701676
35703455
35705336
35705718
35712214
35727758
35739207
35755669
35757014
35766796
35781165
35783624
35787021
35788757
35794755
35810695
35810769
35811233
35811302
35816075
35817711
35848891
35853735
35853753
35858375
35861222
35864759
35875426
35879839
35884650
35887278
35887344
35894037
35900387
35908020
35911395
35917667
35919209
35919415
35922798
35923815
35930950
35943701
35944663
35956760
35961331
35967812
35969597
35983367
35997913
36002724
36005251
36013974
36018095
36036876
36040285
36058246
36059778
36076642
36076994
36078619
36081119
36086508
36089493
36092838
36092879
36093463
36097210
36107386
36110097
36115311
36115816
36119256
36136389
36136652
36143876
36145887
36146415
36147242
36148068
36148086
36149962
36159071
36159271
36160707
36183673
36190625
36198175
36199759
36207096
36219143
36228861
36235159
36242782
36242980
36251053
36253880
36265759
36272651
36275870
36277240
36283240
36292045
36295327
36295363
36298000
36299528
36310347
36314283
36314389
36314942
36317553
36319288
36328735
36342850
36347255
36347289
36347721
36355875
36379530
36396238
36399164
36402205
36402865
36409309
36412704
36416386
36425170
36448909
36452476
36459912
36467709
36468700
36474300
36474600
36478035
36479606
36518581
36525395
36538189
36544939
36554995
36556814
36560896
36562156
36566912
36573271
36583105
36584207
36586205
36588677
36597378
36605420
36607708
36620751
36622363
36623461
36625764
36630275
36634865
36637954
36642308
36644610
36653644
36654419
36656233
36660866
36661015
36663095
36665086
36693868
36696017
36697772
36703286
36719575
36730561
36742175
36742325
36748124
36752390
36764203
36764298
36771902
36774708
36799696
36819500
36828046
36832113
36834514
36838004
36838596
36839812
36855214
36864743
36865090
36880657
36886397
36887287
36905639
36906618
36911912
36926401
36944482
36958431
36981093
36987381
36990448
36991232
36991716
36992101
37000356
37008112
37021876
37023526
37028427
37028700
37041530
37043491
37043842
37045005
37047665
37049869
37049902
37054012
37055960
37061732
37066292
37070282
37070519
37073549
37076955
37086087
37087591
37094468
37103175
37103393
37103953
37103992
37104031
37104431
37108085
37111409
37111710
37111866
37112272
37112282
37112422
37112442
37112614
37112621
37112958
37112996
37115061
37115098
37117582
37123750
37124152
37124780
37126149
37127078
37127105
37129489
37135673
37140982
37141920
37148431
37149222
37150313
37150861
37151273
37162446
37162530
37163731
37173246
37173807
37177773
37178043
37182818
37183785
37192192
37193235
37198383
37201219
37203463
37204146
37205579
37206618
37208712
37208875
37212632
37213292
37213585
37213862
37216298
37216834
37217701
37220340
37222860
37222900
37230188
37234673
37235728
37241337
37245504
37248067
37248865
37250036
37250090
37250540
37251405
37253467
37253479
37254138
37254757
37255548
37256224
37257065
37259904
37261614
37262792
37263535
37269928
37273858
37274085
37274141
37274170
37277818
37281256
37282818
37283086
37285533
37289646
37290276
37292046
37295073
37295891
37295932
37296502
37296676
37296920
37297219
37297434
37297639
37299366
37301013
37301952
37302747
37304975
37308253
37313925
37316325
37316472
37317153
37321239
37322158
37323959
37326220
37327196
37331001
37332488
37332509
37333259
37333499
37334300
37344741
37347433
37349915
37353968
37354039
37355927
37370714
37372165
37393524
37399262
37405765
37418291
37418301
37421266
37424366
37424424
37424685
37430215
37430279
37432611
37433288
37433292
37434264
37435296
37436326
37444157
37446250
37449187
37451342
37465673
37470178
37477808
37477890
37482434
37482471
37483035
37483114
37497181
37499480
37499649
37501878
37506362
37506587
37513675
37516167
37516194
37516255
37516298
37516314
37516337
37516400
37516426
37516467
37516502
37516540
37517090
37521232
37528568
37534979
37537109
37538269
37541293
37542896
37546206
37546477
37546761
37554475
37556553
37562083
37562137
37563071
37567334
37573108
37573495
37577375
37577436
37580198
37582880
37583148
37593386
37594874
37603804
37604289
37609896
37617571
37618230
37620363
37620851
37623035
37624508
37628066
37631066
37632127
37634041
37637380
37638400
37641424
37645167
37649575
37649718
37650563
37652729
37654748
37665863
37671691
37675919
37680663
37681718
37684601
37686888
37688251
37694265
37701161
37715574
37719703
37720206
37722725
37722812
37724804
37725674
37730952
37732130
37742981
37746469
37756277
37764875
37765581
37775950
37776239
37779479
37779628
37780005
37781814
37781885
37783497
37797099
37797787
37802587
37804293
37809441
37811920
37812694
37823157
37825731
37830285
37832826
37836622
37841360
37841437
37843534
37843571
37845187
37848303
37848489
37850322
37850681
37853109
37854338
37854389
37854443
37854483
37855262
37855314
37855376
37855391
37859814
37864643
37866520
37867880
37867899
37871319
37873266
37875408
37881655
37883001
37885282
37885598
37892197
37894220
37898671
37904639
37909991
37910913
37912021
37918277
37921192
37921378
37926140
37928050
37930916
37931738
37934324
37937800
37944148
37946689
37950339
37950741
37953347
37957065
37958032
37962214
37962701
37962948
37963733
37965347
37965821
37970376
37973135
37973509
37973784
37979101
37987137
37987387
37991224
37992647
37998304
38001176
38003559
38010221
38010354
38015300
38017095
38018690
38020977
38030382
38030621
38031492
38033296
38034231
38034973
38048843
38050118
38052166
38053993
38055789
38056966
38059708
38059889
38061995
38068648
38076058
38084081
38084248
38084323
38098018
38099471
38100797
38107350
38108260
38112146
38127331
38127643
38130357
38130449
38133217
38141202
38141236
38141279
38141309
38141504
38141683
38142003
38145156
38146735
38146830
38147176
38147231
38147425
38149604
38151428
38153917
38155918
38156197
38160471
38162025
38164177
38165073
38166329
38170651
38170775
38188987
38195537
38196894
38202997
38204030
38206511
38206730
38209809
38210344
38218783
38219088
38233099
38233811
38236337
38240850
38246013
38250001
38254949
38259161
38264017
38264555
38273198
38273461
38286060
38287929
38291168
38297191
38298290
38300929
38301646
38304948
38312805
38315537
38315848
38317762
38320672
38321544
38322629
38325442
38325697
38328307
38330422
38334742
38335613
38344636
38346605
38363941
38381163
38387444
38388521
38389337
38406335
38418267
38421243
38424129
38442194
38459255
38459912
38467185
38475124
38476142
38495853
38500305
38508546
38512692
38519686
38530312
38531018
38534051
38537275
38538926
38546417
38547605
38566645
38566852
38576551
38590644
38591222
38594007
38594102
38599794
38607775
38614688
38630457
38631141
38633034
38640178
38645380
38655012
38657779
38659844
38663403
38663587
38665934
38669006
38669328
38671488
38671828
38671921
38676955
38677381
38677674
38680093
38680518
38680834
38687705
38688693
38689323
38690456
38700068
38721048
38723440
38733844
38735852
38738435
38741256
38742141
38743775
38746709
38747151
38752424
38755926
38765203
38780819
38783981
38785029
38785498
38812171
38821466
38823095
38823536
38836931
38838215
38844248
38852185
38852205
38852243
38852275
38852305
38852334
38852386
38852434
38852476
38854856
38858875
38861356
38861746
38862178
38864453
38873853
38873907
38878926
38879248
38885697
38885749
38885985
38886256
38886336
38886464
38886514
38886658
38886722
38888464
38891118
38894593
38897714
38900941
38910283
38911577
38912949
38915324
38918479
38925697
38928539
38933960
38945103
38949195
38951905
38954467
38956154
38957184
38962779
38963248
38967167
38967241
38972138
38972220
38972521
38972600
38972680
38972801
38972981
38975205
38975524
38975587
38977631
38984308
38985196
38987674
38990171
38990347
39004156
39005280
39005347
39005814
39006234
39009764
39029020
39044749
39048441
39050886
39054627
39056155
39070466
39071432
39072259
39081827
39083943
39090004
39091163
39091499
39097089
39100158
39109611
39111402
39125113
39125840
39137022
39137729
39139415
39145987
39150735
39151272
39157570
39160470
39161957
39164459
39166810
39172144
39174302
39178611
39182157
39190115
39194620
39195051
39206715
39209504
39209978
39210055
39214281
39214997
39229529
39230592
39237298
39242507
39244752
39244887
39245024
39261658
39284197
39285688
39301169
39302931
39303037
39306968
39324081
39324282
39332359
39341846
39351295
39357943
39362551
39372385
39374450
39375423
39378168
39379535
39379814
39392578
39393633
39394678
39394809
39398317
39398368
39402384
39408318
39414509
39424149
39431540
39431834
39432003
39433961
39435478
39442196
39448420
39454963
39456888
39458090
39459467
39461300
39462986
39464827
39471098
39471235
39472099
39472660
39484672
39492007
39493019
39525009
39526903
39529214
39532976
39539062
39539344
39546024
39557595
39557910
39563606
39571070
39572270
39573236
39577479
39578280
39580127
39584269
39584333
39584658
39589453
39590162
39591589
39595747
39596864
39597363
39597590
39598655
39598827
39598982
39599831
39605591
39605951
39607342
39609605
39609852
39610258
39610274
39613355
39614960
39615905
39624203
39626235
39635967
39641524
39645843
39660875
39662614
39662711
39664210
39664521
39667683
39669720
39673163
39676271
39683755
39688519
39691020
39692938
39694589
39695158
39702688
39708606
39714321
39716505
39716961
39722281
39724724
39725864
39727390
39728232
39728549
39730758
39732277
39732964
39733761
39737677
39741805
39744491
39745201
39745325
39753652
39756942
39757497
39759486
39760025
39760422
39761054
39775220
39776921
39777186
39779609
39780782
39781797
39787374
39791931
39793271
39801415
39804511
39809499
39810376
39826347
39827815
39828779
39831358
39834595
39835662
39840376
39841346
39845150
39846644
39846735
39847854
39848909
39849063
39850300
39851251
39851908
39855410
39856792
39857896
39858516
39858606
39858752
39861327
39861707
39866061
39867076
39874516
39876350
39878415
39886221
39890437
39892986
39894049
39894289
39894519
39894752
39898749
39901611
39903195
39906579
39907602
39907664
39908762
39909276
39910105
39912827
39919187
39921391
39922367
39925655
39925985
39929256
39934097
39934442
39936809
39937603
39992594
40035731
40042662
40045020
40049296
40051729
40083143
40085293
40183695
40344160
40678592
40735688
40739859
41018492
41514691
41599062
41907077
42162600
42200942
42213061
42297858
42586385
42814603
43016837
43021651
43032482
43255683
43376737
43565942
43740077
43905789
44007420
44008439
44182551
44291233
44433601
44492436
44549923
44648586
44851715
45107432
45107850
45109725
45127947
45167295
45210371
45297853
45316213
45320035
45426599
45474068
45643839
45856997
45883866
45896058
46006290
46158180
46314871
46315435
46345796
46346412
46393494
46409715
46431847
46437274
46507888
47034931
47176019
