2125
9134
11798
28137
29420
32666
36050
62697
66413
68971
95216
105841
136925
157910
169492
190795
190954
193832
236575
246282
253770
273579
286780
308916
317032
338669
341734
347700
348832
351307
378934
383284
413339
413700
436870
439092
440114
442140
454122
480783
482095
490396
514070
522670
522830
552245
559985
588088
589942
596167
597881
602538
608698
638725
644542
672965
675509
702533
744349
775272
785703
789336
816689
833768
859042
862079
869561
885936
935100
954639
975165
979013
997522
1007746
1026400
1027138
1029138
1035163
1080527
1085145
1141310
1141626
1169568
1171095
1178967
1183427
1195626
1200306
1201332
1223633
1244512
1255710
1295513
1310332
1310439
1322549
1324906
1339967
1382548
1394493
1420876
1445832
1450237
1460367
1470788
1493839
1507511
1530316
1550107
1563881
1564659
1573351
1582216
1589279
1634403
1642155
1642310
1657358
1665676
1675240
1682811
1695917
1751121
1778533
1805535
1820663
1838816
1873720
1877530
1889774
1895100
1972562
1975098
2050286
2142876
2229176
2254662
2260982
2334606
2384130
2400736
2450842
2557612
2616396
2618508
2630504
2707220
2724988
2756024
2757018
2815434
2831258
2857142
2861564
2867696
2892034
2922752
2944724
3006820
3012008
3032431
3055894
3100942
3114729
3140811
3141361
3163943
3168506
3235457
3576381
3626981
3670151
4255031
4464111
4709691
4720381
4737341
4745831
5416941
5658921
5815311
6299361
7540461
9128221
9213691
9786431
11229861
11277471
11903661
11967091
12128141
12218121
12545151
13797691
13999431
14382921
14505171
15012421
15231521
15583108
15587234
15596225
15640799
15647236
15652765
15671315
15689438
15692059
15751649
15843165
16050617
16113739
16169562
16174613
16210973
16360258
16433113
16692985
16771888
20172814
20201428
20314600
20390872
27057838
27093694
27175597
27239512
27346438
27645211
27887242
27890078
27896356
27962017
27966128
29012844
29015921
29065021
29078196
29131195
29241296
29311548
29323571
29541566
29564986
29638879
29753096
29931219
30007773
30063434
30136276
30229260
30242089
30244965
30348316
30369218
30398408
30418201
30560934
30642217
30664623
30692628
30696473
30811539
31007302
31082396
31145399
31172140
31225367
31227368
31367431
31448506
31474582
31478552
31560932
31654607
31677098
31750706
31766278
31773402
31781162
31797942
31825582
31887466
31916219
31948211
32001709
32023809
32121342
32182070
32288681
32296114
32325098
32444603
32496812
32498062
32512868
32547426
32561562
32636782
32638739
32653535
32676884
32695541
32747470
32773355
32959936
33012343
33028937
33046106
33052341
33106804
33132170
33178885
33183123
33235967
33263363
33287034
33292729
33298739
33327964
33359260
33432979
33455400
33467222
33471284
33548178
33565098
33596879
33597645
33667720
33718512
33721731
33741778
33781712
33811255
34021836
34039531
34093276
34176815
34202335
34257982
34261097
34268940
34288861
34297224
34387564
34439726
34460855
34491726
34595388
34612997
34651665
34664661
34693922
34702735
34714895
34726732
34734659
34803208
34829884
34834788
34844369
34844519
34884676
34886224
34934517
35017071
35021150
35182649
35191439
35210440
35292835
35322329
35356466
35366575
35388257
35410068
35417620
35425599
35492649
35495855
35497249
35520100
35561457
35580368
35586471
35648534
35703455
35712688
35793405
35831336
35889893
35949017
35959134
36058595
36092519
36092838
36131473
36157334
36168038
36200075
36220771
36223175
36223368
36261291
36295327
36342408
36413583
36515417
36535842
36561605
36583105
36614252
36625764
36660866
36663285
36682596
36720363
36722553
36726098
36748567
36753181
36766421
36809558
36919501
36922625
36934797
36954591
36957144
36976802
36991232
36992274
37005980
37023437
37033878
37045120
37054012
37058800
37061663
37076955
37096030
37098117
37103992
37114522
37124606
37149222
37183393
37311725
37313925
37317323
37321660
37350815
37451636
37545051
37590878
37609810
37632996
37642160
37649718
37663535
37684212
37721141
37758960
37781885
37794049
37850681
37855813
37871689
37921378
37937240
37987387
38095687
38099266
38139462
38181860
38254966
38255710
38493267
38502299
38504120
38535689
38541316
38564916
38594007
38630457
38733493
38771081
38894760
38894847
38910283
39007267
39243483
39416589
39442196
39498303
39535400
39610258
39683755
39689501
39835662
39969276
40005999
40116294
40144312
40157713
40190658
40274339
40287750
40304817
40328496
40344160
40376269
40397977
40464318
40648907
40704817
40722704
40818502
40903138
40940986
40982320
41018492
41128286
41204663
41250206
41262638
41280317
41359295
41398214
41398626
41430233
41591751
41645642
41763343
41818793
41834161
41856164
41867272
42056861
42162600
42170732
42200942
42213061
42223633
42279793
42310861
42406930
42450414
42536044
42584673
42586385
42592435
42734274
42811248
42936594
42993963
43145135
43158835
43371711
43477110
43535873
43535978
43586399
43686943
43712100
43734740
43740077
43762870
43883196
43966512
44027486
44070277
44081214
44125296
44165505
44225465
44412070
44442114
44459233
44599867
44729966
44775968
44838960
44902124
45109725
45173766
45184976
45192869
45285808
45303065
45362797
45450183
45525248
45558296
45671028
45818068
45830718
45981674
45984961
46012061
46133173
46140584
46301843
46314871
46315435
46345088
46429479
46437274
46442156
46487027
46514375
46908782
47167119
47176019
47179971
47180351
47358620
47414919
47470350
47496356
47627083
47652747
