37632996
47971245
40574364
47818218
47176019
47725299
47632970
44070277
37183393
40442860
31781162
14505171
44027628
38215952
47378263
30136276
38504120
29931219
42297858
44280475
16652077
34664661
30283038
46879905
3234101
45818068
35867886
39886727
16050617
27861880
954639
34714895
45560641
46006290
46314871
37177606
45576360
45528367
45184976
46174820
393113
34039531
16133518
37590878
502799
1564659
36496295
41569682
41856164
16072171
8885
34387564
39702608
2574908
44007420
29638879
34176815
34867697
42200942
43016837
15231521
33015800
45107432
43686943
289548
38067335
44225465
34884676
35192754
35290150
11967091
34271915
14634791
41689901
20329657
44442114
32444603
41170699
31654607
33580073
27089110
37609810
44309959
32390084
44244419
33455400
43612058
35712082
38870132
5815311
43821616
31766278
42993963
38099266
43400552
43172247
40526910
40374533
36722553
1460367
30518547
42592435
24507988
33804502
38285285
27550213
20201428
37921378
35356466
37096030
34261097
37855813
6796441
35586471
32906219
38376291
997522
31142858
732888
1454595
37098117
5048441
42181381
37850681
37094341
42104489
34021836
3899521
36879805
30664787
41324465
41763343
31649667
39825738
383415
16353691
41645642
41398626
36753181
41250206
33796498
16120946
40714247
27057838
35497249
41099350
37545051
30369218
41203402
34191713
33239512
40865490
41101772
36824816
2050286
40328496
40870085
35322329
36449254
40745520
2697700
40280338
34342257
37794049
32764561
33481426
40157713
40437157
5313031
31421106
3168506
38622085
38866331
16316866
40191635
40190689
33232042
39970721
39362247
33432979
34168714
29185215
13479141
34633210
39826347
37076955
36940599
33194995
311546
6490561
30567215
38858875
32512935
36515770
1397545
39206715
33187551
37873266
20172814
38785029
38962779
38785498
16432171
33471284
38838215
2627572
38204030
31070973
31009306
37203463
38669006
15596225
38640178
38547419
30444363
33292729
38546529
38053993
38259161
1688338
35654272
158347
30007773
1749855
36299528
3226353
37488562
37573495
36261291
38246013
37094468
38202997
596167
38141504
35310219
2396054
38121423
672965
34536389
37301013
30944046
38061995
31858505
38017095
37212632
3050151
33156596
36115816
37804293
32176103
36742325
37992647
31789456
35652243
2048554
37701161
37735461
37962948
37962701
37958032
37150861
20449939
37953347
16089037
37779628
37950741
37928050
37931046
1167248
27259183
27138115
505611
36556814
29596609
35019422
29071738
51474
1749413
1478550
1093318
34768668
1625030
1153700
31548792
35757014
29871919
37624508
37762308
37625144
37593386
228748
36696017
32130725
36538189
3494271
37700019
37686888
37289646
32519268
29154364
31110130
29965767
20261668
16198621
33848599
37206471
1634709
35884650
37198383
30789540
3206422
37322158
33596879
32775926
32335668
2037824
31644084
2884270
31202768
32224753
37093714
37311097
36342850
15839362
13797691
892688
37254757
36654419
36159250
25233752
33774277
34810223
37123750
37229977
32218174
27935593
35727758
35712214
36448909
36295363
37111418
35950803
33596861
36583105
29787255
35735993
37043833
1386296
788140
33832904
36292389
1166558
1071550
231510
35246303
36866339
535550
16798735
36525623
770851
32698748
31995113
35482588
36543182
36658843
36432575
34218848
33307638
32554504
36637954
31546456
35045608
36655420
29902611
31045295
237544
35106960
36581096
36327691
36591456
33672786
36523508
36479005
33750210
36292045
34462018
31658370
36444626
36406535
36242782
34936371
446515
36410813
1895100
36335589
35404855
36057011
36383361
30280713
155881
36305051
36335729
36336240
1630592
36340477
36061359
36331764
2353958
20326693
36297461
357237
36262477
36244407
29507452
31985691
36254760
2368364
36142896
36171710
600355
36159055
35390395
14788301
27903371
36129370
27122866
32306230
5287711
32198187
32935830
559985
30778891
34085752
1055997
34085698
3160979
33657367
3053542
1777943
29099868
4694251
7784011
36014964
35976180
35988329
32522806
35283128
32495626
35927457
35991164
16665880
29616322
32004730
35944085
7868361
35890792
29649316
35872509
520502
35347656
30369312
34418902
35578064
34085666
35690469
14495451
35789380
35643370
35710628
354998
34240403
565238
35747234
35744162
35584892
377079
20420107
32775205
35585540
35472527
32377331
8593571
15601971
35472386
35469299
31027722
35634555
35581973
34492179
34819320
32504440
35628780
35467924
35609722
27215611
4986401
35585386
11744331
7560841
886367
35472877
35568169
31627400
35472280
35563134
34174720
34988835
1647870
1066519
32469392
35411159
390972
35225646
32166471
15742829
31414165
33146438
3053239
31098131
2723734
120988
34856477
1932182
34891491
30411022
35345788
34224765
34212482
35157619
33029396
35126755
35126945
361339
34120917
34617507
157671
35166323
34194499
32122453
35211058
35040168
34385049
2516108
19956553
1026090
33086611
475697
32625132
32629572
585547
1940432
2446434
813848
628860
921524
34008691
1004595
961169
34751894
16158500
7221621
385838
31810111
2302798
35021940
2040840
33968532
1577861
33478703
35014133
34711821
33352017
31328625
32654523
3309341
9961841
695447
34524868
2386220
4937111
34562936
30526004
29027299
34351175
33849889
1464484
9631601
75798
33663611
14618081
30100405
33990427
34822330
34343676
34711755
16653979
15862074
34825538
33575841
16802494
497208
2953366
34818170
32444074
34090270
30242089
34622597
31718186
2175706
34789851
32564045
34202948
31551559
16303108
33811255
298766
559392
286903
31464665
34736307
29124792
32496777
32257183
30766738
839960
1085669
34607000
34442237
1337635
34502094
32714719
148567
194365
3042362
6880751
33541730
6906051
32426210
2942886
34360203
6426461
31988139
3057166
780475
826405
34327790
914715
34587704
32496714
32174075
34612388
1397526
6343421
34004421
32919319
1871494
312434
30204385
2758460
16045643
429212
331233
10756461
29790706
313141
1104029
206742
1408002
34531470
33388120
577340
29164309
877665
891299
36050
1281687
34534542
32660662
935189
34531076
895639
11229861
29219456
14483571
886645
838460
36397
39049
500017
9451481
365639
771161
2853748
33307627
31431900
16215672
33834984
2480460
32482658
33735172
2531326
11769791
3115912
15688239
32325051
106382
314628
31567807
8745501
32809507
3009006
34445964
367071
805213
487203
1802287
1246699
30556094
16563685
752218
1648259
29506160
30547104
32273092
1269263
29897572
950587
79821
31912962
11851231
16537102
33792189
31279954
2492540
89889
250980
33995396
1015295
33990311
32546673
34402433
32898389
29874750
31877314
495235
16632745
552328
446295
30867589
34393332
1443249
29200380
502967
15773275
16041185
32377001
32370503
21335
1877530
29583013
33643464
378939
27139744
111264
30984717
34366781
336115
152025
29810412
29627710
34354561
306743
1078333
1944874
34347929
16314598
31370985
33834859
3218163
33158741
378399
4787421
9839321
32203738
2387040
2382510
29128991
3860331
8664091
7130251
33522602
1123671
27222079
417143
33750074
29811414
133069
31946795
33990383
758593
929024
1639251
33990343
31128614
1463481
1730685
1145319
1875638
8260961
30253633
34155513
33629854
32322832
139437
32440648
74103
590190
5910771
32451867
1891834
30570995
937824
549311
487722
27590053
27239512
627356
780810
7592561
2293546
31423818
8994211
434461
32496446
1126072
573243
27513439
33138218
672302
30527987
5331841
3218725
31365609
64016
16728106
33720587
30786985
20384776
11258641
901560
11022591
29263585
15702265
1267839
11272311
30499687
4031791
313885
345832
2481332
1051743
42931
1893828
4023121
126356
31655420
291599
1612850
30587329
33920393
472852
16003577
1131302
507308
107284
357391
31947763
911860
34029757
34256699
32603445
353634
16080319
1066611
32543426
494835
29823693
316634
31208581
1310018
2760106
3147149
1583948
864315
325049
33181286
610984
8226211
30570058
130558
31344042
31833200
34244887
34244615
776676
996224
1725265
32443719
15842910
656158
32627981
1123205
29521709
30250183
34169386
33042032
909382
32347397
27262936
2646
14902381
1413120
27952265
764211
1254889
4442641
32644538
123260
16060521
2988960
32421158
8829751
879982
187756
885171
374779
33673049
32217369
33686355
14261141
34235721
29312469
33036497
31999191
180356
2688970
34234997
31554685
33127455
15929370
27850177
2073736
576137
30933375
1817499
29004121
29099432
32421794
495048
254965
30152099
34231198
143381
2788422
356224
2514434
1189943
1427500
32366026
29649900
1308444
195370
2098570
394415
16141963
480283
15623990
33209714
34122815
698568
34228906
33450215
27588004
136170
32327291
32443687
1714704
32874855
8271251
129199
308096
1093675
324178
808613
119376
34226526
30938099
346551
32581731
31026434
613087
996167
774896
33159288
14150981
16112425
34078292
1053903
31622540
31081682
663682
302477
104251
11390761
2084692
4615471
987519
30734387
929604
33936082
33749542
617783
870203
323637
29179492
309398
111457
30260065
30407419
1090005
16107611
476821
32052123
975631
1088701
29160937
1294598
7443561
2442074
29107899
29011151
31796031
1112602
400923
31756422
1824433
30167634
1508454
32263125
1127753
3064594
20210251
1056519
1026597
2232520
33606227
1398925
1369147
1593617
1494985
32704619
27456658
372842
30417775
32037485
132056
16658581
1034892
33687535
16248649
213246
16031116
538546
555518
16101208
310368
382119
316428
8458681
8596771
140075
57376
7341631
2700614
15569913
7737481
715925
16661365
907173
1308678
36045
2943264
963059
223069
32058060
15543988
697526
1588691
29085620
33040748
23507702
27944175
33628478
4895061
596531
34194247
807901
16152668
783811
568884
16000747
32299025
2758276
33885500
27924403
3098306
34094072
2620560
33919849
1697935
784143
3831181
1703035
10258171
16030552
30822269
1041538
34209901
29319482
29154890
27298831
29315853
30428851
13446
11545961
27871383
1628437
16127809
31584556
31005008
1497006
16123375
27693565
11798
20385562
217791
27963844
33767949
13999431
33505377
22268985
32927554
1223891
29832644
6182451
3219963
369003
1168727
1315436
16022909
8335181
1906826
30161279
31731761
590798
1642496
32724775
32534149
27616618
31145374
29518125
29663232
203473
18698
29642097
1932870
2248092
7430491
29129647
2057776
29178413
2444046
2394078
546075
15604743
33199410
1465752
2907954
33153064
653620
47244
888799
864853
1669879
32978491
2921636
20202538
32045327
10694991
31196486
1301550
8599771
11670
32434075
1482678
83651
33608546
33194083
32960433
27268324
290776
32315681
14436431
33559604
32405195
31137586
180294
58687
3050157
3332891
15747342
435383
30029013
184938
4972871
58007
2747108
6267451
31349895
33714597
864262
29251356
15901
15806931
2531024
16036285
1579047
34004373
8778081
33728679
30849315
29972233
30452482
33108496
9459541
31890082
34198658
2728334
3076070
2849918
29831504
2670526
1127468
552575
978714
14991941
390411
29535493
113240
1187734
584192
518830
8519
3122482
2205112
14194231
27874694
34181195
32614942
181052
31448506
1179102
956295
1187496
1948356
1269605
32855727
7778531
32355871
1451388
2730172
32377604
29175841
16069970
6829511
32155116
3119517
29148485
