45521473
37962279
44803077
47997114
46345088
43158835
46576248
38296369
35951610
37632996
30692628
46025386
30229260
47176019
40678592
47734735
36353300
979013
38022316
41286185
47628530
45510587
44070277
47505428
33860932
47473590
14505171
1313728
47452605
31781162
39362247
29650066
35704433
30136276
47131837
44599867
38215952
47223195
47378292
47349661
47368523
47188647
30283038
32041576
47227341
1515190
16652077
28137
45525248
44189226
16030160
885936
596167
12204791
35959134
40903138
34664661
33012343
46531170
35600879
46529783
37183393
37350815
32685060
29931219
38218223
833768
39688519
44165505
34656089
44513121
31641561
38538968
38504120
2831258
46674708
34853053
45865577
954639
45830718
514070
46529570
46529463
46529439
46279408
42405041
36954591
16050617
46529418
46529404
46529386
46529377
46529364
35864069
46529348
35857284
35870138
35100975
42297858
27817105
45802257
46153013
43376737
35309271
46213120
45303065
44412070
38087037
46425104
37951232
46219823
40344160
41871077
42046778
45184976
43712100
46315435
40144312
37321660
42162600
42734274
1683427
46149233
14317671
33741778
597881
588088
5129021
45984961
37425820
34595388
43734740
1582216
4132931
42847742
44459233
3168506
43383305
40818502
42936594
35182649
33132170
502799
40991499
16028388
42468526
42586385
35241545
45787273
36092519
45622192
31408319
40648256
31887466
34741193
41282414
1470788
37191067
40479611
1895100
44775968
45639247
39243483
33178978
36496295
42177082
34630035
37058800
36995972
32638739
41441868
32747296
1661700
45343032
29638879
29317550
44007420
33258697
42698273
34387564
38139013
35586471
42584673
2186258
40704817
34176815
33292729
15596225
37404001
35561457
30007773
36076994
30008136
20390872
34867697
39969276
35757014
44838960
36485470
40304817
34093276
1146459
45205992
38630457
32747470
8604821
31766278
40735688
45184352
810427
45179345
44214452
39022392
45109725
38545678
37054012
2238228
15640419
42213061
45107850
41689901
44002493
37413241
30549617
1873720
29889111
31988181
41641680
35425599
3119206
36370607
40421756
41864342
35495855
43021651
40328496
2785044
37788492
36058595
36660866
44442114
41819191
44235508
771064
35192754
43686943
29004482
39354233
34271915
7784011
289548
36726098
11967091
29015921
15231521
13797691
37937293
31525614
10441301
37937240
33461345
34844519
44283738
30664623
42279793
20505799
35787021
42581711
32288681
35180320
15587234
37061663
36466227
1460367
35405757
1435856
1473720
119376
41300795
31172637
12711881
1146169
3119371
31518078
36538189
11229861
42200942
1634403
6299361
33650487
85796
35580368
350737
32133313
43827158
38594007
2815434
15623990
44331410
1335045
42056861
396410
32029613
37220460
31172140
1308611
1877530
11798
559985
33811255
32512868
39747150
20172814
36050
35008493
1761167
15671315
33565098
44081214
38095687
33052341
40851512
41011363
36808298
1171095
37043833
35727758
190795
37313925
32390084
41946144
31513049
480783
33015800
32444603
38012361
44114714
36145887
43973375
43612058
41514691
44113105
42872374
42858745
384629
42327602
41087765
41064175
40643965
40643742
29939733
