35322329
47997114
46473934
47940543
38296369
47177102
36413583
46208381
35951610
37962279
47052924
30229260
30348316
1572996
30692628
44519246
1430045
38065482
44536810
3136011
47630757
833768
44070277
46659603
47520005
47176019
1313728
41576793
29650066
30136276
44599867
35704433
2707220
38215952
47349661
47335870
32041576
885936
37590878
36274227
596167
37314712
15596225
36080478
40903138
33012343
39672592
45797216
29931219
34656089
2831258
20484526
35867886
14522191
16050617
45391268
37451636
33298365
34306039
38504120
9134
954639
34623214
514070
42811248
46001729
44412070
35703455
38252875
45303065
46006290
42297858
35024888
37350815
46315435
45830718
45820839
46046013
40344160
35293985
46219823
37321660
46012061
40436877
34714895
46213120
987929
46258807
45184976
44459233
44279975
45521473
46036754
37788492
46120286
46067854
45205418
40877485
45531017
44430385
43104337
1029377
33741778
40841626
46002168
36804885
16030160
37425820
2785044
3235457
43016837
3168506
42849987
43383305
30140934
45643702
36263417
1564659
42586385
41852820
45132026
34268940
289548
33292729
30008136
45720045
43021651
32775926
1470788
33178978
1171095
43701102
45447015
13825821
43373445
43885995
35008493
33726771
1433568
538842
42162600
39155143
34176815
37054012
39114303
45316213
2574908
37282818
44007420
29638879
11934341
37061663
44838960
1146169
44214452
31172637
24655228
43734740
31727017
36561605
40735688
15231521
45109725
234128
35935521
347700
27454525
34595388
1873720
16028388
44208313
43791882
29889111
36058595
15640419
34844519
11304551
11893211
39715419
11967091
36663285
44129259
31988181
33461345
43686943
42279793
32299006
34110308
36161663
37114522
43827158
34297224
36266626
37313925
44621843
12711881
44114714
33650487
44442114
38012361
43184223
32390084
43612058
43610974
36149962
33565098
31654607
20390872
38095687
33052341
12128141
38067335
37609810
32444603
41514691
357778
36660866
33455400
39853044
39480855
31766278
36313076
2811256
5815311
38531018
36747329
40421756
35971388
42993963
1648582
34288861
35495855
39604976
34725190
34313704
42592435
34886224
2098570
5617901
24522829
32182070
1460367
3055894
36583105
42634391
36233832
39128817
6796441
37855813
37096030
42556317
42549059
37871689
42311020
42267379
15706969
42266974
42232579
27887242
29534878
42181381
34021836
35586471
41290321
36400299
3153572
41763343
38894593
41041317
41783347
36223368
37626759
41714204
41398214
41689901
41657338
41683713
41618405
35531087
33015800
35793405
37545051
41645642
27453715
1634403
34470821
31974640
41329665
41622781
41328885
3025051
41399161
41615480
2724988
41398626
31916219
30007773
35356466
39969276
40908765
40801268
41552820
36050
41552743
41420682
40630452
40582972
40593918
672965
41452758
20172814
2050286
39007267
30369218
38606502
40328496
2944724
39683755
29226796
41250206
33968532
41349230
31367431
35497249
130444
37987137
31030722
1546064
37123750
13797691
37111418
36292045
32698748
1895100
34144549
600355
35976180
16060521
34212482
34385049
34935671
1464484
559985
33687535
497208
1730685
34687601
1085669
6880751
34612634
33778662
29164309
31328625
33158741
32662280
1053903
11229861
1930960
32044253
30407419
446295
8697461
34343636
1179102
32355871
34351175
119376
31448506
996224
1078333
128693
11798
181052
32614942
4150211
30236803
6720231
33793607
32163624
3172294
1167248
3073518
15816217
56181
