43158835
31478552
39359241
45757654
43686943
47919509
36413583
975165
33052111
38413069
35657092
46185226
47799520
30692628
29777439
35949017
44070277
37191019
1701337
47368273
36748465
47427344
35703455
45002913
484918
47484822
38215952
35704433
47448131
44270317
39362247
47408424
367859
47349661
42297858
47153504
44599867
14505171
47161414
45692230
46323667
29931219
41591751
47053180
885936
2864498
37183393
35959134
33667720
31660678
46487027
149807
37590878
13825821
34664661
45462678
38535689
42218055
2186258
37199454
9328951
44902260
46500918
33012343
40903138
46529783
44285272
596167
46312370
38504120
16692985
833768
31759977
38254966
1354597
31641561
38538968
34884676
46734922
34853053
45800673
44165505
46001613
45818068
41928997
44955861
36954591
46529377
38181860
35857284
46213120
45802257
46529310
46529290
46529247
46529073
46528893
46528879
46528285
36863105
31995113
46153013
46500335
46500264
46500222
39672592
46500193
46500180
46537646
46500147
35106960
16117522
45830718
46500125
46517772
723052
46279408
46500005
46499986
46499955
46499921
46499426
46499398
46499344
46499308
46499169
46499197
46499138
46499104
36167527
46499087
46499067
41286185
46499043
46499017
46498994
46498974
46498950
46498885
46498865
46498820
46498788
42811248
46498761
46498733
46498711
41639851
46498688
46498660
46498627
46498588
46489362
46508778
46485788
46487117
46485295
43376737
46486148
42032081
46483909
46484424
46483659
46482869
46482828
46481250
46481249
46480862
46480577
46480341
46479947
46422064
46478755
46421422
46420683
46420212
46419476
46391359
46390048
46389289
15724439
35309271
46425603
514070
44412070
40344160
954639
16050617
38579246
41871077
43712100
46001729
46315435
1085145
37321660
40144312
37177606
43413766
38252875
46216789
45082986
43762870
35586471
1993354
27913213
43104337
36295327
16030160
1683427
1029377
45531017
15729279
46002168
30229260
37425820
44459233
39243483
44724275
43740077
36485470
336159
43855044
45917637
36783488
4132931
44572569
41856164
13999431
33132170
1564659
45820839
35241545
502799
45770796
30664623
21175567
16457329
42468526
45787273
36614161
43734740
34595388
31408319
43361093
42586385
41282414
1470788
30007773
34767125
9134
31887466
45362797
45316213
45574745
36496295
44758691
41689901
1661700
38001692
22536208
42847742
37058800
16072171
31248009
45471359
42162600
43887655
36995972
4914971
41283546
36660866
26105
43232312
44283738
31766278
20328433
45343032
36808298
29638879
40818502
44648586
15587234
29317550
44007420
32638739
27128602
35366575
33258697
13797691
42698273
35322329
34387564
33052341
41023720
34850744
29145300
34093276
42584673
35561457
36682596
37054012
30008136
34844519
39914632
24655228
44838960
34867697
39198616
39969276
45229380
31525614
39876830
44442114
1146459
33860932
41834161
45242473
35008493
45158155
15706969
15596225
20172814
31432310
29887929
34268940
15671315
15623990
33015800
44182551
37964412
45109725
37061663
44235508
38594007
5067821
33292729
350737
15231521
37413241
42213061
35289124
43098007
40982320
40328496
289548
44401793
1634403
42177082
43021651
31562293
2050286
36410518
34176815
16028388
44002493
1200306
44077883
6299361
45025690
44405486
15640419
44166824
44398790
31172140
32133313
36370607
45084714
38095687
32444603
37654088
41864342
35580368
39255036
1171095
1335045
29004482
2785044
36663285
119376
1877530
37788492
36058595
11798
31172637
559985
36050
36249297
253770
40287750
38564916
43698619
41730539
34548976
33039157
21558808
40714247
32325098
35757014
25172549
36969040
32031508
24127490
