37632996
47846790
31206770
37078428
47999744
44011125
43355279
47971245
29147274
46345088
47972301
47857021
39255036
43962181
30692628
38296369
47930026
36413583
43961557
40574364
47799520
47389416
15571125
1366361
44165505
33037255
34607339
47176019
43494458
43952461
43952237
44169385
32302444
45007213
30348316
41011906
47613114
1701337
44536810
38065482
34473124
38022316
10330801
47470333
32676884
31831770
47569242
37506961
833768
484918
46505586
46659603
47519240
47516881
44070277
44030221
47433838
43588536
47468825
46208977
14505171
44029717
44029300
2560106
47428088
47349661
36748465
15789805
47414616
29204597
38215952
16600822
3039342
36977137
1450237
47295548
47273300
47273088
47253962
1451909
43134729
47223195
38504120
3505851
33997138
47183125
47144878
41285607
47178996
45558296
40377705
834418
47141319
29931219
44442169
16692985
44220531
44062238
16652077
47022912
1129624
35959134
47018112
6002901
40388727
33667720
30283038
16301122
34664661
40903138
14559791
1515318
362003
46964809
2036626
40023910
32595977
36557501
34935669
2151646
2057194
156376
3190499
32488198
38254966
38538968
1534380
7179401
45818068
44265267
35867886
39403372
46671544
46692857
33012343
31539488
16099145
43044654
38273490
10994851
39880797
46540812
46519065
45800673
514070
42811248
34836648
43376737
46507888
35309271
46476068
7314191
44412070
32626769
32805579
40344160
5275891
2376614
15996005
1085145
42046778
36167527
41871077
38678207
44909512
33590071
46409715
46315435
36163492
31642395
34980528
45830718
45525248
46219823
46006290
31956739
46337786
42297858
29632585
46314871
45876116
37321660
46307743
44440612
37698826
41593843
45531017
44851715
41507229
46196797
42734274
46250307
35874337
45184976
29058274
30857
46216072
44027486
2707220
32268420
38681940
41103846
35243862
16030160
7406441
46173759
24655228
1192331
40940986
46136499
33740996
650034
251442
896354
46119721
588088
30426544
46099706
45939372
31845531
33741778
46091660
31790986
33548178
45787273
43104337
857179
45030226
46034804
16113739
1029377
45760437
1430045
40682440
34266068
42127374
34202620
32097641
36467847
4730761
34595388
39243483
37452480
1018295
45951574
30748227
40685043
31455264
586895
35212389
2908076
34476486
8507811
129199
45896058
35036219
1308444
34537906
45856997
44459233
33491264
37036907
27527992
1734019
43630015
44430385
45833782
45814510
2864498
41172101
502799
34448564
1504814
39608793
34959417
45810375
35943701
30658036
275127
3142613
42586385
31254249
1564659
1100217
45794456
40648256
36575021
41082955
44428078
128215
45780702
3049907
33825128
2665106
37775362
40553349
2661640
45622192
30619106
31408319
36405493
45715971
27967462
29252948
34039531
45688392
33072830
35889331
37885530
2212216
31007302
1788769
30508187
36092519
38975205
31384084
954639
9134
45643839
38339964
38390047
36035431
1508859
33753405
34402401
20487505
20181448
2182600
45447015
13825821
41723789
45593089
45573792
37649449
21910489
43504288
29639158
589941
33590741
37590878
35648534
39808500
45564429
2694846
37005980
27878605
16072171
42739940
1304113
39437876
41282414
30008136
1487435
41856164
3095324
19157362
27612961
34387564
42742458
30151239
29194948
2951684
32705368
39069966
2186258
9035721
319009
38697157
38768672
39155143
45437577
16189200
45316213
3236249
3122373
35743226
39332359
44775968
29562754
14651811
780674
32209267
1720757
11390321
39125648
43992755
39022392
44628404
33306221
44838960
37603730
39720820
214874
33359260
38098596
33028937
374779
889807
1600110
8450161
570506
41283546
40877485
20417794
15828281
40327133
1562989
41552962
45487444
29082263
2162396
42162600
33197986
31671909
1730799
35018478
30692888
37964412
906380
33863649
2574908
41686889
44231662
45373191
1573031
2403062
1734259
39363446
2526536
43954479
42591118
27694312
43684853
45343032
42184517
35355802
38101457
29145300
42584673
44007420
5994931
44967214
43826560
674538
29638879
206534
33106804
37404001
37426813
15735990
1108551
44214452
35531328
43734740
32354526
42200942
34867697
45266183
32650782
36964504
43016837
34059576
34407386
2089848
38036381
45184352
41834390
40976240
33279450
45219755
1169531
1397805
31670543
41036138
45246820
1218945
45210371
35955830
37413241
15972138
40375763
44572569
848844
43841885
16035918
33574212
36934797
243780
43348474
32676016
36419886
45218678
40667420
31130900
38500832
27753742
1077666
35617157
45188944
39305017
409155
42213061
45205992
8604821
42157258
30994912
38611319
30483110
34775282
15602343
44937585
38856816
1488056
31962476
20505799
32957284
1347657
40735688
11604601
2365508
37451870
37112530
34714895
31432310
39033410
45185374
440114
36496295
29004482
45158155
31718672
35130958
37424907
33726771
38001692
16096191
39101441
35645513
45107432
36566001
35183253
862079
31887466
38032583
45094090
32614267
33604028
44182551
198185
45107850
35289124
30035069
44225465
15640419
36299475
1873720
39290158
43021651
34884676
37297552
27552883
44789299
45008270
41846285
1267690
289548
2852596
40349928
43686943
44798093
41583566
1614093
35300210
35192754
1892260
34271915
16142715
36485470
44235508
1449130
34844519
15231521
262103
36726098
44129259
30630871
33061919
40304817
15583108
771064
2232520
42913775
15587234
36370607
44754418
34856429
42279793
44203347
42129824
1285488
36161663
15420311
815918
41046728
16099995
1473720
8892541
490152
12711881
33836930
1603363
42056861
427248
41300795
44589965
44513121
31880619
44549923
33650487
5966451
29047613
787957
145769
39747150
37355927
591264
1006048
37497003
5488181
34297224
33580073
42433551
36073914
37230675
33565098
31020335
4409291
20390872
16466512
43882475
8048251
39517521
301013
37061141
35810813
44399210
44442114
44254318
27609346
36386163
37967444
29015921
1232597
34401083
34710325
1043300
4688211
12128141
33052341
38640667
38095687
1393684
43111418
44238567
44009409
6193441
20555602
32023809
36900036
41791604
3931101
34089825
44368720
40765587
38856502
30452482
561672
36132341
29233692
38133183
41999044
39117617
38012361
38181860
33199695
1432982
72491
37937240
38239400
32361797
4206701
38410704
41752041
2298326
2566714
44332583
34074480
27481207
44112568
44233189
44327396
466996
999339
36705075
1368322
37320079
44301149
27669418
35621769
27965453
27937298
27168451
31880815
37028526
44279822
14658981
40671917
15517331
34243702
44236820
412971
41286185
41011363
32390084
37937293
36149962
15725917
32458413
30704282
43583469
33564612
7961181
31620
3191863
39667262
44228293
34315187
36645695
922703
39404232
36900459
44206841
14000441
33855981
37609810
38139462
44097297
43063877
1058130
1861202
38497911
42647669
313488
33455400
44186106
718097
43612058
253770
6455781
27507784
40818502
2122244
44173659
1473375
43254360
39442196
44166388
35712082
38067335
41961537
588950
2482814
29319200
43558125
33925978
32454918
30884919
44148110
44141251
416974
1123205
43566415
1484582
43511841
31478552
32094030
31245243
34158054
41680235
694781
2145458
10148881
36747329
43974325
43512115
41714000
237161
699146
44085511
37931155
44085570
37513111
41012313
2581328
37220460
39117598
44059715
16381924
15640799
36863105
37664853
136657
1343056
8343371
2840952
2209130
14496021
429966
34741193
480783
1930960
7764571
37048405
41111279
44020514
256115
29584654
36042986
38894847
42469581
29142480
36075581
37781814
44008840
2364434
43293093
36233947
34971738
29592922
40479611
29291258
37562083
37718132
36144287
1200324
32444603
41101320
2141954
37709854
2233070
35027611
30790382
20529286
43453841
43969575
41514691
144453
32192510
36060129
38104917
37546005
2242494
36504922
40284234
20200165
10559921
38156503
38772894
311770
3089224
15843165
487082
39099310
36313076
43195241
1609397
32258997
43270877
36562699
32434075
285078
108048
109567
2854614
27080734
2723410
1874706
31654607
33881883
2392002
39415497
29053672
37623667
34093276
36359674
39662614
33731680
873381
40088312
43821616
500854
477637
64135
40015949
43878019
38391762
39380507
5815311
38553073
37754298
7430491
37681822
77617
2041258
38870132
35637240
34829884
43855044
1002532
36570026
1155908
43413766
42742944
31370412
10128871
43803536
197850
16047460
40589506
42777602
27881114
1903292
41491530
37549547
40704817
30960535
33580509
31967745
35200183
2514396
43324797
41244393
4023121
37935106
538094
11506971
2993250
8040491
43811159
35852716
43025309
563430
42690543
128971
15744715
32115157
41963216
16700869
10988401
3088327
501520
43176547
16434682
979815
43792169
2796400
38531018
27710278
36828046
43790264
40191830
41015918
1059294
34176815
36396238
36650346
34736064
35104523
36177229
40511807
438096
16017694
7768841
37939072
30838026
39539796
33979661
43766453
33211102
43765325
43762907
32664
42804788
35455246
39853044
43289986
30984761
29804021
2231624
2636336
841977
34828999
32724775
787652
42803399
35269860
487840
38655141
30672019
42785480
36145887
38535678
633539
11188021
36257978
16020567
27581353
8246851
43698619
43699582
1389386
39624852
397181
4634501
39379814
16199493
273672
27925053
31239370
34315021
33767949
34836135
31766278
2119088
41170699
16800910
3421821
43709066
1683859
37590552
2136786
34498386
41280317
7783511
32291608
389158
43200487
38297191
36483666
37201731
12656501
35756611
37076296
32362460
3064384
2293556
1334955
12545151
42497891
15752220
32057404
36660760
643863
29096663
27357460
29218730
37193366
1364487
509775
30832553
32646745
30194730
32454680
31943696
31954631
806003
42884138
27832783
43624441
162675
43674111
34285705
43673377
20305636
34542559
2953366
2810584
27514801
35785530
1521087
37904608
29298324
33667844
42224139
41128286
34548976
32178169
31083326
29162618
153117
29966206
43400552
39061573
34234730
429187
38282354
14030851
31172637
36849632
34766700
41645370
36695229
29659327
37720975
886370
38186706
41789411
38980993
42902045
1254280
27816115
33684791
34539614
30614743
5505101
2871618
34959361
27881964
966443
6355641
40033263
30955769
43273366
30842086
35318227
35826270
38859302
30539384
39476649
43338743
34659333
20482519
16107040
37586611
38609021
37853585
37538969
38226981
40762006
1955610
31337029
628860
42533426
37554994
41909906
30849241
31317582
42870502
3043392
34107830
35757375
41885060
38648240
37332376
35297357
34744290
33329099
40758638
41539468
42574251
416693
40250636
41730539
34931378
42779420
41284605
9158771
39298121
38141589
38007616
40222092
43093994
41517513
4981411
2452778
29311587
36405332
43532025
31311518
40158083
37928143
34000110
29565878
30484191
37723232
42468526
40771680
39721431
414862
43014810
42230726
355980
31676460
35266418
31863732
34093896
29171308
41533789
34396654
50715
16232743
43313802
14449321
40703326
573099
30412648
914236
30464981
43591819
40648907
35856586
37137556
36665881
37460392
43227750
24720734
42306660
42698420
39501304
10711851
41442795
41111533
41361405
2836434
35534821
42825
1346216
27135565
35317334
32191288
43534227
794293
43113031
7568291
20539633
30828256
36677392
39446734
15798631
42221463
1442700
34213523
36074507
31524327
295776
31248312
33312225
9347671
35628321
36507636
41281870
43123083
1807735
43161095
2558392
37079430
41429684
36947411
20529232
34962891
33885428
540348
2676056
6299361
657627
33615881
38292454
31131833
37700230
16115449
39984536
42393610
35673092
43096755
33936001
36323846
1498946
4115131
2225780
2963162
1136020
1146459
2053748
50427
37743527
40227824
42779955
32331864
41097559
2246488
31543514
33719411
405070
11553101
30145966
37948957
39879859
27156520
37618230
12164721
42521351
42873696
14072271
34863666
1117124
42430
42528841
1369510
737660
33434492
46690
29076186
35895585
166380
2045124
37275114
2666072
15751396
237418
31452368
11096711
249796
27324685
36527696
1663103
36623864
33269308
20436838
7636721
2810454
43005528
1970786
35240960
1357561
43267714
38017154
33093107
2341786
36796383
40638943
1411376
39333685
42748268
29266332
31893630
1007550
8046881
15748391
34833265
30240854
3159716
555836
29029432
38218223
35299584
36590549
42532721
34891402
42581711
3643111
388335
3030417
38174594
278778
712206
42800383
15762023
38354906
40852884
1320791
30855153
39726868
36476922
9892861
36140039
43611444
32703125
33132170
423468
36148194
1648582
2523388
43601974
40478260
16126486
10171741
761552
42936594
1694257
43463012
43553478
1026652
15664184
42187080
35271764
43548732
877307
43545305
42632374
43332102
43488265
3093114
43172247
38269190
7321611
43494966
36296257
43222751
43119140
43492226
40350336
43472875
33816330
34623214
1589279
34285713
43453883
36838596
43452304
35021150
652340
16095809
315870
541632
1562962
37978482
7627121
43292277
1018173
1575779
34794488
42986642
36234690
33044992
43140368
43420096
12283241
2469998
2716774
31024889
30518547
42329127
43414040
29976376
27119470
43404599
40600747
16037073
43403802
894383
2163258
37918277
32652634
157020
35628514
43393136
1176411
16455109
37881013
30418201
37514717
36515417
16169343
31314215
8690351
3994981
43372599
37191019
1294972
35495855
1537601
39956902
39655565
1284048
38099266
2268970
43361976
37642160
7980651
442140
35068227
40374533
3095369
2317698
2397964
33062685
43373694
40741939
43367735
43367858
892535
42993963
41349929
40902096
31889907
42216108
43273321
30639903
41635938
5617901
16033322
224460
41591751
31172140
41137455
7659891
42747208
36275640
38447743
36317769
34748385
42235052
27449548
487996
40921471
41312418
43299776
10437071
95538
40375098
41328521
43097358
43234802
2038076
77019
20201428
32362796
34287134
1233449
34725190
415638
33794146
43274118
37479043
30667386
43269663
42425021
15735168
1975098
1784927
9392901
38630457
31197455
36774140
1171095
35857033
30717800
35762054
34761440
33718512
43158835
39807286
29072050
8431361
36392766
334999
42426414
43188207
34730060
39892594
38594007
39899470
32121342
43167788
42622334
2621356
42900919
32133313
4873751
1201332
350737
29307419
1910430
37881385
42696903
42915380
43129312
34440335
193843
43114806
42165840
32451867
31491001
43105669
30664623
41758689
29810412
34390150
42505081
2332348
42852451
246282
38640346
41992105
34282381
40405701
37140982
39432003
38034909
43001172
43077956
43077186
37158930
43073925
41511205
33583715
32914358
30683148
42537231
34308618
1278357
34886224
36479413
2066900
41436636
514744
34502735
43047861
8188801
33364458
190954
42994420
42203069
2132758
42827427
38285285
37649718
37921378
43032483
31471104
38087037
16050617
36247416
34322567
2955500
43039250
31409774
1460367
775272
43006519
1255710
43030698
40772045
450619
29083128
41386918
42465281
42568576
40982320
32352848
43008201
37594761
42993327
37965600
37613628
450870
35505555
4255031
14107781
143639
37668966
36121475
40956110
32182070
27108412
36515770
32233697
6486991
63856
1539891
33354865
33102029
29047508
2098570
40849803
37693079
34313704
42592435
2457130
42822494
35861222
3055894
42726156
943537
30903005
36524396
34692249
35904495
42143330
42744699
37474465
29099432
32556320
31797942
39895988
39539062
42699716
35976538
2679824
37933037
34288861
50293
35776862
30388753
41547182
30551173
39898749
42634391
34832527
39147621
42648524
1769633
2917168
42213000
41570707
37877331
173684
41505538
112629
2138112
33211844
34354588
2518968
1959252
38987406
27583219
595215
37859556
42569603
89883
38723440
35783624
697526
42556317
42555545
30595443
42549059
1477035
3143510
40629432
32761184
35310395
306622
16464154
1810665
42227347
321334
3233290
39904802
37174539
37855813
37871976
434713
36582847
41407207
35056694
36493041
37790713
38182077
34857022
27290266
531655
55478
34947124
36889904
1225514
37313925
3155668
34466402
37991224
34903603
32299566
1403687
3163170
15568327
27695686
39969276
120594
2215016
2738540
3228871
36976255
30664787
42413569
1993354
16420273
40800957
434343
1215755
42181911
32029613
32647929
31520449
372677
38494680
32491420
15799268
14005901
33468749
40577916
42156302
40397977
38803386
36180558
31287507
42427108
7876371
37836675
36399164
27103804
33671938
37490479
27616618
41587978
1502349
29649316
16096781
27255592
37477808
34381862
6796441
1605053
41003588
32288681
1011887
151683
141747
15706969
29014324
42267379
41441868
42266974
11183001
36385359
1514212
27332995
42253619
38354288
147854
37779519
892387
7166211
1412537
37672932
2015590
37871689
36469941
35141362
30004405
2037332
42216798
365557
417486
38350148
37177606
37098117
1443088
42181874
38982060
1784155
31579071
38425091
3684401
16709533
354956
35636973
42181381
36863247
33208975
38206730
34583011
20366986
1932138
37096030
42170732
331561
870203
24404997
31413475
38133217
37071754
42104489
923538
420401
260869
37028700
38614688
32248147
16675072
642091
40484106
29900950
41278898
28137
35586471
33924275
35008493
265732
31557670
34511692
746909
37873561
34315915
37850681
34021836
38564916
34301281
20429890
38107273
36370538
31070973
1502356
158963
41899444
1147277
29534878
41655329
33519027
445550
4371741
35531087
24522829
34281340
1265587
30479845
36093463
29143388
15793241
36901530
842663
36944482
36780730
37061663
3690841
9632211
505735
2245218
34251417
10487
466974
3025749
32319784
47329
34342257
537838
35889893
2450842
6373591
15631017
32543426
3899521
33490641
86720
16035161
725517
27899351
159073
1201572
1246984
41689901
30381964
37866225
39599605
1572110
976580
16114679
737978
20178997
19819306
511876
987519
10238631
36660866
2703390
33877604
33280203
35378818
318325
36317553
36593749
1559810
29753096
35046363
27645211
1324906
29063225
16445740
37271767
39182157
37663102
539692
38371860
41100484
1739665
10493041
15459021
3019142
36119661
29029999
36879805
4808241
39480855
33015800
37608429
40980073
41324465
37230710
41752840
41290321
41771314
37828964
37389267
37619643
39826155
39825738
41477852
34781901
37094341
5048441
39731213
39822756
31137836
40031038
41801985
34804432
41826197
33476794
3134202
41024740
3124904
31686804
36335402
37772164
36154697
38910283
41763343
1980422
41783347
27057838
41645642
36223368
37103992
29131195
32795197
41714204
20345905
35305339
2702604
36494446
41657338
41197966
37627198
41683713
36960077
39498303
1208410
31349895
994253
41665237
41398214
35640824
34202335
38060101
125409
36400299
39327860
27453715
37016962
40256597
34470821
31974640
37823157
30616300
37781234
617132
41622781
41327917
20528335
3711511
41399161
41398626
649469
31916219
10094
36683093
41428798
842782
1557713
35661016
31032137
917635
32542954
2689610
1310439
40972418
9976211
32376022
32752087
38739374
40908765
40801268
41552820
1293224
242676
41552743
40517135
186718
33141654
40630452
401716
40582972
40593918
34093885
2944724
318429
41304365
1826429
672965
39007267
16299535
32300368
30696473
41452758
36722553
41445447
40784818
40287750
41461680
478879
33500130
41041317
1013108
351166
41291457
34246003
29793560
37811172
41288360
32840141
40797384
37174605
348705
40863943
36409577
36253880
41430233
39683755
36753181
11277471
40972303
35676455
37576455
39889116
2316080
38606502
399350
41250206
38566852
1370381
30551620
40274359
129131
40273966
40272642
26821
36168038
39702345
41349230
378177
15738802
326443
2311224
39703712
40851402
39978674
475723
34545247
31367431
781926
27761767
38657779
1051286
32476761
130444
35688115
39727390
15972982
36081321
32865280
35497249
36274489
32293759
34730369
41326446
37721141
38572780
34360203
2714846
39237693
7908231
14991941
15108091
39178718
35841731
40245234
34268940
34261097
35536603
32377365
1710173
27669598
33219460
34840508
40957619
29057469
32809758
7708711
7733001
31866610
39332582
39091163
37675919
1593617
1373118
38534051
19181833
14833
32191232
1254889
38020149
37296920
36166468
200647
38140665
38197268
124891
39091295
34198542
35868840
38007439
16781680
32206597
1898766
975165
2468006
40687639
37754847
40837018
32235194
40520038
40116294
6292001
39161111
41268741
34979354
38088613
7338381
40680757
37545051
8425811
44218
38906691
40280338
16347181
35277072
34002836
37342671
38872917
37584972
31500867
443387
36375278
3565161
36266626
40370993
1899896
34512328
1265249
1565285
301506
16039001
27886961
30739720
883089
30920027
191777
5658921
15671315
30991006
27024007
34207761
37947145
36311632
27253423
29533560
16069970
30567215
34021808
2394508
14059361
1195626
2724988
31094396
40005999
36170647
40744690
33655289
1496505
36842649
38934359
1367208
1402949
40569040
3353571
37550456
37627586
3223292
40205349
1030937
39958060
27959120
32561635
591269
37851963
40794013
34497639
31321106
32079756
37987137
40836335
31502078
1406545
14981211
27836164
37452015
9855451
390411
16205739
33052035
34196472
40944188
37350725
40709485
348802
2896550
3064114
37729135
39362247
2851816
20314600
1857240
852997
7540461
30819324
1204656
32110680
1044072
36335054
2707502
36230720
39931678
3080878
34191713
37694750
37045120
40865490
33239512
40398397
36424402
3148645
34554855
40719291
30253672
337687
32683231
29244485
540446
2831258
40714247
35322329
38293252
40328496
35361695
33654851
293374
562124
39929976
33568329
32764561
2781454
40600904
36776160
38906937
40437157
2797226
16002278
40398270
37794049
39606100
1619907
37610865
40347005
3168506
38866331
36701042
40184958
35191439
36992274
32457057
2142194
38783981
4615471
1584313
33469491
369986
2050286
127610
39890437
38428368
38595688
38690456
14871071
35300985
486009
33432979
195104
30369218
2960912
765940
31495702
34957928
793208
33232042
32623323
38761218
38646588
29003392
39374450
33726339
30144006
1394198
36938686
36680419
34168714
29311548
39826347
27243754
33235967
32124678
482159
33580409
36525760
27203671
39209504
36136652
30120568
36468700
27966128
737174
36107386
16775599
154333
3851171
32325098
37464390
115791
38439421
31632890
971046
975631
12092351
1237564
37875408
39610258
27596494
30681090
32023717
339390
827496
34377441
38127643
39667683
31976226
39324081
37823431
7613211
34792057
39595747
34226381
33887338
30548747
20347216
5406761
38561168
39128761
38905929
38885697
38852334
15560080
38741256
31780851
27098080
3380781
37850855
38006974
37850759
37836514
38196880
37786235
2685080
37971093
39584269
117553
36370524
27404749
30226149
14923481
38420317
20261599
37096843
39525009
36465133
37416220
33377979
33525745
734394
35977630
36632222
38141309
84822
31843701
33119240
39364147
5840751
1832530
4803181
38233811
32454322
34108609
464978
11677821
38591604
31015555
36702880
27275434
2404624
530143
1701381
37022832
38287978
37780005
33491738
34867986
342262
29018465
37434264
37836622
34535980
328024
39208503
39454963
30981732
38691666
39459467
31518078
38410365
38911577
35561457
16551967
2179056
36670802
23179751
30736117
38033296
27799468
33121561
24470165
34099270
20331820
15797480
1535479
38858875
37076955
37224976
33187551
1500327
30495123
32353250
16265641
38733844
6490561
1893312
311546
39044749
37730952
37910580
1145372
32512935
1792161
1091965
37957065
31313419
33131540
39226901
27903371
236068
31641352
38607775
27341227
11752141
36243841
39164742
16062164
33168078
34855714
35566901
35559726
39100158
38018690
37873266
30105822
36576341
12279811
335616
33728679
35310337
38962779
36043241
12197821
13683841
9985891
6646371
37487649
930326
2232002
23964537
33368138
39011953
37077123
31213066
30580853
23163521
38987674
30679721
2736404
38975800
30137910
29317352
15769915
11535031
38323710
30548776
35655253
35257421
1932870
32130833
31209204
38785498
31103120
16222551
31422966
27899895
36200075
15723721
30884525
27774424
38862178
33699635
3127034
38838215
1341149
20353144
29107019
37792706
29779682
30854756
10195431
273422
35969386
4255341
31536405
253305
38903722
36344279
20523502
461128
22457687
37701458
35392879
3020399
2275292
27055720
16432171
34770776
192876
2026504
17341
281480
30490857
2296424
27820531
36791991
6772891
37804630
37971394
32052199
8014631
2864336
15844212
33471284
27284941
48946
31904734
31193547
2165670
3053227
36925844
34232185
255382
32491353
37872354
29003333
29066400
37054012
4628221
14192361
9663681
1193922
37807862
864315
31411036
1464543
68806
31443615
32058620
776676
35794755
2509454
38204030
35664865
30416368
36486366
11118001
16582933
2846122
31858505
10764301
3377391
920716
37558683
22890204
37852589
30076307
31796943
27109402
760817
35748555
33864216
37573558
35401586
30135960
27138115
1001945
1349843
556622
2198512
32572284
30369656
15657732
16179026
2170304
8182321
38306583
32065696
36991232
36677698
1305319
31845415
29992699
2515120
35560846
10141841
30512766
1609374
328626
813848
38152334
358463
16157877
38099942
37201726
2121622
15099071
33441332
30944046
32844436
3078840
20172814
36598186
36479606
31430838
30593334
33669677
2527814
34822385
1634403
36092838
674578
2183848
3110392
37272257
35491893
7170221
31890037
35809560
36185023
989374
16022909
32573179
16013458
646371
37561186
33168807
3303837
2531024
1688622
22268985
27970325
33825222
29173895
1718564
36589939
33129061
35638176
31350064
1722881
35875426
33100324
31060563
2843402
36391331
1935800
880499
8829451
594787
469051
14158371
27729574
38518732
36295327
34125624
860924
34240811
36767758
362725
37432611
36047229
33559419
31405882
19412
34573480
36859
2994480
16694692
37621218
31596714
3061918
4533201
24064841
33909240
614316
2860462
35279720
33740418
715883
36638178
76245
6492381
36244818
32696309
32311466
31838224
1505089
8599771
997522
34472284
35471685
32886237
815242
1660111
32776513
29572803
192890
273217
36078619
15701011
32097024
9948181
33865243
1356774
36774493
35550497
5865071
38565443
33373523
32357332
34523776
76934
710215
38082098
1510906
38083324
15834143
33007578
8504761
36304422
15696618
35841616
27958803
1583948
21484664
34395888
37432552
960934
1108159
30818693
36158040
35157834
1697611
32695661
6495561
922681
3041054
29755139
33949096
36620751
32426992
34854916
34248062
37055960
16223603
38677786
30444363
30708051
1105365
38669006
6499981
38424113
38631436
32482858
32426694
38421243
1016824
38640178
32224897
33292729
38003559
38508546
37580198
38353535
35658308
29221194
35279376
30101195
37041530
38546417
16288024
31724207
32389844
35108768
2317946
1541895
36666664
38209809
30007773
35862908
35654272
35911395
27937681
35652721
347700
4341061
32135047
38053993
38144606
38161195
123022
35468845
36742325
3226353
37328700
37150861
38286060
113238
29833541
16798735
169492
28094275
1534367
33820963
33718067
32043628
2230652
37573495
27884465
34000010
34936371
34042846
36242782
9284671
16089037
37885598
29071738
36566912
37094468
38119819
38246013
885936
31627450
35956664
1065391
15652765
1338412
38196894
1480464
3118740
193858
1630553
596167
974779
35708739
38141504
2698598
36625764
36607708
38121423
38115763
36683373
1077542
35683194
14962591
63378
38061995
32875013
29177743
1837806
37665863
38017095
660828
35985809
37992647
36693868
9679841
35469105
316961
37212632
37234673
5731651
37701161
33295735
37976909
37962948
2706088
37963652
37962701
37962980
37950741
336159
24026928
36865090
3056320
37204438
27338806
37262792
37514126
37719703
253940
37779628
34168954
9604271
35545748
37868085
35019422
37048273
37811920
33259172
1167248
9347051
35305067
842380
37804293
34615164
37832826
33493428
27122866
37177773
32305843
36556814
2418850
34768668
2051586
31548792
37624508
32188171
37322158
36931932
35757014
23611534
467281
32302017
37684601
16036066
7115281
37725674
37593386
782533
36696017
35186472
37686818
37715574
2688664
32080549
32626780
32322832
37721193
36538189
29206170
10375721
37488592
15837069
348582
30901030
34953507
37700019
695919
4551121
37301013
659560
35698235
140734
36960076
318816
17962
32552021
37681718
15652776
16370005
29561077
36299528
20261668
341756
20310952
866592
149807
34306039
34016023
14162821
21419079
36864900
1538350
30123025
306442
35623352
30558604
35983367
881161
859258
15619100
5229951
34844369
33113932
36310347
1517243
30598606
1103520
33596611
352990
37131544
36886397
35056940
872936
16542901
29077421
733932
7503291
34598634
1628306
35987075
101070
3062705
35643298
30899600
32379681
36673860
31153256
621502
1299261
30620838
202810
30735937
5742861
37631762
2989342
33080419
8656651
31667243
318589
31381803
3047032
975628
35769485
35848891
36320428
30175088
29220264
1404628
32194286
36814615
35227092
1475448
29217144
88824
36484394
1990488
34950386
35055438
36142635
2787512
34349554
22333350
35232232
768294
29137371
27257428
20662
34936975
36621419
31247507
7011261
388483
32692179
32322020
35936718
37191701
228748
34749543
12471661
37529503
27559873
36761762
37103175
983114
555518
37430215
37444157
35567786
374221
36027762
36333586
2274000
32257909
31737122
35870964
37628066
20391718
33108783
1445473
2728558
20449939
36213196
34924217
16364221
1208243
29062726
1924516
20470729
8712201
29872523
2531218
33181084
33910707
1612273
1002313
37546190
6679
2339528
20405299
36559269
36719945
36802009
4182271
3133376
32460313
36213587
31297544
2496930
2675340
31633966
33119158
549603
1459572
297101
33046106
37483035
1727933
37433288
16157589
2092816
33957213
33711038
29833362
35034414
4224701
29663232
33848599
31796644
35706338
12245201
16142744
10742141
16553065
15997386
2300806
34774774
1695629
11295
34174905
30764203
35141024
32430630
30777160
2799634
615445
32468744
33150806
29044116
35755127
784244
1492302
32693201
36202826
16120941
35074587
31661642
37480297
37353968
6318731
5109041
1124668
795056
36291955
1145562
36562156
37542896
37049881
33973916
32861543
37433330
2710664
2011504
6286601
34770777
33872662
29576934
35378469
34854922
994295
16369510
3075476
16127809
35450311
599906
35407403
2616086
31753216
34346367
1334798
30148203
30600093
33854343
3061830
31972541
1959860
7726311
37261034
1875182
31008489
1171546
37112601
35045608
8458681
892688
15718009
9897431
30905246
12342411
719993
34293534
34276395
31609102
16170512
34099898
34873497
27882296
37021809
37228347
29792258
39663
34021477
32031508
35401695
4466051
522830
16472947
4442811
36388608
35470973
15596225
549368
2811256
32775926
33738435
1579038
16727800
36573271
37023570
35884650
34257553
36394019
31649667
580544
356041
37501878
2444046
33596879
35053611
34079344
2630504
1688338
36654419
29309697
5146921
37421199
1322549
35997913
33521438
13999431
36342850
37047665
6029801
33162704
490713
309205
7704701
37254757
33872590
1168460
37334168
37333917
37295891
33130477
34345419
37217701
34497435
2323498
817141
243019
36159250
36159071
32684293
5154081
37127078
1523452
2834332
382119
1946104
37296676
2238660
2113594
27875235
7951761
37292563
132010
33446198
35587017
245725
5111971
30250183
36261291
35944277
356914
3081241
27935593
309398
2393070
31145374
16054127
36263795
2412222
44912
2469922
35085395
34098622
4099001
2526276
27799810
37234954
36777617
31394077
31549124
34810223
37230080
4720381
29145237
33778674
34364766
1920280
2398624
33965445
1403021
21457542
11220
37255548
34997129
31763060
35344054
35465359
15749141
33931346
29606448
16469827
29622686
310368
35516148
32726147
27298831
740929
225989
353634
16611424
31654812
64689
29262487
13797691
30307683
33093114
29507452
35403426
1906826
30787729
32389649
864853
2815434
864952
5502861
180604
884061
37251989
94091
541246
3071062
498657
32377024
908695
210233
20269321
30634854
3050151
3239683
37123750
37070519
915984
15543988
587558
29224987
31644084
1095896
33719282
27512458
3134148
9099451
15594760
27699097
15210511
15778098
499787
3148786
29900327
907173
31297915
30317077
37178043
37127139
36098654
37103833
37198383
4993381
36516898
14198151
1349101
35727758
25872
16755601
33596861
36583105
829690
16000747
15497521
29787255
30587329
8963781
34128869
16141632
1260446
546649
3055998
16123375
6425061
37043833
933983
36656233
3919271
37050997
24696966
36661015
36251152
37030018
32217369
30172157
29889111
14483571
34064706
16170672
28077968
40530
314165
1774953
34563686
15776829
10887981
36810958
5075111
31469454
878179
2713502
4787421
12059191
32482658
36917492
16680160
752967
28022315
20245216
31546456
36040285
2785044
31811826
36896230
2920036
590798
31821114
32669976
35356466
2394078
35059806
33888773
1372992
16031116
32176103
10694991
9193331
35326018
1200306
7408991
34344312
36071564
35580368
34758823
36769605
27967471
36298704
31186639
36525623
754642
32698748
31995113
20163121
31209069
36432575
36090835
32554504
36318098
33307638
35482588
36655420
1642839
1866586
131468
36638010
405831
29902611
35793405
20328433
36327691
33358197
36600207
696220
29832069
139713
34988903
1882802
36366713
134423
33672786
36292045
66849
2890414
2103604
35496296
34111873
15984702
35595701
325649
451855
34880007
29591225
308564
32174075
1266780
33750210
1820403
33628478
396410
16074236
1488559
36074423
30866494
3540931
32192120
36368416
32262728
2564770
453308
187756
661980
36362831
3093680
34385049
1895100
9608161
15786677
2013362
143486
20282809
32844201
2656190
790656
29803674
35395475
36305051
36322413
1262111
2780456
31700979
15695458
33735513
503442
711181
36352288
27078529
16053715
30959857
35950803
15601971
36340477
15592393
31982432
36336044
45230
31448101
8836231
34512042
36331764
16552876
20428294
35994005
27139687
2353958
7560841
155881
35511833
36313959
29618843
36290947
36305781
2136142
83777
36287088
30728531
35119235
34787575
6679321
35709792
445899
1058090
36292724
956199
36244142
16108040
2704054
34085804
36262477
237544
27908659
1272383
36244407
613087
36167597
36117148
392665
34372913
357237
29581080
29974882
986947
36117776
55899
1236929
34224765
1058421
1648253
1690914
2368364
3237581
34244102
536996
36254760
29640031
3093147
33249361
30744821
564812
3226940
68262
376511
29199100
35480995
34898598
29305668
231450
356912
36215514
34748083
17912113
31080127
27843652
36045785
15600866
34229931
32525768
33147620
1094
31985691
2915252
35149560
35976180
29897810
2459406
36142896
36158078
2830612
4492701
29307307
15623990
30414756
18698
31841810
2462992
9500511
2410378
75103
34054123
16060412
34008691
614988
31448506
34891386
34950087
9289841
1229398
36180401
1374245
32288741
600355
3118119
32473478
36088964
36171710
15669026
2491940
2987852
36168433
234439
979089
4289901
35952741
36104804
36143618
33720980
27881254
7845711
34144549
32603445
36159271
36159055
32309421
94563
30491152
1612850
33942075
171392
24369
29786748
886367
36154255
16863
35906473
27621592
34085772
34346036
47244
4624411
62697
29083476
36116340
35988329
1264966
29010172
29616322
443667
6221251
34569924
35650744
36050414
35870136
35542573
181600
29871983
30806202
11229861
31471217
35763279
35609446
31632653
7613741
373149
1080527
32395193
2588102
3129369
32586285
2882826
34723039
77224
36083699
516765
1179102
36137424
35135864
34351175
1537381
1269581
36139989
18896
11798
34335512
34848773
1480870
27175597
31658370
119376
4426051
29132073
36118183
30570557
33325706
35390395
35402117
27380221
34334606
35917194
33811255
3207653
348832
39360
27335281
24804214
1874836
36116444
35441909
35834054
35843719
35400172
30398408
31540688
35889344
32757276
14788301
32899373
34148866
35861734
34431852
10388901
33178885
35999969
3185736
2234476
32004730
781525
126300
2815594
5133701
30727953
11744331
35773963
33849889
35736266
3598121
32087003
1397545
35882311
31379459
35128270
32058505
35833861
35584304
33098794
1577557
2283674
30060068
3176969
35487781
31419216
20302312
29097157
16352026
35573811
50802
2524674
9504571
34078104
33770171
33137836
213292
5460651
35742692
35208790
35343817
33477557
33805833
31979714
35106960
30902474
504704
1713204
2288902
33904462
33306125
16158500
1669652
35155741
32979253
35853146
535550
34245809
857558
35762757
32620597
33367135
16159481
3340841
1316340
168038
3406561
32825831
16347220
35148594
35039678
34266608
1584424
30318459
1077104
13770151
1684998
12711541
27599251
35712328
35787348
35910173
34521755
32473050
586452
32306230
36129370
36050
33147238
1693127
33657367
29584060
29094601
35030837
72082
48909
30008080
223069
35283128
135120
36056126
4299991
7770951
993463
30161279
29816700
32739195
33834285
29517597
16091343
34384747
33713157
950759
2618508
36085448
34094217
34934984
34645451
34085752
283487
35738817
33681928
20326693
27596641
434321
2056794
750661
2175706
7698961
1877530
32522806
30330786
1388397
35849191
203473
559985
675521
11967091
32654523
5981211
36115889
34820068
29051972
689166
153215
7784011
10520
30425039
239375
34461310
16106547
34715872
3010000
516066
1761167
1695917
7573251
33877527
9965971
1033820
32238808
33085387
27757705
33078443
34198622
34218848
1055997
15559884
2783028
35542288
31670149
2090310
33599119
4619391
