28137
228748
253770
311546
350046
596167
833768
1025083
1078333
1155855
1335910
1430045
1443249
1450237
1458875
1563881
2059822
2162396
2756024
2864498
3092941
3119605
3124052
14634791
15668079
15965503
16152221
16207339
16394326
16670224
20172814
20206645
24980431
27178693
27259333
27304540
27537307
27962017
29027196
29099432
29273028
29518183
29571316
29586089
29650066
29675558
29795903
29831504
29931219
30002737
30136276
30161279
30229430
30270154
30283038
30333147
30348316
30539715
30692628
30945280
31008709
31228800
31314232
31378714
31434986
31500860
31559743
31589101
31649667
31763946
31781162
31811199
31883429
31964478
31988273
32021803
32083109
32216060
32389904
32430037
32436565
32549196
32554440
32561562
32573630
32600182
32641909
32653535
32705790
32727244
32745703
32765289
32880924
33012343
33059579
33069236
33212772
33304722
33368256
33390952
33434068
33445993
33456345
33462143
33493428
33755493
33876379
34025049
34042846
34177850
34201258
34232272
34307876
34318562
34342799
34439726
34460855
34554416
34571044
34664661
34714895
34935669
34963255
35104752
35168427
35219984
35255499
35261910
35465688
35497249
35546205
35549764
35594084
35658308
35704433
35734508
35748555
35757014
35832530
35861338
36009182
36059932
36069276
36152472
36179605
36270805
36360797
36426498
36479049
36490100
36550274
36809495
36966646
37108833
37154466
37183393
37235120
37336000
37488913
37590878
37595055
37595103
37817928
37836527
37903429
37962948
38051248
38061995
38141639
38188975
38204030
38215952
38233270
38502299
38566770
38615438
38731174
38845020
38873153
39139537
40000914
40013026
40032237
40168236
40199153
40202215
40328496
40376269
40423116
40460773
40525343
40755081
40818854
40850086
40903138
41110482
41359295
41632851
41802463
42545931
42601070
42617583
42674172
43007128
43299615
43628031
43663513
43686943
43873953
43935781
44070277
44298062
44398812
44519246
44599867
44803077
44842259
44902260
45023377
45558296
46012061
46133173
46312370
46345088
46391960
46441307
46477152
46487027
46515161
46554412
46611752
46659603
46936911
46950649
46951793
46969039
47101780
47167119
47176019
47177102
47178954
47207979
47249961
47324560
47351929
47360336
47402558
47408097
47450512
47491543
47496356
47569242
47588057
47663542
47693935
47752079
47871442
47916487
47930026
47941580
47995217
47999744
