62
556
569
627
905
1306
2385
4380
4831
4924
5054
5995
6942
7372
7627
7877
7893
7935
8438
8519
8965
9134
9240
9267
9867
10487
10916
11798
12148
13364
13380
13446
14115
14785
15414
16610
16892
16938
17220
18137
18635
19412
19456
20282
20662
24978
26105
26361
26401
26479
27523
27872
28137
28668
28987
30754
31744
32666
34078
34811
35997
36050
36238
37057
37102
37210
37967
38499
38600
39450
39663
42102
42280
42629
43587
43655
43925
44603
44804
44897
44946
45026
45147
45465
45582
46690
47176
47470
47606
47699
47805
48072
48114
48214
48596
48733
49695
49884
50293
50422
52313
52544
53111
53362
54005
54442
54844
54944
56267
56798
57166
57293
57541
58007
58329
59673
60248
60627
61047
62513
63171
63856
63935
64018
64114
64864
65548
66445
66937
69473
69668
70037
72082
72491
73072
73306
73800
74031
74171
74434
74587
75188
76099
76245
78139
79532
79724
80422
81698
82202
82692
83166
83297
83651
85307
85796
86720
88895
89363
89883
90193
90796
91347
91670
92183
93825
94979
95476
96012
96340
97287
98222
98426
99327
99597
99790
100937
100945
101070
101634
103789
104794
104863
106471
107286
107437
108096
109312
109567
111187
111375
111948
112155
112227
112629
113071
113863
113973
113994
115161
116213
116633
117520
117640
118123
118302
118712
118734
119208
119376
119894
122059
122264
123444
123973
124891
125940
126669
126706
126853
127079
127610
127793
128971
129199
129535
130806
131074
131357
131451
131501
132010
132137
132435
132895
133885
133969
136170
136864
136971
137713
137960
138095
139005
139585
139709
139925
140781
140953
140957
142060
142288
142330
142455
142473
143673
144055
144453
144735
145750
145769
145917
145958
146446
147035
147072
147580
149044
149886
150185
150709
150792
151910
152155
152280
152968
153044
153160
153270
153803
154333
154662
155393
155881
156127
156762
156818
157020
157250
157357
158131
158963
160047
160306
160390
161498
161587
161670
162675
162897
163421
163929
164540
164577
164676
164707
165042
165241
165613
165933
166380
166648
166653
167420
168038
169224
169492
169800
170197
170269
170632
170879
170918
171061
171129
171325
173118
173684
175360
176547
179349
180294
180296
180554
180604
180885
181052
181072
181600
182439
182443
182836
182908
184154
185338
186718
186927
187026
187061
187175
187363
187607
187766
188903
189538
190795
191158
192431
193789
193832
193843
193925
194365
195104
196282
196447
197177
197850
197901
198185
198382
198897
199147
200100
203881
204536
204906
205492
205637
206534
207292
208238
208595
208900
209105
209233
209344
210025
210029
210233
210583
210706
211333
211475
214416
214874
215023
216160
217096
217888
218373
218541
218854
219392
219504
220091
220195
220263
221059
221371
222238
223153
224265
224959
225663
226292
226557
227767
228378
228661
228716
228748
229189
230357
231871
232230
233204
233329
233407
233441
234609
235135
235277
236068
236672
236838
239046
239964
240284
240316
240510
241357
242399
242482
243154
243327
243717
245147
245186
245849
247286
247545
247695
249362
249789
249796
250055
250989
251095
251624
252225
253558
253688
253770
255159
255751
255962
256700
256839
257931
258959
260869
262103
262763
262979
264902
265567
265732
265807
266244
266539
266689
266915
267617
267648
268008
268813
268966
269343
270216
270672
271038
271553
271622
271698
272042
273217
274598
275127
275428
275777
275974
276325
276895
277351
278077
278183
278378
278622
278840
279049
279202
279935
279975
280365
280475
280479
280596
280784
283487
283787
283834
284635
285078
285486
285757
287534
288258
288360
288983
289548
289615
289711
289977
290005
291249
293206
293374
294396
294913
294930
295149
296404
299130
300445
300602
300807
301013
301209
301414
301905
302410
302463
302905
303699
304056
304889
304909
305142
306622
306743
306867
307338
307456
308206
309052
309398
309946
309977
310165
310183
310368
310965
311214
311546
312542
313096
313488
313667
314293
315089
315219
315870
316755
317413
317438
317987
318231
318359
318393
318422
318865
319079
319829
320381
320522
320691
321421
321610
321616
322434
322683
323244
323554
323637
324217
325049
325495
325783
325973
327382
327417
328174
328846
330649
330806
330896
331524
331748
332862
333326
333483
333493
333547
333848
335118
335445
336159
337546
338669
339583
340159
341557
342115
342623
343243
343870
344457
344671
344882
346230
346763
347700
349648
349799
350304
350737
351192
351243
351289
351307
352638
353577
353810
354203
355382
355412
356082
356381
356511
356845
356874
357237
357614
357778
357891
358786
359395
359828
360392
360832
361094
361339
362235
363525
364541
364707
365148
367855
368361
368785
369412
369610
369980
371063
371181
371484
371490
372916
373381
374221
374417
374684
374909
375607
376050
377876
377920
377998
378418
379872
379887
379897
379976
380138
381143
381541
381698
382935
383453
383845
384629
385838
386215
386851
387002
387318
389808
390472
390727
392272
393518
394455
394562
396410
396646
398695
398945
399088
400322
400340
400415
401716
402688
402904
403349
403432
404318
404331
404524
406439
407058
407168
408993
409155
412038
412107
412846
412971
413052
413156
413349
413684
413700
414176
414402
415037
415052
415075
416118
416199
417462
418879
419008
419109
419355
420357
420384
420774
421163
421754
421830
421876
422119
422836
423468
423574
425190
427001
427127
427958
427995
428747
429212
429966
430285
432156
432179
433253
433838
434713
434855
435165
435633
436913
439038
439865
439933
440114
440575
441518
444762
446242
446714
447172
448749
448905
449836
450862
451170
452355
453308
453516
454194
454488
454726
455082
455333
455498
456841
457949
457991
458271
458825
459180
459893
462136
463157
464779
465227
465490
465781
466545
467633
467775
471141
471278
474043
475774
475856
476366
477274
479125
479472
480654
480783
481995
482782
482973
484341
484530
484701
485417
485926
486057
486595
486652
488541
489103
490135
490685
491066
491912
492257
493345
493853
494408
495403
496610
497208
497854
498907
500126
500854
501004
501520
502382
502799
503204
503400
504244
507660
508099
508682
508871
510730
511601
511876
513130
513193
513666
514018
514070
515145
515339
515777
516066
516434
516435
517456
517823
518115
518830
520895
521299
522830
524700
526125
526949
527068
529340
530025
530351
532210
532582
534251
534766
537356
538842
538948
539406
539939
539998
540439
541435
541632
543524
543618
543769
544009
546273
548320
549368
549467
549680
550561
551813
552174
552246
553351
555877
555914
557537
558463
558848
559455
559985
561089
561746
561769
561841
562196
562927
563087
563468
563672
564018
564507
564812
565637
566604
569993
572368
576062
577340
577396
578073
580956
583728
583738
584235
584374
585397
585962
588088
588287
588573
589864
589941
590930
592250
593538
594787
595215
596167
596275
597881
598105
598129
599600
600355
600788
600990
601347
602415
602538
602754
602803
603541
603978
606751
607242
608144
610025
612474
614376
615562
616177
616338
619139
620030
620423
623056
623174
624453
624859
626061
627356
627509
629906
630098
630802
631710
632563
632905
634749
636265
636928
637781
640093
640474
641181
642526
642891
643903
645960
647681
650034
652340
653053
653838
654488
654734
659855
660093
662995
663774
664643
664685
665531
665900
668372
671187
671468
671684
672506
674370
675369
676192
676270
681443
682034
687486
688477
688827
690819
693302
695125
696007
698188
698209
698395
698758
698932
699822
700535
700950
702533
703539
703836
706639
706954
707239
707486
708405
708420
709686
710759
713883
714458
715060
715756
716805
718434
718866
720592
722213
722780
724193
724361
725217
725517
725834
726426
728557
730371
731193
732738
733073
736530
737978
740875
741402
743555
743884
743966
744709
744855
744968
746158
748487
750830
751748
752254
752500
752889
752967
754161
754642
756468
756621
757117
757599
758046
759601
759700
759713
761978
762489
764211
764702
765019
766777
767392
767472
768274
769028
771064
772947
773610
773700
775098
775272
778116
778346
781926
783268
783606
784909
785703
786960
787141
787957
788742
789336
790656
792726
793470
794505
794996
796684
796867
798850
800939
801036
802735
803363
803471
804000
804161
804632
806003
806722
806794
809369
809506
811271
812056
813170
813707
814956
815558
816139
816689
817677
818412
818458
818625
821660
822035
822208
823198
824465
824588
825804
826098
828129
829489
829841
831303
831528
832444
832838
833768
834898
835219
837551
842663
846074
847085
847674
847736
847868
848232
849756
850214
852015
854728
854982
855950
856793
857102
857179
859305
860841
862483
862895
864102
866402
870473
872925
875573
876596
881352
883899
884364
884540
885616
885936
886367
888330
888489
889807
890447
891645
891725
895038
895099
896344
898654
899614
899908
904061
904715
905554
905619
905759
907019
907687
908329
908668
910022
911002
912582
914178
914346
915695
917547
917635
917876
918714
918829
919037
921906
922703
925938
926194
927720
928324
928584
930744
931428
932535
932744
934313
935317
935800
938128
940338
941830
941885
942938
943192
944311
945849
946843
947142
948097
948604
948718
951325
952584
953545
954437
954506
954639
954867
957096
959143
959166
962911
963003
964646
966561
969415
970814
972450
972499
973621
973798
974593
975165
975801
979013
981116
982361
982619
983114
984739
985020
986148
986818
986893
987529
987929
988418
989007
990863
990887
992053
994427
996911
997522
998163
998315
998536
998717
999339
999658
1001047
1001079
1001657
1002532
1004368
1004703
1005367
1006048
1006311
1009522
1010197
1012410
1016428
1018713
1019388
1020324
1020359
1021389
1022683
1023000
1025555
1026072
1027413
1029138
1029377
1032457
1033188
1033468
1033516
1035163
1039394
1042887
1043326
1043475
1045070
1045966
1047467
1047829
1048008
1049741
1049861
1050973
1050975
1053903
1055997
1057437
1057933
1058130
1060055
1062103
1063569
1064515
1064958
1065391
1067922
1068148
1069066
1070729
1071182
1071832
1072580
1073769
1074279
1076605
1077679
1078014
1078085
1079774
1080527
1082551
1084014
1084717
1085145
1085669
1088577
1088877
1090247
1091339
1092002
1092530
1093270
1093526
1093826
1094077
1094564
1096270
1097727
1098259
1100340
1102550
1104802
1105745
1107129
1107141
1112652
1114400
1117022
1119496
1121567
1121966
1123912
1124086
1125059
1126182
1127214
1129717
1130273
1134216
1134513
1135197
1135498
1136006
1136020
1137852
1139473
1140005
1140288
1141092
1143187
1144720
1146169
1146459
1147698
1147912
1148553
1150106
1151452
1152178
1153310
1154978
1155362
1156645
1157011
1157930
1160302
1162978
1164975
1166371
1166766
1167139
1167248
1169531
1169977
1170192
1170831
1171095
1171155
1171429
1171487
1171626
1177133
1179613
1180806
1183246
1183427
1183693
1186328
1187165
1188932
1191957
1192836
1193071
1193945
1195626
1197546
1197762
1199712
1200155
1200306
1201332
1202661
1203481
1204399
1205213
1209507
1209785
1210757
1211320
1212374
1212680
1214763
1214792
1216709
1221422
1222244
1223928
1224091
1224747
1229395
1229493
1230824
1232907
1234202
1234354
1236224
1236929
1237564
1237692
1237986
1238200
1238412
1238811
1239027
1239161
1240893
1243937
1245085
1245593
1248521
1249273
1249528
1250217
1250801
1251952
1252250
1254215
1254796
1255966
1258884
1260446
1260655
1260683
1261108
1261963
1263679
1265587
1268567
1269243
1269690
1269916
1271172
1272694
1274006
1275469
1277625
1281503
1284048
1284981
1285007
1286599
1289194
1289405
1293687
1293983
1294039
1300500
1301965
1302548
1303435
1303907
1303937
1304113
1304749
1304843
1305845
1306338
1306579
1308611
1308918
1308978
1310000
1313886
1314368
1316314
1316649
1316716
1317338
1317514
1317579
1317705
1319511
1320791
1320875
1321167
1321185
1321876
1322549
1323312
1323618
1324262
1324720
1325422
1329019
1329402
1329512
1329771
1329830
1330126
1330147
1330924
1331011
1331799
1335045
1336231
1336747
1340446
1340570
1340715
1340746
1341123
1341259
1341548
1342252
1343689
1347547
1349101
1352331
1352375
1352478
1354245
1357484
1358195
1362131
1363274
1364211
1364487
1365886
1366019
1366361
1366386
1367122
1368322
1368810
1370450
1370747
1372030
1372101
1372420
1374057
1375212
1375378
1375516
1375816
1380535
1381715
1381913
1382548
1383427
1383792
1384673
1385796
1388397
1389344
1390196
1390544
1391149
1392279
1392908
1393684
1398356
1398529
1398925
1399435
1400155
1400360
1400472
1401503
1403069
1403747
1403798
1404628
1406545
1409722
1411515
1413277
1414508
1414784
1415094
1416998
1417710
1420554
1427435
1427548
1428386
1430045
1431697
1431777
1433584
1434518
1436378
1437600
1437724
1438209
1438458
1438531
1439137
1440834
1441522
1443249
1443679
1445182
1445832
1446045
1446315
1447995
1448590
1450237
1450665
1450836
1451939
1455390
1456873
1457048
1457385
1457620
1458003
1458276
1458875
1460367
1462015
1463442
1464330
1465084
1465282
1465581
1466657
1468319
1468715
1468762
1469559
1470788
1471044
1472177
1472194
1472900
1473720
1474373
1477035
1477707
1479231
1480220
1481234
1484582
1487435
1488311
1488527
1490014
1490599
1493561
1493839
1494202
1494428
1494663
1498298
1498896
1500558
1500885
1501787
1503104
1504998
1506568
1507511
1508312
1510367
1510906
1511330
1512140
1512617
1514442
1514570
1515610
1517121
1517837
1518147
1519475
1523068
1525834
1526865
1528410
1528831
1534261
1534380
1536142
1536946
1537034
1537058
1537644
1537751
1537768
1538562
1539227
1539533
1540948
1541950
1542223
1543055
1544512
1545814
1546084
1548545
1549534
1551247
1553869
1555009
1555317
1555928
1556001
1559830
1560878
1562665
1562989
1564659
1564720
1566188
1566540
1566912
1569304
1571432
1572400
1575169
1575707
1576865
1577135
1579038
1580276
1580521
1581545
1582216
1584287
1586415
1586950
1586987
1587136
1588169
1589279
1590067
1591169
1592788
1593510
1593521
1594197
1595127
1596496
1596933
1598647
1600290
1602757
1603284
1608839
1610813
1612273
1613020
1613396
1614626
1615461
1615915
1616042
1619072
1619367
1621430
1622742
1623010
1625030
1626245
1626709
1627506
1628172
1628437
1628467
1629678
1630899
1631190
1631339
1633055
1633240
1634403
1635718
1636002
1636063
1638013
1638268
1639492
1640054
1642155
1642162
1642310
1642757
1644196
1644653
1645075
1648484
1648582
1648663
1648873
1650234
1650938
1651732
1651847
1653140
1659314
1661700
1662202
1662881
1663826
1667137
1667832
1668013
1669432
1669554
1670331
1672546
1673129
1673423
1674581
1675240
1675788
1681999
1682682
1683131
1683427
1684276
1684515
1684827
1685131
1685132
1688338
1689362
1692677
1693369
1694225
1695687
1695764
1696290
1696371
1696806
1698106
1698195
1699755
1701337
1704059
1705031
1707637
1708266
1709524
1709978
1711179
1711272
1711287
1713601
1713698
1714942
1714970
1720473
1721113
1722210
1722835
1724349
1724642
1725244
1725346
1726302
1728620
1730718
1732447
1734019
1735761
1737215
1737273
1738537
1743827
1747449
1747505
1749569
1751581
1755543
1764611
1769633
1769725
1771647
1775253
1778533
1784735
1786191
1786827
1787583
1790763
1791635
1795737
1796237
1796615
1797635
1800815
1801323
1803125
1807735
1808613
1815829
1816165
1816311
1817583
1819913
1823427
1823715
1824887
1824915
1827274
1828766
1831022
1831164
1835380
1835718
1835944
1840910
1841592
1844576
1845438
1846526
1847596
1851466
1852458
1855336
1862650
1865652
1870502
1872126
1873720
1875638
1877330
1877530
1878180
1880222
1881306
1883812
1886260
1887394
1887414
1887570
1888854
1889826
1890672
1890962
1892260
1895100
1898766
1898930
1899484
1903292
1904490
1904720
1906826
1906994
1910430
1910534
1914204
1915030
1917558
1919382
1920068
1921440
1923094
1923980
1930686
1930960
1931470
1931592
1939870
1940478
1941752
1942238
1943254
1950572
1950940
1951202
1952690
1954256
1955498
1958022
1958172
1958722
1959490
1962350
1966544
1967466
1970786
1972450
1972702
1973972
1975098
1978076
1978446
1978684
1981252
1982500
1988066
1989150
1990488
1994276
1995632
1996120
1996294
2000322
2001826
2002066
2005320
2009330
2009368
2013306
2014364
2018030
2018636
2021806
2026508
2029918
2032196
2034210
2034292
2034770
2034972
2035512
2036560
2040840
2041516
2042058
2043310
2043910
2044700
2045010
2050286
2050346
2054254
2057904
2060948
2064342
2064666
2066244
2066790
2068450
2072402
2072914
2074782
2077676
2081600
2086172
2088624
2092548
2093182
2094474
2098242
2099736
2101402
2101614
2102128
2102294
2102682
2107470
2108074
2115442
2118054
2119088
2120624
2123266
2124682
2126422
2128792
2130258
2130746
2130824
2131224
2132018
2135434
2136142
2136786
2140510
2141954
2146020
2148706
2150372
2152500
2157800
2158562
2158976
2161446
2162462
2163258
2163600
2163862
2165404
2171022
2173506
2180884
2181712
2182076
2183586
2184886
2186240
2186254
2186258
2189616
2190082
2192592
2194600
2195188
2198446
2199470
2199688
2202152
2204776
2213146
2213210
2213330
2215016
2217206
2219624
2220672
2223632
2229452
2231632
2233070
2234360
2234476
2234626
2235532
2238228
2238454
2239772
2241040
2242494
2252894
2255286
2262316
2265308
2276586
2277186
2283060
2283250
2285390
2291928
2292198
2294632
2297842
2300544
2301466
2301734
2306508
2310884
2314408
2318746
2319890
2320294
2320614
2321536
2332404
2333056
2334346
2336404
2336724
2339528
2339680
2340040
2342672
2346930
2347392
2349450
2350152
2353380
2354036
2354382
2356426
2356810
2358964
2364434
2365508
2365566
2371800
2373152
2376928
2377762
2379694
2380110
2380782
2381332
2383824
2389568
2393674
2393868
2394508
2398144
2400158
2401122
2405510
2408114
2409544
2409908
2409936
2410982
2411914
2418598
2421446
2428110
2429782
2435182
2435910
2436324
2436422
2437398
2439268
2442598
2442692
2446708
2450842
2453814
2456338
2463294
2464934
2466130
2466334
2469198
2470010
2473610
2474340
2481700
2483568
2487718
2488254
2488582
2493776
2495762
2495956
2501218
2503188
2504068
2505296
2505824
2508520
2509144
2515120
2515512
2518312
2520924
2521114
2522914
2523388
2531336
2532816
2533822
2533910
2534152
2537834
2540084
2542752
2546548
2553122
2553352
2553640
2554594
2555142
2555218
2559364
2560852
2561006
2564262
2565116
2566588
2566714
2567778
2567932
2567976
2568470
2568744
2570456
2571472
2571704
2573102
2574908
2575116
2576798
2581328
2582200
2584540
2587088
2587096
2588206
2597718
2597944
2601488
2602058
2606240
2609546
2615196
2616086
2616898
2619088
2620788
2624908
2625040
2629332
2630504
2631490
2634934
2635744
2636336
2636890
2637340
2639994
2642678
2644236
2649306
2649988
2651158
2653530
2661146
2663082
2665094
2665162
2672288
2672534
2674468
2679060
2679218
2680014
2680522
2680948
2683038
2683536
2684290
2688424
2691592
2693408
2694846
2695476
2696776
2698432
2701730
2705480
2706530
2707062
2707220
2710980
2711996
2714652
2715012
2715722
2717698
2717758
2719488
2721352
2721996
2723410
2723874
2724988
2725088
2725934
2728334
2729202
2729330
2733096
2733112
2733812
2739702
2742826
2744810
2746576
2746800
2747132
2751846
2753752
2756024
2758552
2763270
2763488
2763934
2767060
2768814
2769036
2777970
2783028
2783350
2785044
2787442
2788098
2790454
2796840
2797226
2798020
2799848
2801088
2802238
2804016
2804390
2808072
2809928
2810584
2811256
2812000
2814244
2815594
2816076
2818688
2830342
2831258
2831388
2833210
2834086
2839938
2840634
2841200
2841708
2842026
2846386
2846542
2854694
2855258
2860944
2861564
2863236
2863750
2864498
2866292
2871076
2871618
2873312
2875968
2880838
2881794
2881902
2884230
2884604
2884680
2885412
2887090
2888858
2888998
2890968
2892352
2892882
2911404
2911612
2920504
2921858
2925756
2929050
2933454
2939514
2940508
2941502
2947786
2948732
2950750
2950790
2952454
2955500
2955762
2957442
2958966
2959440
2960958
2961952
2963162
2965612
2966388
2969078
2969118
2973642
2977652
2979344
2980538
2981078
2981306
2995484
3000402
3000498
3002366
3002954
3005630
3007474
3008200
3008380
3008846
3009278
3012008
3014848
3017656
3020035
3020483
3020506
3021690
3022639
3023486
3024929
3025588
3025749
3026710
3027007
3028005
3028129
3028363
3028403
3028549
3030965
3031115
3032388
3032431
3032908
3033024
3035683
3037100
3039342
3040533
3040560
3041640
3043392
3043899
3044888
3045972
3046354
3046757
3049129
3049270
3049428
3049907
3050754
3051494
3052232
3053280
3054194
3055894
3057027
3057746
3058507
3059735
3060727
3064731
3064874
3071446
3071460
3072603
3074882
3077251
3079619
3082000
3082001
3086906
3087274
3088651
3089668
3091681
3092278
3092479
3093114
3095324
3095369
3095978
3096660
3098398
3100138
3100942
3101490
3101566
3102928
3103135
3105081
3107264
3108017
3110716
3115166
3117140
3118105
3118119
3118740
3119463
3120216
3120819
3120859
3121139
3121176
3122094
3122675
3123708
3124380
3126948
3127364
3129041
3131202
3131693
3133660
3137785
3139148
3140811
3142414
3143313
3146158
3146801
3147489
3148558
3150176
3150600
3151361
3152827
3153572
3157764
3159486
3160021
3162882
3163170
3164276
3164565
3168506
3172424
3173114
3173241
3173376
3176644
3177420
3182386
3182855
3183415
3184522
3185736
3186405
3188266
3188316
3190165
3190302
3190499
3190920
3192851
3196426
3196444
3200412
3200428
3200781
3202095
3203437
3204121
3204237
3204888
3208638
3210087
3210638
3211542
3211831
3212038
3212051
3212248
3214257
3215907
3217053
3219178
3221343
3221670
3222393
3222813
3223014
3223064
3223094
3226353
3229569
3232114
3232279
3234884
3235380
3235457
3237001
3237412
3324421
3328061
3333731
3337781
3359531
3364881
3374641
3376141
3387621
3403691
3419451
3428421
3435391
3441641
3462641
3469951
3473161
3476551
3477451
3478991
3483631
3492191
3502771
3508971
3519831
3549931
3577531
3616141
3652071
3654851
3680241
3692151
3707691
3709571
3711381
3727771
3733221
3741151
3768091
3775221
3823171
3847561
3848881
3848991
3853231
3877551
3881771
3881891
3884561
3885971
3888541
3903911
3904531
3931101
3952521
3964371
3975381
3991491
3994371
3994951
4023121
4033961
4037921
4054301
4090651
4093571
4098391
4132931
4145981
4146351
4150211
4152371
4158451
4186271
4199351
4216351
4226431
4232471
4249061
4250061
4255031
4272611
4289901
4299841
4301761
4306441
4306511
4315591
4319251
4330191
4333231
4341041
4349411
4355121
4356361
4363331
4376101
4391001
4413461
4441491
4455891
4455941
4458831
4464111
4468501
4505951
4541131
4548671
4563231
4588491
4613401
4629331
4632251
4662701
4690051
4690571
4704611
4716371
4719401
4720381
4739291
4743931
4747531
4768471
4786481
4801071
4808241
4812421
4819031
4833561
4848901
4873751
4878651
4920771
4924151
4929451
4930611
4981411
4988061
4993381
5015161
5019271
5042631
5046121
5051551
5058081
5078481
5094341
5111971
5129021
5133701
5135451
5154081
5201901
5209351
5216031
5238991
5252351
5274731
5276841
5287711
5292431
5316611
5375001
5406161
5416941
5431721
5467581
5580171
5585531
5587441
5589271
5611751
5612421
5625321
5632551
5643391
5644541
5658921
5684651
5688311
5705101
5720821
5731651
5746921
5748081
5797771
5814491
5815311
5822501
5828601
5836331
5845681
5941931
5944731
5983321
5990821
5993151
6003001
6011981
6015741
6016691
6023531
6037221
6037721
6057671
6059621
6063491
6066931
6089961
6121201
6134101
6155951
6161111
6164431
6173041
6186401
6193441
6212321
6217021
6233291
6234461
6256941
6258951
6259171
6275381
6287131
6299361
6314531
6359001
6363061
6370871
6373591
6380571
6381941
6401991
6412381
6430441
6449441
6455781
6518571
6531061
6547401
6552841
6562701
6569541
6579751
6581931
6594451
6604351
6606471
6647521
6668751
6690331
6694301
6695121
6703901
6710611
6747581
6769701
6796441
6807771
6837951
6864111
6907371
6916561
6929191
6940511
6951591
6958411
6959781
6961531
6969631
6995601
7011261
7041741
7056151
7056401
7060101
7084011
7090371
7158451
7158601
7218851
7317971
7321611
7330311
7380001
7406441
7426201
7514921
7538651
7540461
7546591
7550541
7552111
7573251
7573631
7586501
7588821
7627121
7639251
7648841
7659991
7708711
7762101
7764571
7778531
7783511
7784011
7787421
7840911
7870421
7906591
7908231
7916571
7952841
7958071
7980651
8040491
8173231
8230371
8266671
8303881
8329381
8352741
8352831
8360591
8399501
8431361
8435681
8449951
8458681
8463361
8471381
8479051
8479451
8507811
8543291
8551251
8575091
8595001
8599771
8604821
8617341
8646101
8649531
8676501
8689591
8690351
8693291
8723101
8736791
8737091
8749161
8814501
8849871
8882231
8892541
8916771
8969681
8975361
9006571
9020721
9034741
9035721
9052081
9065241
9073721
9090301
9130931
9166971
9182871
9193331
9211261
9221141
9241601
9263441
9267011
9294491
9296771
9306301
9312491
9315201
9372711
9376781
9382391
9441801
9453221
9475981
9492151
9494801
9503481
9508001
9578091
9580801
9591281
9593621
9602101
9602151
9602511
9611601
9619231
9631601
9662761
9665591
9666021
9691131
9712731
9721471
9751551
9771011
9826901
9833811
9848761
9855111
9878961
9882501
9892861
9911891
9912961
9914771
9929171
9965971
9974501
9976211
10020731
10053501
10055521
10188381
10192131
10195591
10200701
10229851
10232471
10248271
10262261
10264181
10337581
10370361
10375851
10405601
10406001
10428181
10441301
10529761
10557561
10559921
10568471
10585661
10596841
10614081
10626021
10627081
10646391
10653871
10689161
10698061
10711941
10727601
10762351
10768401
10791211
10796401
10799391
10852981
10856781
10868411
10895081
10898831
10912311
10927651
10968771
11009621
11033661
11072531
11088241
11093941
11109511
11163671
11188021
11188981
11195941
11196721
11229861
11251191
11252261
11268191
11277471
11287201
11303941
11379191
11388481
11395531
11432631
11446051
11506971
11508661
11512651
11525571
11535641
11557621
11570341
11572261
11617691
11631901
11658181
11673271
11699631
11728651
11743081
11743421
11772341
11780841
11797891
11829551
11872131
11881381
11893211
11898691
11924551
11932411
11934341
11960591
11965551
11967091
11974731
12007501
12009031
12040051
12053231
12056021
12107551
12128141
12138901
12149381
12160231
12180721
12188521
12204791
12205971
12211061
12228311
12276481
12312071
12313291
12313881
12375701
12378351
12395701
12398991
12410731
12412681
12418081
12440481
12464041
12467511
12471661
12503811
12512121
12513691
12545151
12608451
12707751
12711881
12715361
12737891
12746711
12748401
12772911
12803821
12812901
13598641
13650811
13671921
13678301
13729121
13793151
13797691
13815361
13825821
13843411
13848081
13912721
13913261
13928771
13950351
13984551
13999431
14026241
14027271
14046131
14066591
14067511
14072271
14104831
14175551
14182941
14194231
14227781
14235561
14254361
14259901
14315321
14349581
14385121
14400491
14400861
14430721
14446981
14460211
14472391
14486251
14491811
14528311
14529711
14623081
14632231
14633131
14634791
14644441
14658981
14678341
14693521
14697601
14701551
14705631
14809691
14867531
14938371
14952771
14985131
15012421
15063711
15064341
15096031
15102371
15135271
15217051
15231521
15238011
15257741
15259531
15272221
15282421
15333791
15334471
15344541
15345761
15389811
15406031
15420311
15468341
15536782
15537400
15538457
15540174
15543988
15548813
15551143
15552912
15557490
15559967
15565946
15566168
15572911
15577882
15578360
15578934
15582766
15583108
15583177
15587068
15587234
15589792
15590667
15592210
15596225
15609585
15614731
15615189
15623341
15623470
15623990
15626760
15638837
15640419
15640799
15646058
15652765
15661146
15662947
15665385
15669424
15671315
15673755
15674334
15677319
15679694
15682914
15683839
15684791
15684932
15686674
15689527
15690818
15691977
15692059
15692083
15693409
15696165
15697420
15697867
15700661
15704733
15706962
15706969
15707954
15710218
15711810
15712939
15713624
15716481
15719833
15721376
15724439
15725720
15725917
15729279
15733201
15733255
15734663
15735168
15735990
15736734
15738986
15743046
15744094
15744391
15749097
15751836
15752220
15753197
15754282
15754928
15756455
15756955
15762267
15762569
15763159
15765226
15770986
15773855
15773899
15774624
15776557
15777277
15778105
15778745
15779524
15781999
15782494
15785372
15788170
15790408
15791898
15795455
15796091
15797121
15797480
15797533
15799672
15802225
15806190
15812146
15816217
15818609
15819636
15821044
15829200
15832793
15833386
15835692
15837069
15839575
15840641
15841346
15841493
15965138
15967592
15968056
15969726
15974090
15977430
15978349
15978556
15980287
15981599
15981933
15984115
15990503
15990805
15991012
15992904
15993771
16000320
16005501
16005511
16010663
16011849
16014171
16014732
16016998
16017173
16020092
16020949
16022586
16023496
16025862
16026008
16027995
16028388
16028583
16030160
16032304
16032828
16033322
16036569
16050617
16058525
16060412
16061521
16062672
16064843
16065408
16067006
16069393
16072171
16072904
16074273
16075111
16077962
16080559
16084020
16093601
16094597
16095253
16095809
16097015
16097263
16097904
16099995
16100030
16102198
16102619
16103492
16107030
16111260
16117522
16118909
16119220
16123515
16124424
16124803
16126052
16126486
16126494
16130369
16131856
16133017
16136090
16137460
16141468
16142767
16145450
16145745
16149247
16149350
16150497
16151259
16156072
16156461
16156599
16157108
16158500
16160761
16160880
16161493
16164000
16164115
16169108
16169562
16173320
16174613
16174854
16180785
16183375
16187651
16189613
16190124
16192531
16196168
16196433
16199493
16200738
16202607
16205262
16205797
16207195
16210973
16213258
16217181
16217520
16223189
16223642
16223673
16230093
16231318
16250302
16263826
16267096
16280014
16281070
16281223
16287751
16295527
16295650
16306591
16313863
16333216
16334122
16335103
16339333
16345231
16353691
16359919
16370005
16373920
16377943
16379422
16386706
16387087
16387975
16389685
16393654
16407775
16419787
16422145
16423579
16424818
16432171
16433092
16444381
16454770
16457329
16468447
16469824
16471003
16477750
16477873
16484149
16488541
16504972
16509607
16517023
16528855
16545286
16553065
16555909
16576396
16582504
16596121
16601521
16608625
16644925
16652077
16658581
16665202
16665880
16678522
16684234
16691191
16692544
16692985
16693486
16700329
16707394
16718878
16721272
16722820
16727800
16735585
16753546
16761886
16764574
16768387
16771504
16772257
16781539
16798735
16802494
16805836
16807630
16807690
20159644
20169121
20172814
20177296
20201428
20204032
20231839
20244604
20245471
20246158
20248183
20249299
20259259
20262040
20275204
20293237
20304808
20310952
20314600
20322787
20328433
20329657
20342908
20345905
20352337
20360446
20390872
20411176
20412073
20417794
20421274
20442508
20443309
20448532
20461657
20473174
20478610
20481757
20484577
20489098
20493133
20495527
20505799
20508721
20528671
20529286
20532400
20547592
20549395
20555602
20571010
20574376
21429021
21900021
22979509
23327737
23990212
24257583
24270086
24281495
24655228
24728100
25162422
27006025
27015190
27022372
27022555
27024403
27061726
27080734
27083761
27089110
27092449
27095761
27099826
27100270
27101080
27103804
27120427
27120823
27132718
27137233
27137350
27138115
27138643
27149350
27151678
27175597
27181375
27183754
27183958
27187426
27191593
27202855
27210424
27215428
27217183
27217918
27220414
27230485
27230845
27234370
27239512
27242581
27243754
27252334
27254980
27258037
27262423
27263884
27271984
27278854
27280486
27281944
27284965
27287638
27288259
27297439
27324685
27338806
27345328
27356719
27358912
27364117
27364744
27370063
27375778
27378778
27397792
27417238
27421915
27429268
27429988
27440734
27448603
27454552
27457147
27477040
27482041
27489025
27502099
27509194
27510868
27512458
27512488
27522175
27528340
27535114
27538504
27551227
27564673
27565180
27573061
27613627
27618286
27629338
27630115
27631396
27633784
27657706
27667387
27671269
27672706
27690382
27690658
27702649
27708775
27717268
27722323
27723259
27724954
27736171
27744694
27750757
27752032
27753742
27754282
27757705
27758407
27774424
27782242
27789274
27791941
27794356
27795454
27799810
27809668
27813247
27822802
27848929
27857521
27861880
27871006
27871024
27881178
27886172
27887242
27889613
27891432
27893962
27896356
27899305
27903042
27905839
27908680
27911201
27915318
27916684
27918492
27920520
27926714
27927655
27927793
27928491
27928495
27928899
27931460
27932294
27933505
27934913
27935960
27937298
27938222
27938511
27939110
27939558
27941612
27943345
27948010
27948873
27953801
27954494
27955208
27956776
27957405
27962017
27964521
27966128
27967471
28111486
29002891
29004482
29004767
29005047
29006149
29008871
29009582
29012187
29014324
29015921
29016187
29016592
29017098
29019850
29020384
29020783
29025093
29025599
29028709
29034694
29038023
29038273
29039798
29040263
29040935
29041064
29044745
29046066
29049851
29060096
29062033
29068197
29069095
29072050
29073291
29075514
29075671
29078196
29078973
29083128
29083372
29086918
29091894
29095303
29099199
29099432
29103774
29103800
29104179
29105986
29109402
29114254
29119683
29123914
29126540
29129333
29131838
29134540
29134856
29145300
29153283
29161484
29164461
29165180
29165634
29166087
29169169
29171689
29171776
29173017
29173268
29175072
29180419
29180552
29185926
29191474
29191578
29192016
29194114
29197499
29198029
29201247
29201592
29202615
29208029
29216397
29219095
29220757
29223879
29230799
29230894
29231377
29234819
29237731
29244483
29256090
29257843
29257867
29258213
29260710
29260744
29262204
29264274
29264520
29265965
29266950
29267027
29267153
29270988
29271271
29276583
29288193
29289476
29291258
29295205
29299302
29302950
29303501
29303666
29306972
29309925
29310307
29311779
29312820
29316968
29319115
29321656
29323571
29326578
29327354
29333654
29500493
29501597
29501639
29502606
29505197
29508303
29511434
29512247
29515798
29518231
29519541
29525120
29526460
29528948
29530745
29530838
29532581
29533455
29537794
29541566
29543333
29543447
29544981
29545632
29546780
29555612
29555704
29557430
29561676
29562749
29566988
29570151
29572803
29573230
29574359
29575160
29580048
29583284
29584654
29587128
29591225
29593480
29593493
29594413
29595822
29599413
29610149
29610461
29611317
29614865
29615197
29615971
29616322
29620425
29622316
29622663
29622679
29625787
29625829
29636097
29637872
29638879
29639169
29639188
29640031
29642311
29648622
29649555
29650632
29651664
29659368
29663232
29664763
29669374
29669573
29671945
29676559
29752413
29752678
29755190
29777439
29778130
29787255
29790135
29796147
29796700
29798174
29798533
29805407
29808225
29810412
29811363
29812626
29812814
29820313
29829381
29830324
29831504
29833472
29845179
29876391
29886678
29887929
29889111
29892359
29892906
29902083
29902611
29917503
29918483
29923540
29942277
29943065
29943786
29945172
29951718
29953108
29956289
29961390
29965456
29966206
29969698
30007773
30008136
30008492
30009181
30009572
30025540
30026906
30035407
30040614
30042496
30054388
30054879
30057046
30059225
30061392
30075524
30081671
30083068
30086359
30097615
30101195
30103154
30103261
30116028
30117870
30119065
30120164
30142047
30142506
30149526
30149727
30152636
30161279
30168710
30169943
30171681
30172994
30180066
30180202
30180812
30193524
30194730
30206755
30207768
30209482
30220183
30221364
30226224
30229260
30229820
30233285
30242089
30244074
30245533
30247466
30248491
30251167
30251532
30251876
30253633
30260633
30267396
30270415
30279403
30283423
30293873
30301316
30301431
30308032
30309435
30314130
30318065
30332595
30337959
30363633
30364886
30368942
30369218
30380109
30381964
30392567
30405894
30406385
30408900
30418201
30418299
30418876
30426311
30427127
30431375
30436541
30436650
30443947
30444363
30446831
30454690
30461208
30464041
30466304
30466373
30468316
30469728
30470722
30471596
30479901
30490609
30498804
30498899
30500794
30523184
30528119
30528983
30534608
30549617
30551173
30551620
30565736
30567215
30571532
30589893
30593468
30612355
30612427
30620235
30628675
30629916
30630819
30640773
30652933
30656028
30661274
30661805
30664623
30667386
30670618
30671446
30681156
30682077
30682176
30686859
30688513
30696473
30702604
30704282
30707291
30710558
30712294
30714105
30715914
30717800
30734749
30735937
30736887
30738327
30738932
30739332
30752535
30753727
30754022
30756585
30757176
30766738
30767445
30767750
30782255
30784301
30784567
30785166
30790382
30795985
30805077
30806511
30807395
30809026
30811539
30815595
30819902
30828872
30829801
30831801
30831992
30832321
30832553
30838026
30840377
30840995
30842305
30842705
30849241
30851776
30855355
30856576
30870957
30874312
30882010
30882266
30884061
30886434
30888557
30890992
30898530
30906195
30914804
30915352
30915733
30917191
30920092
30923990
30938688
30940116
30952704
30955714
30956714
30958677
30960524
30962440
30962674
30963297
30964820
30966743
30983209
30998381
30999690
31001331
31009306
31010624
31011116
31020501
31023256
31024889
31026216
31027071
31030722
31032137
31032683
31038628
31042893
31055497
31057880
31065007
31066309
31070059
31070973
31075797
31075822
31082396
31085859
31089854
31090115
31096602
31096679
31108941
31115489
31116561
31118214
31118533
31118704
31128833
31130246
31136234
31137349
31144881
31158014
31166865
31167295
31172140
31172637
31186639
31188908
31191076
31197455
31206145
31209204
31212145
31220319
31224798
31225367
31227161
31236317
31237010
31248009
31248312
31250951
31251565
31251651
31251954
31259505
31263922
31264380
31267251
31268650
31275840
31276416
31287074
31287719
31296827
31298004
31301504
31301525
31301602
31303776
31306671
31312979
31313419
31315106
31317053
31318660
31319128
31319252
31328625
31328671
31338579
31338676
31339064
31345357
31350395
31353188
31353493
31366253
31369455
31377490
31385681
31385837
31387186
31387992
31394077
31403486
31407471
31408319
31409155
31409774
31410149
31421106
31422720
31428264
31431317
31431569
31432310
31433734
31436832
31447090
31447143
31448506
31453001
31462722
31479181
31482084
31484816
31485293
31494838
31499398
31500023
31511831
31512408
31512725
31513049
31525614
31534848
31535013
31541826
31554241
31558906
31560932
31561368
31562293
31562403
31563509
31574632
31575917
31593759
31596848
31601768
31603338
31606777
31607209
31615487
31617145
31622540
31626235
31626464
31626996
31630710
31631768
31631783
31632273
31634667
31635467
31636320
31641352
31641561
31643872
31644084
31646168
31649667
31654607
31667817
31668422
31668538
31672979
31672985
31676460
31683324
31688616
31689914
31694338
31697182
31699910
31703292
31705160
31711596
31713111
31715649
31728514
31729428
31734806
31736453
31738718
31744128
31747800
31748202
31748737
31760276
31761298
31763713
31764542
31766102
31766278
31773402
31777555
31777709
31778765
31785858
31789456
31797942
31803307
31805492
31811025
31811984
31813570
31813930
31818518
31819500
31819515
31833200
31834201
31837114
31842194
31843128
31844414
31844467
31845460
31849548
31856215
31860751
31878546
31880815
31882103
31887466
31887735
31889464
31891367
31891847
31892289
31893906
31895001
31902356
31907265
31908164
31909682
31909704
31919554
31923832
31925172
31926526
31929581
31930502
31930598
31932042
31935697
31937640
31940116
31941668
31943119
31945784
31946446
31946668
31948211
31951662
31951967
31954518
31957289
31960182
31962452
31966060
31968552
31974640
31974872
31976226
31986213
31988181
31989474
31995113
32001709
32004730
32006698
32023809
32029613
32038522
32041036
32043832
32054721
32065541
32065624
32065696
32070513
32078332
32079650
32079756
32080040
32081970
32084735
32086838
32101164
32102801
32102981
32104860
32109996
32114570
32118403
32119563
32121342
32133313
32138457
32144044
32154926
32159172
32159737
32161559
32163076
32163920
32174478
32177469
32180353
32182070
32182260
32185324
32185624
32187681
32188807
32190247
32191288
32199365
32200384
32203261
32208995
32209304
32212157
32217369
32219266
32222425
32235194
32235446
32238531
32240257
32241734
32242265
32244163
32246575
32250842
32261720
32262277
32262728
32272739
32276072
32287432
32288681
32289939
32290491
32291134
32291224
32292023
32292381
32292972
32294811
32298620
32300144
32300368
32302017
32304660
32305482
32306543
32309040
32316666
32325098
32333116
32333240
32333499
32335107
32340511
32343280
32345488
32352498
32352848
32353250
32353499
32360772
32361113
32361797
32361938
32362796
32365537
32365649
32366248
32370791
32371092
32372178
32373913
32376358
32377331
32379681
32386725
32389590
32390084
32390565
32406594
32409459
32410289
32419639
32443540
32444603
32446191
32448335
32450570
32451867
32453376
32453538
32454680
32458143
32461390
32461675
32462492
32462764
32465581
32467899
32471356
32471923
32477332
32486963
32487050
32494351
32498062
32500758
32500780
32505961
32511791
32511877
32512868
32513334
32514136
32515167
32515873
32520892
32521084
32521111
32522806
32524171
32526640
32528442
32529375
32535070
32536105
32541743
32541839
32542632
32544447
32544939
32552709
32555850
32556136
32556320
32561635
32566978
32567317
32571474
32572069
32572733
32582472
32582603
32585544
32589128
