43221649
41287492
37638400
27896356
46345088
16187074
43686943
47663542
40574364
4803181
38300443
37124606
47389416
31394077
47176019
29777439
36353300
30348316
31287507
47698924
35949017
1701337
29650066
47628530
46506990
30229260
14505171
44070277
1313728
47368273
46001613
869561
30136276
16652077
47318977
43376737
45692230
47253962
41359295
42297858
47188647
38032583
35848891
28137
37590878
46323667
47193351
46752967
41285607
46969039
47054439
46989825
43956641
46752747
2756024
2864498
16050617
46487027
32685060
35959134
34664661
34039531
36080478
30283038
38535689
46670601
37835801
46012061
46818054
46814309
156376
39007267
37350815
13797691
44902260
40903138
29931219
571983
46719341
45479614
46771538
35704433
46795141
32444603
833768
38504120
596167
40755081
35586471
33012343
34498981
34673542
9134
31641561
46751093
45830718
35867886
45787273
1474421
44165505
954639
35648534
39645605
45450183
46219823
514070
29027196
2534908
39688519
2831258
46006290
44459233
41569682
193832
27089110
38001692
20329657
44442114
37609810
42993963
43502686
6796441
34021836
37545051
27453715
41250206
40328496
40517135
37296920
31677098
1373118
37794049
38866331
40272459
181052
33432979
27966128
33471284
37234673
39692938
39442196
34261097
33187551
36865090
37873266
39044749
32513129
32377196
1634403
6490561
20172814
522830
38594007
38838215
36991232
38421243
30101195
36299528
29653756
2418850
29596609
32353250
228748
1688338
2980110
31649667
549368
33596861
32376022
37043833
32130725
32522806
564812
1200306
36292045
1895100
36340477
27908659
35059806
1877530
36216678
14788301
36067342
35976180
3160979
29616322
29663232
35791948
1080527
15559884
35708442
34508594
6880751
35708359
34094217
27757705
35643370
8593571
15601971
35553707
34819320
1397526
35580368
32996537
33800568
2811256
886367
35501335
502382
33146438
35444250
119376
27103804
35150294
559985
31448506
790656
27615484
11798
36050
11229861
35205795
34090270
20327749
34385049
33811255
34372926
35120107
15997624
27294685
201632
