45968710
37078428
44545745
31478552
47997114
47267180
38607770
44011125
3119605
37546190
40678592
29777439
39410289
47698924
46828838
30229260
36270805
833768
32561562
31781162
47404851
41436722
1964526
35848891
38215952
30136276
44599867
14505171
42223633
8859801
45525248
29931219
37590878
45760437
35959134
9361461
46487027
34039531
43519671
33667720
13825821
36957144
34664661
30283038
15652765
44902260
885936
480783
31797942
35600879
34935669
37183393
40903138
46312370
38504120
16692985
15610035
34656089
31759977
31140147
596167
44165505
135052
33012343
44513121
31641561
38538968
43565942
46734922
46001613
954639
36954591
45113964
46607562
39688519
33298365
46153013
34306039
45303065
514070
46465268
35293985
45184976
37661640
44412070
16050617
32113657
40344160
37951232
42046778
43712100
757801
46315435
37290276
46046013
1085145
34714895
36496295
37321660
37938734
37177606
40144312
43413766
46213120
42162600
336159
46209499
42314463
45521473
45132026
45818068
46119721
46067854
1683427
43104337
1029377
253770
34884676
34595388
43740077
44459233
4132931
36783488
1528078
41856164
39243483
502799
42586385
45787273
44775968
35366575
33292729
34630035
38136722
3049907
45288716
31887466
1636716
36291955
36749107
41569682
30007773
27836164
9134
20478610
38001692
33178978
32638739
41283546
45316213
33061919
3032431
44283738
45365492
440114
41023720
29317550
44007420
33258697
29638879
42584673
34387564
30030878
33052341
31432310
31880815
35586471
39720820
36303628
30549617
24655228
34867697
39969276
42855390
27089110
44838960
1146459
2238228
20390872
32747470
16099995
16115955
40735688
16137460
45184352
45179345
44114714
45109725
44214452
45107850
41689901
31562293
36410518
34176815
16028388
44077883
31484816
44002493
32133313
36370607
32444603
41864342
40328496
39255036
43021651
2785044
31773402
37788492
36058595
36663285
20150803
44442114
38095687
44235508
35417620
44894326
3119206
44225465
41583566
954437
39853044
43686943
35192754
36934797
29004482
289548
44902124
39354233
31248009
36538189
7784011
44907674
31988181
33650487
38594007
34354588
15231521
35757014
2501972
36660866
39592726
36726098
11967091
29015921
15583108
37292467
20329657
14634791
13797691
39498303
35290150
33359260
31525614
34271915
10441301
37937240
40304817
1025083
41591751
3140811
31649667
33461345
38630457
40183722
44795147
34844519
30664623
33015800
42056861
42279793
16158500
1171095
1473720
20505799
35787021
1200306
15587234
37054012
42581711
35180320
32288681
6490561
37061663
36466227
1460367
31766278
119376
31172637
43601805
771064
16764574
34297224
43471503
12711881
37043833
35454432
1146169
33495562
1877530
36132341
11229861
35322329
32390084
42200942
40008024
1634403
6299361
15671315
20172814
35580368
16281223
350737
15623990
35008493
11798
43827158
565324
31172140
559985
139494
36050
44498531
44496314
43529406
15596225
37408434
34996525
32811366
20434801
34607668
34234753
30934422
34026370
