2627
11271
11798
36050
51268
73744
75554
90796
109049
119376
130444
144321
155840
169778
175863
177811
193832
205438
221655
237178
262121
270379
289548
319037
347700
469243
480783
489794
507308
559985
584335
587396
588088
591202
596167
608341
637481
659827
670478
721391
732615
734353
800122
831760
842663
843703
852997
887137
910150
919798
954639
989836
997522
1003778
1029377
1040009
1052741
1077375
1079677
1083900
1085145
1114951
1150010
1171095
1190958
1200306
1218856
1242418
1248437
1258682
1263950
1284048
1289194
1293088
1424967
1466311
1470788
1559068
1564659
1589279
1612850
1615358
1634403
1815501
1877530
1895100
1942238
1987852
1988546
2050286
2112620
2162396
2260450
2322658
2515676
2630504
2738540
2741868
2781112
2785044
2811256
2841392
2875100
2987484
3041370
3092941
3109509
3153572
3194851
3974471
4059311
5658921
5815311
6299361
6425391
6541621
6791311
6796441
8620191
9366831
9567571
10112201
11229861
11429171
11967091
11985731
12128141
12711881
13797691
13825821
14171471
14466461
14623831
15231521
15578934
15587234
15640419
15671315
15701888
16006029
16017499
16072171
16728871
20172814
20201428
20314600
20329657
27019999
27437686
27441121
27550213
29015921
29153283
29311548
29638879
29942629
30007773
30008136
30236329
30412644
30538473
30601969
30700294
30772211
30967403
31089854
31232431
31260762
31421106
31448506
31476941
31525614
31546427
31562293
31654607
31923944
32066909
32069873
32091757
32182070
32244163
32390084
32444603
32581287
32637577
32747470
32854013
32976222
33004543
33015800
33052341
33150806
33235967
33323155
33442447
33455400
33461345
33467222
33530342
33548178
33565098
33633235
33656960
33687178
33726771
33748078
33791742
33811255
33931225
34021836
34068664
34123569
34176815
34202335
34239818
34253844
34268940
34288861
34297224
34387564
34398661
34581334
34595388
34617403
34661243
34725190
34829884
34844519
34933041
34990973
35008493
35021150
35149754
35199086
35200183
35241545
35322329
35356466
35450870
35495855
35497249
35566901
35580368
35586471
35640554
35649066
35727758
35976020
36008216
36042986
36086041
36138850
36195699
36300389
36313076
36353300
36413583
36479606
36488471
36532985
36538189
36634901
36660866
36845327
36957144
36991232
37043833
37054012
37061663
37096030
37140982
37177606
37190462
37191019
37313925
37321660
37425820
37545051
37553347
37609810
37623667
37642160
37668966
37754298
37788492
37850681
37855813
37859556
37878914
37892824
37921378
37937240
37987387
38001692
38012361
38025994
38067335
38095687
38099266
38112613
38159630
38181860
38182077
38200480
38215708
38285285
38292043
38297896
38410704
38531018
38594007
38894847
39007267
39243483
39257445
39276358
39345328
39480855
39498303
39624264
39956902
39958830
39969276
40117414
40157713
40194524
40228158
40245234
40284234
40304817
40328496
40344160
40375763
40378262
40387089
40398270
40465984
40479611
40595808
40648907
41150897
41172101
41306593
41388245
41441868
41474475
41477852
41514691
41591751
41688552
41689901
41856164
41871077
41891716
41895077
41907077
41963216
41985395
42056861
42104489
42156302
42162600
42200942
42213061
42216798
42235052
42314463
42452426
42468526
42581711
42584673
42586385
42592435
42726156
42873992
42892780
42986642
42993963
43021651
43097358
43098007
43104337
43332102
43413766
43471503
43477110
43601805
43611080
43612058
43712100
43778934
43885995
43935133
43956145
44127096
44129259
44215092
44225465
44442114
44459233
44572569
44605869
44838960
45107850
45109725
45140431
45142387
45184352
45184976
45205992
45256321
45298303
45516540
45574745
45864081
45984961
46006290
46314871
46315435
46444343
