9134
11798
28137
36050
156376
193832
204536
253770
289548
336159
350046
351192
478879
514070
559985
596167
650034
665378
667194
829690
833768
864262
885936
926081
954639
997522
1022861
1080527
1088854
1128707
1171095
1255710
1310439
1313728
1335910
1564659
1577861
1619907
1634403
1683427
1701337
1794077
1873720
1877530
1929708
2048324
2050286
2116326
2366960
2630504
2631490
2689610
2738540
2756024
2757462
2864498
3020399
3124052
3153572
3899521
4132931
5486811
5815311
6299361
6499981
6796441
7708711
7916571
8806041
9284821
11229861
11258421
11260381
11292341
11383191
11406731
12107951
12128141
13574621
13797691
13800251
13999431
14094901
14176361
14505171
14812671
15100181
15231521
15420311
15488901
15543988
15571126
15596225
15660807
15668079
15671315
15682149
15684989
15686171
15720671
15725042
15732987
15773226
15784404
15786797
15788179
15838855
15963536
15984702
15996864
16014613
16023595
16050617
16095809
16126486
16126919
16144874
16158500
16183214
16198933
16224278
16247911
16315933
16418911
16422502
16476418
16562971
16666837
16668298
16670224
16671343
16692985
16722901
16736479
17990947
20163391
20167189
20172814
20199352
20201428
20206645
20222842
20233009
20288746
20314600
20377207
20378974
20390872
20393398
20393812
20404186
20423884
20488540
20502946
20505799
20520913
20547106
20549524
20566834
27015865
27026872
27143143
27208897
27246550
27258745
27262186
27271669
27272083
27285241
27326260
27335269
27423088
27448792
27469405
27476845
27516697
27550213
27580840
27678505
27710860
27723103
27730765
27759853
27778402
27794818
27817105
27833914
27875651
27896356
27899406
27929411
27933340
27940490
27945921
27956412
27959120
28094275
29004482
29020845
29042323
29049099
29078907
29092290
29092461
29110506
29115386
29120606
29132481
29137284
29144151
29146330
29188841
29193093
29204736
29226796
29229734
29267953
29271233
29317706
29508476
29547599
29549552
29550313
29572067
29586089
29587269
29602231
29609227
29623794
29634535
29638879
29753961
29755139
29783073
29813096
29816829
29872546
29931219
29946275
30005179
30007773
30008136
30019562
30063257
30091099
30099408
30136276
30174726
30199711
30201822
30229260
30293968
30306225
30308846
30342405
30342989
30399536
30421457
30430820
30432497
30447866
30477116
30495067
30518547
30533152
30537884
30539715
30574224
30595909
30602284
30620864
30628464
30650361
30653274
30672019
30686032
30687749
30690891
30696473
30714402
30771002
30771053
30792986
30793655
30796554
30815116
30851416
30853443
30875510
30880975
30888881
30896737
30908831
30909560
30910169
30913462
30938678
30950357
30959209
30968273
30979502
30984703
30993035
31006690
31008709
31018576
31023701
31082396
31104916
31105569
31162617
31171284
31177680
31208581
31209429
31220497
31242112
31244623
31247383
31255056
31260730
31275198
31299282
31367431
31380549
31415390
31424694
31426693
31434864
31434986
31435401
31443545
31452160
31453422
31472094
31506450
31525614
31538252
31546568
31552702
31596411
31608890
31629181
31641561
31673853
31678848
31685648
31718809
31727017
31732011
31749821
31751400
31766278
31778909
31781162
31785611
31792919
31804757
31816223
31831218
31846940
31868776
31881161
31887466
31901254
31907966
31909011
31917120
31923832
31952311
31963873
31964478
31969779
31988181
31990415
31992986
32008709
32022144
32023936
32026548
32028081
32028416
32038462
32044428
32057327
32076044
32115425
32121230
32126568
32133313
32142385
32166650
32175002
32178345
32182070
32193813
32220279
32222019
32244163
32250473
32274112
32288681
32288741
32292556
32306543
32307849
32318929
32319353
32352078
32358247
32370155
32375547
32385534
32389904
32390084
32403950
32405998
32417188
32418999
32421158
32430037
32434430
32444603
32449093
32450928
32453967
32454918
32480275
32490033
32491420
32510395
32510447
32518481
32520555
32532306
32534874
32558336
32597724
32600182
32600917
32603445
32605159
32616046
32617761
32638739
32644716
32647331
32659134
32676884
32683473
32689984
32704677
32713577
32721508
32741784
32747310
32748415
32764561
32767745
32784666
32790952
32809446
32814547
32820444
32820954
32949699
32959728
32960255
32975445
33015800
33043550
33044964
33047427
33052341
33068994
33072704
33076923
33081510
33087251
33102396
33105336
33134309
33152013
33152763
33152852
33194995
33201982
33231488
33232042
33239512
33239773
33246687
33248937
33253230
33263363
33285049
33288756
33292729
33293908
33298365
33302933
33304216
33306168
33337504
33340154
33358862
33362491
33363703
33378460
33393608
33417824
33424474
33454630
33455400
33481426
33500262
33504195
33510539
33515944
33522190
33565098
33566238
33580855
33596879
33605067
33609580
33610498
33618340
33622365
33622499
33623084
33644815
33645272
33662881
33667720
33667738
33671983
33713057
33725727
33739595
33741778
33741969
33757360
33781836
33781838
33781843
33783125
33797837
33798083
33811255
33823536
33853573
33860932
33865243
33874947
33881883
33886445
33900379
34021836
34025207
34029339
34030646
34032109
34035700
34038754
34042846
34049054
34056853
34071432
34071707
34078104
34085540
34097233
34099270
34102371
34107830
34126366
34135252
34145270
34155332
34176815
34191713
34202335
34207298
34232272
34249140
34252463
34265951
34268940
34271915
34280538
34281313
34281351
34281762
34296751
34297224
34306039
34309872
34313704
34315520
34328467
34336996
34353186
34360801
34367432
34379186
34387190
34406528
34418394
34429034
34450376
34451070
34459506
34460463
34460855
34488307
34502942
34523776
34541245
34544771
34553280
34561206
34568997
34571044
34576685
34584295
34595388
34613310
34620632
34622747
34626894
34646583
34656089
34664661
34690083
34697212
34711484
34714895
34737170
34752860
34753806
34824941
34829884
34840299
34842004
34844519
34856429
34864354
34876700
34876884
34884676
34889479
34890909
34896993
34907725
34910562
34921567
34942025
34951373
34951809
34956850
34963255
34970616
35008493
35017401
35021150
35028208
35035809
35038777
35066726
35068530
35120025
35120487
35128270
35157717
35165069
35173049
35182709
35214082
35217380
35218210
35229113
35262809
35277072
35281191
35305571
35309879
35322329
35323206
35340305
35352092
35356466
35376078
35390767
35400172
35401790
35413131
35414813
35417620
35425599
35449336
35455246
35462175
35495855
35497249
35542573
35545076
35580368
35586471
35594084
35608300
35620598
35638688
35652721
35656267
35671068
35677225
35693562
35736266
35739547
35762299
35762882
35776904
35818109
35848891
35853357
35867886
35868685
35876802
35880131
35896231
35913436
35959134
35971388
35976020
35981292
36009182
36018095
36049109
36058595
36069276
36082591
36097095
36117940
36132341
36143876
36149962
36161663
36168038
36200075
36203865
36223368
36225038
36234567
36235027
36261291
36291459
36295327
36313076
36330119
36331287
36343713
36347157
36358059
36385640
36400299
36405333
36410237
36413583
36416487
36422122
36426498
36438540
36442947
36449254
36466227
36479049
36480714
36496295
36543206
36572347
36583214
36589202
36595236
36628625
36636317
36645695
36660866
36663285
36674621
36695312
36713305
36722553
36725559
36736662
36740013
36742453
36749764
36765719
36775060
36818199
36838004
36863105
36868744
36879771
36879805
36887514
36897030
36903891
36966646
36975063
36991232
37000812
37005980
37007228
37024372
37048273
37054012
37055834
37061663
37075133
37095337
37096030
37097386
37110563
37111669
37112222
37114522
37124606
37125474
37130275
37162530
37183393
37198420
37211118
37217446
37234673
37252351
37296920
37298833
37302006
37313925
37321660
37336000
37388511
37424380
37436558
37441025
37446326
37488877
37525676
37545051
37556785
37573558
37609810
37616095
37619643
37638822
37654415
37671325
37676076
37681738
37743684
37748901
37779942
37788492
37789181
37789262
37817928
37817931
37825199
37825261
37835801
37850681
37854231
37855813
37856285
37867981
37871689
37875385
37881105
37903768
37921378
37933184
37933284
37941307
37941413
37951232
37957512
37962279
37973496
37984976
38007503
38012361
38014261
38030993
38067335
38095687
38099266
38113311
38153176
38167586
38182077
38215952
38219428
38233270
38252875
38254372
38254966
38303324
38327333
38375804
38387223
38470268
38502299
38504120
38535689
38579246
38594007
38595944
38607802
38612702
38630457
38650563
38653599
38666268
38677225
38693077
38742141
38753421
38782942
38794919
38799172
38800942
38803386
38823095
38842713
38843650
38845853
38846002
38847269
38847282
38847687
38859401
38870132
38871587
38923533
38927846
38975743
38989843
39037400
39065233
39069878
39089773
39091040
39139545
39140353
39155143
39194789
39203993
39207405
39210199
39211611
39243483
39277677
39288905
39302143
39320909
39348118
39442196
39473731
39480855
39536639
39561421
39604976
39620590
39620684
39645605
39658209
39662514
39672592
39692136
39752681
39758427
39762702
39777498
39802210
39818401
39952106
39967596
39969276
39974369
40000914
40047623
40087676
40091476
40138513
40163552
40168236
40177008
40183722
40201861
40202215
40251458
40284916
40304817
40328496
40330818
40344160
40398270
40555260
40579994
40593603
40594139
40596747
40611069
40632645
40678592
40684185
40716894
40720638
40723870
40735688
40746157
40755081
40759170
40817684
40818502
40854972
40865490
40903138
40905010
41025758
41039652
41050256
41062588
41110482
41128286
41170699
41183184
41191945
41250206
41264496
41280317
41298037
41333427
41362429
41395464
41398626
41415792
41420682
41441868
41458242
41458347
41514691
41587978
41591751
41632851
41645642
41655329
41689901
41716456
41763343
41766024
41791843
41841332
41856164
41886838
42013572
42029149
42032081
42046778
42056861
42058403
42116343
42130275
42162600
42213000
42213061
42250354
42251252
42256369
42257407
42276623
42279793
42297356
42297858
42309249
42344284
42392115
42508219
42536044
42584673
42586385
42587534
42592435
42634221
42699716
42712594
42726156
42727616
42749786
42820348
42880064
42900919
42986642
42990123
42993963
43021651
43087893
43098007
43140368
43184223
43223932
43253008
43274312
43293449
43324078
43335863
43352198
43376529
43376737
43413766
43477110
43535978
43538615
43610974
43612058
43686943
43712100
43740077
43927363
43943505
43956641
43972613
43994164
44007420
44020514
44070277
44080668
44114714
44129259
44139376
44165505
44182551
44235508
44236153
44411672
44412070
44442114
44448367
44478074
44492100
44536810
44557064
44572569
44599867
44613727
44668883
44716053
44729966
44754418
44765103
44803077
44838960
44851715
44907679
44912477
44937585
45008845
45012621
45021886
45035775
45107432
45109725
45123381
45157117
45176306
45218678
45220079
45253219
45316213
45341403
45343032
45391268
45471359
45472865
45525248
45575711
45600807
45622192
45692230
45723642
45756987
45760294
45939372
46001613
46012061
46094663
46213120
46258400
46312370
46314871
46315435
46323667
46328326
46391960
46460586
46465268
46487027
46496715
46547723
46659603
46671544
46738537
46789268
46803804
47004168
47099134
47161414
47167119
47181525
47188647
47223195
47234878
47249961
47324560
47351929
47389728
47408097
47408424
47439872
47448131
47457041
47462111
47467904
47468825
47495976
47643432
47835931
47871442
