46471114
46442278
47857021
46345088
31478552
47752135
47997114
14382921
36995972
38607770
37864378
1059426
46936911
37078428
47663542
46473934
29524682
43077186
117520
2570456
47940543
47623937
1546518
41663718
2680626
4803181
39011023
29316968
40574364
47883444
43158835
43236174
1375382
46185226
47799520
34656089
40519201
45505081
38296369
149574
37750044
29777439
47389416
47665460
47767266
37208712
975165
47728664
47736866
30692628
37273877
47698924
7128081
39410289
24655228
46635654
45756987
47645071
44536810
47630757
39140353
46472758
40464318
2491948
32676884
4917821
1313728
46659603
47526733
45803840
47527875
47516299
30161279
14505171
47508580
43894753
37124606
44070277
219392
32561562
33860932
1701337
47482793
47454267
47427344
47452882
40730287
31781162
47417343
47440760
47414919
47439523
37333669
47414616
46477152
33788293
47408796
38215952
36748465
40168236
47392486
30136276
41576793
47387143
47378292
44599867
41655905
20163223
47351929
20163121
36523232
47188647
47176019
30283038
45692230
3020399
15596225
45002913
47265284
47226796
47223195
47217989
37808009
47161414
44189226
47188455
31901303
16030160
47185038
46323667
7451421
47178996
9669531
2825932
2020832
885936
35949017
47167119
483945
38609195
37590878
31421106
156376
47053180
26105
36261291
16652077
35959134
46133173
46487027
13825821
40388727
46970212
34664661
32653535
2864498
45558296
46928215
32602742
37355927
46934592
45392282
37183393
42173196
39645605
46907305
40903138
42090563
29931219
46847085
43176830
38504120
833768
1555317
31759977
753758
42003675
34921172
1534380
1354597
46760637
2490328
46752163
5416941
46132779
46734922
810427
46725536
43760470
1085145
45800673
2389568
44165505
46628839
39886727
41928997
44902260
45113964
45865577
596167
46489649
46619169
16050617
30790382
45817609
46529377
31409774
45818068
43463868
2808072
46600527
42297858
3043392
46528393
46528308
46528297
46528285
34884676
33012343
30281112
39688519
46500335
46513151
46500264
46546063
46500222
46500193
46500180
46537646
46500161
46001613
43200405
952584
16117522
15724439
39423203
46500147
46500125
46501547
46517772
723052
46500046
46500028
46279408
46499986
46499955
46499921
46499426
46499398
46499308
46499197
46499169
46499138
46499104
46499087
46499043
46499017
46498974
46498994
46498950
46498885
46498865
46498820
46498788
43199861
35704433
35309271
787652
46494637
46219823
45830718
46481292
32409459
514070
44412070
46465268
4873751
35654053
35703455
42157258
46437645
46437028
46422871
33548178
46429776
46425603
46425104
46213120
38579246
37951232
42576727
44851715
45531017
35024888
5593911
16087421
37788492
2833210
3039342
36167527
37177606
46006290
46046013
42530973
40344160
46314871
954639
46315435
37321660
46313870
34714895
35208076
2219624
32636782
43655893
37005980
35874337
43603188
42734274
46223657
46221991
42493854
45082986
45876116
5216031
16060886
40940986
29131195
36614252
45521473
46133800
40877485
46120286
46067854
33741778
46073472
45184976
45760437
46060844
38183281
43104337
1029377
31887466
43076820
33864894
16113739
34039531
37639320
41023720
4132931
44459233
45817836
1672546
1564659
857179
34595388
45838136
9134
41172101
40875351
31499398
37112442
34232185
36355207
4045281
2319140
35417620
45770929
15700661
36409577
45739812
45738376
45724109
45721209
45720045
45663081
37178045
1656484
33580073
43701102
45575711
36092519
289548
41856164
45516540
34176815
42177082
43453841
42162600
44007420
44225465
45417476
45316213
35279376
40131983
45426599
44492436
31562293
40228776
39539062
43021651
36271156
43519671
33283510
44648586
34387564
42584673
44214452
37775536
35300210
36964504
36838596
31727017
41390926
45242863
41834390
36934797
45109725
35617157
45205992
41060226
42586385
15706969
45109843
31962476
36076438
45158155
1873720
45107850
40735688
45127947
44758835
45107432
15640419
34844519
44208313
45084328
39255036
29004482
36663285
2204776
31766278
336159
339390
38468690
44269315
20329657
147072
44978239
771064
41583566
36496295
41128286
39354233
36538189
27948588
11967091
31988181
44862282
44129259
15583108
40871742
39498303
43686943
33461345
36660866
3140811
35787021
12128141
20505799
32288681
39747150
1146169
15231521
16764574
2763488
34297224
43275833
32390084
36161663
41170699
43275630
8892541
36058595
31172637
41300795
33495562
33650487
44611598
44592281
42056861
43869336
38181860
44513121
29638879
44549852
44541181
33565098
44173792
73744
44440138
38894847
37623035
44081214
37583092
42468526
37121970
44442114
38095687
3049907
33731680
32390565
37937293
36645695
34315187
37609810
37583148
33052341
34074480
37623088
37582880
36900036
35848990
44332583
41011363
38708605
36713332
41514691
37592484
37133533
15963179
37562173
1346677
38067335
34419423
34243702
1200306
32444603
36661392
36941955
36625537
36351009
37567215
35690469
36933791
44240159
44229132
36233947
38012361
36253880
34268940
43208417
44022426
44203347
44186301
32419639
43612058
33455400
41103846
44171961
32363494
36863105
37054012
44114714
43566415
37061663
2141954
35580368
43956145
480783
34093276
39480855
29584654
538043
44011250
14220091
37075133
41386918
904061
1849364
36144287
43235113
3222393
917635
35332515
43916019
6299361
43933524
31248312
43533752
43535873
43535978
36313076
36413583
33881883
39380507
787582
31562403
350737
32133313
5815311
38870132
34829884
27756679
39887196
487840
541632
43698619
42993963
35200183
3028403
12471661
34094382
35971388
32352848
30664623
16126486
15754928
1648582
35495855
11506971
34288861
33564612
31314215
36200075
39604976
42184121
43140368
41591751
1929708
39432003
42213513
38099266
20201428
36824816
30026118
42235052
40708147
43292970
42986642
32389844
42425021
3115912
31883705
42592435
33823716
43233188
20310952
1398529
40274339
38531018
43206431
43205377
42946864
1910430
42946573
42946715
42584984
42946445
42946296
1214763
36295327
42945290
42537231
42943514
42943421
42499512
38564916
36140039
42499116
42845516
42504755
37779823
40571483
43018040
16027022
41587978
37921378
43032483
3157764
76773
35783624
39406531
37594761
42834550
42834311
2495956
42993059
230737
42845567
40571097
38066031
40456668
1504998
40536974
40536651
37867919
38066376
37867912
37780374
27364117
8158961
36142566
36266626
36234386
27799810
15542
4255031
38182077
42521842
38186614
34313704
37933037
42726156
33208975
39895988
33822124
30551173
41505538
32183085
2482814
40089827
32299566
90796
3989901
42213000
1975098
41547182
42259021
37313925
42536044
37855813
42504952
37993821
35322329
34405800
41923563
42447539
34427918
37216298
997522
34021836
6796441
412971
35773220
34804432
37045120
37098117
35652721
36863247
36295363
42181381
29534878
37096030
42170732
35008493
2215016
37871689
42104489
28137
37850681
36494446
41655329
35531087
842663
35586471
39969276
41973868
34526221
2721352
41763343
41905998
37204727
41477852
7708711
27208915
1556995
41879162
41886838
41803207
38123264
2831258
3543401
33015800
39822756
3153572
638731
41645642
41395464
38123256
39822000
360298
1406056
37094341
39820487
34470821
34798706
41250206
434713
39819805
39819713
39819640
37006981
41689901
15797480
41356307
41329606
41331077
781926
41665237
35793405
36400299
41411126
41251909
41329665
41328519
41327917
15710218
41327506
41399161
41398626
41602418
41601902
41601391
41600886
41280317
5048441
41327188
41572066
34110308
38777646
41325937
41326448
41325546
41568424
36168038
41293452
41287051
33194995
41292521
41291798
36753181
41291457
41430233
34641904
41291185
41290692
41289152
41285142
1565285
1080527
37545051
326443
1488056
41284427
41282351
41281733
41279434
38630457
32603445
32246575
41278978
2394508
41304365
31030722
41278044
37868273
14992991
30696473
41240864
36173179
38206730
2050286
194365
35980682
35404855
1223928
390411
37522074
39912827
40328496
29653756
34568280
34457060
40921365
16025345
15631017
34612882
39936255
1434768
34002836
1584313
30369218
1477035
33726771
33553623
1208410
185739
37627586
36479606
914041
33232042
34854922
35497249
37987137
1656009
37076955
27966128
39787374
1634403
2816076
39527142
38946650
6490561
3014848
33292729
311546
38053993
33471284
31313419
20172814
34855714
39010033
31009306
16074236
30291452
16014429
16094123
38594102
37636558
34535980
38671488
511876
38640178
32223295
37988042
34934984
35340499
30007773
7532751
36219143
36242782
34936371
38141504
347700
36115816
672965
38206511
37282818
169492
12180721
37880566
1478550
374221
34768668
36696017
13797691
228748
37593386
37635832
32276072
35997913
36573271
20328433
36342850
37405765
37383739
34714154
37198383
29064308
36583105
37120394
37043833
1082965
27564673
1041405
151503
32522806
36755323
32698748
10406001
33490641
31546456
182065
35155714
35983367
36292045
2954730
36327691
123793
33953573
33713157
2758268
1895100
36142896
36216678
36159055
9031231
36137424
14788301
27262423
1084014
1680354
33015359
35347656
30884061
7778321
35692247
31627400
29170535
1397526
34508594
183485
34873457
1388397
35553707
27294685
31448506
33146438
124891
353988
29058616
35282063
559985
78422
35251093
35400072
2670044
34947124
385838
29595822
32561635
33849889
32650706
34763310
1433568
33787840
34653922
34351175
2817412
34818170
11229861
802735
34759402
34736542
4150211
34681461
32556320
32044253
126300
33209104
6720231
30527987
32351827
9494801
29091894
34098622
29311179
31365609
34272500
30064861
32898389
33990343
29521709
8814501
36050
34111818
427958
1871494
34057308
235720
254965
2987484
2728334
33996842
16141632
33169219
2220672
30367944
1443249
27022432
33885833
33325882
7876371
41773
33818732
32789690
32181772
1053903
30548156
4948031
3057703
2299196
33720587
32068574
32092843
30452672
29610149
33438780
152280
33213015
15929370
15538879
2045010
32184655
446295
952298
30204077
33158741
32469392
600355
992829
4109771
1289194
31505270
32300613
32614942
32960111
33216930
33216911
31817490
32714052
16029199
792726
32327291
269592
234297
1605053
33063821
745974
18128
1108160
119376
32318473
33195907
977598
1630592
32544216
31760940
33128804
30848818
33117720
1294039
27254686
33051770
32047881
33025836
32308153
1725046
234782
72256
15610501
32961177
30242089
1085436
3193338
32935830
32935138
491825
30100405
29113599
3123708
10117591
3026272
335556
15812146
490152
418194
32739451
2082488
9270241
731740
1732897
617124
549311
31554685
31818624
15763159
27191155
7225591
2982472
31929867
31732959
1234202
3105081
296291
5553941
29126540
32442361
32331653
20510626
2512402
29292442
32629016
615562
32289627
13803811
1179102
1078333
31849548
31431900
676192
501524
3188521
30616300
9240
32572449
453812
31399655
108944
115914
848461
122012
487223
32130725
10483
8626
79361
16592425
2475598
2676352
29831504
32310145
360832
29124792
64016
895724
32235359
1067922
30109212
32217369
8128431
399868
734912
12056021
2533360
935189
3172294
31810473
32247146
15612119
421719
32236183
1014482
32233048
32225930
27789769
1119273
15806268
559670
4652841
15550136
2064342
20400568
31201667
63959
126299
32159782
355698
7395541
32094803
31008458
31000166
6310111
1402570
2599952
16186360
31673164
32166544
15619874
4412651
835228
1006917
32118503
173684
32055514
30918749
1039649
1663250
29266950
1266819
633839
215222
20241592
15785206
15824232
11516381
278840
32136737
2604976
790656
1557713
16114164
2472314
6422281
31845460
16023074
32113807
29169169
166653
420967
1163954
32122147
29179492
566613
675247
15684306
656158
31422604
380154
14483571
27814975
31128614
29196223
31847657
29015836
76934
2618508
31601794
1978756
1225514
16523863
30858081
30991114
31813353
29834163
323531
11798
31081682
16802494
455608
29797349
29078196
2534842
5329101
31798241
3136674
1877530
31463958
27912263
2088022
31460660
30286295
30286103
29216320
29191930
31151568
1261651
11780841
1088701
475864
31763733
31776152
30281024
31760622
31339739
31573769
31167336
30994009
30915630
31573251
30725891
27526126
31474098
30729024
31460896
29216241
30745356
31137992
31460621
31062448
15449131
30280854
31762675
31594404
29833993
381826
1253172
31096960
806183
1324521
27657706
30736117
31106267
29085822
31673678
718434
31718755
31718186
29048803
27962477
2871300
31697821
921625
12485
16569283
20429035
3189818
2147536
1864900
30426468
29219563
262121
31668727
573243
912819
15816217
2847986
3129144
200032
30222399
30308556
31583979
29540625
660465
29310453
31154255
29792814
353810
31487917
16169343
31318029
30922882
655533
8880081
31588678
29794189
30904957
29811206
29811120
12717
4355571
2818412
2466042
3751021
31562516
31559510
16695088
31554258
31552201
304985
3565161
30663039
31548034
31359571
1398925
31535849
703164
30765336
5578451
1979410
1436860
16623
108478
1906826
31291528
1620854
31436832
235933
31515516
349648
10520
31261841
1816685
27924403
804215
928525
29827915
29231809
30551638
31155866
15977065
31484461
22410569
29673157
30659132
29226123
15665530
28548
776919
29811414
1795727
30930393
2377874
2160914
11699631
1167248
42819
30711079
29099432
805213
10529761
30659221
30662886
108290
181052
30497563
321485
1349101
3025032
15770778
128693
