16073157
46057587
37078428
46345088
44165505
40818502
38413069
36995972
37962279
37864378
46473934
36497382
47663542
40982320
30664623
43686943
26105
47940543
14382921
46576248
40945157
37054012
35793405
47022469
46328212
37103833
46441158
46441283
46328525
46328326
47491543
34656089
47389416
34607339
37750044
47854978
30692628
42027587
31394077
35322329
47752079
47176019
1674665
44545745
30229260
6647601
37847929
31988181
336159
33567901
8896231
13825821
975165
41867272
36353300
36040285
47559898
41578923
30205043
29027196
44298062
44519246
47131837
47653635
350046
1642310
47651430
690071
35949017
45525248
13797691
40421756
45981674
47360336
41350753
42880339
36660866
35906528
3020399
43376737
8859801
16457329
38087037
34268940
44474780
38894593
1701337
37061663
34664661
1430045
35356466
32804997
47397948
46659603
9361461
37391952
40982067
47427344
36413583
31974640
14505171
47508682
44070277
1474421
45789566
33375253
2560106
32561562
41632851
1000103
38095687
47478439
36421773
76934
37183393
47487031
35532108
31448506
37512420
40903138
14522191
596167
37124606
119376
46554512
1313728
40202215
256652
33012343
31781162
1877530
47004401
34149952
47277109
46272525
36753181
31963927
30430820
40328496
869561
30136276
43098007
38443675
29650066
6299361
41871077
787957
33788293
44599867
47351895
36748465
833768
36058595
38504120
40755081
885936
37422961
35008493
350737
38215952
20172814
47223195
45002913
29931219
15596225
35580368
16652077
11798
559985
35555374
30283038
41569682
29638879
36050
33015800
34325201
42895535
1589214
38016570
8458681
35570653
35555519
12189071
35521641
35519157
35420267
35307351
35154361
35068401
35005749
34995699
33872799
34721005
627356
545706
33578790
34114008
27693886
34094217
181052
29253784
31713815
