9134
28137
36050
119376
182011
253770
359395
514070
521813
559985
596167
699626
770488
819604
833768
873799
885936
954639
1085145
1200271
1368322
1458875
1459073
1460367
1683209
1701337
1877530
2050286
2065544
2782366
2831258
3016166
4743521
6000031
9961841
13797691
14382921
15724439
16050617
16652077
20172814
27476272
27890118
27896356
29304864
29541566
29650066
29777439
29931219
30136276
30161279
30229260
30283038
30348316
30432537
30692628
31140147
31172140
31641561
31642395
31759977
31781162
31843159
32242126
32444603
32638739
33012343
33258697
33667720
34572318
34844519
35008493
35017071
35043359
35586471
35703455
35743322
35757014
35793405
35951610
35959134
36114451
36342408
36509586
36863105
36938953
37054012
37061663
37183393
37350959
37545704
37590878
38181860
38502299
38504120
38579246
39155143
39645605
39688519
40002256
40127134
40173386
40344003
40344160
40411972
40728967
40735688
40903138
41003588
41023720
41176843
41177715
41359295
41472241
41856164
41920765
42027587
42046778
42162600
42223633
42297858
42584673
42587379
43060808
43278032
43686943
43712100
44165505
44364584
44412070
44451964
44572569
44729966
44782872
44981469
45002913
45184976
45303065
45830718
45840412
46001613
46006290
46186765
46196797
46219823
46315435
46328525
46379939
46425603
46437645
46487027
46689782
46752747
46752967
47022912
47176019
47188455
47188647
47427344
47625282
47914269
