18635
35635
228748
256652
269559
315093
372945
379378
473792
509792
521702
549368
557062
559985
596167
736841
833768
885936
917897
954639
982859
1048011
1083535
1083680
1087253
1125595
1133478
1158040
1167248
1168351
1172173
1177646
1191911
1200306
1313728
1335076
1479008
1480870
1563276
1566112
1617151
1634403
1667436
1667478
1688338
1737273
1754125
1820047
1825197
1855734
1869228
1871834
1877530
2065030
2143600
2189616
2403978
2418850
2484002
2741624
2811256
4692961
4730911
5177711
5300141
5815311
6299361
6386971
8299991
8340561
9672131
10238281
10300491
10849971
14501151
14872221
15454111
15596225
15630576
15673579
15724439
15743396
15770433
15795748
15839028
16221779
16542148
16546777
16652077
20266684
20278264
20310529
20507014
27218551
27313516
27333568
27409432
27415270
27619984
27659596
27665347
27793480
27803710
27881025
27882233
29214705
29312560
29596609
29638879
29663232
29787255
29792219
29931219
29956289
30260600
30362045
30661703
30664623
30749672
30865334
30872897
31083748
31390621
31515179
31625469
31649667
31715578
31760048
32428327
32567797
32602139
32685060
32775926
32916170
32933356
32945102
33012343
33235673
33446198
33618340
33784080
33787323
33885116
34061760
34153850
34166817
34243702
34317777
34402768
34656089
34770777
34934984
34936371
35008493
35022051
35310219
35497249
35584508
35586471
35597894
35948177
36141185
36195480
36292045
36317339
36552956
36583105
36654419
36696017
36719575
36772025
36886397
37054012
37061663
37076955
37094309
37108085
37123750
37198383
37221599
37230188
37254757
37425017
37476703
37563071
37593386
37609810
37684601
37725674
37794049
37835801
37950741
38215952
38300443
38594007
39043625
39688519
40328496
40818502
40903138
40942864
40986045
41360562
41470977
41902274
42113482
42297858
42470092
42861852
43184223
43698619
43882501
44165505
44451964
44909512
45023377
45184976
45235954
45330333
45817836
46006290
46098995
46277257
46315435
47022840
47979931
