45525248
46345088
47663542
24980431
952584
36413583
46226352
47368273
47871442
37750044
149574
30161279
40574364
31394077
47632970
47176019
47665460
47651446
47734735
16652077
44298062
31287507
39410289
34951373
42027587
38420098
350046
47658877
38065482
44536810
46312370
43376737
47628530
40168236
46659603
30229260
46554512
40940986
45521473
47358620
44545745
1430045
44070277
47527882
35703455
31683324
29650066
2560106
14505171
219392
484918
47411493
41632851
29600334
596167
336159
47490869
47478439
44599867
36772578
47484822
44270317
33012343
37183393
1313728
47457041
47452605
47349661
30136276
33788293
34884676
885936
833768
38215952
38504120
46391960
41110482
47188647
37590878
29931219
2864498
47099134
47061639
43184223
47020892
46533121
46533046
46532857
47018521
35959134
514070
37788492
34664661
46991491
45235954
46133173
36080478
42297858
16692985
40903138
46532273
46532233
46532128
46531466
46957122
4993381
46956493
46531170
46531118
35564105
42698273
2831258
38538968
46001613
46671544
36954591
16050617
36342408
954639
35309271
46481077
31248009
41018492
46213120
35021150
44412070
46448674
45184976
46437028
38579246
36143876
41871077
45450183
34714895
43712100
46315435
37321660
37177606
46012061
35586471
43078019
33741778
46129756
39662668
45770929
45531017
36167527
40735688
16575364
31766278
46001357
40818502
33864894
43383305
8507811
40304817
37425820
37928042
37165220
1470788
42880064
36783488
15231521
41856164
42468526
1564659
45787273
1477035
45756987
33292729
32444603
36887514
34595388
44775968
34176815
33052341
39969276
13797691
45316213
30736887
6455781
45225367
29638879
38391762
42584673
36682596
20390872
36058595
2186258
36808298
31727017
36726098
38630457
595215
8604821
45188944
45188156
39033410
45184352
45179345
44114714
39022392
43021651
2238228
35008493
42213061
45142387
15640419
45107850
20505799
38095687
43253587
289548
37114522
38012361
33015800
34856429
45025557
43610478
44225465
44163334
2365508
35482120
35192754
44442114
44283738
44129259
37964412
44884482
16028388
34844519
37313925
43686943
32288681
36660866
35787021
37054012
698395
34297224
38845853
44733463
44668374
38067335
37609810
33565098
31654607
480783
32390084
33455400
36863105
37061663
44007420
31525614
38870132
37921378
5815311
40421756
42508219
37191019
38099266
42993963
43334118
43302706
1146169
20201428
41591751
42986642
41386918
34202335
34886224
4255031
42950389
32182070
42726156
37096030
31934026
1460367
31970233
42592435
37855813
41477852
38803386
40397977
34021836
997522
37045120
42197749
27453715
35652721
37850681
37043833
37871689
42104489
36722553
30664787
41324465
36400299
41905998
41907257
41802346
36449254
3153572
41763343
41250206
36223368
41645642
41399161
31916219
2944724
39683755
39007267
29226796
37545051
33046106
35497249
35322329
37721141
40279483
38068431
20314600
31367431
33239512
40648907
40865490
34268940
40328496
40251458
2630504
38872920
31810771
15671315
40398270
40631775
40628591
40627866
33874947
32926201
2723410
40437157
37610865
40157713
32713577
38622085
3168506
31677098
38975800
2050286
31421106
1200306
40190658
5658921
36479606
38594007
40118591
30514259
33432979
40090500
32430037
2815434
33232042
15996864
39166191
35712328
36093463
37174539
842663
39938671
347700
34553280
37234673
32296114
33609580
29753961
29311548
36299528
39901985
39893216
2616396
35561457
37094468
31448506
33471284
39692938
33580409
1895100
38823095
34029339
30242089
30672019
30533152
39610258
30201822
31718809
34107830
33235967
39848909
16211694
37282818
36295327
39846644
35128270
15596225
33596879
33811255
31726532
35400172
27966128
37516540
27254881
35580368
37076955
11229861
1634403
32325098
35356466
39442196
32722150
36050
20172814
15543988
11798
559985
1877530
38812171
36991232
38153917
38068648
1167248
37825731
34274785
37028427
36887287
31429594
36595172
36384182
36147504
29564689
30411889
35249278
35206175
33200760
34668180
15566628
30123784
