11798
28137
36050
113863
121141
181052
210025
253940
347700
356041
438543
511876
534766
559985
596167
605070
672965
695919
905645
1043127
1043394
1083680
1137769
1164108
1167248
1200306
1236224
1314686
1342318
1460367
1546483
1634403
1688338
1737273
1877530
1895100
2209384
2227824
2695734
2785044
3109509
3129856
4255031
6299361
6490561
6796441
6906571
10570681
15596225
15623990
15790859
15844307
16022909
16432171
20172814
20261668
29029561
29244483
29534878
29545731
29653756
29956289
30101195
30161279
30240854
30410782
31120081
31313419
31649667
31789456
32004730
32198187
32325098
32556320
33446198
33471284
33800568
33811255
33877176
34240403
34385049
34555834
34611049
34725190
34770777
34854916
34936371
35246303
35315357
35428940
35468502
35472623
35497249
35520100
35583421
35583572
35584445
35584508
35652243
35652721
35757014
35814132
35814269
35814434
35891490
35919415
35922798
35948177
35956760
35976180
36013777
36085448
36148068
36299528
36304422
36583105
36696017
36719575
36769189
36838004
36865090
36905639
36991232
37023526
37054012
37061663
37094468
37096030
37108085
37123750
37162530
37221599
37230188
37254757
37282818
37563071
37576921
37722812
37855813
37871689
37871976
37873266
37991224
38141504
38594007
38594102
38962779
39010033
39137022
39380079
39826347
40459852
41250206
41670506
41850586
41905403
42592435
43722814
46551289
