4
10
11
12
13
14
15
16
17
18
19
20
21
22
23
24
25
26
27
28
29
30
31
32
33
34
35
36
37
38
39
40
41
42
43
44
45
46
2646
8438
8519
8877
8885
9701
9891
10094
10487
10912
11670
11798
11876
12148
12338
19023
19065
20662
21956
23148
23455
23739
23998
24989
26105
26971
28137
30857
31620
32798
36050
36859
38155
38499
38566
39663
39743
43344
44886
47244
47329
48114
48302
48746
48909
50427
50497
56181
57376
58535
60596
63856
68262
70429
71372
72256
73306
73744
74955
75898
76044
76773
77019
77331
77617
78433
83166
83440
83777
84265
84822
86720
86985
89490
89883
90796
95476
98317
99597
102083
102326
109282
109567
112629
113381
113863
114164
117640
118569
119376
121936
124519
125889
127079
127610
127793
128988
129131
129445
130120
130444
132010
132527
134413
136864
139600
139713
141491
141745
143639
144735
145769
147072
147576
150792
150943
152155
153989
155066
157020
158470
158963
159240
159918
164577
165191
166915
167705
169492
171433
173684
180049
180523
180604
181052
182881
182966
183124
184740
185929
190795
193832
193843
195691
200647
204536
208324
210233
210824
211399
213251
214874
219392
219504
220195
221797
224686
227510
228748
229746
230737
232353
232586
232727
234231
235277
236068
236628
237418
239964
245810
246463
249762
249789
249796
253688
253940
260869
261370
261840
262242
262955
266098
266781
268274
268813
269343
269560
269726
270436
273422
276167
278778
279202
279922
280479
280596
283565
285500
286457
287534
292488
296314
297101
301013
301225
303026
306442
308564
309205
310038
311546
311676
312799
313488
315089
316350
316428
317057
318325
319171
321334
323374
323494
324556
326035
326443
328275
328399
331890
333493
333859
336159
337687
337776
338875
340360
343974
348107
348582
349265
350737
351192
352498
353038
353634
354884
355980
356041
357237
357746
357778
365460
365557
368046
368213
370179
371193
372379
372677
372792
373149
374221
374779
375193
377670
377897
378177
381829
382396
384988
385607
386630
391593
395643
396408
398945
401716
408840
408993
409948
412971
414862
416693
417804
418879
418955
419147
422836
423574
425987
427248
431255
433814
434343
434713
436496
436667
442530
446529
446685
450619
451855
454944
455235
456957
461224
463958
464249
464428
469768
473133
475864
477575
478879
480783
486009
487203
487840
492864
496660
498854
504704
505735
506361
507749
508398
508958
511876
511920
514018
514275
521519
521962
536148
537358
538094
539902
541508
541632
545793
547999
552328
553822
555836
555877
559985
560401
562124
564681
570506
572288
573099
581469
582124
586454
587963
588950
590289
592937
595215
596167
597881
602551
614021
614988
620810
621502
635944
637781
643863
646319
649469
651369
652340
657374
657789
658145
659560
660093
661509
662517
663682
665923
667194
672965
673376
674578
684617
687191
690071
691098
692194
698554
699146
705891
706581
711894
711996
712206
715756
715883
716454
720861
722660
725205
725517
725532
725947
733372
733932
737354
737660
739417
740752
740789
741879
747675
757420
757429
757599
758455
761395
769159
776676
777605
781875
781926
784244
792456
795992
802359
805211
806003
806722
809357
813848
815583
816139
816270
819077
819730
821428
830845
831528
831689
842663
848560
852997
854738
864853
866939
868144
869166
872941
874344
880919
881021
881352
884575
887116
892387
892535
895038
895632
899089
903018
904061
909569
909982
914715
914936
915548
915591
915984
917635
918644
920716
923538
931954
933516
936611
937015
941885
943537
947424
948050
950759
953910
954370
954488
954628
956199
960766
962530
963678
966443
967541
970977
973621
977729
979013
979102
979815
982280
983723
986804
988418
988553
991182
995184
997154
997522
1000205
1001713
1002532
1009547
1010089
1013108
1016428
1017514
1018295
1026597
1030099
1030937
1031453
1037983
1041663
1042038
1050817
1051286
1051540
1054091
1055755
1056519
1057810
1058835
1064694
1067211
1068101
1069591
1080743
1082526
1082965
1088081
1091965
1096416
1100217
1101788
1110570
1110713
1111425
1112852
1113543
1113802
1114560
1117124
1123031
1124338
1126984
1127753
1132278
1132623
1133649
1133746
1134369
1136020
1142275
1145868
1146169
1146459
1147103
1153054
1155347
1156223
1156452
1157476
1160008
1161951
1163674
1163755
1167248
1167927
1168694
1169153
1169395
1171095
1172857
1173977
1179613
1180120
1180900
1183100
1187165
1192292
1196522
1200306
1201332
1206396
1207725
1208243
1212515
1214763
1215755
1218945
1219242
1223992
1224816
1227675
1227708
1228511
1229853
1232953
1236447
1236702
1239972
1246984
1247034
1250567
1252630
1254280
1254796
1256255
1257678
1258366
1267690
1272221
1278357
1282570
1284048
1284310
1285622
1289194
1289808
1292300
1292575
1294736
1299557
1301533
1301561
1303218
1304113
1306610
1307679
1310439
1311235
1312582
1320791
1325769
1329218
1331412
1334955
1335045
1338095
1338570
1341149
1341742
1346216
1349101
1357561
1359829
1361984
1368322
1370381
1374578
1375212
1378629
1380144
1380738
1381739
1383726
1385151
1388395
1392279
1398923
1401013
1401543
1402057
1402949
1404797
1406545
1408559
1410381
1411376
1412789
1418955
1420444
1429570
1432869
1441196
1442601
1443088
1443679
1445036
1450341
1454595
1458532
1459183
1460367
1473720
1477035
1479629
1485108
1498946
1499307
1500981
1502349
1504814
1504998
1506629
1507882
1508859
1512999
1514212
1515834
1518211
1519617
1522808
1522896
1526984
1531481
1531791
1534367
1535603
1537601
1538897
1539891
1542042
1552279
1554523
1559234
1559810
1562952
1564688
1565040
1565285
1567930
1571867
1572110
1575777
1577135
1577870
1579133
1588691
1589060
1589279
1599871
1600007
1600110
1604322
1610361
1616504
1619907
1626449
1628317
1628933
1634403
1642839
1645539
1648253
1648582
1656182
1656484
1660808
1661819
1662024
1663103
1664363
1668506
1669502
1672276
1673149
1674466
1677499
1677531
1677987
1679259
1679266
1681570
1685215
1686531
1688338
1688609
1688622
1692227
1692289
1695885
1696371
1703589
1706767
1707084
1707839
1709978
1710173
1711920
1718564
1725275
1725325
1725755
1727824
1737201
1738421
1749413
1749855
1753661
1755507
1758945
1761167
1769633
1781743
1784927
1787759
1788769
1790349
1794175
1796693
1803783
1805579
1812889
1818929
1824433
1826429
1836080
1840718
1847596
1858622
1858718
1861202
1868126
1869134
1877530
1887740
1895100
1910430
1920280
1929526
1935268
1938174
1962364
1962986
1964868
1970786
1975098
1981724
1999898
2002880
2018314
2027588
2028388
2030050
2030476
2035512
2037332
2041258
2043228
2045124
2050286
2052344
2053748
2056794
2057894
2058190
2064932
2065158
2066900
2073806
2078778
2081806
2091054
2092936
2098570
2104252
2107470
2108100
2109812
2119270
2128570
2136142
2136182
2138112
2141954
2145458
2148386
2152738
2153190
2167776
2170304
2171934
2182600
2185842
2188316
2189616
2190890
2196880
2209130
2215016
2225780
2227096
2228240
2232002
2232248
2245614
2248718
2249352
2252198
2265316
2268970
2270100
2270350
2280808
2308954
2311798
2330372
2339680
2349216
2351330
2353958
2356556
2374078
2376614
2380600
2382918
2383096
2386220
2394508
2408800
2410042
2416208
2423250
2429516
2434206
2438036
2449396
2452778
2457130
2468006
2469998
2474102
2482814
2485460
2494734
2495956
2508696
2512262
2513274
2517864
2522454
2526536
2531024
2543000
2544128
2550436
2558872
2566714
2571472
2588102
2589504
2592138
2600676
2607962
2614102
2620788
2624966
2625024
2630504
2634934
2636336
2644236
2644916
2647162
2647908
2648570
2656190
2662766
2663722
2666072
2676056
2677554
2686198
2689070
2698844
2705480
2709952
2714846
2715148
2717132
2720886
2721352
2722854
2723622
2728334
2738540
2740682
2744818
2777970
2781454
2796400
2798020
2810454
2811256
2814468
2827104
2827480
2836326
2836434
2838124
2847770
2851030
2854378
2860116
2860462
2870454
2887772
2888858
2908480
2909126
2910082
2910288
2911238
2915252
2920036
2927112
2927622
2930034
2942492
2944724
2947282
2955500
2956808
2960298
2963162
2963802
2969690
2972890
2992018
2995484
3015284
3017013
3017685
3019142
3019374
3020399
3025051
3029236
3029359
3030090
3032431
3032874
3034681
3040956
3043392
3046204
3046862
3049907
3050754
3055894
3056924
3057643
3062417
3062739
3064384
3069432
3071155
3081600
3081862
3085440
3085559
3088327
3089209
3089224
3089392
3095369
3096085
3099306
3100999
3109509
3109546
3109885
3110446
3110598
3113519
3115912
3116730
3120406
3120859
3122234
3124904
3129467
3133694
3134202
3134633
3142539
3149226
3153572
3157764
3163170
3165996
3166754
3168506
3168954
3170300
3178636
3183705
3187173
3187241
3192724
3192931
3198517
3206424
3212051
3214067
3215904
3219308
3219753
3222760
3223292
3223614
3226353
3228871
3229232
3229569
3230868
3233290
3233965
3236402
3238731
3239187
3302363
3316861
3352771
3397011
3406871
3421821
3431801
3442121
3494271
3643111
3670151
3706211
3729531
3744321
3767831
3773111
3783551
3851331
3867101
3880611
3899521
3931101
3973831
3996731
4061291
4064611
4096911
4100271
4115131
4123741
4125641
4178041
4182271
4184801
4192791
4206701
4223511
4232021
4255031
4289901
4300921
4371741
4377451
4442871
4455891
4486251
4603321
4652091
4688211
4730761
4768471
4808241
4845981
4873751
4882621
4957181
4981411
4992671
4993381
5046121
5048441
5110291
5125971
5213041
5240821
5280151
5360171
5375001
5460651
5505101
5529861
5617901
5677571
5718801
5788381
5789441
5815311
5889031
5908921
5921361
6129851
6221251
6243431
6276271
6299361
6311801
6355641
6359991
6397741
6441261
6455781
6490561
6495561
6571511
6624851
6641621
6668751
6734001
6743311
6763021
6796441
6833411
6856511
6865391
6906571
6934911
6990441
7011261
7074961
7092521
7121601
7184771
7211661
7266361
7294161
7344121
7386751
7459551
7465531
7540461
7573251
7602851
7608141
7636721
7639251
7708711
7768841
7799521
7855331
7876371
7910761
8000711
8040861
8048251
8089021
8123161
8127411
8158961
8174081
8246851
8292911
8319231
8329381
8331371
8357561
8422981
8504761
8530541
8580301
8600041
8620191
8690351
8751721
8754411
8769381
8792831
8804651
8820191
8878971
8889941
8892541
8899681
8988411
9036891
9158771
9206761
9284671
9287811
9293661
9312491
9328951
9347051
9347671
9392901
9407061
9500511
9602621
9608161
9670011
9714781
9762931
9802251
9826951
9855451
9914641
9923931
9945651
10021891
10046691
10076641
10092801
10144911
10148381
10149661
10171791
10195431
10240001
10243871
10295061
10443451
10455641
10651501
10671381
10711851
10778991
10804911
10827181
10843241
10887981
10888231
10929261
10939721
10988401
10994851
11004781
11022291
11022591
11033661
11084571
11111411
11172831
11188021
11229861
11287201
11300311
11314741
11345741
11388691
11390321
11401121
11514541
11536951
11553101
11574841
11614111
11621411
11633961
11638401
11662251
11743421
11818931
11833611
11839921
11924551
11967091
12117961
12128141
12197821
12231431
12245201
12386461
12393171
12440481
12471661
12591511
12711541
13704451
13781531
13797691
13825821
13981871
13999431
14026241
14059361
14087901
14107781
14157441
14261141
14379241
14380531
14418211
14449321
14466541
14501151
14532391
14576121
14639951
14651811
14658611
14688721
14690121
14712281
14758901
14769831
14771181
14812671
14871071
14896631
14920431
14923481
14962591
15063711
15108091
15145281
15161581
15183641
15386791
15420311
15459021
15488901
15525451
15538457
15555630
15556201
15559015
15566595
15567923
15569913
15574869
15578934
15588430
15592030
15594760
15594926
15596225
15598604
15602093
15612568
15614361
15614737
15623990
15643621
15648872
15652776
15653768
15655038
15664203
15671315
15674567
15681686
15683666
15683839
15685232
15686373
15687288
15690715
15693240
15695904
15697058
15698544
15701888
15706969
15707110
15717800
15718009
15721815
15725917
15737742
15748391
15752414
15756719
15758936
15783943
15787984
15791935
15794172
15794711
15796153
15797480
15799417
15801882
15809477
15814942
15815877
15828281
15839074
15844560
15936338
15963680
15969867
15988650
15991012
15992904
15994618
15996005
16000320
16002278
16003233
16004390
16018830
16024545
16027022
16031067
16031174
16033322
16035161
16036716
16037073
16038895
16039560
16045537
16045643
16050617
16054127
16058992
16060412
16062164
16065408
16065627
16068579
16071796
16074236
16086007
16088218
16089037
16091343
16095401
16095809
16098215
16099145
16099183
16099995
16103358
16103773
16104039
16104208
16105336
16110003
16126486
16126754
16127364
16129391
16131444
16136626
16141911
16143178
16153502
16154362
16156775
16157877
16163291
16164132
16166620
16167966
16169343
16174613
16180541
16196641
16198716
16205806
16206149
16206838
16212406
16214345
16214943
16218536
16218745
16219108
16221787
16224716
16225156
16231491
16256350
16267360
16280707
16281223
16283743
16288024
16299535
16317475
16321435
16344367
16345255
16353691
16360258
16362166
16370005
16396624
16420069
16420273
16423951
16429783
16431367
16437094
16444381
16455109
16470988
16477750
16487341
16498372
16520290
16526119
16544050
16551793
16551967
16553065
16555285
16560763
16564534
16566688
16579420
16582933
16601167
16601521
16630303
16636972
16644886
16655590
16658581
16660597
16672096
16694692
16740439
16740730
16741120
16751152
16775599
16781680
16791529
16867318
16980046
17010613
17782450
18081883
18797656
18875155
19957750
20150803
20166991
20172814
20177806
20193397
20201428
20210251
20222428
20261668
20264296
20265670
20279764
20286373
20296507
20312071
20313391
20334616
20339071
20363377
20366986
20390872
20412073
20420809
20436838
20445427
20482519
20528335
20539633
20558050
20563285
20564065
20574376
20575849
20810700
20810869
20811919
20855303
20863410
21078936
21175567
21367992
21429021
21641287
21662272
21737547
21900021
22023121
22333350
22488343
22659442
22696320
22700512
22856435
22947237
23082636
23163521
23491594
23550490
23635167
23650846
23979973
23990212
24132873
24202798
24294931
24308066
24328586
24387080
24402492
24522829
24524806
24550013
24817960
24868847
24920900
25081374
27014278
27040234
27050320
27055999
27057838
27078529
27084808
27089110
27108412
27109537
27110887
27115000
27119470
27122866
27135565
27154873
27155863
27158149
27181375
27194332
27206116
27222622
27225205
27242185
27246763
27253336
27253423
27260620
27264361
27275434
27291610
27352255
27357460
27364117
27364744
27375778
27384199
27391246
27391624
27397792
27408091
27421045
27428431
27431026
27431647
27433246
27434029
27434077
27446824
27449548
27453367
27453715
27457615
27470365
27482509
27498544
27507784
27514801
27520450
27527992
27548371
27549355
27552721
27571438
27572128
27584896
27645211
27645889
27646777
27647089
27664552
27693565
27695686
27699097
27710278
27744820
27780457
27799810
27871006
27871564
27873109
27881816
27881940
27882157
27888568
27891432
27907947
27915743
27917528
27917882
27922946
27926816
27927170
27928491
27931727
27934138
27937040
27942424
27955375
27962264
27963076
27963330
27964521
27965576
27966128
27969782
28006407
28094275
29007368
29009582
29012946
29015921
29019235
29022886
29023105
29048773
29053008
29053363
29053884
29055467
29055640
29056394
29057411
29058998
29063225
29074813
29076186
29077421
29080328
29083128
29083476
29088967
29089697
29090616
29094601
29099199
29100961
29106658
29117363
29124792
29130548
29131195
29135082
29135728
29137569
29142480
29144332
29145237
29148485
29153283
29155567
29157120
29158526
29159283
29161874
29162618
29165738
29166947
29169516
29173988
29176341
29181592
29183498
29191617
29192923
29194948
29204597
29211208
29216257
29223943
29226796
29233080
29233237
29241961
29249185
29250206
29258213
29264552
29266332
29268144
29281402
29286489
29291258
29297147
29303666
29304441
29307323
29307419
29311548
29319135
29331714
29333654
29501552
29502606
29510385
29511020
29519828
29531463
29532581
29533560
29534878
29535493
29543066
29543333
29544414
29551687
29554701
29559053
29559288
29567380
29573780
29576259
29580903
29582490
29584289
29584654
29592255
29597155
29597479
29602729
29610375
29621573
29622647
29637740
29640482
29646002
29653756
29671915
29752943
29753096
29779682
29784942
29787255
29791259
29791769
29793267
29794011
29797490
29801290
29804021
29810412
29816700
29830221
29831810
29832069
29870936
29882106
29886704
29887024
29889111
29889317
29896971
29899355
29902611
29923884
29956289
29957996
29994416
29995483
30004405
30008080
30026118
30035407
30037897
30040614
30054388
30057132
30059327
30063280
30064861
30075524
30085165
30086939
30101195
30120522
30136276
30142355
30143113
30149526
30151446
30169777
30176281
30177003
30179117
30192561
30244451
30245241
30251491
30272292
30314178
30329135
30351088
30369218
30388577
30397811
30398408
30411985
30418201
30420041
30426544
30429410
30433121
30434635
30444363
30453745
30454219
30464981
30469119
30472098
30484191
30490857
30491627
30498899
30501589
30501881
30518547
30524515
30526732
30529092
30539384
30540812
30550771
30551173
30553957
30555889
30567215
30570995
30574224
30596458
30606509
30607864
30614743
30615930
30619106
30620838
30627852
30630871
30633227
30642284
30651773
30653760
30658036
30659309
30664623
30664787
30665322
30665864
30669795
30682077
30685462
30689179
30692888
30696473
30705694
30712294
30714370
30717800
30725893
30727398
30733303
30736330
30774565
30774669
30789540
30789678
30828256
30831123
30832295
30835196
30839677
30854756
30856576
30860071
30872311
30873380
30884525
30884919
30895060
30899600
30900039
30903005
30903420
30914265
30914879
30923646
30924521
30963336
30984761
30994227
30998571
31007302
31009306
31020335
31030722
31032918
31050638
31057871
31059380
31061516
31082953
31083326
31089854
31098619
31100692
31107057
31111395
31124805
31130696
31131833
31135712
31142858
31166809
31172140
31172637
31197455
31204924
31206770
31208581
31209702
31213066
31217278
31221370
31225367
31229700
31238461
31239370
31246756
31248312
31265384
31267339
31285273
31286365
31289584
31298004
31301742
31311518
31313419
31314215
31314472
31315712
31316544
31317582
31322608
31333828
31337029
31344042
31353623
31355987
31358901
31364658
31367431
31384105
31387407
31392212
31392366
31392608
31392709
31394077
31401855
31402780
31405882
31409774
31414309
31421106
31429093
31448101
31448506
31451167
31452028
31452368
31466242
31468561
31468642
31471104
31472106
31478986
31480691
31491001
31495478
31498344
31499398
31500867
31518078
31524327
31525614
31535856
31539632
31543514
31546456
31549745
31555594
31557670
31564535
31575218
31585310
31588250
31594845
31596153
31608424
31612623
31614681
31614726
31614888
31622964
31628855
31639699
31641487
31642395
31644084
31649667
31649951
31651113
31654607
31668576
31670149
31675925
31676460
31699232
31699376
31699910
31700447
31700740
31711062
31718672
31729748
31731522
31749229
31765476
31773402
31775224
31777908
31785086
31787910
31789456
31789675
31790437
31808713
31814610
31817700
31819967
31820494
31831770
31831898
31833200
31836678
31841810
31845531
31850361
31854895
31858645
31861209
31863732
31866610
31868145
31879985
31880237
31880262
31882301
31887697
31890863
31892257
31901303
31910726
31913241
31913336
31916219
31918971
31925956
31934026
31943696
31943841
31951846
31953324
31954631
31962476
31972954
31974640
31976226
31985691
31995113
32007875
32016544
32018777
32021917
32037540
32047524
32048987
32050113
32053110
32055041
32080331
32087003
32096751
32110773
32115157
32115339
32121342
32130725
32133313
32140157
32153744
32154972
32157700
32165917
32175246
32182070
32183085
32185231
32188171
32191232
32192510
32198532
32209267
32209304
32216635
32222388
32224897
32244163
32250354
32253391
32257909
32261027
32262805
32266969
32268260
32272520
32276111
32279415
32291608
32293759
32299566
32302017
32306543
32306756
32311466
32313523
32322020
32325098
32327800
32331977
32333477
32337262
32346774
32352848
32353250
32362460
32362796
32363209
32363494
32370298
32372082
32376022
32377024
32377196
32378851
32385698
32387580
32390084
32390437
32419639
32421158
32430037
32431191
32440842
32442317
32444603
32446191
32446423
32454680
32454918
32458413
32459102
32459727
32461768
32468065
32473478
32488198
32494372
32498448
32512601
32512868
32514467
32514635
32517696
32522574
32522894
32543131
32546673
32547572
32553547
32554504
32556320
32560875
32561872
32569432
32582743
32592284
32598762
32603445
32623323
32624381
32624896
32626769
32628292
32630133
32643040
32647929
32649459
32654664
32666479
32669976
32672998
32677330
32677551
32681946
32683231
32683316
32691973
32699840
32701763
32706378
32711777
32713577
32718041
32722969
32722983
32725953
32731809
32748419
32752311
32762417
32764561
32769849
32775926
32779566
32781955
32784165
32788080
32803181
32803631
32814547
32820854
32821830
32823055
32823830
32833896
32835722
32844436
32846815
32854013
32856254
32864192
32866452
32868509
32868662
32868740
32879241
32886435
32895618
32928180
32929368
32931321
32946616
32949699
32957284
32960574
32966742
32972159
32976222
32997483
32999111
33002152
33004543
33008335
33010468
33012343
33015800
33016336
33020136
33044992
33046106
33047022
33051337
33052341
33062685
33066032
33076600
33093107
33102029
33108783
33119240
33137913
33139415
33142648
33146438
33150483
33152906
33162704
33174735
33187551
33193192
33194995
33199181
33202385
33208975
33210979
33227192
33231063
33232042
33233851
33235235
33236653
33239512
33245845
33246435
33247409
33259172
33266287
33284661
33287797
33292512
33292729
33295110
33305180
33306303
33307638
33309215
33312225
33321723
33329099
33351848
33352917
33354865
33364458
33368138
33424974
33428569
33432979
33443767
33445273
33445678
33445727
33446198
33454640
33455400
33468749
33471284
33476794
33481945
33486869
33493428
33500587
33520429
33521438
33522190
33523782
33528412
33533294
33540464
33541630
33548178
33551331
33558476
33564612
33565098
33580073
33583715
33590741
33594740
33596879
33605464
33610498
33618340
33621348
33628317
33644561
33650487
33655289
33656768
33667421
33667844
33672786
33673610
33694903
33696472
33700736
33710092
33718512
33719411
33721407
33726339
33731680
33741882
33748078
33760108
33767949
33774277
33780959
33780993
33787992
33796498
33800568
33804502
33805833
33816330
33822124
33823716
33825128
33832904
33844641
33848436
33850141
33856254
33860931
33868145
33868752
33873266
33877176
33877527
33880900
33881532
33881883
33887338
33887808
33901217
33901255
33924275
33927021
33928788
33934194
33936001
33953207
33954787
33956437
33956771
33965445
33967482
33974599
33984868
33992782
34002836
34020916
34021836
34029451
34034378
34043044
34051113
34051340
34055024
34059110
34064706
34068286
34070589
34079344
34084520
34085804
34085850
34087062
34090369
34093276
34094382
34094748
34099270
34102371
34110308
34111873
34115473
34116783
34123820
34125476
34128392
34129453
34130297
34151490
34155282
34157081
34158054
34158858
34168714
34174720
34176265
34181596
34186945
34191463
34191713
34193274
34193900
34194840
34200013
34201391
34202335
34213086
34221479
34224765
34226649
34240403
34253782
34257005
34257553
34261097
34265652
34266068
34268940
34271915
34281074
34282381
34285559
34285705
34286160
34286621
34288861
34294569
34297224
34297251
34299528
34306039
34313704
34315187
34323577
34331226
34336586
34336957
34341600
34351925
34352584
34354588
34365250
34374004
34377939
34379531
34385823
34387076
34396654
34397644
34399603
34403213
34405800
34407386
34428349
34432163
34432390
34448310
34448564
34451841
34453566
34453858
34455107
34459184
34460855
34461310
34463758
34466402
34470821
34472284
34475013
34491798
34501389
34507751
34511692
34512328
34517156
34524868
34542559
34545247
34548976
34554855
34561045
34562915
34572978
34580834
34581100
34598658
34599327
34610234
34612882
34612997
34636875
34639085
34645451
34658317
34663498
34664661
34670472
34670776
34688980
34705505
34710923
34711498
34715859
34716391
34730369
34731593
34738246
34741193
34746470
34748427
34751894
34753774
34761440
34761629
34768668
34777381
34784221
34785081
34794488
34796639
34797017
34798706
34804432
34804853
34815842
34819563
34824427
34828999
34829884
34830072
34832527
34833265
34840508
34841031
34843568
34854328
34861825
34863666
34870585
34874562
34884676
34885027
34886224
34887431
34892118
34903603
34904284
34915685
34920222
34933950
34934984
34937707
34945677
34947124
34950087
34959361
34959417
34960588
34961080
34962891
34968380
34980528
34981769
34985721
34988903
34998524
35000313
35008493
35015432
35018478
35025801
35034148
35036219
35042853
35047135
35049693
35059806
35062631
35066240
35071559
35082518
35088163
35093708
35108768
35114091
35114144
35126582
35133377
35139219
35141024
35141083
35149560
35153419
35173403
35182649
35191597
35192164
35198732
35199975
35200183
35206587
35207222
35212389
35223115
35240960
35242982
35245209
35246303
35247780
35252662
35257421
35266418
35270877
35271075
35275228
35276301
35277072
35292624
35294279
35299584
35299684
35310144
35310219
35310395
35317334
35322329
35325743
35335689
35337322
35343687
35344054
35355781
35356466
35366575
35376078
35380747
35394045
35400079
35405757
35407403
35408893
35416445
35418208
35432457
35445241
35447104
35447882
35448023
35454836
35455246
35455309
35459183
35459255
35469813
35470973
35474367
35479923
35481690
35481943
35482588
35490102
35491226
35495855
35497249
35499532
35510191
35510327
35525197
35531087
35536603
35541732
35555374
35555413
35561457
35564435
35568790
35572089
35580368
35581430
35586471
35592823
35595701
35597765
35608300
35612659
35615031
35615409
35628514
35628604
35637240
35640554
35644534
35652243
35652721
35656016
35656086
35658308
35658866
35662793
35663695
35664782
35669953
35673092
35678574
35688115
35689517
35690469
35690568
35697700
35703274
35709810
35712214
35727758
35727945
35735239
35737067
35747647
35752524
35756611
35757014
35757951
35759892
35762380
35773220
35785530
35793405
35802271
35810978
35811575
35816075
35817341
35818409
35823261
35826270
35840805
35848990
35854170
35856586
35856644
35869871
35875830
35882311
35884650
35889893
35904495
35906528
35911395
35913877
35919085
35919209
35919258
35919666
35920078
35922899
35932724
35939728
35950803
35955000
35956465
35956760
35967155
35971388
35973210
35976020
35976538
35988329
35997913
36006913
36009209
36014370
36018259
36033064
36035431
36036876
36039976
36042022
36042986
36045432
36045582
36045761
36052624
36058246
36069961
36076853
36077410
36078619
36088784
36090835
36092519
36095840
36109962
36115182
36115816
36119661
36124215
36132341
36133181
36136868
36142896
36143618
36145887
36149962
36158078
36159071
36159250
36161663
36162187
36166468
36166710
36168038
36168433
36170647
36174269
36175652
36180401
36180558
36203865
36204406
36214597
36215514
36222185
36222729
36223368
36225038
36231071
36233832
36233947
36234386
36238523
36239950
36241707
36241754
36242782
36244142
36244818
36247416
36252020
36253880
36255414
36262320
36266626
36271156
36272472
36274489
36275640
36276701
36279110
36288848
36289060
36292045
36295327
36295363
36296878
36298704
36299528
36305051
36310347
36311632
36313076
36317553
36320428
36323029
36323846
36324075
36327691
36328847
36331681
36332298
36335589
36338474
36340477
36341680
36342850
36347721
36350479
36351009
36351847
36352887
36368416
36370196
36370538
36371255
36381054
36381852
36385033
36385359
36390855
36392766
36399546
36400299
36401953
36402740
36404698
36405332
36405926
36406199
36407984
36409577
36413583
36415889
36416159
36419886
36419931
36425718
36425740
36429170
36429386
36432575
36436287
36437325
36437360
36448472
36448909
36452411
36458919
36468509
36468700
36468915
36474119
36478175
36480186
36487292
36490695
36494446
36495808
36495902
36496523
36504922
36507636
36518581
36527696
36552373
36556814
36557918
36558642
36559919
36569905
36573271
36573470
36579027
36582847
36583105
36588677
36590549
36593749
36598840
36602212
36607708
36623461
36623864
36629856
36644308
36645361
36645695
36648487
36650346
36654419
36656233
36660866
36661015
36663285
36665881
36668700
36668966
36669336
36669672
36677392
36677698
36693868
36696017
36703081
36719945
36721402
36722553
36727459
36731402
36737005
36742325
36746727
36749107
36753181
36762078
36762829
36765005
36769256
36776160
36780730
36784525
36787133
36791452
36791991
36804885
36808298
36808817
36809558
36810958
36814156
36824816
36834514
36838596
36846620
36849632
36853590
36863105
36863247
36865090
36879805
36881448
36886397
36889165
36893155
36894632
36896230
36896663
36900036
36901530
36905639
36907344
36908592
36920358
36925117
36938953
36947411
36957144
36960076
36968836
36974938
36988487
36991232
37001434
37004315
37007765
37011633
37016962
37017137
37021809
37021876
37022832
37023526
37026209
37027133
37030018
37035572
37040949
37043491
37043833
37045120
37047665
37048405
37049881
37050730
37051018
37054618
37057697
37061663
37067861
37071754
37075496
37076221
37076296
37076955
37079112
37079430
37084520
37087538
37087591
37094341
37095337
37096030
37101602
37103460
37103833
37103992
37107304
37111569
37117433
37119843
37123750
37124090
37127115
37128772
37129322
37134045
37135293
37140982
37146733
37149222
37150861
37165220
37168576
37171753
37173213
37174441
37174539
37178043
37183068
37183785
37191019
37191067
37193235
37198383
37201731
37211724
37216298
37216929
37217446
37217701
37218092
37222860
37227250
37230188
37230710
37234673
37234954
37244866
37251111
37251405
37253467
37254757
37267499
37275114
37282818
37289646
37295846
37295891
37297354
37313925
37316388
37320079
37322158
37322881
37333491
37334296
37336002
37341234
37349915
37351851
37355927
37367031
37374584
37374715
37382263
37389267
37391952
37413241
37423604
37432611
37433288
37435539
37452015
37457391
37459399
37460392
37471579
37474040
37477887
37480905
37487260
37495749
37499008
37500795
37501878
37511335
37513906
37516167
37516298
37516314
37516502
37519965
37525628
37526980
37537856
37538969
37545051
37550456
37555494
37564399
37565953
37573495
37575510
37580198
37580614
37583148
37584972
37586501
37586611
37588115
37590379
37590552
37592484
37594761
37598905
37602016
37603651
37609810
37611672
37612113
37613983
37616095
37617612
37619643
37620755
37621218
37622746
37623052
37623088
37623667
37624508
37627586
37631066
37631762
37635703
37636558
37640451
37642160
37643848
37649718
37656045
37656844
37658138
37667091
37668966
37672648
37672932
37681738
37684601
37686818
37690483
37693079
37696208
37700230
37701161
37709854
37714552
37715574
37719034
37719703
37721141
37721193
37721491
37722812
37724180
37725674
37727268
37730261
37732828
37734771
37746517
37752269
37754298
37756012
37756277
37772164
37772465
37772512
37775362
37778888
37779519
37779628
37781814
37782219
37783796
37784389
37790713
37794049
37804293
37815761
37817448
37818317
37821367
37822533
37823431
37830557
37832826
37833786
37836675
37845187
37848489
37850681
37852962
37855813
37859556
37862096
37863626
37864767
37867891
37867899
37867912
37871319
37871689
37871976
37873266
37877331
37878200
37878784
37881385
37885598
37887801
37904608
37910913
37921378
37922785
37925262
37928042
37928050
37929828
37933037
37937240
37940237
37946689
37950741
37959053
37959406
37962980
37963342
37963652
37968571
37971093
37971950
37974305
37976909
37978482
37979101
37984830
37987137
37987387
37991224
37991909
37991944
37993821
38001692
38007439
38007616
38009881
38010354
38012361
38017095
38017154
38018690
38025506
38028316
38030967
38033296
38034231
38034909
38042137
38042215
38048212
38050604
38053993
38061995
38066031
38066376
38067335
38074324
38075283
38087037
38088613
38089566
38095687
38098596
38099266
38099328
38101596
38103026
38105919
38115763
38115944
38122310
38125538
38127708
38134552
38135147
38140665
38141202
38141504
38141589
38142416
38143254
38151428
38152334
38155064
38164641
38170651
38170777
38174594
38177004
38181860
38182077
38182393
38185217
38186614
38186706
38197268
38198062
38202997
38204030
38206730
38208588
38209265
38209809
38218223
38219123
38226981
38227316
38229699
38231845
38246013
38246129
38251952
38252256
38252875
38275042
38275809
38282354
38285285
38293252
38293995
38297191
38303338
38308167
38314134
38316676
38317231
38326298
38350148
38353535
38354288
38354906
38361319
38363941
38367511
38374990
38376291
38381826
38389878
38400189
38400363
38408389
38418267
38421243
38422821
38428368
38439421
38450105
38458859
38468565
38472432
38483979
38493267
38494340
38494680
38531018
38535678
38536854
38545633
38545678
38549183
38553073
38564916
38566645
38580328
38593543
38594007
38594102
38597149
38605590
38606502
38607770
38609021
38611319
38613416
38614936
38622011
38622085
38622376
38630769
38631436
38635086
38640178
38640667
38642045
38647675
38647757
38648240
38649748
38650659
38654450
38655141
38659955
38661234
38663587
38669006
38671921
38673309
38677419
38684217
38699646
38708605
38713696
38721257
38745759
38750152
38752297
38759943
38763643
38766635
38768672
38777646
38785498
38803386
38827683
38829623
38838215
38852243
38857844
38859302
38861356
38862178
38867383
38870132
38872920
38873307
38874523
38885697
38885736
38886336
38887361
38889187
38892743
38894593
38894760
38894847
38896514
38906691
38911577
38912565
38925149
38928435
38930625
38934359
38946424
38949265
38958050
38962779
38963248
38967167
38971685
38975800
38980993
38984387
38991221
39006234
39007267
39010033
39011023
39023405
39025684
39033410
39048441
39054108
39054745
39061573
39079949
39086178
39100771
39101441
39105322
39117598
39128809
39128817
39139415
39141832
39147621
39147850
39151140
39164742
39165179
39166070
39174653
39178718
39181775
39184582
39186224
39194151
39202478
39204684
39206715
39212306
39214597
39216222
39216844
39242007
39249006
39255036
39257639
39267318
39290158
39292191
39297735
39298121
39311686
39322979
39325112
39325124
39327860
39333685
39336136
39347237
39349476
39359241
39362247
39371775
39374179
39377164
39380507
39386429
39395112
39397094
39400359
39406531
39421713
39427169
39428983
39433255
39433961
39437876
39446734
39452402
39456888
39457308
39462231
39469230
39480855
39484472
39493019
39494134
39498303
39498482
39500470
39501304
39516170
39517521
39530440
39537081
39539796
39545507
39549370
39557710
39583157
39588639
39590162
39594122
39595747
39595941
39604976
39605929
39605951
39606850
39610258
39619156
39632596
39634041
39641256
39644011
39652820
39654700
39655339
39655565
39656439
39657770
39657995
39662514
39666126
39667262
39670270
39693368
39696605
39701665
39701734
39701825
39702002
39702198
39702282
39702345
39702650
39702742
39703539
39703712
39703825
39704064
39704223
39705607
39720882
39721431
39722550
39725729
39728638
39734311
39737642
39744491
39747150
39767488
39776010
39781797
39810145
39816835
39818466
39819640
39819713
39819805
39820244
39820487
39821228
39821355
39821476
39822000
39822756
39824073
39824396
39824650
39825738
39826155
39826347
39826859
39826959
39826963
39829462
39853044
39855206
39858489
39866415
39874516
39877574
39884704
39885898
39889116
39890015
39892594
39893020
39895988
39899470
39902274
39904802
39905825
39906900
39922367
39927656
39927686
39936255
39937702
39940469
39954214
39956902
39958060
39958193
39958830
39969276
39970721
39977913
39978086
39978182
39978284
39978366
39978456
39978571
39978674
39978783
39982723
39984536
39988530
39997047
40005999
40015949
40026458
40031038
40031861
40033263
40051455
40075373
40078303
40078341
40098197
40107639
40113338
40113449
40114563
40116294
40130248
40157713
40158083
40166910
40172964
40177095
40179097
40183955
40184158
40199202
40205966
40208192
40227824
40232211
40232644
40245234
40249268
40250636
40267745
40268837
40269349
40272642
40272866
40273966
40274153
40274339
40274359
40274534
40274732
40275505
40275860
40284234
40287194
40287750
40296671
40297727
40299186
40328496
40338874
40357011
40360764
40369823
40374533
40386276
40387089
40395009
40397977
40405511
40405551
40405701
40406935
40407095
40413995
40421756
40437157
40444911
40450491
40453033
40455739
40456066
40456406
40456668
40462184
40465984
40474444
40478260
40479611
40484106
40488710
40495750
40504162
40504807
40509706
40511807
40520038
40525138
40526216
40536651
40536974
40551252
40551805
40553349
40566980
40569040
40570055
40571097
40571678
40577916
40589506
40596747
40600747
40626121
40628524
40629437
40631190
40636150
40638943
40648907
40654019
40654340
40658739
40674424
40674857
40675485
40681432
40687639
40695349
40701193
40703326
40704419
40708147
40714247
40714781
40715312
40719291
40719322
40720638
40721936
40726502
40740440
40744690
40745520
40751719
40757076
40757191
40758638
40762006
40767870
40771271
40771680
40772045
40774354
40779084
40779712
40781897
40782787
40794013
40800957
40801268
40812157
40814534
40818502
40818891
40820287
40829172
40831737
40836335
40837018
40837826
40839836
40846341
40849803
40851402
40851512
40852884
40856231
40856408
40860890
40865490
40867349
40868242
40870085
40889898
40899724
40902096
40908765
40915013
40915709
40920676
40921365
40936481
40944188
40946154
40949357
40956110
40957619
40959732
40960544
40963291
40963499
40969211
40969376
40970137
40970201
40970236
40970290
40970398
40972221
40972303
40972418
40972505
40972605
40972689
40972755
40976151
40980073
40981506
40982320
40986424
40987030
40987702
40988671
40990078
40990236
40992969
40995859
41002494
41003588
41006765
41007650
41009885
41011363
41014794
41018585
41022086
41023720
41023811
41029758
41031394
41035533
41036138
41040303
41041317
41046728
41047359
41047532
41051127
41060137
41062588
41063388
41075737
41082955
41084166
41084435
41087694
41096402
41096713
41099350
41100484
41101320
41111279
41111533
41124214
41128286
41133334
41141990
41144592
41167324
41170699
41171392
41176917
41183372
41183815
41197966
41199637
41202247
41207821
41209390
41213212
41216090
41218380
41220844
41225405
41226408
41228290
41237851
41240864
41244393
41247825
41250206
41251909
41266356
41268741
41269282
41270199
41272655
41278898
41279669
41279983
41280317
41283546
41284605
41286442
41287051
41291798
41292521
41293452
41294641
41297122
41300795
41303431
41304365
41306593
41312418
41314818
41314876
41315703
41315721
41315789
41320382
41322498
41324465
41325546
41325937
41326778
41327188
41327506
41327917
41328519
41328521
41328885
41329606
41335622
41342683
41349230
41349929
41350433
41361405
41362430
41363461
41378474
41386918
41388309
41396196
41398012
41398214
41398626
41399007
41399161
41407107
41411126
41412995
41418980
41420682
41426007
41428429
41428590
41428693
41428798
41428896
41429084
41429193
41429378
41429521
41429684
41430233
41435752
41436636
41441868
41442795
41443032
41445447
41450735
41452758
41458347
41461680
41464994
41477852
41491530
41499506
41504742
41505538
41511205
41514691
41517513
41519874
41520160
41533789
41539468
41547182
41548870
41552743
41552820
41560738
41561606
41568424
41570707
41572066
41577369
41580539
41582800
41587978
41591751
41593019
41593559
41601391
41601902
41602418
41603435
41619934
41622070
41622781
41627755
41634422
41636176
41642094
41644195
41645370
41645642
41648804
41655329
41657338
41660094
41663014
41663718
41665237
41666722
41669770
41670506
41676625
41680235
41683713
41686889
41689901
41704420
41711478
41714204
41723789
41729534
41730539
41741045
41742797
41744574
41752041
41752840
41759138
41763343
41765351
41769550
41771314
41775594
41775610
41775802
41783347
41789411
41791604
41791843
41799854
41802346
41804218
41812229
41821803
41826197
41835338
41836843
41840682
41851900
41852820
41852873
41855403
41855499
41856164
41860283
41865374
41873830
41877137
41879250
41879381
41882750
41884150
41885857
41894038
41905998
41907077
41914564
41924323
41929263
41934535
41942173
41944707
41948369
41951055
41954654
41955709
41959632
41960453
41961537
41963216
41963662
41966625
41973868
41977161
41978460
41979313
41992105
41992177
41992267
41992373
41992413
41992488
41992563
41992679
41992755
41992796
41992836
41993319
41998402
42010939
42018995
42021183
42032081
42033473
42040584
42056861
42065313
42074300
42081635
42087836
42090045
42094316
42101987
42103493
42104489
42104657
42104885
42116343
42121513
42125646
42127022
42129793
42145099
42156053
42156302
42156329
42159302
42162557
42162600
42165840
42168046
42170732
42174931
42177082
42177636
42181381
42181463
42181874
42183391
42184121
42195563
42200942
42205660
42209754
42211958
42212492
42213000
42213513
42216798
42218158
42221743
42227347
42230726
42235052
42239890
42242382
42249161
42249321
42249885
42251486
42253092
42253619
42254797
42255193
42257680
42262665
42264170
42266974
42267379
42271006
42273696
42278393
42279100
42287516
42290397
42290525
42291231
42296377
42298732
42301468
42306660
42309775
42311020
42313860
42317073
42320262
42323046
42328224
42329127
42329757
42341279
42344284
42346950
42356813
42364898
42370212
42370667
42371499
42372802
42372911
42377865
42378143
42381572
42382528
42386619
42390253
42394559
42399624
42403765
42406930
42416662
42419172
42419185
42419461
42420750
42420850
42423802
42424264
42424488
42425021
42426414
42427108
42427561
42428244
42429591
42433474
42433551
42444470
42445068
42445531
42447539
42448965
42452426
42452744
42461054
42462285
42462655
42464283
42464567
42464774
42464879
42464980
42465281
42465394
42465494
42477900
42481280
42482084
42486927
42488058
42491656
42491715
42496165
42496683
42496760
42499213
42499512
42499674
42504952
42505051
42505081
42505170
42505469
42508219
42509572
42510747
42512807
42521842
42525885
42527675
42528841
42528948
42532721
42533426
42535274
42536044
42536984
42537231
42538183
42538580
42543996
42544180
42544380
42544849
42545381
42549059
42554160
42556317
42559885
42562716
42566399
42568576
42568860
42569603
42574251
42581711
42584554
42584748
42585679
42586480
42592435
42595421
42596468
42598840
42599814
42615392
42615975
42618727
42622629
42628075
42630630
42634217
42634391
42640321
42641496
42642407
42643524
42647447
42648524
42656320
42656978
42667221
42672758
42673187
42673214
42678816
42681527
42686549
42696838
42696903
42696982
42697033
42697499
42698420
42698502
42698607
42699716
42700753
42703817
42712747
42713458
42723054
42726156
42729759
42741729
42742066
42742248
42742944
42743153
42744699
42747208
42747410
42748965
42750587
42751859
42757420
42763152
42766709
42773177
42773285
42773349
42773498
42775693
42777602
42779420
42779955
42780295
42785480
42793070
42798480
42800383
42800549
42803399
42804788
42808286
42809287
42809492
42809540
42809583
42809699
42822494
42827427
42834550
42840716
42841718
42842440
42845180
42845262
42845567
42845708
42845956
42846208
42846508
42849987
42852451
42854446
42855307
42855817
42860779
42870502
42873696
42873992
42877482
42884138
42888277
42892780
42900919
42905728
42906219
42913775
42917578
42922251
42925195
42925833
42926620
42930348
42930412
42936594
42939675
42942949
42943421
42945290
42945580
42946296
42946445
42946864
42955223
42963523
42965675
42972430
42974054
42974187
42974245
42974465
42974531
42974678
42974813
42974883
42975274
42985849
42986280
42986642
42993059
42993963
43001172
43005528
43008201
43009811
43014810
43015757
43015904
43016837
43018040
43020797
43025309
43026850
43029767
43032422
43032483
43036475
43047861
43052631
43052681
43052809
43052838
43052880
43052931
43052987
43053032
43053090
