37078428
47663542
36413583
40678592
31781162
37847929
47727670
979013
47427344
47534064
44070277
32561562
35703455
47470242
30430820
47452605
47134088
3020399
869561
47223195
2560106
30136276
46477152
36464174
44599867
47131837
38215952
46487027
33667720
47227341
37183393
14505171
37590878
36677803
16652077
9035721
36080478
596167
6499981
27128602
15611881
885936
40903138
34664661
42297858
31140147
40388727
46962368
33012343
46901479
16692985
29931219
514070
833768
41852820
32685060
46836405
36261291
34853053
38504120
35286589
46001613
46795141
46794154
46792856
39458854
44165505
44513121
5416941
40168236
34656089
1022861
16050617
46734922
46735203
46735173
39688519
46553815
44412070
954639
46315435
34714895
45303065
43712100
37321660
40144312
42162600
38252875
43924687
45521473
347700
40818502
42405041
45132026
33132170
34884676
46112628
30229260
16030160
33548178
35182649
37027429
40479611
15729279
37620755
2450842
36887514
35417620
43762870
45984961
43734740
35292835
2050286
43740077
44724275
32102535
4132931
41283546
45850465
30664623
16735069
35241545
32638739
41569682
44935421
34039531
34630035
31887466
43361093
42586385
45343032
34767125
20478610
41856164
41023720
41689901
42698273
45478449
34176815
1470788
35366575
13797691
29638879
206534
34387564
42177082
35021150
45342273
35586471
42584673
45290502
36058595
45259269
45253219
44838960
38531018
2785044
44572569
45205992
32747470
34867697
31432310
33292729
44182551
42213061
45107850
2145458
45084328
40328496
45032157
44978239
41583566
3140811
843392
31525614
41128286
32288681
43021651
36538189
11967091
39498303
34844519
40304817
43686943
33461345
40183722
15583108
44795147
16158500
39747150
42279793
34738565
7011261
771064
37043833
36466227
37096030
34271915
1146169
32335668
44700934
42581711
11229861
41170699
34297224
44621843
43463012
36161663
842663
38181860
42913775
44248822
41300795
35580368
44442114
15623990
28137
40498342
193832
33565098
42056861
36313076
33052341
43823170
38099266
20390872
38095687
12128141
29015921
36292045
29291258
31654607
3931101
37937293
37937240
34315187
2566714
35322329
31513049
37609810
1200306
3025749
44233189
36149962
32390084
39480855
35520100
44229132
34313704
36645695
8329381
38012361
44218348
32444603
34268940
43855044
44022426
41591751
44007420
35356466
44114714
33455400
37313925
43612058
38067335
44145362
36233947
38894847
39117598
1634403
37054012
37061663
36504922
30696473
38594007
33015800
44059715
39324081
41303431
36863105
38677419
43882475
37191019
15671315
40648907
15596225
350737
43956145
3222393
480783
42993963
35971388
6299361
1171095
20172814
43519671
41514691
37921378
4023721
39592726
1877530
31172140
31448506
119376
43008201
35008493
559985
11798
36050
36660866
43771479
43755072
43658764
43590777
43373115
43159836
42976937
42662939
42497301
42343548
42297730
42007565
41910433
41436057
40428450
39952008
39777851
39285232
39211772
38877231
38698436
38414258
38302491
37969685
37893900
37803493
37579484
37318228
37194562
37193683
37033363
36544257
36455876
36441990
36300516
35268084
1472806
35178489
3084520
8025191
33557317
