11798
26105
28137
36050
119376
156376
169492
193832
206534
219392
228748
289548
311546
347700
348802
350046
478879
497208
502799
514070
540439
549368
559985
571983
585962
596167
672965
785703
795542
833768
842663
885936
954639
979013
997522
1146459
1171095
1245109
1295513
1314686
1335045
1335910
1459183
1478550
1564659
1610948
1619907
1634403
1688338
1730685
1873720
1877530
1895100
2050286
2064172
2215016
2238228
2365508
2534908
2630504
2631490
2679824
2756024
2811256
3014848
3109509
3124052
3226353
5815311
6299361
6490561
6796441
7708711
8431361
8892541
10887981
11258421
11383191
12023161
12128141
13797691
13999431
14452661
14505171
14795971
15231521
15555630
15593037
15596225
15660807
15732987
15797480
15798598
15984025
15984702
15996864
16030160
16050617
16073157
16100727
16126486
16212222
16212246
16232017
16260118
16315933
16646392
16652077
16666837
16671343
16692985
16746733
20160124
20163391
20172814
20199352
20201428
20206645
20222842
20347216
20377207
20505799
20549524
24655228
27169864
27222346
27246550
27271141
27279832
27342751
27453715
27483856
27545314
27571639
27759853
27794818
27799975
27939131
27966128
29004482
29006803
29027196
29042323
29059263
29079590
29085349
29094584
29099432
29115386
29144151
29146330
29188841
29241433
29294658
29297636
29534878
29541962
29565591
29621512
29634535
29638879
29650066
29753961
29755139
29777439
29931219
30007773
30008136
30014080
30101195
30136276
30147283
30161279
30167634
30170097
30201822
30229260
30229703
30369218
30430820
30447866
30450833
30514259
30537884
30539715
30620315
30664623
30692628
30730860
30736887
30796554
30875510
30880975
30979502
31009306
31023701
31063177
31082396
31105569
31128614
31140147
31213066
31225367
31248009
31275198
31287507
31296211
31299282
31313419
31317011
31370412
31399812
31434864
31470988
31548792
31624275
31641561
31654607
31656728
31678848
31718809
31727017
31751400
31759977
31762662
31766278
31785611
31791987
31796649
31846940
31872445
31875972
31887204
31917120
31929012
31964478
31968230
31976226
31988181
31995113
32021803
32023936
32026548
32044428
32049953
32076044
32093420
32130725
32133313
32182070
32193813
32220279
32288681
32316002
32352078
32390999
32405998
32417188
32419505
32444603
32512935
32513129
32522806
32532991
32589552
32600917
32617761
32676884
32713577
32722150
32748415
32781445
32784666
32814847
32825687
32926201
32949699
32957543
33012343
33015800
33044964
33052341
33065423
33071491
33078683
33152906
33187551
33194995
33209801
33239773
33292729
33340154
33358862
33363703
33375253
33390952
33455400
33471284
33482505
33490434
33559034
33565098
33568310
33580409
33596879
33609580
33623084
33757360
33772100
33796547
33798113
33811255
33832904
33848599
33860932
33865243
33874947
33886445
33950814
33965861
34003400
34029339
34038754
34097233
34099270
34107830
34134004
34144099
34149973
34176815
34202335
34261097
34268940
34271915
34288861
34306039
34313704
34380026
34387564
34451070
34460855
34477458
34478940
34526437
34562915
34584295
34612997
34656089
34664661
34693688
34714895
34737170
34741193
34768424
34796639
34797161
34804853
34810706
34842004
34844519
34854916
34855714
34905277
34935669
34936371
34951373
35008493
35021150
35075325
35106960
35128270
35144816
35158730
35165069
35183050
35192754
35263799
35276623
35277072
35277356
35281191
35310219
35313339
35322329
35356466
35400172
35401790
35421705
35425599
35496332
35497249
35542573
35561457
35580368
35586471
35591503
35608300
35640554
35652721
35658308
35703455
35727758
35736266
35743322
35752174
35774419
35891867
35935521
35949017
35959134
35971388
36018095
36058595
36076696
36078619
36103145
36124425
36143876
36148068
36149962
36225038
36242782
36247780
36253825
36261291
36292045
36313076
36353300
36385640
36386526
36405333
36409309
36479049
36479606
36509586
36531703
36538189
36544939
36556814
36583105
36625764
36660866
36687586
36696017
36719575
36722553
36749764
36753181
36775060
36786436
36791241
36834514
36838004
36863105
36865090
36887514
36900426
36934206
36991232
37045120
37054012
37061663
37076955
37094341
37096030
37103243
37114522
37138991
37183393
37191019
37221599
37234673
37269182
37296920
37313925
37425820
37513937
37516314
37545051
37551899
37577828
37580198
37590878
37593386
37609810
37610865
37619643
37624508
37625144
37665863
37675919
37679396
37681738
37722812
37788492
37794049
37794168
37809441
37815409
37835801
37848489
37850681
37855813
37870985
37871689
37873266
37883177
37903833
37905185
37921378
37932127
37941413
37951232
37962948
37978482
37987387
37992647
37993083
37993205
38017095
38042215
38052185
38061995
38065482
38067335
38070302
38082098
38090609
38095687
38099266
38099471
38121509
38141504
38182077
38204030
38209809
38215952
38218223
38246013
38254966
38259161
38287724
38296369
38324937
38325288
38354323
38378358
38421243
38480926
38502299
38504120
38535689
38538968
38546417
38579246
38593924
38594007
38611506
38622085
38627207
38630457
38640178
38645419
38669006
38677786
38784116
38803386
38804825
38845853
38858875
38862178
38863405
38870132
38872920
38915442
38944799
38962779
38975779
38987674
39011023
39044749
39089055
39206715
39214103
39293016
39327860
39380507
39406531
39410289
39416253
39443120
39480855
39489443
39604976
39607549
39610258
39619494
39624920
39649310
39672592
39724327
39824276
39846644
39879586
39892986
40111027
40202215
40328496
40331455
40344160
40374533
40376269
40395143
40428189
40704419
40735799
40865490
40903138
40945157
40969376
41203402
41250206
41328885
41359295
41441868
41578923
41591751
41615480
41645642
41697293
41763343
41786229
41856164
41871077
41905998
41963216
42027587
42056861
42213061
42216798
42235052
42297858
42344284
42405041
42468526
42508219
42537305
42578963
42584673
42586385
42592435
42668751
42698273
42732096
42809699
42811248
42859337
42917578
42986280
42986642
42993963
43001172
43021651
43097358
43098007
43140368
43145135
43157446
43184223
43200487
43234187
43247373
43247831
43254769
43293794
43343175
43354340
43376529
43477110
43511625
43535978
43642722
43644657
43681234
43686943
43712100
43734740
43775670
43780728
43876331
43968096
44007420
44070277
44160258
44165505
44189226
44225465
44241334
44285272
44298062
44310134
44353689
44382330
44412070
44419960
44442114
44459233
44487748
44503128
44512962
44519246
44536810
44599867
44640077
44700406
44736514
44748278
44775968
44840226
44880372
44902124
44902260
44912477
44920123
44937585
44990668
44991240
45041699
45068149
45109725
45184976
45185374
45202337
45220079
45220368
45235566
45242473
45246820
45305176
45341403
45391268
45448369
45525248
45692230
45756987
45847546
46001613
46133173
46226352
46301843
46315435
46323667
46473934
46487027
46533128
46576248
46659603
46671544
46803804
46908782
46974313
47052924
47073025
47101780
47131837
47154270
47176019
47188455
47227341
47332527
47345353
47348954
47433838
47448912
47457041
47468825
47470333
47541037
47596671
47628530
47643432
47663542
47752079
47888251
