44803077
33235402
46576248
4803181
952584
47913499
37124606
47883444
36413583
15988263
47874728
35951610
42315412
37750044
29777439
149574
37546190
40574364
35454432
30229260
6328601
47734735
47726396
44298062
30692628
44545745
45505081
38215952
37191019
39203082
44474780
29579428
40464318
46505586
32676884
47358620
1430045
44070277
47520005
47176019
29650066
1313728
31781162
47452882
47414919
41856164
47102461
43868759
30136276
46487027
1964526
45525248
47265284
47188647
47223195
12204791
47188455
46935234
37590878
46969039
47141319
38181672
16652077
47101780
41359295
37350959
1435305
885936
47022912
33012343
31843159
16692985
35959134
37183393
42717401
33667720
40903138
596167
30283038
32653535
46529783
46907305
34085676
41007236
15610035
29266950
4839711
42090563
45023377
34039531
29931219
44782872
38209265
46564196
34656089
31759977
12693151
38254966
833768
38504120
42698273
954639
46133173
44417642
46129756
904061
2831258
44165505
31140147
45865577
35867886
45817609
46529377
46529348
46605831
46600527
34854332
43686943
46528845
46528826
46528415
46528371
46528363
46528393
46528342
46528325
46528308
46528297
46528285
46528273
46528253
39688519
38535689
46279408
46500335
46500319
46500289
46500264
46132779
46546063
46500222
39672592
46500193
46500161
46500147
46186765
46533128
41286185
31766278
16117522
723052
46501547
46504632
35309271
33298365
46219823
46001613
514070
44412070
35704433
45184976
29541566
42297858
39243483
16050617
45830718
46006290
1085145
44909512
6935141
16060886
46315435
45521473
30251532
46313870
46258510
45303065
37321660
34281074
1502356
44752682
45001984
46025386
2567778
46213120
41193047
45479634
44851715
42213061
35874337
38218070
43413766
45876116
16030160
40818502
2041152
42405041
46132983
33132170
33740996
27913213
44724275
40940986
43104337
45531017
16575364
1029377
1470788
31887466
36887514
33864894
3505851
43734740
1621299
4132931
37036907
44459233
41172101
2864498
502799
45818068
31499398
30008136
41569682
9134
42586385
43373445
38903722
36726098
45516540
15722471
36266626
36165552
40262073
40228776
34884676
35733175
34387564
38391762
42584673
2827104
35021150
45338099
29638879
36058595
336159
235720
24655228
30630871
15707110
10559921
36496295
38388818
41283546
29887929
39876830
35710369
37459452
44838960
45242863
40304817
15589792
31432310
32747470
33119603
1873720
45158155
45109725
40735688
2810454
42798547
32561635
45107432
8892541
15640419
1172857
44225465
2722854
45084328
36663285
29004482
38579094
35290150
41846285
43855044
15231521
289548
34176815
35417620
44966951
44894326
41303431
36145887
34844519
44862282
14634791
16764574
15990503
39747150
20329657
35787021
29099846
33461345
20505799
15587234
35180320
42279793
44235508
31172637
41170699
42056861
34297224
44621843
38181860
32180353
44011479
37592484
41300795
33650487
37355927
33580073
36161663
33565098
44442114
44502841
42913775
20390872
12128141
31880815
36386163
33052341
38095687
44399210
27089110
41648804
41752041
37609810
2566714
38708605
36566912
37937293
43583238
34243702
44291389
40519653
43973375
32390084
15542713
38012361
357778
13999431
35869112
44240159
13825821
33719411
43376737
38441833
44007420
44114714
33455400
2995484
43612058
36863105
38067335
43701683
44145362
480783
2141954
31525614
39480855
29584654
35615031
37075133
1910430
37921378
36144287
34829884
31654607
38870132
36884355
43533752
38531018
41591751
42846722
5815311
43821616
32444603
32133313
38564916
41514691
2330372
35971388
43208417
43698619
30767445
34313704
16126486
43343712
43647033
43641267
41533789
38424186
43500576
43610478
1648582
37727268
43150765
1589279
36200075
43452684
41128286
29319200
1561981
43172247
38099266
33710647
1187165
42183578
34288861
36727459
36824816
42183391
31698941
42235052
42747208
42747410
40374533
42993963
42986642
42592435
33554200
43233698
20528335
43221006
2268970
43158835
1215755
37642160
37881385
42584748
38182077
230737
374221
42496760
34202335
42834601
42504883
40675485
42496165
37121970
37867919
1146169
40982320
40820287
34351925
1025280
4255031
34257005
41441868
31642395
31424767
41505538
36845327
32182070
42854446
14083941
39969276
41663718
38874523
1460367
34535980
40720638
42744699
90796
31316544
42726156
37672932
41547182
3020399
29143388
41775802
42625228
2138112
661509
42259021
42257680
42515755
42566399
31887204
41477852
37313925
37855813
37904639
11314741
42504952
33991143
32979253
204536
42116343
1739707
2738540
42265421
33618340
42452426
38156081
41884150
15862074
36180558
41689901
3403681
15796153
507749
3228871
42024233
42329757
42413569
34947124
32613627
7708711
2630504
31301541
347700
20310952
42364351
41587978
27453715
32854013
2689610
37217446
6796441
15706969
31319252
34804432
31833200
42206433
33015800
37098117
42204435
1692227
36474431
37045120
34110308
37096030
36828046
37112442
505735
35640554
2215016
37871689
37075396
20366986
28137
32556030
996539
35586471
36295327
76934
32556320
10396671
34550233
35531087
29534878
37619643
36573470
31030722
3899521
5048441
34149973
8020801
39249006
38060025
36223368
1906826
33181084
36879805
35186344
30664787
350592
3039342
41905998
41645642
12471661
35008493
31405209
35652721
434713
2450842
15936338
2721352
41763343
36863247
41324465
16205098
37061663
1208410
2825932
39927656
34021836
41655329
842663
34705505
37850681
37859556
41879162
36400299
41803207
41886838
41879250
37094341
37474465
35322329
37054012
34168714
30696473
39820487
35497249
36722553
41250206
38606502
41420682
37545051
40628322
2050286
41138563
24577572
39153930
40328496
39153575
37974511
37974464
41062588
40778201
30725645
40921365
40838127
37780181
36253880
15671315
34268940
32764561
40596747
36776160
38622085
40342718
31649667
40100470
790656
34633210
33580409
2616396
32325098
39708606
36409309
34099270
39471235
311546
34261097
37873266
39247939
6490561
38233811
38962779
997522
38838215
20172814
35658308
38933960
32759979
33471284
511876
33292729
36838004
30031109
35082686
38631141
36991232
37516502
38640178
30444363
30101195
15596225
38421243
169492
1634403
35279376
38537275
38147121
38317762
15797480
35911395
1254215
30007773
38053993
36538189
35104103
34352584
37573495
38206730
31313419
672965
38061995
24250561
33152906
38003559
9347051
36865090
167705
37950741
37928050
37234673
37694265
24232080
37514126
253940
37891199
37514173
882367
35455309
20261668
37790048
36696017
37725674
29596609
37136660
1610948
37593386
27239512
36990448
32276072
37499480
35727758
228748
72256
37554475
29810412
37604289
37379263
37578144
36680226
5502861
33738435
35141024
29131195
829690
37123750
2980110
30607864
33596879
1322549
33811255
1688338
37457391
32775926
34244057
32302017
35712214
37186298
36342850
37383739
11515201
37295891
27924403
2811256
37178043
36098654
36661015
37217701
36666664
37333669
36159271
36448909
90312
37047665
36575242
11091761
3078840
37245504
13797691
37112422
37222860
33446198
37198383
181052
36036876
31353623
745974
37173807
37173246
517072
37168576
37164254
36295363
950759
212416
27175597
36583105
30242089
37111710
37103833
37135773
37135337
37128105
37126058
37123854
37117017
29787255
33596861
37097366
29388434
37069775
37043833
36656233
164540
37044077
37043900
132527
36777790
36980604
34064706
28077968
36944080
32669976
32232538
108804
36931630
147825
36941955
36766421
36933791
4993381
36917886
32130725
36908592
36896428
36902359
36902571
36896663
36864420
1200306
34934984
36040285
1456488
30307683
35356466
27967471
36837254
36829983
34218848
35580368
30161279
119376
36002724
36829241
36664360
36811176
64016
29258213
36713332
36654419
16189200
27502726
754642
31546456
36762829
35834581
36760285
9632211
36769609
36762078
36761538
35701676
5287711
36298704
15538457
107218
219392
1898930
31995113
3163587
20163223
32183742
139713
1094
36543182
10520
237544
909757
36719095
31448506
36292045
36715320
569
36713854
564812
8438
33490641
2234476
165933
153215
36675191
239375
132010
223069
155881
123793
25162422
32875117
32698748
32554504
33307638
34385049
36378265
15963179
5862001
36090835
36669672
33672786
711288
36637954
36432575
36661392
6499981
36658920
36655420
1403021
16075111
35496
422836
1080527
16798735
325649
15099071
361339
33881532
91066
1642839
29663232
1492302
35797268
8898841
35690568
15837069
35106960
629076
20169121
36650291
35937748
33449
36648533
35482588
35969575
27970325
11798
30434635
20163121
10887981
15815463
848807
615445
32437624
2683970
35587382
1895100
29537807
36318098
7784011
35983367
36625537
29902611
538948
35969916
3057703
32522806
20328433
36050
185778
1418566
36581096
33358197
36600207
2463294
1329963
12711541
29586003
29616322
36572820
31448101
36576982
36576832
611709
124891
816865
16060412
29318698
34111873
35059806
1477035
29333654
34511202
36404699
35404855
32327800
36374490
29640031
36322413
35950803
1877530
559985
6425061
32246575
1201572
33199695
34498209
33787992
35313971
35976180
36154255
11229861
31403158
34648445
36074269
35609505
35373227
1507994
35014455
31933053
