4
10
11
12
13
14
15
17
18
19
20
21
22
23
24
25
26
27
28
31
32
33
34
35
36
37
38
39
40
41
42
43
44
45
46
47
48
49
50
51
52
53
54
57
58
59
60
61
62
63
65
66
67
68
69
70
71
72
73
76
77
85
89
93
94
96
99
105
106
107
111
136
141
154
159
162
163
164
165
169
171
179
191
193
199
206
207
212
217
220
238
260
262
267
270
272
287
294
297
298
300
307
315
316
317
345
346
347
349
358
366
377
378
389
396
397
404
405
406
417
423
431
439
443
449
459
465
466
470
481
508
526
537
540
549
550
553
556
564
569
570
572
595
601
627
688
692
698
738
779
790
791
799
810
823
824
827
832
864
870
877
905
920
929
931
941
947
965
992
999
1004
1011
1063
1074
1094
1111
1125
1163
1186
1204
1208
1260
1277
1358
1366
1372
1373
1387
1405
1417
1446
1503
1516
1548
1564
1576
1584
1608
1634
1636
1668
1698
1700
1703
1711
1721
1726
1731
1735
1783
1784
1836
1884
1932
1941
1957
1983
1992
1996
1997
2004
2007
2010
2072
2094
2125
2134
2142
2149
2157
2227
2250
2284
2300
2385
2530
2601
2646
2653
2686
2749
2759
2775
2795
2806
2833
2844
2859
2864
2922
3061
3103
3200
3240
3255
3263
3264
3288
3483
3583
5054
5216
5217
5270
5288
5411
5486
5793
5829
5844
6036
6289
6403
6679
7078
7627
8438
8519
8877
8885
9134
9267
9657
10074
10094
10483
10487
10520
10912
11533
11798
11849
12148
13255
13446
13903
14190
14357
14528
15414
15520
16610
17341
17365
17700
17962
18128
18635
19065
19412
19456
20605
20662
21372
21672
21673
21956
23148
23455
24989
26105
26361
26625
26814
27873
28137
31620
31744
32253
32666
34221
34844
36050
36859
37102
39360
39663
39743
40481
42102
42262
42430
42825
43073
43300
43925
45026
47329
48114
48302
48625
48746
48909
50293
50497
50802
51268
51293
52313
53111
54442
54844
55188
55411
55971
56181
58007
58238
58535
58750
59306
60640
62697
63647
63856
63935
63959
63980
64016
64043
65062
65122
65177
71956
72849
73744
75798
76245
76773
76934
77617
78422
78433
81747
83166
83651
84822
85307
85796
86171
89883
90796
93640
93825
95216
95485
96267
99597
100613
102354
102652
108944
109567
109672
111177
111347
111375
112155
112629
113863
113897
113973
115345
115946
117520
118123
118569
119168
119376
120594
121141
122453
122801
124445
124519
125409
125889
126300
127079
127610
128215
128693
128988
129131
129199
130444
131074
132010
132137
133969
134328
135527
136170
136864
137796
137883
139524
139600
139603
139713
141491
142145
143410
143851
144453
145769
145935
145958
146365
147035
147072
147355
147576
147854
149574
149807
150185
150943
151922
151964
152155
152280
152566
153989
154222
154392
154662
155881
156376
157020
157250
159240
161326
162675
162897
163171
163421
164707
165241
165933
166380
166602
166651
168310
169492
170632
171234
171433
172609
173554
173684
175457
175863
178291
180294
181052
181600
184413
184938
185778
186133
186718
187756
188058
188680
188839
189459
190795
190933
191083
191158
191777
192551
193832
196989
198185
198897
199319
202029
204536
205398
206534
207824
207896
208047
208238
210025
210233
213292
217047
218232
218373
219392
219504
220111
221748
224460
225618
225989
226846
228748
228867
229746
230737
232586
233204
234297
235720
236838
237161
237418
237544
239375
240316
242813
245725
247286
249789
251442
253770
254313
254965
256478
262103
262763
262979
265807
266549
267634
268431
269061
269343
269592
270968
271683
273217
277833
279202
280479
283487
285078
285840
286418
286780
288258
289548
289715
290745
293374
294913
295776
296816
297101
298746
301013
301225
302410
303699
305870
306442
306743
308564
308822
309048
309205
309398
309977
310033
310165
310223
311546
311616
311770
313301
313488
313667
315089
316134
316564
316755
318429
319171
320158
321002
321102
321328
321889
323521
324365
325008
325649
326035
326443
326750
328368
331561
332348
333446
333869
335288
335616
336159
336743
337687
337776
338669
339390
342128
344788
345634
346426
346870
347700
347749
347839
348107
348152
348465
348802
349648
350046
350709
350737
351192
352990
353044
353634
353810
355980
356080
356413
356914
357237
357778
357780
358730
359395
360050
361339
361418
362019
363047
365418
366719
367593
368046
370225
370765
372052
372677
374221
374909
377897
378152
380600
382119
383453
384629
385838
390411
393928
394656
398061
398158
398915
398945
400322
405111
405839
406610
407385
408993
409155
409638
409948
412971
413339
413470
416683
416974
417486
418405
420967
422025
423574
427870
429966
431858
432625
433807
434713
435383
436913
440114
441557
442140
443387
445069
446242
446295
446529
447792
448749
449307
450607
453899
454944
464935
464978
466500
470053
471863
472852
473072
475029
475774
475864
476821
477713
478879
478941
480103
480783
483945
484918
485069
487840
489283
489636
490152
490693
494835
496789
497208
499036
499787
502799
503317
504582
505580
505735
506498
507755
507929
510311
511377
511876
514070
514744
516066
517072
518994
520156
522733
522830
525548
527129
528321
529448
531655
538043
538621
540348
541089
541632
549311
554813
555518
555877
556726
558281
559179
559985
561672
563150
563430
563972
568884
569094
569950
569993
570541
571964
571983
573099
573227
577340
579403
579467
581469
585327
585573
585962
586895
587963
588088
590289
590561
590634
590798
592937
595215
596167
597881
599906
600355
600990
602538
604329
604712
611702
611709
612474
613087
615445
615886
617132
619151
624050
624064
625343
627356
627916
628860
632142
635944
636330
641017
646319
648118
649469
650034
651530
655533
656360
657789
659560
660093
660465
661509
663682
663774
667194
672965
673158
674578
675424
675509
686361
689838
691250
697526
698395
699146
699702
702533
706581
707486
710215
712206
716217
716805
718047
718097
719993
722025
723052
725532
725947
731769
735157
737660
739402
740929
744855
748487
751677
752175
754161
754642
757123
757599
757801
761552
762733
764211
769945
771064
772230
773529
775272
776676
777737
779777
780635
780674
781716
781926
785722
787957
789140
789336
790656
791025
792194
792264
792456
792623
792813
793841
794996
801328
802359
806003
806305
806722
810427
813805
815666
816139
819604
819872
821428
825239
826460
827496
829690
831528
831740
833575
833768
842198
842663
843146
843392
845178
847736
848326
848844
853815
857179
857558
858555
859258
859357
862079
862599
863918
864262
864853
864952
866402
866596
866939
869561
869966
870226
872501
872936
877307
879861
879982
881021
884089
884782
885762
885936
886367
886370
888613
888799
889807
892387
894383
894969
895038
895632
897175
902762
904061
905447
905759
906380
906568
907078
909757
914546
914936
915548
915984
916233
916901
917026
917547
917635
920716
921906
925938
928881
930146
930744
937015
940263
941387
941756
941885
947424
948718
952584
954437
954477
954506
954639
966443
967541
968030
970814
971174
972837
975165
975628
977729
979013
986947
987929
989007
991634
992829
997154
997522
998536
999339
1000103
1000408
1002532
1002557
1006048
1006258
1007550
1007746
1008866
1010244
1013108
1013720
1016428
1018173
1018805
1019396
1019786
1020055
1022228
1022472
1022861
1023645
1025083
1029377
1030937
1033468
1033820
1034870
1038790
1040009
1041067
1042038
1042799
1043394
1045708
1047432
1051286
1052718
1053903
1054168
1056519
1058130
1060662
1061777
1063057
1065391
1065986
1066611
1068008
1068500
1071516
1071797
1072391
1072650
1074794
1078084
1078333
1080527
1082965
1083680
1085145
1085669
1088210
1088701
1091744
1091965
1092136
1094077
1095055
1095896
1096179
1096416
1100792
1102550
1103520
1108160
1108551
1110563
1112602
1113421
1116296
1116821
1117475
1121495
1123144
1124338
1127355
1127468
1131296
1133649
1136020
1136495
1136620
1138652
1139092
1143187
1145319
1146169
1146459
1147196
1149124
1150366
1152603
1153054
1153220
1153944
1154875
1156223
1156417
1157476
1164108
1164393
1164446
1165533
1165998
1167248
1168460
1169905
1170258
1171095
1171546
1172857
1179102
1179613
1180900
1183427
1183892
1185389
1187496
1192592
1193922
1200306
1200324
1201332
1208622
1209529
1210757
1214763
1215755
1218945
1222244
1223034
1225331
1225514
1226687
1228529
1230123
1231476
1232953
1235452
1236224
1236698
1236702
1239972
1245684
1246018
1252982
1254280
1254796
1254889
1255710
1256231
1257678
1258291
1258414
1258884
1265249
1267378
1267690
1276631
1277099
1281687
1284048
1284736
1286504
1286791
1289194
1293088
1300500
1301533
1306115
1307769
1308099
1308611
1310439
1313728
1315436
1320516
1324906
1325769
1332384
1335045
1335910
1339939
1341003
1343056
1346677
1347657
1348603
1349101
1350272
1352478
1354597
1357561
1362452
1364487
1365321
1366361
1367208
1368322
1368810
1373118
1375382
1379485
1383726
1388397
1390081
1390991
1393684
1397526
1397545
1397686
1400410
1403021
1404526
1406545
1408559
1413680
1415034
1420549
1430907
1433323
1433568
1435856
1437475
1438458
1438502
1443249
1445832
1446315
1450237
1451909
1452496
1454595
1456039
1458875
1459183
1460367
1461746
1464484
1468439
1470788
1471893
1473720
1475778
1477035
1477155
1478550
1480870
1482263
1484582
1488056
1492302
1496505
1499307
1502356
1504998
1506629
1508454
1510906
1512999
1515190
1516280
1518211
1525891
1526181
1526984
1534380
1537325
1537601
1537768
1537864
1539533
1546064
1550028
1550276
1551295
1553550
1556068
1557713
1562665
1562952
1562989
1564659
1564688
1565285
1571432
1571867
1572110
1573031
1579047
1582216
1584313
1584424
1589279
1592472
1592788
1593617
1594854
1598615
1600110
1600243
1601000
1602757
1603363
1605053
1607917
1610371
1615461
1619557
1619907
1621375
1623319
1624178
1627427
1628172
1628437
1629777
1630966
1631158
1634403
1638457
1639228
1642310
1642496
1648406
1648582
1651057
1651914
1655432
1656182
1656484
1657358
1659295
1661064
1661822
1664251
1669502
1672026
1672505
1672546
1674466
1675508
1679010
1679259
1682811
1683183
1683427
1684998
1686155
1691178
1691220
1692677
1693592
1695885
1695917
1696071
1698106
1699234
1700577
1701337
1703035
1707084
1708792
1709978
1712001
1716621
1720014
1720914
1720935
1724565
1725325
1729671
1730685
1734019
1737201
1737273
1738537
1744219
1748193
1749855
1755395
1755507
1761167
1768405
1779551
1784927
1786143
1787759
1788769
1794175
1795591
1797635
1801791
1804289
1805579
1810793
1817377
1818493
1818663
1820663
1831164
1834008
1842362
1844576
1849008
1849402
1849758
1857240
1857358
1859874
1861202
1864770
1865854
1871210
1871494
1873394
1873720
1874836
1875638
1877530
1887414
1891506
1892260
1893312
1893828
1895100
1898766
1898930
1899896
1903292
1906826
1906994
1909080
1910430
1913306
1920280
1929708
1932138
1932182
1934362
1945124
1959860
1960400
1962986
1964868
1972562
1972946
1975098
1978684
1988604
1990488
1993354
1994276
1999068
2003798
2011504
2022582
2029918
2030918
2033960
2038076
2039694
2041152
2045684
2048896
2050286
2056794
2059828
2063336
2064172
2064932
2068538
2073554
2078778
2082002
2084276
2091054
2098570
2099736
2103482
2108326
2124848
2136786
2141954
2143966
2145458
2149464
2151646
2158442
2162396
2162468
2167124
2173506
2175660
2175706
2178078
2186258
2188316
2189616
2204776
2205112
2205364
2215016
2218848
2219624
2222796
2227096
2227824
2230652
2234476
2240784
2242494
2248002
2262378
2263350
2266000
2267930
2268970
2269744
2270350
2272162
2274000
2285330
2288902
2313196
2317890
2317946
2324744
2326980
2330372
2339528
2339680
2350152
2350512
2350592
2364434
2365508
2371444
2380600
2380978
2382836
2384610
2385310
2389568
2394078
2394508
2406592
2408716
2434206
2442278
2443258
2444046
2446434
2450842
2457130
2457274
2459406
2464246
2469818
2473502
2474102
2474458
2480540
2482814
2501972
2505654
2510794
2514434
2518968
2523534
2534466
2534908
2538938
2550754
2560106
2566714
2567778
2568432
2568744
2570456
2572946
2573946
2574908
2581328
2597636
2604976
2607962
2609050
2616396
2618508
2621222
2630504
2631490
2634934
2636336
2636380
2644236
2651158
2660376
2661640
2663082
2664440
2672534
2676056
2677554
2679824
2680522
2683992
2687974
2688664
2688970
2689326
2698598
2698706
2704510
2707220
2707502
2709952
2710130
2710980
2713774
2714846
2716774
2717132
2721352
2721996
2722854
2723622
2724988
2728334
2735382
2738540
2740002
2744810
2747986
2756024
2760020
2781454
2783282
2784950
2785044
2787950
2790348
2797498
2798020
2798602
2808072
2810454
2810584
2811256
2815434
2815594
2816076
2816342
2822734
2825932
2831258
2833560
2843402
2845120
2851030
2851182
2852112
2854614
2854654
2855444
2861564
2864498
2880574
2890244
2895590
2899692
2904740
2910082
2920504
2942492
2943264
2944724
2945482
2953366
2955500
2955762
2963162
2965132
2967690
2980110
2981972
2988970
2993250
2993962
2995484
3003492
3010000
3012008
3014848
3018337
3020399
3022921
3024310
3024929
3025051
3025749
3028447
3029359
3032431
3034532
3039134
3039342
3041054
3043392
3044312
3049907
3053542
3054360
3055894
3055998
3057166
3057703
3061684
3064114
3068815
3070868
3071062
3075940
3077324
3079426
3084278
3085754
3088005
3088327
3088745
3089209
3095324
3095369
3100942
3105327
3109056
3109509
3109885
3115912
3118740
3119206
3119371
3119605
3120406
3120725
3120859
3124052
3124904
3133376
3133632
3134148
3136674
3140811
3146202
3148645
3148786
3153275
3153411
3153572
3157764
3158603
3163170
3164346
3168506
3168700
3172294
3172664
3174008
3178636
3183343
3187241
3188441
3190499
3191863
3212248
3220748
3222393
3226353
3228871
3235457
3239329
3258603
3288959
3309341
3309611
3339171
3363801
3373881
3407761
3421821
3430241
3430751
3483631
3505851
3536441
3544781
3557951
3565161
3589451
3598061
3643111
3684401
3706211
3733221
3739421
3805061
3823561
3846811
3849781
3899521
3905901
3931101
3989901
4045281
4056571
4064611
4098391
4132931
4137871
4151861
4170371
4189291
4201171
4206701
4224701
4255031
4419301
4442811
4445221
4464111
4531221
4557621
4575811
4603321
4615471
4651201
4690051
4719431
4720381
4743521
4808241
4839711
4873751
4920771
4972871
4981411
4983091
5023171
5056571
5067821
5074891
5110291
5154081
5205601
5216031
5257371
5275891
5316611
5321391
5375001
5416941
5460651
5477351
5517731
5580171
5593911
5658921
5731651
5788381
5815311
5840561
5859781
5889031
5944871
5974241
6002901
6010471
6028201
6086891
6141341
6193441
6278211
6286601
6287131
6299361
6317141
6370871
6373591
6420821
6447571
6455781
6490561
6495561
6499981
6506101
6529121
6569771
6586301
6596861
6604351
6654481
6723151
6763021
6769701
6794091
6796441
6801871
6829511
6856511
6864881
6880751
6903181
6906571
7011261
7090751
7134721
7147071
7166211
7192801
7221621
7273571
7303881
7373991
7430491
7443561
7532751
7540461
7573251
7595571
7598251
7627121
7628201
7676931
7708711
7733001
7736001
7764571
7778531
7783511
7784011
7840911
7851051
7876371
7916571
8000711
8020801
8040491
8046881
8124661
8127411
8161241
8188801
8241591
8293111
8329381
8334821
8364271
8410561
8425811
8431361
8458681
8530541
8599771
8604821
8620191
8660211
8681211
8697461
8768181
8799281
8801351
8806041
8829451
8892541
8896231
8958631
9006571
9035721
9099451
9186821
9213121
9240931
9267011
9270081
9347051
9347671
9361461
9456781
9565421
9786431
9945651
9965971
10038881
10072771
10171741
10195431
10256221
10267521
10432531
10512181
10529761
10559921
10569401
10684671
10694991
10706731
10806451
10887981
11022591
11111411
11188981
11221671
11229861
11277471
11287741
11304551
11305791
11306161
11345741
11373711
11383191
11390321
11406731
11429171
11506971
11604601
11699751
11714771
11753871
11829551
11893211
11928401
11934341
11950821
11967091
12036781
12060611
12064581
12096961
12128141
12146511
12180721
12197821
12204791
12238651
12242591
12285661
12342411
12377541
12410691
12433931
12441941
12471661
12478751
12584181
12711541
12711881
12783121
13683841
13701591
13741421
13797691
13800251
13825821
13959421
13999431
14030851
14046131
14085291
14094211
14153291
14158371
14177871
14220091
14317671
14380361
14382921
14392951
14449321
14483571
14505171
14522191
14528311
14596871
14634791
14658981
14788301
14812671
14938371
14950211
14962591
15046851
15102371
15108091
15145281
15165701
15168431
15210511
15231521
15245241
15311941
15336371
15349881
15386791
15420311
15482841
15538457
15542713
15543377
15543988
15551164
15555630
15558219
15559015
15566628
15569913
15578934
15581377
15582766
15583108
15587234
15594760
15594926
15596225
15598604
15602343
15615189
15623990
15629825
15631017
15640419
15640799
15652765
15652776
15668079
15671315
15674567
15684676
15689438
15692059
15706969
15707110
15710218
15720647
15724439
15726649
15729279
15732987
15735168
15738802
15744715
15751396
15752220
15754928
15756177
15757312
15761025
15770397
15778098
15778105
15785160
15789805
15797480
15804137
15809477
15813377
15823252
15837595
15838692
15840919
15843165
15943995
15959219
15972960
15972982
15983363
15984702
15988020
15988263
15990503
15991012
15996005
15996245
15996864
16000747
16002278
16003233
16003530
16004390
16010326
16014429
16015908
16018763
16022909
16027468
16028388
16029199
16030160
16031067
16033322
16035161
16039001
16045537
16045649
16050617
16054127
16059618
16060886
16072171
16073157
16074236
16080559
16083992
16085689
16089037
16091343
16092590
16093972
16095809
16099995
16101208
16103773
16104955
16105336
16115955
16116864
16117522
16119574
16124324
16126190
16126486
16127809
16131003
16136626
16137460
16141495
16141632
16142767
16145559
16147721
16158500
16163291
16167469
16168205
16169343
16169562
16170727
16174613
16178300
16179026
16180541
16183214
16187074
16188527
16189200
16190762
16194941
16198435
16211694
16212222
16217181
16218536
16221205
16223603
16231491
16234354
16257781
16273870
16281223
16295650
16306441
16311931
16312741
16314598
16333216
16338631
16345255
16347181
16353691
16360258
16365565
16370005
16381924
16404949
16418911
16419787
16424818
16433788
16434682
16434997
16450480
16457329
16464154
16466509
16488277
16499668
16500814
16507216
16525237
16526119
16553065
16575364
16600822
16611424
16633996
16652077
16666837
16666969
16670224
16675072
16678168
16692985
16694692
16741120
16751152
16764574
16780420
16792237
16798735
16800910
16805836
17211631
17782450
17912113
18720697
19031914
20163121
20166991
20167135
20169121
20172814
20181019
20197342
20199352
20201428
20206645
20210251
20260741
20263771
20314600
20315491
20328433
20329657
20353144
20366986
20374468
20390872
20395039
20405299
20436838
20449939
20493409
20503372
20505799
20508721
20513452
20529232
20574376
20724031
20810700
21379956
21463242
21614119
21915986
22023121
22242426
22814620
22826122
22870373
22947237
23082636
23163521
23179751
23611534
23990212
24064841
24234548
24252121
24294931
24328586
24397137
24402492
24507988
24510306
24522829
24655228
24920900
24980431
25155050
27022555
27056317
27057838
27064408
27080734
27089110
27092449
27107023
27110887
27115000
27115486
27120823
27122866
27128602
27138115
27156520
27158524
27158923
27175597
27181375
27183814
27202855
27222622
27233215
27239512
27246763
27254881
27259183
27263884
27273013
27319069
27360502
27360718
27364744
27370063
27375778
27377800
27380221
27402214
27404740
27423088
27433246
27448792
27449548
27453367
27453715
27476272
27476845
27481207
27483856
27513193
27547009
27547765
27548944
27550213
27564673
27608992
27620353
27645211
27649561
27653287
27657052
27682357
27715426
27717268
27722191
27750553
27753742
27757705
27764383
27773215
27784066
27789274
27798646
27799810
27817105
27818164
27823636
27831985
27836164
27861880
27869484
27874103
27874694
27876262
27884465
27886961
27887242
27888568
27896356
27899351
27908659
27915393
27932982
27934138
27940960
27946325
27946461
27946553
27947179
27953302
27956656
27962017
27962270
27963076
27963261
27963844
27966128
27970325
28006407
28094275
29000216
29004154
29004482
29006419
29014324
29015921
29027299
29030326
29031983
29044116
29047171
29047508
29048773
29055640
29059465
29066400
29068855
29071738
29072050
29072054
29076186
29077421
29082263
29083128
29085620
29097157
29099432
29099846
29126540
29127118
29131195
29131931
29145300
29145955
29151145
29153220
29153283
29154825
29155833
29159283
29161484
29170535
29172065
29183811
29185215
29185926
29188310
29191617
29192125
29198029
29204736
29206170
29209379
29210845
29213919
29216241
29216657
29217144
29220600
29223785
29224987
29231377
29233080
29233692
29239183
29241140
29249185
29257842
29258113
29262487
29266950
29267027
29269827
29291258
29304691
29307307
29317550
29324312
29327354
29330354
29333654
29511020
29512837
29523622
29524682
29526947
29531446
29534179
29534878
29535493
29539863
29541566
29541962
29545632
29561077
29562384
29562754
29564986
29565377
29570980
29574359
29576934
29584060
29584654
29596609
29606448
29610149
29610461
29616322
29621512
29622686
29632778
29634535
29637740
29638879
29646905
29649316
29650066
29653756
29663232
29665000
29670484
29670537
29673090
29675389
29753096
29755139
29777439
29781680
29786748
29787255
29794300
29797490
29798958
29810412
29815920
29824808
29831504
29870936
29872546
29887929
29889111
29890235
29894000
29902611
29913494
29914122
29917273
29928965
29931219
29933752
29941809
29956289
29957996
29965545
29966206
29968196
29969839
29974671
29976376
29995483
30000191
30007773
30008136
30025610
30026118
30030878
30063434
30075524
30101195
30105822
30106313
30110538
30122240
30135960
30136276
30137038
30137910
30138893
30138982
30140934
30148203
30149526
30151239
30152636
30161279
30167634
30171681
30177003
30194730
30201822
30204857
30229250
30229260
30229703
30230122
30240854
30242089
30250183
30251532
30254222
30262581
30262906
30269203
30282142
30283038
30287822
30289378
30291452
30305457
30307841
30308657
30314130
30317077
30318459
30333472
30336008
30348316
30365927
30369192
30369218
30397927
30407419
30408425
30410782
30411022
30411115
30418201
30430820
30440362
30444363
30445940
30447866
30468554
30477116
30479845
30483110
30484191
30495123
30498621
30501589
30504283
30512766
30514259
30518547
30529730
30532647
30539384
30551173
30551620
30558604
30567215
30570738
30574224
30586215
30587329
30589446
30595443
30610355
30614743
30622232
30629094
30630871
30631459
30651773
30656028
30656932
30664119
30664623
30664787
30667386
30671410
30671791
30672019
30679721
30682077
30687749
30687768
30692628
30693940
30696473
30704282
30712289
30714370
30717800
30736887
30738118
30739720
30748911
30767445
30790382
30813280
30819324
30829801
30832553
30842705
30849241
30856576
30872311
30872897
30873155
30880975
30884525
30886177
30888881
30896737
30903420
30905246
30905457
30914159
30919314
30935981
30940544
30948944
30949407
30981051
30986769
30991327
31006690
31007302
31008489
31008988
31009306
31009760
31010995
31011116
31018576
31020335
31020841
31021532
31030722
31032137
31049200
31063177
31070973
31080061
31082396
31083387
31083446
31088321
31090390
31100355
31120081
31128308
31128614
31140124
31140147
31145399
31172140
31172637
31173901
31188928
31202768
31205188
31206770
31208597
31225367
31242314
31248009
31250638
31255056
31267339
31285314
31296827
31298004
31313419
31314215
31314472
31317053
31319252
31321106
31322608
31328625
31330115
31349895
31365609
31365702
31367431
31372272
31379456
31380549
31394077
31394967
31398394
31401855
31408319
31409774
31411482
31421106
31426274
31426693
31429594
31432310
31435765
31446926
31448101
31448506
31452160
31453422
31468240
31469754
31471104
31472094
31481326
31484816
31498116
31499398
31506450
31512725
31513049
31520760
31525614
31529449
31534848
31538252
31539488
31541043
31546568
31548792
31549745
31550078
31550212
31560489
31560870
31562293
31562403
31562610
31572232
31594832
31606957
31615487
31622540
31622964
31623338
31631768
31633966
31641561
31642395
31644084
31644998
31649667
31649951
31654607
31655420
31660678
31662621
31664037
31668538
31668659
31669455
31670543
31673208
31673853
31676460
31677098
31684917
31686376
31696042
31705635
31712299
31715801
31718060
31718809
31724207
31726532
31727017
31729428
31753085
31759977
31760267
31760940
31762199
31766278
31773402
31781162
31785086
31785692
31789610
31791987
31792308
31794139
31796644
31797942
31799136
31805492
31811984
31819967
31820401
31835662
31837529
31843159
31843701
31846940
31847896
31853128
31855594
31856082
31856196
31856215
31860086
31861007
31866024
31869643
31879493
31880815
31881503
31887204
31887466
31892722
31898212
31901303
31913241
31916219
31922041
31923832
31930341
31931051
31932042
31941440
31943119
31946908
31947763
31948211
31951846
31955030
31960182
31962476
31964599
31964758
31965772
31974640
31976226
31980426
31980908
31982095
31985691
31988181
31995113
31999191
32002193
32004100
32004730
32007010
32016906
32018906
32023809
32029613
32034340
32041576
32043628
32044428
32047423
32054549
32066927
32067831
32068945
32069093
32069508
32072208
32073992
32079756
32082930
32090868
32092705
32092843
32094030
32119883
32121230
32121342
32124275
32133313
32142385
32154596
32155331
32166941
32176103
32181306
32182070
32182554
32183085
32184655
32185847
32189903
32191288
32192069
32192510
32193813
32198539
32206597
32209267
32210671
32217369
32220279
32222324
32227011
32235194
32238231
32238808
32244163
32246119
32258997
32259356
32259939
32262262
32262805
32263125
32265722
32268260
32268420
32270157
32272739
32274112
32276072
32277614
32285373
32288681
32288741
32293759
32295746
32299314
32299566
32300368
32300584
32302017
32306543
32306756
32307849
32307946
32311466
32315681
32318473
32319784
32322000
32325098
32327291
32335668
32352078
32352848
32353250
32354526
32355871
32361246
32361797
32362460
32362796
32363494
32364712
32366026
32370298
32373868
32374250
32376022
32389844
32390084
32390437
32390565
32395253
32406594
32409459
32417188
32417387
32418113
32419639
32421158
32426694
32430037
32433885
32434218
32436565
32437808
32441132
32442185
32444603
32451867
32452281
32457057
32459102
32462492
32469392
32469717
32469967
32473478
32482095
32482658
32487050
32490033
32491420
32493978
32496714
32496777
32510395
32511898
32512868
32512935
32513129
32513174
32515534
32518481
32520555
32522574
32522806
32534149
32543426
32554504
32556320
32560799
32561562
32561635
32569432
32572284
32572509
32585562
32586215
32594680
32595977
32597240
32602742
32603445
32614942
32617033
32620327
32624381
32636782
32638739
32644538
32647929
32653535
32659721
32660662
32662280
32669976
32670286
32676884
32685060
32692179
32693201
32695535
32699705
32703125
32704677
32709291
32713577
32722142
32722150
32722484
32724057
32724775
32726147
32745703
32747470
32751493
32752311
32754475
32759767
32761184
32761555
32764561
32774202
32775205
32775926
32779166
32781955
32784666
32787535
32789690
32791811
32802689
32805579
32809507
32809758
32814547
32820504
32831707
32844436
32854013
32856134
32864192
32865302
32866452
32868485
32873523
32883304
32886237
32890341
32890697
32903380
32910752
32914358
32914526
32924305
32925373
32926201
32928954
32929368
32932631
32949699
32953133
32960111
32966742
32976222
33003093
33008335
33008968
33012343
33014500
33015800
33025815
33028865
33028937
33044964
33044992
33046106
33046825
33047655
33052341
33062685
33066032
33072704
33076938
33086897
33106804
33108783
33114324
33117158
33119158
33128804
33129061
33131540
33132170
33137836
33137913
33139420
33139517
33142648
33147620
33150410
33150806
33152906
33155718
33156596
33158552
33158741
33159288
33160525
33168078
33168800
33178978
33179635
33181084
33182533
33187551
33188785
33194995
33198530
33208975
33209714
33211106
33211844
33212535
33221424
33227192
33227839
33228741
33228745
33231063
33232042
33235967
33245845
33250285
33258325
33258697
33260280
33262802
33263363
33277199
33278514
33279450
33281917
33283510
33285919
33292729
33293908
33298365
33298750
33305907
33306221
33308956
33311924
33312225
33313938
33320711
33321723
33333932
33351848
33359260
33362491
33362890
33363448
33363703
33367375
33367656
33371643
33372140
33375253
33379984
33381154
33421261
33425719
33428945
33430228
33431612
33432979
33433912
33445727
33446198
33450215
33455400
33461345
33471284
33471636
33472377
33476794
33481426
33493428
33494101
33495562
33499398
33500130
33504195
33510685
33521044
33521438
33523782
33534950
33541730
33548178
33548487
33551478
33553623
33564612
33565098
33567901
33580073
33580409
33583715
33584393
33585723
33590071
33591923
33596280
33596861
33596879
33597645
33599119
33604028
33605464
33607740
33608062
33609580
33610498
33613002
33614426
33616497
33618340
33620027
33639268
33642830
33650487
33654851
33654963
33655289
33667720
33668091
33672557
33681917
33681928
33687535
33693219
33696472
33706731
33714597
33719282
33719411
33720237
33720587
33721921
33726393
33726771
33731680
33733730
33735560
33737124
33737384
33738095
33738435
33739595
33740996
33741778
33746346
33748078
33750638
33765504
33772719
33778662
33780078
33786471
33787992
33794146
33795540
33796498
33800608
33804502
33811255
33816330
33821919
33825222
33829013
33832904
33842382
33843176
33843634
33848599
33860377
33860932
33863649
33864894
33865243
33874947
33876325
33877176
33877604
33878360
33880811
33881883
33887023
33888748
33889172
33900379
33906991
33925978
33938198
33957213
33965445
33974599
33979661
33982731
33986918
33997160
34000110
34009097
34013172
34014023
34016023
34021139
34021808
34021836
34029339
34031054
34032473
34038754
34039531
34042846
34051239
34051340
34059219
34059576
34064706
34074480
34083253
34089684
34093276
34093885
34094382
34094748
34099270
34102371
34102508
34108609
34110308
34111594
34115473
34115885
34116004
34116117
34116180
34116230
34116492
34116541
34121565
34121591
34121622
34121658
34121680
34121719
34121774
34121799
34121929
34121970
34122442
34122815
34125659
34130437
34134309
34136822
34145270
34149952
34149973
34155282
34155513
34158054
34158370
34161633
34168714
34176815
34184277
34186084
34186435
34187104
34190917
34191713
34198542
34202335
34218848
34232185
34234731
34237902
34240269
34240403
34243702
34244057
34244102
34244887
34247152
34251417
34254434
34256015
34261097
34263402
34268940
34271915
34280193
34281074
34281340
34282381
34285559
34285713
34288861
34295100
34296751
34297224
34305158
34306039
34306321
34308618
34309872
34310489
34313704
34315187
34322567
34323652
34326116
34338824
34342257
34344312
34346367
34347769
34352304
34352584
34353186
34354561
34354588
34367432
34385049
34385671
34387564
34389310
34395888
34397644
34402401
34403213
34403257
34415985
34427918
34439726
34442237
34449342
34449415
34451070
34458333
34460855
34466402
34470821
34487570
34487881
34488307
34491726
34497435
34511692
34516476
34517918
34520336
34521755
34523776
34526221
34535844
34535980
34548203
34548976
34550986
34556375
34560512
34571044
34573480
34580834
34587511
34595388
34597884
34610234
34612882
34612997
34620397
34623214
34630035
34633210
34643835
34646422
34651665
34654025
34656089
34658632
34664661
34668315
34668616
34676086
34689217
34705505
34708704
34711755
34714895
34721378
34721815
34725190
34726732
34730060
34737170
34738565
34741193
34752346
34752860
34753197
34757059
34761440
34767125
34767872
34768668
34769114
34770777
34772865
34775282
34777789
34798706
34804432
34804853
34809043
34815842
34818170
34822330
34829884
34833265
34835345
34836135
34839033
34840440
34840508
34842004
34844369
34844519
34846227
34850744
34853053
34854332
34855714
34856429
34857022
34858547
34867697
34886224
34887431
34889479
34892118
34896993
34897636
34903603
34913960
34924217
34924559
34934517
34934984
34935669
34935671
34936371
34937707
34938920
34945677
34947124
34959361
34962537
34962766
34963255
34971738
34977221
34981474
34985721
34988835
34997129
35004259
35008493
35017071
35021150
35024888
35036219
35039943
35049478
35053630
35068227
35079820
35082686
35087560
35090321
35095863
35106960
35108622
35110826
35114144
35124946
35128270
35128978
35132371
35141024
35141083
35149560
35158730
35160006
35166066
35173049
35180320
35182649
35183253
35191439
35192754
35199918
35200183
35206325
35208076
35212389
35234290
35241545
35249740
35260907
35276844
35279376
35279720
35281191
35283189
35289124
35290150
35292835
35293985
35296632
35297357
35300210
35301602
35309271
35310144
35310219
35311734
35315526
35317334
35318227
35322329
35340305
35341517
35343687
35351862
35355802
35355878
35356466
35361695
35366575
35372757
35376078
35378469
35378818
35390395
35392879
35400172
35401790
35407403
35414813
35416090
35417620
35417834
35425599
35433107
35450311
35454432
35455246
35455309
35459183
35460965
35462175
35474367
35479539
35480995
35481943
35482120
35482588
35485494
35485540
35490899
35491226
35495855
35497249
35499754
35520100
35525353
35531087
35533630
35542573
35549764
35552136
35561457
35561856
35567786
35580368
35585026
35586471
35587625
35588765
35593526
35597765
35599492
35613147
35614066
35615031
35616233
35617157
35621769
35640554
35645513
35648534
35652721
35654053
35656086
35658308
35658866
35664865
35669250
35670789
35698812
35703274
35703455
35704433
35706338
35710369
35712082
35725748
35727758
35733175
35735993
35736266
35743226
35744668
35747647
35755669
35757014
35763279
35773220
35783624
35787021
35788757
35790928
35793405
35793852
35797268
35797666
35799053
35800421
35802271
35807820
35810813
35810978
35816075
35817341
35822911
35829902
35841731
35844889
35848891
35852827
35856961
35857033
35867886
35869112
35874337
35875426
35885962
35887859
35889331
35889893
35902329
35906528
35912758
35912829
35917667
35935521
35935601
35937748
35941718
35944663
35944731
35946847
35948177
35949017
35951610
35956664
35956760
35959134
35967812
35968428
35971388
35974135
35976020
35976180
35976496
35986072
35995558
35997913
36009182
36015983
36040285
36042986
36043241
36055964
36058595
36064291
36068214
36075581
36076438
36076792
36078619
36080478
36081119
36090835
36092519
36092838
36093463
36094392
36115889
36117710
36119661
36124425
36124522
36132341
36136652
36139558
36140039
36143876
36144287
36145887
36148194
36149962
36159055
36161663
36167527
36168038
36168433
36174982
36177229
36180481
36180558
36180975
36198175
36200075
36202831
36203514
36208662
36214250
36214597
36221475
36222354
36222729
36223368
36225038
36225197
36233832
36233947
36241754
36247416
36248803
36249297
36253880
36255481
36261291
36263417
36266626
36270805
36271156
36274227
36274489
36282658
36286822
36291955
36292045
36295327
36295363
36296257
36297461
36298228
36299475
36299528
36303628
36304731
36305051
36311632
36313076
36314942
36317553
36317769
36317846
36320428
36322529
36332719
36335054
36336240
36342408
36342850
36344827
36351009
36353300
36353935
36355207
36358059
36359674
36366462
36370607
36375907
36383677
36386163
36392766
36394019
36400299
36400892
36401953
36403327
36405333
36405493
36406535
36409309
36409577
36410813
36413583
36419886
36419931
36421701
36437360
36444626
36449254
36452411
36452864
36458297
36465784
36465805
36466227
36468700
36471897
36474256
36478175
36479005
36479049
36479606
36485470
36494446
36494876
36495495
36496295
36515417
36520165
36520210
36523232
36523759
36524396
36525623
36538189
36544939
36556814
36561605
36562156
36562699
36566001
36566912
36568691
36573271
36573470
36576341
36578450
36581096
36582847
36582889
36583105
36605420
36614161
36614252
36623461
36625537
36625764
36629092
36635916
36637954
36638178
36643797
36644610
36645695
36650757
36654419
36655420
36656233
36659701
36660866
36663285
36664238
36666664
36677698
36680035
36680419
36682596
36685011
36687407
36693868
36694044
36696017
36722553
36725974
36726098
36727459
36728204
36730874
36733157
36737005
36742325
36745623
36746727
36747329
36748124
36748465
36749764
36753093
36753181
36760285
36762078
36766421
36771902
36773427
36774140
36775060
36776160
36783488
36785613
36792136
36792599
36794375
36804885
36808298
36809558
36824816
36826146
36832113
36834648
36838596
36839812
36839991
36846620
36853590
36863105
36863247
36879718
36879805
36880657
36882626
36884663
36886397
36887514
36891275
36893526
36900036
36900459
36901991
36905639
36912670
36925844
36934797
36937667
36938904
36938953
36941026
36954591
36957144
36964504
36966646
36972047
36976255
36991232
36992274
36995972
37001434
37005980
37008112
37020281
37021876
37023570
37027429
37036907
37043491
37043833
37045120
37048273
37048405
37049881
37049902
37054012
37054638
37055960
37058800
37059304
37061663
37071754
37075133
37075396
37076221
37076955
37077123
37078428
37094341
37094468
37096030
37098117
37100183
37103992
37104031
37107304
37108085
37111569
37112442
37112530
37114522
37121970
37123750
37124606
37127115
37134775
37140982
37142230
37146733
37150861
37154466
37165220
37168576
37174441
37174539
37176756
37177606
37177773
37178045
37180271
37183393
37191019
37191067
37199454
37201219
37208712
37215331
37216298
37217446
37218092
37220460
37222377
37228149
37228347
37230623
37234673
37242148
37251405
37254757
37262792
37273877
37274107
37282818
37290276
37296762
37296920
37297552
37298467
37301013
37313925
37314712
37316536
37320079
37321660
37333259
37336000
37336002
37341234
37341852
37342671
37350815
37354039
37355927
37361145
37361659
37374584
37389267
37391952
37393524
37399262
37404001
37409164
37413241
37423519
37423790
37424896
37424907
37425618
37425820
37426813
37432552
37435296
37436558
37440057
37441025
37446469
37451636
37452015
37452480
37456975
37459452
37460392
37467782
37473305
37474465
37487130
37487245
37488562
37488592
37491819
37493677
37511424
37513111
37513847
37516255
37516298
37516337
37516400
37520186
37522074
37524906
37526980
37541334
37541588
37542896
37543408
37545051
37546190
37550336
37551670
37554475
37555494
37556425
37558683
37562104
37562173
37563071
37564399
37573495
37573558
37582932
37583032
37583148
37583339
37584972
37586611
37590878
37592484
37593386
37594761
37603730
37604538
37609810
37610865
37613983
37619643
37620363
37620755
37621218
37623035
37623069
37623088
37623102
37623667
37624508
37626759
37631762
37638400
37639320
37642160
37643848
37649449
37649718
37652254
37654088
37656844
37658138
37663535
37665863
37667091
37668966
37672932
37674286
37679126
37684601
37690739
37693563
37694265
37696208
37700259
37704831
37709854
37714518
37718132
37721141
37722725
37722812
37724180
37727268
37727399
37727633
37730952
37731013
37735880
37736681
37741202
37750044
37750133
37754298
37756277
37758960
37772465
37774519
37775362
37775536
37777524
37779628
37779942
37780005
37787672
37788492
37792904
37794049
37800615
37804293
37808009
37809441
37815761
37817928
37823935
37830557
37834942
37835801
37836622
37839092
37841437
37845187
37848382
37848489
37850322
37850681
37853343
37855813
37859556
37860989
37864378
37867880
37867891
37867981
37870985
37871054
37871689
37871976
37873266
37877331
37879770
37881385
37882537
37885282
37885530
37885598
37887801
37894220
37921378
37928042
37929828
37930916
37931046
37933037
37937240
37937293
37941413
37946689
37947145
37950741
37951232
37953251
37959406
37962279
37962701
37962948
37963733
37964412
37965347
37970376
37974411
37978482
37979101
37984271
37987137
37987387
37988042
37991224
37992647
38000457
38001692
38007616
38012361
38012845
38014261
38017095
38020149
38022316
38032583
38034909
38034973
38037858
38053993
38059708
38060101
38061995
38065482
38066031
38067335
38075283
38083324
38087037
38095687
38099266
38104917
38127417
38130465
38136722
38139013
38141236
38141279
38141309
38141504
38141639
38142003
38142416
38142728
38143254
38145156
38146280
38153176
38160471
38170666
38170712
38181860
38182077
38183281
38184493
38185184
38186614
38186706
38188989
38197268
38204030
38206730
38207003
38209265
38215952
38218070
38218223
38227316
38233811
38239400
38246013
38246632
38250855
38252875
38254966
38255710
38259161
38273490
38277422
38284073
38285285
38287187
38290401
38293995
38296369
38299917
38300443
38303324
38304696
38305300
38312805
38326298
38339964
38346605
38350148
38352625
38363941
38385633
38388818
38389337
38391762
38410704
38420098
38420560
38421243
38424113
38425091
38428368
38441833
38447743
38449349
38451510
38458859
38474152
38483979
38488313
38493267
38494340
38494680
38495580
38502299
38504120
38531018
38534051
38535689
38537275
38538968
38541316
38545678
38546417
38547419
38553073
38564339
38564916
38570675
38579094
38579246
38590644
38594007
38606502
38611319
38613416
38614688
38621689
38622085
38630457
38631141
38632874
38633776
38640178
38644621
38651345
38669006
38671921
38677419
38697157
38705201
38708605
38745652
38751106
38752245
38753165
38759943
38763643
38766635
38768672
38772894
38783981
38784116
38785029
38785498
38796319
38803386
38823095
38836103
38838215
38845853
38854255
38856816
38858875
38860322
38862178
38866331
38870132
38872917
38872920
38873114
38874523
38878809
38879248
38885985
38894593
38894847
38898679
38907515
38910283
38912565
38917852
38921637
38927846
38930625
38934359
38945158
38946650
38957184
38962779
38971685
38987674
39006234
39006374
39007267
39011023
39022392
39033410
39039893
39056349
39063633
39072259
39074020
39081827
39101441
39102040
39110483
39114303
39117598
39117617
39125648
39137427
39139537
39140353
39147621
39149585
39155143
39161111
39166191
39170812
39174653
39185541
39198616
39202478
39206715
39209504
39224496
39227414
39242007
39243483
39249006
39255036
39255642
39290158
39293016
39305017
39310677
39324081
39327860
39332699
39333685
39354233
39362243
39362247
39369587
39373893
39374179
39380507
