11798
36050
90796
119376
559985
596167
757599
997522
1200306
1877530
2050286
2630504
2738540
2811256
3479311
5658921
6299361
7708711
15596225
15671315
15796153
20172814
24522829
29215490
29532581
30551173
32370298
32854013
33548178
33811255
34021836
34288861
35008493
35322329
35356466
35497249
35550892
35580368
35688661
36180558
36493041
36556651
36722553
36991232
37045120
37054012
37850681
37855813
37859556
37871976
37881385
38087037
39249006
39423203
39895988
39969276
40328496
41041317
41477852
41547182
41924323
42213000
42276855
42452426
42592435
