11798
36050
51268
63399
90796
98378
141708
169492
170816
178291
181052
192877
349648
405035
559985
596167
649316
889807
997522
1056038
1194712
1316962
1441225
1540075
1605053
1698843
1701930
1811495
1854702
1877530
2050286
2139616
2355418
2450624
2630504
2738540
2811256
3173933
3225139
5545081
5658921
5904071
6299361
6681561
6956601
7708711
9998401
15027661
15546421
15596225
15671315
15701888
15804462
16065518
20149906
20172814
22410569
24202798
27150355
27873713
27881058
27887242
27913217
29099432
29153283
29309697
29532581
29999775
30369218
30433510
30715701
30893129
31332077
31421106
31778177
31849548
31849879
31985691
32125761
32376022
33548178
33759102
33811255
34021836
34288861
34633210
34658696
34715859
34804853
34866630
35008493
35322329
35356466
35387163
35497249
35580368
35714604
35864069
36159903
36233832
36722553
36991232
37459399
37855813
37859556
37871689
38299786
38300040
38385656
39128817
39249006
39498303
39969276
40116294
40328496
40719291
40719322
41477852
41547182
41673540
41688552
42122374
42213000
42289107
42329667
42452426
42538183
42592435
