48085642
37078428
246860
675509
46012061
43961557
1695917
44165505
47829628
40574364
15652765
9801691
32684575
47176019
30229260
37847929
37191019
43494458
37748639
43952237
30136276
45981674
47653635
42027587
38065482
47221767
40755081
44070277
35134764
44599867
36523232
47569242
47427344
32676884
29632585
38215952
833768
885936
45525248
37183393
29147588
16692985
34243702
34664661
40903138
36557501
34132398
31759977
33012343
31641561
45818068
35867886
36793129
35704433
35309271
45830718
16050617
46006290
952584
46258510
32636782
36458297
42734274
15231521
588088
45521473
40940986
46067854
45184976
45760437
40818502
37987137
44459233
41018492
35008493
31887466
31766278
16113739
37620755
34630035
39672592
33597645
33864894
43158835
37871739
857179
43383305
33750127
1672546
16457329
45817836
42586385
1564659
44447339
41569682
45210371
1470788
31880815
43701102
37005980
20478610
538842
41856164
42162600
42584673
34176815
32638739
37634409
33740996
2574908
2744810
35021150
35241545
966277
429966
24655228
31432310
36058595
5375001
36485470
42517159
2785044
42200942
29638879
15640419
8892541
36410518
31140147
44686439
147580
32556320
44957853
44225465
31654607
41583566
3140811
44935421
289548
36496295
32133313
34271915
44901037
34844519
440114
44864163
37937293
15583108
40304817
39747150
4554401
29099846
34297224
35192754
44782872
44283738
16158500
1473720
32288681
42279793
44235508
15735168
42177082
41300795
42056861
42855390
38052510
42913775
34315187
44081214
29145300
33565098
1038790
38095687
16099995
33052341
44461741
43962237
12128141
41622579
33731680
20390872
15838692
31976226
37313925
6455781
2566714
36808298
42698273
38708605
37609810
480783
32390084
13999431
38012361
43612058
29291258
44020514
43518101
44007420
2145458
39480855
37075133
1910430
27508654
36144287
36295327
27275434
34829884
43535978
36313076
36413583
37921378
43907326
528570
29222399
42986642
38894847
33211102
5815311
38870132
42993963
41514691
39853044
35971388
39604976
30849241
7011261
34313704
39670270
8188801
3025749
43140368
36200075
20201428
41591751
27550213
638195
32373868
37672932
38099266
43097358
43271699
40374533
33890847
38874523
32454918
29083128
1324906
38594007
16031116
42845180
39895988
37668966
34202335
42592435
1460367
35783624
230737
43008603
4255031
42939342
40287750
32182070
3055894
36579394
37871976
37855813
3684401
2332348
33580409
2521114
36589521
3118740
35491226
3163170
1794175
42447539
41905998
6796441
41441868
37871689
37045120
37096030
37098117
37619643
37182277
2215016
36468700
35586471
36222367
37850681
34021836
36879805
35531087
24522829
842663
37061663
31906263
31916219
41429084
36168038
39683755
6499981
37003893
41250206
33877604
35497249
35727758
39931678
31020841
16360258
7158451
32680162
40865490
40328496
76245
39340906
37070519
36625764
39969276
15558219
1255710
35322329
34268940
35300985
37794049
1488056
2831258
40437157
40157713
31421106
40398270
3168506
38622085
38866331
31948211
38858875
40327133
30567215
2050286
36479606
3014848
30004405
33232042
33432979
30369218
2797226
27966128
29311548
37076955
39826347
31995113
362472
31819967
1634403
30906237
37804293
37477497
38233811
27571120
37047665
38910283
37855376
37855931
38661958
15578934
34261097
31313419
38404594
311546
39206715
37494464
596167
37873266
38075175
1662881
364724
39164742
66086
39111402
7220461
39140479
20172814
30007773
34855714
38962779
38204030
39010033
32825687
1665388
33471284
38990087
38987674
15797480
38928435
140734
511876
37748081
38209809
33820495
38671921
36304422
37055960
997522
35106960
36991232
38669006
31009306
30444363
37580198
33292729
819604
38640178
38421243
38631141
34024258
30101195
38322629
38003559
38594102
32426694
31120081
38353535
38546417
37203463
33877176
35862908
331561
31213066
1993354
15963179
35658308
6490561
36660866
35279376
36253880
34903603
325649
38467185
38059708
37282818
35652721
347700
38298290
27937681
3226353
33718067
34352584
29786748
2230652
27884465
31627450
35455309
38246013
29653756
37979101
27871006
35376078
38202997
37930916
37991224
38061995
33085387
32320126
37807862
29541962
38018690
35310219
37779628
37701161
35997913
37962948
9347051
1688338
336159
37501878
32547426
34844369
35019422
6906571
34905277
35485494
36859357
33596879
31623338
1625030
37804630
2418850
33108783
37513847
1737273
27122866
37624508
33046106
37686818
29043098
30592599
4568851
35863454
37715574
36990448
34016023
36538189
37700019
29071738
37299366
34306039
20261668
29956289
29810412
228748
4064611
213118
28094275
33618340
549368
35141024
37054012
33113932
7474171
28137
2189616
35956760
356041
7950411
1322549
37254757
522830
36342850
36333586
37230188
31649667
33446198
37123750
37382557
27128602
36654419
2113594
33774277
27022555
37178043
36525623
2815434
15596225
13797691
1718587
30914265
37198383
29262487
37192835
32376022
36448909
32301946
36090835
29787255
27175597
36583105
37043833
2618508
32568570
32183742
37026430
34385049
32522806
754642
1200306
829690
29164831
36298704
1369502
16798735
36674859
36510389
187756
27139687
31186639
36466578
32698748
36675191
32554504
27799810
33307638
32004730
1325595
36432575
1642839
36637954
35482588
29902611
35793405
36581096
36327691
32882989
35710349
139713
36292045
16693084
33628317
909569
11188021
1898930
36518581
16060412
30161279
1097728
14896631
34111873
12180721
29591225
385838
886367
32958870
34372913
36410600
35192164
2798602
36375907
36255284
7338381
35155714
34934984
27589270
1895100
16000838
30263821
36055612
34334606
30957578
29669573
29564986
1179102
746909
3880611
177222
35663466
30280713
29832069
36305051
33849889
5981211
35404855
31670149
34061238
36362803
317898
1563100
33681917
32238808
1055997
33608416
2474340
36204137
31448101
7784011
1430848
32696309
36287088
5058081
16381924
155881
935495
2136142
32265397
126670
33420101
35559726
33877527
32305482
35580368
2830612
33147620
36076792
29612157
35976180
135120
32444603
33015359
3057166
2632766
36142896
15623990
35294013
6422281
31448506
34085804
30493564
600355
119376
29889644
856287
36148194
36159055
36137424
27757705
11967091
357237
1877530
2234476
36116340
29616322
1403021
32175785
4615471
1859602
361599
11229861
14788301
35356466
1288030
36116444
36117982
36117776
35678692
34384747
2811256
35372220
11798
36139989
35390395
33599119
9965971
36050
36136220
559985
1176411
16156319
32306230
34820068
33657367
34980572
467775
1720914
