11798
22287
22714
26814
36050
41305
43171
54844
55448
58750
59306
68948
75798
76245
115345
115986
121141
137796
139524
143570
151220
151964
171234
185778
188839
190795
193832
200660
205398
207896
220111
221748
247286
255018
280479
289548
298746
305373
319171
333446
336159
347700
349263
359216
359544
370456
380600
405111
405839
408993
420967
432625
440114
443387
445069
453899
472220
484719
488643
490152
504582
505580
519332
520156
527129
548999
549311
559985
570541
581469
591388
596167
602298
615886
681081
716217
719993
721086
722025
757801
777737
785722
833768
853815
859357
866077
869561
876911
881352
883730
885936
915613
916901
921906
935100
954639
970726
997522
1019786
1088701
1095055
1144857
1152603
1185143
1200306
1210030
1222244
1245109
1258414
1277025
1277444
1310645
1335045
1353785
1384829
1390419
1430907
1433323
1446315
1456039
1460367
1477035
1478550
1492302
1507511
1508454
1546483
1584313
1589279
1610371
1634403
1648406
1661822
1689143
1701337
1716621
1805535
1831164
1849008
1877530
1879792
1895100
1972946
2008992
2050286
2061274
2082002
2084276
2123094
2200560
2205112
2205364
2222796
2265710
2326980
2380600
2510794
2545382
2551158
2572946
2574908
2593716
2630504
2631490
2636380
2649444
2653826
2689610
2693852
2707220
2815434
2822734
2831556
2847232
2904740
2920504
2924690
2944724
3002476
3020399
3039134
3056700
3068815
3088005
3124052
3168506
3212248
3363801
3469991
3566931
3733221
3805061
4064611
4151861
4223511
4255031
4339531
4920771
5469541
5815311
5944871
6010471
6064931
6447571
6769701
6903181
6906571
6940511
7090751
7996471
8190701
8227931
8530541
8681211
8799281
9495131
9627621
10887981
11304551
11429171
11608631
11928401
12060611
12146511
12539351
12711881
13734301
13797691
13825821
13928581
14030851
14153291
14380361
14634791
15231521
15579457
15671315
15706969
15717649
15785160
15790859
15804137
16023074
16028388
16045649
16050617
16073157
16074161
16099995
16115955
16147376
16194941
16198435
16213623
16221205
16231491
16234354
16281223
16507216
16633996
16652077
16679044
16692985
16764574
16780420
20172814
20181019
20199895
20314600
20329657
20390872
20417728
24655228
27056317
27089110
27115486
27175597
27416575
27547765
27654172
27820531
27896356
27915393
27915492
27934138
27936716
27962270
27966128
29004482
29018465
29030326
29131931
29155833
29172065
29185215
29196716
29231377
29245920
29258113
29269827
29531446
29534878
29539863
29562384
29570980
29592786
29638879
29650066
29777439
29810412
29968196
30008136
30098510
30136276
30161279
30229260
30282142
30283038
30445940
30498621
30504283
30567215
30570738
30589446
30600093
30656028
30664787
30687768
30914159
30962287
30995240
31128308
31140147
31367431
31379456
31405041
31418942
31421106
31426274
31496596
31552785
31587658
31594832
31641561
31649667
31684917
31724207
31726532
31759977
31766278
31781162
31835662
31887466
31901852
31976226
32016906
32034340
32124275
32181306
32210671
32224897
32259939
32288681
32295289
32325098
32418113
32444603
32478036
32504469
32561562
32673427
32695535
32722142
32820417
32840141
32853698
32976222
33012343
33015800
33046106
33052341
33194995
33208975
33288057
33292729
33379984
33455400
33467222
33471284
33495562
33534950
33565098
33596879
33603982
33642830
33731680
33738435
33811255
33816330
33868748
34021836
34032473
34059219
34059576
34083253
34149973
34174125
34245809
34261097
34268940
34288861
34297224
34305158
34306039
34470821
34473917
34559246
34664661
34714895
34726732
34794561
34800916
34814042
34844519
34846227
34886224
34934984
35008493
35039943
35049478
35110826
35192754
35260907
35290150
35300210
35310144
35322264
35322329
35341517
35356466
35378469
35392879
35472386
35490899
35497249
35514804
35555634
35561457
35580368
35586471
35608300
35616233
35640554
35652721
35658308
35704433
35743322
35773220
35810800
35853753
35885962
35919415
35922798
35951610
35976020
36058595
36077410
36132341
36223368
36233947
36292045
36359674
36409309
36413583
36452864
36466227
36495495
36509586
36538189
36583105
36625764
36694044
36722553
36748465
36776160
36808298
36838004
36863105
36865090
36991232
37045120
37054012
37061663
37075133
37076955
37094468
37096030
37124606
37134775
37183393
37234673
37282818
37313925
37321660
37517574
37545051
37546190
37584972
37609810
37619643
37735880
37748639
37836622
37850681
37855813
37864378
37871689
37873266
37919555
37930916
37933037
37951232
37962279
37973134
37987387
38001692
38012361
38034909
38095687
38099266
38181860
38204030
38236337
38300443
38498275
38504120
38531018
38579246
38594007
38606502
38622085
38661234
38661322
38661471
38662155
38662339
38662648
38663333
38663449
38665697
38677079
38677204
38677300
38677381
38677555
38677674
38828087
38852139
38852434
38858875
38885654
38919497
38924635
38930625
38962779
38972322
38972428
38972874
38990171
39007267
39109611
39139537
39208503
39245024
39407638
39442196
39480855
39498303
39583157
39596864
39597363
39597855
39598059
39598655
39598827
39666126
39683755
39692938
39701575
39701896
39703539
39826347
39858752
39880797
39892986
39933061
40024934
40160049
40287750
40304817
40328496
40344160
40376269
40388235
40421756
40496349
40903138
41250206
41251909
41303431
41398012
41399161
41428590
41477852
41522467
41569682
41570850
41571092
41578923
41615480
41645642
41670506
41731753
41763343
41856164
41905998
41992836
41992893
42027587
42046778
42056861
42116343
42156302
42213061
42223633
42297858
42538580
42584673
42592435
42640321
42699517
42738100
42855390
42972430
43025309
43184223
43477110
43601805
43712100
43908270
43939348
43939538
43953832
43954037
43960657
43960729
43961188
43961936
44027392
44027628
44070277
44123365
44165505
44171637
44182551
44214452
44220781
44225465
44231697
44233189
44294751
44412070
44442114
44513121
44519246
44545745
44599867
44758835
44894326
44902124
44909512
44967214
45184976
45303065
45439542
45525248
45537743
45692230
46001613
46006290
46057587
46219823
46226352
46238314
46259046
46315435
46328326
46487027
46554512
47177102
47346164
47349661
47411493
47427344
47452605
47554219
47857021
47959469
