1395052
6581841
37632996
48011220
41492363
33421957
47846790
46576248
27637798
47857021
38871589
40574364
27896356
47799520
47389416
46441307
31994546
15988263
32018490
47871442
44412070
46615494
35386856
47839713
38912565
41696200
47176019
37244195
30850836
43889084
1485992
36432886
47726522
31382984
15736316
31767973
32198988
7426721
47610242
36297131
400610
38136768
47564309
44341201
42341125
31976369
46505586
47539285
47458057
29820136
44070277
32724243
35409439
37183393
44493573
14505171
47417343
37424273
34077296
885936
32474515
36748465
30136276
38215952
33674475
869561
13634331
34656089
45525248
40180912
44752630
156376
47075143
47217989
46445891
34246017
29931219
7011261
47177570
45692230
15558729
46337665
33548178
34565583
37590878
30283038
20196814
44220684
16652077
31757827
47022912
47018112
2831258
16692985
34664661
40903138
33012343
2776770
35742650
36297194
3190499
1085145
37137393
29004167
8567091
9725831
33580630
34188601
38254966
38504120
35704433
15840407
34175774
16056654
3043392
46453821
35867886
16050617
36335743
37678695
45972722
29024266
44165505
41578923
31611948
33205746
33639045
31539488
33237148
44315345
20336380
44193345
45945932
39880797
46513151
46132779
2864498
38750152
39688519
33182533
45184976
36167527
31757506
45472663
34979627
46219823
36509586
2573946
46006290
42297858
46314871
33620940
37829784
41483601
30962934
34256015
33347414
952584
37321660
36233363
44851715
27865660
15821091
29261041
33991081
34714895
46067854
30202984
44758691
46120286
16705723
33741778
29561061
41850586
15590595
34595388
27906583
33278630
37290824
44459233
40818502
34032473
37042250
34039531
16788175
525548
45573300
3505851
32625132
32027532
45576194
37290276
1564659
27397285
37036907
30777899
45343032
16806799
36097351
45472699
35713496
44239005
41569682
37041659
954639
31843835
16212710
31100185
44950760
738491
34372666
41856164
27684526
16072171
34884676
38454053
37570994
29031545
8450161
44182551
31506557
44684522
20360302
45316213
36165552
29074813
31599218
37617090
44129259
42361069
35021150
42584673
29638879
43021651
36584328
32941082
27301018
31463585
2742002
45210371
35879843
36472435
289548
1146459
15231521
35379667
41834390
45109725
43859159
34347284
35289124
15640419
42200942
42108194
45107432
1873720
37470047
44789299
44549923
34856429
31128614
43686943
37355927
34844519
43519671
11967091
38391762
31270325
44648671
34176815
44235508
33461345
32288681
38181860
20329657
36496295
44798093
34709856
8892541
15587234
39356195
42279793
34271915
1146169
6742521
16094172
41170699
16158500
6913641
36660866
27651745
5488991
12711881
27181375
27685078
30031667
16230332
44233189
44502841
44442114
34297224
16488277
41689901
42056861
11229861
16022787
31427713
44007420
33052341
33565098
38095687
44450186
37643848
32390084
2039694
35585026
38012361
5879751
37609810
44332766
43612058
33741882
37937293
42162600
9417571
29872442
15386791
39480855
10443251
31816431
29172615
33455400
38067335
351192
34829884
44114714
33015800
44020514
43535978
36863105
41514691
38894847
230737
29632421
31525614
36413583
43897048
3078422
43821616
32133313
5815311
32352848
38870132
43803536
3340841
29185300
41533789
31766278
31353809
2810584
14656661
32444603
33719411
31286365
5580171
39153601
36200075
43400552
38759943
43548174
1589279
31420428
34257761
37642160
42993963
38099266
43208777
43155171
30539384
8248891
2077762
41591751
16397950
34086309
38564916
34725190
42235052
434713
10843241
2268970
31401855
36594781
43138566
38182077
31778968
41992318
42499512
43088536
38034909
41587978
3153572
39895988
32182070
37313925
2544128
20511568
35418208
35597765
42726156
42822494
30264691
1349101
37877331
35640554
41324465
42729759
37672932
30215884
27216676
42592435
36354264
29218730
34128392
42213000
20527273
37855813
42569603
42538183
1840718
41570707
9044441
37045120
41477852
34804432
20279764
1975098
31142858
29199100
36180558
41418980
487203
6796441
27417112
842663
20272120
37756277
9158771
41723068
37859556
36863247
29534878
37871689
27724009
42179756
37096030
42181381
42159302
35586471
42104489
41278898
16263679
16601167
40199202
34021836
16345255
36865980
37061663
15721815
16889359
34347802
39249006
30620512
33759728
32029856
36879805
37054012
35059726
34572978
37217446
31916219
41280317
37850681
39825738
41886838
36722553
35537506
41879250
9777931
33098308
32406594
6276271
35424854
11622041
40024050
32278626
27733300
33476794
20178787
24920900
41763343
6185901
31910726
40287750
915591
31163133
3142616
39931678
30251491
31622964
39498303
36400299
37756012
34202335
9106281
35207222
41502236
41593559
41203402
37721141
33824130
31334833
16045537
28137
36168038
38606502
11277471
29099432
41250206
1930960
41426007
41031394
11549121
41412995
1692289
40274359
39702345
35497249
41360562
34146186
130444
2471478
31691185
24510306
1619907
41279669
37545051
2910082
29233080
478879
30687155
27517741
40517135
34191713
40865490
34607989
33807335
34512328
39683755
41093354
8777241
842380
32647929
32764561
41062588
30714370
38357197
30145673
30905457
24328586
40005999
16219108
36824816
31740912
34360363
15979141
20563285
15692004
35870893
1518776
32357605
29642091
1370381
40827975
32335557
16027022
39152514
861801
40582857
35322329
12664961
40328496
9724131
40462184
40398270
39995940
40678789
35300985
32822426
32226118
33796498
33117299
40596747
40601743
39224496
37834987
29249174
20296105
37794049
496660
29627411
40488297
40437157
27425275
1373118
30866494
20249386
3085440
27929771
15596225
40111140
37610865
3168506
1310439
2797498
40339400
32041576
34648668
5375381
29580931
30861356
2050286
27710113
36994750
30526732
33519027
32159950
15708635
37140982
35018478
2081998
40141702
29031358
27397864
472852
1584313
35476042
11304551
39826543
27464830
2707254
29101825
20487895
438202
36246046
29243728
9263961
30004405
33432979
39166191
35829343
30369218
31518078
16394497
37650635
30738651
33013018
16752724
39927686
31510657
33232042
27484858
7788211
29555529
1600243
11183001
39890437
30444616
39767295
35068227
34633210
27294943
33235967
38910283
33902262
29297581
38986995
30685513
31763342
33580409
6938391
31386398
27679636
37867899
31671962
27160084
39691020
2023320
34419574
34913986
15075861
39849063
20447113
39847854
37063710
27966128
38156081
34726860
31281548
6652481
315219
30551734
29981434
32121230
37773602
37076955
29778270
32325098
39732964
34431177
36690035
39692938
632142
39597363
1277025
27080734
29570863
35589842
33950357
31819967
38852434
30152420
16154304
11434641
37945349
29889801
39477783
29233237
5807211
31701539
29239314
784695
39370263
37836622
16101793
38630457
34099270
34261097
73306
34590909
29281402
15655606
39375055
33194995
39182467
31945860
27421045
15560080
35271927
37318689
15797480
38894320
32353250
20558050
39130681
29222580
39139965
1733593
29534213
30839541
16075264
32775781
32513129
32512935
39218660
39071303
29110378
1244208
311546
35782682
6943871
1932870
34552890
39177401
30567215
33187551
39164742
34465555
37730952
30925214
38975800
36600813
16322410
39111402
6490561
29060237
33158406
38733844
38233811
31680349
38591222
32495456
37873266
32328199
33827204
30997213
31213066
1281687
38962779
37021876
32228749
35224101
33556341
9352481
24492591
15487391
15826111
39005347
30314130
32125849
1034892
38987674
35082686
802735
16005934
36838004
27924403
38917062
15809227
32597240
37157455
15832666
34401889
38862178
16068248
33610593
16381924
3020399
20172814
20219851
548994
33471284
32314646
29828066
2066260
1005614
8123161
4260621
33877176
29160937
36295327
36213540
487840
38204030
27882264
29643251
33455219
6807931
3144190
38677786
35225144
1628317
38631141
33109505
38669006
6015761
35021018
835538
36991232
34369994
38566645
35106960
34855714
32389844
997522
1013183
16102520
30789513
16043230
16596034
31699232
403841
38424113
34004421
34631167
34787470
19456
3935931
30444363
30144170
34598137
38594007
38640178
30091870
38594102
1397686
33292729
38003559
37580198
33247603
38613225
568975
441450
6586301
33403910
38421243
34004373
29832644
10579101
1057810
36148068
30470693
35658308
2689610
38546417
33750432
16648288
4863171
29503290
38305440
461027
32224897
35279376
3103208
30306142
1634403
104251
3080878
1979410
540439
35077260
15592393
15812225
20485906
1360859
38306583
33725260
38244450
29252404
31034406
38053993
2928098
2647908
30739720
37112446
34927938
30105822
1021190
1817377
37845187
3076070
143381
36112150
30161279
30181291
15675139
37023526
36078619
2892686
15794117
35911395
30101195
38326077
34404622
1254215
1883560
14013101
34288849
30007773
36495313
16525615
34013172
15984710
30594626
737174
35652721
32299884
32430465
31315712
4879971
370911
1397545
36703519
33153620
31679092
35104103
29616991
1033415
13808151
34321036
27937681
16427950
36828046
9234011
29558332
29753687
3226353
2620470
2747108
35684267
37468167
27204553
35376078
20470759
4023121
27596494
31884511
37945433
522830
34352584
33718067
35988329
34584074
29061381
37573495
31627450
37885598
38246013
32796204
14013011
4494581
347700
29653756
33665422
27278635
35302185
34936371
1201621
37038293
38242740
36242782
395497
35284161
32666479
38202997
34342278
37094468
32217369
898541
1625038
34258060
37282818
4819611
16006939
37901054
10448771
3109509
1640564
27503869
32130725
15907190
1784155
297460
30672226
33625111
11177381
1479629
27637423
35810800
38141504
37973509
37841360
37802587
7427351
29580000
30268370
1891022
20484031
1293224
16103580
29127096
31863776
36376935
27884465
29131494
31298290
20496568
1582216
35263752
30580853
38115763
16806265
35470390
14194161
38030201
1574264
37956374
672965
27636967
29312950
37996929
16353031
15572894
15825205
169492
31313419
36625764
16563685
36719575
37516298
37991224
37182435
12230341
14126761
33152906
38061995
37516255
16168817
9724811
37370110
34397062
2679824
29878868
98202
32794995
2450842
38059708
34472284
8836231
1228511
10887981
38054087
37957196
38033330
32436993
33880149
36255502
16052502
3081600
37127115
38033182
33245263
35296162
16004390
37665863
2550754
6514991
38018690
37930916
14375661
5691491
530280
37000356
34622597
475697
32852520
15715689
38017095
1323715
16232743
10091771
32725946
12046291
16486999
35991661
31839942
9347051
37148431
35310219
16015914
34144549
31140124
167705
32312146
27648037
10888231
33274199
31895410
490693
16068579
37976909
35235586
37621217
34061013
32072208
20166496
37516167
37953251
31738230
37963652
37962948
37962980
37962701
29554701
715925
27090682
37953347
37950741
27203671
1153944
37150861
130120
2829110
29541962
14962591
37722812
37928050
27175564
32121638
29232725
34385049
33450215
30710169
31009306
3057643
1430718
34602879
32823830
31909387
5681331
37931046
30907846
1167248
37262792
31070973
3141431
37903642
36865090
30006423
29604344
37694265
32210694
29618843
253940
33909240
3379281
2798602
34553280
34708704
31129088
29086041
420723
1324521
37201013
36438484
37557743
32048504
37912518
11446861
37434160
37908584
15806356
20569204
15651914
37832826
140734
16287820
32444312
220670
37198784
37164254
37779628
596167
34968254
31422543
36026727
16619398
29083476
15829913
33037622
35019422
32511677
3114118
34016023
36328735
37870985
34490774
16031116
2591804
36347721
27863125
34905277
29786941
32388275
33108783
1507414
37688251
6906571
31699369
31868145
31853910
36422490
35301560
27777049
33940356
32240031
36885446
29294033
16230907
16021268
37554475
37514173
35455309
1619557
16104208
27886714
36298704
37848908
37847551
16075424
29534247
31072895
36489386
36292045
35884107
33446491
31789456
20366104
7321611
29719307
27871006
2098140
31251185
29319433
34231426
33493428
35575651
1858718
37832398
2890414
30794904
14483571
32288741
32603445
36556814
30584948
32835722
36993889
27914810
35755132
31518681
37804630
37823935
32554504
37212632
31566064
13986771
31546961
37722725
279922
32799705
29677397
446295
32301946
15652765
1730685
31145374
34907800
37783796
20152864
16425502
16748383
2418850
14944881
16235182
29159283
27898356
29059465
37804293
11637611
3085754
27866332
36332719
37328700
34768668
1723200
36333406
29225123
30841191
29241140
15800073
35246303
15594760
31554685
31933560
2623266
31548792
27158524
35549425
30903005
30796255
37322158
342132
16164132
29044493
29255724
198228
14063761
14628601
31891110
790656
29033633
1787759
1716355
34991471
35757014
4895061
31754724
407385
37513675
30745723
37513847
37762875
35989124
4797441
315447
27122866
1210236
55478
3092638
30394558
357736
31560467
30545914
33153064
37734906
3053227
32238231
323521
10728201
33731680
2037966
1912626
37513906
32302017
13797691
37112272
31561258
23611534
16128899
37136660
36859743
36656233
32430871
16650658
37230623
16231628
1620854
15992904
30294568
30541430
2600148
30741603
37684601
15778105
30132835
35246665
34027112
29596609
1080527
36047229
33438780
1059630
16092780
1610948
37234673
155881
7115281
16600822
1201572
37593386
32246575
1906826
37719034
15543988
37125963
37625775
659560
29111198
29755139
37725674
32276072
29622686
2965588
24308066
29534179
36071887
29593695
31529449
16072544
11426361
6514621
279935
3193274
37728953
33003093
33787435
337876
36696017
324178
32757103
20313526
36664955
37715099
16753939
1325769
4426601
338738
7154901
37708039
16863
2946350
37721193
16183320
33123480
16287211
33712028
14926881
15738986
16094134
37536262
27239512
35067291
37715574
30466893
310368
37553338
5965091
1217645
27213730
32698748
36586573
34658317
2434834
27951436
37418291
1593617
32617292
36990448
29779682
23990212
4617191
192890
15626380
16206149
3156019
34179511
16447741
16163624
37701161
30928438
29056394
30509339
36905639
37289646
37700259
3174124
12423781
16002521
30969021
1477155
34776809
1412537
35030837
15721164
2149378
37692455
995184
31995113
27779605
35284762
8078761
6285901
31979714
37529949
27101485
36538189
1523063
31870589
29071738
32840141
31656728
36055612
37686888
37686818
1725046
33245239
30699685
29125610
33142648
30475696
16285912
37683337
2620560
34712682
16131003
916754
31422966
8697461
4930611
822008
35041363
9277461
31877314
6009441
6947111
225989
378939
32305843
36181902
33374259
37299366
36194683
1455652
37251405
29938454
5124271
33046106
30167634
15765857
34118703
1449130
32368926
9386261
36646208
30076307
6882711
35794549
4845981
29241839
31644399
5503231
31763060
33901478
1874836
275127
307850
1126892
29180438
19031914
31660304
16009353
15581377
3174008
31070984
382119
15720522
309398
29591225
34306039
27175597
396410
12164721
29930922
31749833
37624508
3164997
15333981
35884393
29127189
16198106
35983367
417658
611709
37197005
36299528
16295650
1090005
326477
20385562
1536721
884061
34581334
31900130
65177
31549745
32018906
10571631
32678362
551542
37108085
33945504
6264581
76934
20398366
950759
36695552
36688928
35277908
15428221
848461
987519
35643298
154501
36886397
4023151
37126302
27131668
36566912
31930341
34946310
33372140
32174075
30336712
37632127
2052344
16736059
1765385
1628437
27799810
31403269
36666664
33199695
34351175
1523452
2442074
29592550
1820535
29106658
2698844
1124338
1764329
3057703
37096
7430491
29550612
500030
10980301
313218
15742318
33769647
32489422
612474
34773188
9545051
15571651
29899355
2914464
36335589
32660534
37628009
29810412
854283
508398
16093972
37636150
8669631
538043
31545627
29414451
20217052
78422
1209529
15862074
37631762
29164533
12279811
29148485
2064172
33850141
31654812
24202798
4178041
31448506
27843652
7806981
27693595
37623035
32135047
29963880
37301013
2136786
11282011
33713006
31797942
29221194
2084692
136170
35791948
34112038
95485
36335729
1112602
27669418
564812
27403453
37622880
4064611
37620363
14926111
32113886
31792308
1911054
9957921
35482588
35683194
30159828
27538498
35727758
29326491
35757951
34218848
27679414
34598658
14757411
34770777
31662331
16065627
954628
2621356
6772891
178291
1673880
36832113
559671
1011340
34715872
29606448
31690578
94091
34820068
16666969
29888466
2189616
36637954
37563071
37254757
1123205
27514351
34054585
2296424
1410170
960934
16075819
2090310
769159
30138893
29832069
1413120
20261668
30349574
2750236
36600020
33942075
549311
16157877
30491152
16065865
1140447
1837776
628860
31327347
1187114
16112422
35747647
33168078
37583092
1388397
1696371
13999431
29128364
1639228
36023064
29181205
1251399
31552255
32882989
33535517
512875
816865
443387
16133796
21737547
16470988
33168807
35481120
3050151
1899896
32696213
32883304
37582932
36559269
15598703
37582880
29268144
2587798
30280713
29619898
228748
32541031
36295363
27302995
33080419
35561833
16198621
33848599
842198
354956
31645918
34511692
1294736
27052183
15797933
29577066
20199352
129131
36437426
37379263
36177229
874726
9270081
445550
293139
32021803
124891
32248147
1424281
16519324
16292833
14912761
32784666
37542896
29900327
37578813
32488535
16526119
3090421
93248
33740418
2361318
3061918
10120261
15341481
494835
119376
1342318
37177773
36432575
33008051
181052
30445535
2180486
4615471
23080255
32654523
27043873
33347661
34168954
34232185
15712337
34997129
27851275
33618340
11669801
11947421
27275656
37546477
34042846
1499188
2057738
20391718
1492667
33575250
204806
2444046
16092221
33598426
15729245
35763279
34089808
32373798
33565521
33849889
10238631
35884650
37562137
1487435
311770
2011504
33652552
4786481
29889111
30460686
806429
30170907
35396423
34932181
6748501
2799634
36660760
32572509
36654419
14788301
273422
35533630
34346367
35755127
32351827
549368
9504571
312471
7546591
191777
31183325
28094275
32347832
32201963
25155050
34384747
348802
37564923
37499480
12342411
37250090
2350506
1844806
37049881
32302366
29616322
34610234
539692
2618508
33146438
3065053
22333350
35326018
23979973
4341061
37424811
36378265
503317
30144133
24470165
32889690
1952070
34317415
31341043
35650744
1783585
6447741
1659295
15116081
11799491
16196176
29737098
3149789
31471217
14466541
31469754
34524868
30650361
1832530
35465359
2605898
33914356
35752174
33490641
33811255
4648061
1155406
35412494
3055998
373149
2412222
35875426
36448909
37230188
16333216
180604
455235
390411
1737273
36766421
33597645
29124030
181600
3168418
34693630
31061904
1402057
9117261
27869484
36814615
30398408
34098622
37444157
37430215
37182818
37222900
37483035
37235728
97997
16727800
356912
14094211
5502861
30842086
31208581
12711541
24804214
587963
16063880
33325706
31265384
11744331
3010278
2785044
219392
1729134
4787421
210233
35294013
29956289
29143388
1478550
3010000
1451388
32960761
35450311
32875814
16158111
34064706
15626760
31810771
1374245
16472947
1322549
3085270
668545
36327691
1608224
32543426
36094392
36305051
32543131
34108609
744687
165933
3143510
36317062
36045137
123022
29300
37347433
1477035
9182171
15623990
20374537
31448101
36263795
32693201
32515534
35390395
1131788
933983
35776862
31623338
449884
2889014
35999969
15799621
34390150
1403021
245725
1358038
35074587
32903380
15961686
27886961
35211948
15840919
24404997
734156
36208662
1944874
29309697
35854170
31845415
30793280
15749141
3120406
711157
14194231
16370005
36515770
34000010
76099
8486751
5742861
32724775
35045608
29062726
24550013
29507452
13386971
39360
15666284
15745592
1714704
48946
32319784
1216709
27004822
3087606
6720231
29911328
1884584
21281591
663774
24157033
34315915
774335
338803
15654495
32422081
12285661
34451899
16525180
37488592
31092546
35157834
31234166
33197611
29066831
34395888
30417775
35128270
27959120
20291173
31669455
21290860
29811414
35027686
31442507
33139928
49944
31564935
15758936
774896
32004730
33202385
37433330
37457391
15741138
3150180
1885870
37544418
33738435
32583814
30820122
34934984
35735993
37178043
1895604
14620651
20328433
15717614
20266099
36573271
16039001
32522806
33681928
35793405
37069775
31222523
16232258
29131195
37198383
36593969
27561922
1480870
1055997
977495
36452476
1200306
36142896
2811256
37222860
36136389
34224765
773529
34342257
8458681
8002661
30496312
12172651
30487226
10572821
30479474
28040628
2851816
35956760
20326693
32648848
12532471
4924841
33931346
29933752
1795591
34257553
10825091
15693240
14763611
3846421
29663232
37028700
29792258
3806901
32122907
34268940
1688338
27914683
33596879
2382836
27298831
9737441
36050
348705
16807936
37123750
16798735
33958436
63378
31649667
29831504
1865806
13603101
32263125
2009368
35550590
64016
36342850
27163870
1508454
514018
37235630
1334798
829690
1877530
977729
2980110
27277381
1895100
559985
29224987
1781105
30705694
16458193
2051726
27276382
11990761
27960976
3041054
27437815
15618961
32558706
757801
30548901
25086175
37050730
35356466
35502663
6918001
35085395
16023280
33599119
37103175
36777790
2151646
36306109
32007875
37501878
35580368
36098654
2815434
35997913
31353623
935495
1322608
32669976
2630504
32775926
37047665
7474171
975165
31394077
37257065
36583105
20405299
29787255
33446198
1835298
2920036
37023570
11798
3122373
15798781
34252666
15706759
30120568
10153821
31575218
