4
10
11
12
13
14
15
16
18
19
27
30
31
32
33
34
35
37
38
39
40
41
42
43
44
45
46
48
49
52
53
54
55
57
58
59
60
61
62
63
65
66
67
68
69
70
71
72
73
75
76
77
85
89
90
93
94
96
97
99
105
106
107
111
112
114
179
191
193
199
206
207
212
217
220
238
253
260
262
569
595
627
790
931
1094
1576
2010
2392
2686
3146
4651
6392
7935
8006
8438
8519
8632
10094
10487
10520
10545
10575
11220
11641
13255
13942
15414
16892
18128
18635
18896
24731
25375
29420
31799
32666
37210
41079
41342
42141
42430
44912
50422
50608
51268
63946
69157
76773
83166
86171
90887
93640
100250
113381
113863
118706
119376
123022
127079
127393
128693
128988
134760
137997
139178
139713
140814
142862
143639
144368
149807
150428
152025
153215
154501
157250
157357
168310
169492
170632
172800
181007
181052
185739
189347
191777
195073
196109
196989
202029
202810
212494
213251
213989
222491
228748
230737
239890
239964
246238
252225
253305
257466
285078
290563
290700
297004
299303
299563
307850
310165
311546
321592
326021
337687
339390
341734
347055
348802
353634
356041
362835
365557
377951
380154
396108
396927
401743
409638
409948
422836
445899
454944
458271
466974
474493
475864
487840
499036
502925
503802
508938
514275
521438
522072
522830
524414
531655
532695
542261
548994
549368
564812
585573
592937
595215
596167
596390
612944
622449
627092
631789
655533
672965
673158
691098
711157
711894
713850
716927
718434
718798
736390
754642
756179
757123
762585
765585
787652
802735
809357
814974
819604
819730
830065
852997
864853
870479
874505
885616
885864
888799
896354
915984
926771
927925
937851
939520
941885
946578
950360
971174
976235
997522
1004384
1004720
1036937
1054168
1058366
1066654
1067211
1075577
1078084
1088210
1088689
1100217
1110713
1112793
1119990
1120283
1124338
1124945
1130538
1132949
1134642
1146459
1162459
1197990
1200306
1200324
1216948
1224349
1234354
1236224
1242418
1244208
1249292
1254215
1255710
1281687
1291615
1300616
1302988
1311940
1329182
1329218
1370750
1378629
1388397
1390207
1397545
1400867
1401013
1424931
1441672
1449130
1449393
1462416
1475448
1487435
1492780
1493918
1497959
1499188
1518394
1559355
1594397
1600243
1600830
1602757
1610948
1611938
1619907
1632482
1634403
1642839
1646256
1647870
1648406
1652663
1679259
1688338
1724565
1725325
1732791
1733101
1737201
1737273
1820663
1893312
1895100
1898930
1910376
1912718
1922180
1932870
1947542
1955084
1955610
2015776
2029812
2036626
2050286
2087794
2118332
2147732
2165670
2189616
2230652
2253036
2281866
2293014
2295264
2317946
2332348
2337668
2338474
2380876
2418850
2438036
2462996
2491084
2550754
2616396
2620788
2630504
2631092
2689610
2694846
2698598
2709952
2717132
2736404
2758276
2758420
2772598
2799252
2825932
2845120
2889014
2896226
2951684
2977690
2988970
3010278
3020399
3025749
3052648
3061918
3069358
3091284
3093147
3109509
3130800
3156019
3158048
3174008
3176969
3192165
3221343
3226353
3234155
3237516
3289975
3536441
3565161
3572481
3706211
3919271
3935931
3986871
4001341
4064611
4096911
4099001
4123741
4171421
4581761
4801121
4993381
5012501
5154081
5287711
5593911
5705471
6004111
6211971
6422281
6486991
6490561
6492381
6506101
6535071
6844511
6906571
6986761
7202711
7451961
7568291
7713931
7828131
7987711
8341251
8583931
8745501
8746911
8853521
8867831
9268731
9560641
9657391
10590531
10694991
10710191
10804911
10887981
10944951
11304551
11429171
11600271
12248351
12377541
12467511
12471661
12698321
12711541
13479141
13797691
14517291
14523801
14526081
14610961
14702871
14930541
14962591
15242971
15459021
15516261
15559884
15573951
15578934
15596225
15600969
15611920
15623033
15624151
15652765
15712337
15738598
15738802
15740932
15742829
15792314
15794172
15794613
15839074
15907190
15938450
15972982
15983397
15989177
16032828
16058992
16064810
16075819
16085689
16089037
16119574
16123375
16134014
16151259
16256350
16381924
16432171
16504114
16542901
16677583
16678723
16710391
16736059
16783213
16798735
16805836
17358418
17422792
17912113
19157362
19181833
20161093
20172814
20302312
20313526
20347216
20374537
20405806
20449939
23080255
23179751
24232080
24294931
27055720
27080734
27122866
27157114
27175597
27220084
27239512
27274060
27364117
27373033
27459913
27504061
27510868
27612961
27645211
27662857
27669418
27696277
27710278
27733513
27799810
27816115
27820531
27871006
27871383
27899305
27903371
27924403
27926816
27937681
27938102
27959120
27966128
28094275
29031983
29044116
29093406
29107019
29135156
29137284
29170535
29185215
29210845
29221194
29233692
29317545
29505731
29512837
29542861
29543333
29580903
29596609
29616322
29639652
29653756
29663232
29753096
29787255
29794300
29810615
29831546
29896971
29968725
29974805
29995987
30004405
30007773
30035407
30055366
30101195
30109604
30137910
30161279
30168925
30176229
30291452
30314130
30340909
30344192
30417787
30418299
30444363
30470907
30475980
30477306
30479845
30512766
30567215
30598256
30650361
30671410
30681713
30732006
30774669
30848818
30869439
30888557
31009306
31060563
31070973
31085593
31098624
31120081
31145374
31177786
31186639
31194810
31213066
31225367
31232270
31254865
31294184
31301541
31313419
31468537
31502078
31525614
31535226
31541043
31552201
31562403
31579071
31630238
31649667
31651113
31667243
31670149
31671962
31726532
31748946
31751832
31783977
31785692
31796943
31819967
31820084
31833200
31845415
31861325
31913241
31946795
31965164
31984004
32006956
32013214
32043628
32048504
32065696
32080611
32096052
32106260
32113236
32113963
32124678
32130725
32131141
32135047
32147339
32218174
32319784
32347833
32353250
32367435
32373868
32377024
32389844
32426484
32426694
32428275
32434075
32434809
32444603
32454322
32473050
32501918
32522806
32525768
32532415
32548556
32561872
32572284
32595442
32608410
32639035
32669976
32698748
32751493
32752311
32759979
32775926
32824967
32825687
32841880
32849808
32895407
32897167
32928954
32966557
32974461
32976040
32984575
33008968
33029880
33046106
33062685
33076419
33101615
33116657
33118342
33152906
33194995
33198530
33199695
33212535
33219460
33221994
33232042
33235967
33250285
33292729
33333932
33432979
33446198
33455219
33471284
33475346
33477557
33493428
33580409
33609068
33610593
33663295
33738435
33740996
33750074
33760108
33774277
33780078
33811255
33825222
33877604
33893168
33956963
33959404
33967482
34004373
34020987
34038237
34108609
34110308
34111873
34134670
34135252
34164316
34165800
34182104
34214736
34234467
34240811
34256148
34257553
34261097
34271915
34277199
34281074
34285713
34286160
34297033
34297251
34306039
34315915
34323577
34352584
34385049
34412743
34460855
34481713
34487380
34511692
34520163
34527045
34583011
34726732
34732854
34751894
34772865
34781236
34796017
34798706
34841031
34844369
34874442
34888306
34904284
34932181
34936371
35007052
35019422
35021018
35039943
35047363
35059806
35082686
35083859
35092073
35136371
35152570
35181107
35191597
35245714
35277384
35283128
35297357
35310219
35356466
35375716
35378818
35388899
35404463
35410629
35414895
35420305
35421488
35465359
35482588
35486646
35500847
35508117
35520100
35542288
35547039
35561457
35580368
35621839
35632775
35652721
35654272
35658308
35662793
35727758
35737124
35755127
35757014
35769485
35773220
35801465
35862908
35875426
35894037
35906528
35911395
35913707
35944277
35950803
35956760
35965164
35969916
35980682
35994676
35997913
36040285
36052231
36052637
36076994
36083111
36089493
36090835
36098654
36115311
36115816
36124522
36131226
36180595
36183673
36194230
36197702
36199759
36228861
36233832
36243841
36253880
36263795
36292045
36295327
36295363
36299528
36304422
36315928
36375907
36402865
36410065
36412193
36420275
36429170
36432575
36434583
36459912
36468700
36470049
36479606
36486454
36538189
36556814
36566912
36583105
36584918
36589939
36598186
36619006
36623461
36625764
36635104
36644610
36654419
36680692
36693868
36705075
36749107
36760881
36766421
36767758
36780730
36834514
36838004
36839812
36840295
36884663
36897030
36905639
36911912
36944482
36966025
36976255
37002742
37021876
37023570
37026128
37028700
37043833
37066292
37076955
37096843
37100049
37114848
37123750
37132112
37140982
37142230
37162530
37178043
37182435
37198383
37203463
37209949
37212632
37224976
37229351
37234673
37254757
37260398
37282818
37290039
37292089
37292563
37311097
37346471
37355927
37382557
37431886
37452015
37484201
37499534
37499649
37501878
37513847
37516426
37516540
37555318
37573495
37580198
37586501
37624508
37626244
37633417
37636558
37649718
37655648
37672932
37675919
37700946
37701161
37708039
37722725
37722812
37756277
37781885
37804293
37811920
37812694
37830285
37840608
37850681
37851820
37854338
37854389
37854483
37855931
37867899
37873266
37879770
37885282
37910913
37930916
37931738
37963733
37968603
37979149
37986232
37987387
38003559
38010354
38017095
38018690
38020977
38021449
38030241
38033330
38033476
38041406
38045585
38053711
38053993
38054087
38054425
38056966
38061995
38082748
38087037
38118859
38127643
38128429
38130449
38131601
38138929
38141279
38141309
38142003
38147294
38147335
38147377
38147425
38147479
38151428
38159046
38182502
38186143
38196880
38197268
38206730
38207491
38219088
38233811
38236337
38246013
38250001
38259161
38276173
38277422
38290800
38297191
38304728
38305440
38312805
38320672
38321544
38331455
38353535
38404594
38421243
38424113
38447482
38499949
38501671
38508546
38514457
38537711
38538968
38545365
38545829
38546417
38561168
38561756
38562351
38562566
38563278
38572516
38583550
38584767
38590644
38591351
38594102
38607775
38614688
38631141
38631436
38653950
38659379
38661234
38661322
38661471
38662648
38663403
38663449
38669006
38671488
38671921
38677555
38677674
38689323
38733844
38741256
38780819
38785029
38785498
38795981
38823095
38833953
38836322
38838215
38852139
38852243
38852305
38852334
38858875
38861356
38862178
38873853
38875780
38876169
38878926
38881519
38885138
38885654
38885697
38885749
38885985
38886256
38886336
38886464
38886514
38886658
38891118
38891628
38905929
38907601
38910283
38915442
38924145
38924635
38933397
38933960
38962724
38962779
38963248
38972138
38972322
38972801
38972981
38975779
38975800
38987674
38996960
39005347
39011953
39054627
39064175
39098781
39100158
39111402
39114795
39130056
39136682
39139415
39140479
39145987
39151272
39153510
39161111
39164742
39166070
39166191
39174302
39177401
39178611
39182066
39195051
39209504
39209707
39210055
39214281
39214997
39244752
39247797
39277551
39324081
39341846
39355441
39376131
39378168
39379535
39392578
39394678
39409532
39424027
39424620
39442196
39453216
39454963
39459467
39471235
39473566
39523839
39525009
39558251
39580127
39584269
39590162
39595747
39596864
39598059
39648408
39662614
39664521
39673163
39692938
39708606
39714321
39724098
39730758
39756942
39757497
39783052
39826347
39846644
39847854
39848909
39849063
39858516
39858752
39892986
39893251
39893962
