11798
26105
36050
54737
119376
144648
156376
177101
205219
332515
336159
346166
347700
349458
350737
359395
407637
413339
514070
532327
559985
586393
596167
602538
690071
787957
789336
833768
869561
885936
954639
979013
1092136
1200306
1430045
1443249
1450237
1458875
1634175
1634403
1701337
1710021
1786143
1964526
2050286
2130448
2238228
2391320
2547758
2631490
2756024
3020399
3067963
3119605
3124052
3162750
3190499
4255031
4263061
4581761
6299361
7077771
7128081
9929671
11967091
13797691
13999431
14505171
15231521
15596225
15752907
16050617
16652077
16692985
16736713
20172814
20560981
28094275
29204064
29650066
29931219
30136276
30161279
30229260
30283038
30348316
30430820
30664623
30692628
31087117
31156325
31448506
31478315
31660678
31766278
32221815
32638739
32676884
32685060
33004543
33012343
34161684
34439726
34538235
34607339
34656089
34714895
34844519
34951373
35008493
35356466
35580368
35586471
35793405
35949017
35951610
36058595
36255495
36353300
36413583
36497382
36660866
37054012
37061663
37121970
37124606
37183393
37191019
37391952
37413241
37632996
37835801
37921378
37962279
38087037
38095687
38215952
38254966
38502299
38504120
38535689
38594007
38910283
39007267
39036674
39193270
39275865
39441813
39645605
39672592
39889486
40023485
40168236
40295142
40328496
40458648
40574364
40818502
40903138
41003588
41359295
41578923
42297858
42405041
42859337
42927283
42993963
43060808
43546366
43762390
43791882
44002156
44070277
44165505
44235508
44412070
44474780
44519246
44546625
44599867
44715994
44803077
45023377
45176306
45225814
45525248
45803840
45940735
46001613
46132779
46140584
46179917
46323667
46969039
46972263
47022912
47122833
47131837
47152853
47167119
47177102
47188647
47223195
47227341
47411493
47490869
47651430
