4
10
11
12
13
14
15
16
17
18
19
20
21
22
23
24
25
26
27
28
29
30
31
32
33
34
35
36
37
38
39
40
41
42
43
44
45
46
47
48
49
50
51
52
53
1735
6862
8877
9134
11191
11798
14357
17815
18128
26105
28137
30754
32253
36050
37102
37362
42102
42819
47329
48131
50497
50608
52764
53111
54822
55163
55188
63521
64016
64980
66849
71334
71632
74747
74955
76934
77224
77617
78139
79712
81747
90796
98317
100563
102083
106149
108944
113863
116460
117520
118933
119376
121141
123022
125687
130444
131074
132013
134760
136741
141709
143410
149807
152557
156376
157565
161735
164540
164707
166380
167791
168892
179851
185739
188182
188549
190446
193832
196726
197149
198897
199193
199275
199319
200690
206534
207513
210824
217047
219392
221797
225618
226846
227533
229746
230737
236575
237116
237418
240316
243750
246140
250686
252767
253305
253770
254313
262683
262797
266915
267633
269343
273087
278077
279882
283565
283592
289548
290754
299617
308822
310223
311546
315877
316755
324208
326035
328024
328205
334993
335671
336071
336159
339390
343974
347055
347185
347700
347839
350737
354843
356914
359288
363254
367250
371193
372677
373613
374221
377897
383415
384017
393271
399240
400322
403960
412532
415366
417906
418177
420615
422025
430685
431255
431274
433814
434336
434713
437807
438202
440114
445899
446178
450870
461614
463468
464935
470772
476092
478455
480783
480955
483945
484918
487215
487840
489283
494402
495235
496660
497208
498854
502799
503417
507921
508120
511920
513425
514070
516434
523253
525548
528243
528290
529239
529334
540348
542807
548994
549311
551521
559671
559985
560748
561299
562124
563662
566532
569993
572288
582407
585327
588088
588474
590289
591264
596167
597881
607814
610656
611702
615627
615652
618270
618637
620269
622449
638731
642091
650034
653045
661509
661894
663682
673158
675521
683601
688618
691098
702425
703815
706581
716454
722185
722660
723052
727236
738022
740789
744709
752175
755693
756071
757599
759112
761395
761552
761919
762733
763747
764761
771064
773610
775272
777605
780771
781716
784695
788416
794354
797485
802735
804235
806722
810427
812739
819077
819604
819872
823830
825512
827950
837162
837475
839721
842717
843392
849904
851769
856203
857179
858958
869561
869722
885936
888799
895604
902762
905759
913302
917547
917745
924207
927641
930146
933516
938226
946283
948050
949897
952584
954437
954506
954639
957766
957901
960066
975165
979013
983464
989387
1000103
1004229
1005614
1006048
1006269
1013720
1016093
1017514
1019786
1021999
1022861
1023973
1025083
1029377
1029742
1031668
1037714
1037983
1038790
1039623
1055334
1062824
1063013
1072353
1072650
1074794
1082183
1082458
1085145
1088701
1089608
1091790
1096068
1100421
1102550
1108551
1110563
1113802
1117256
1121495
1126892
1126984
1127331
1133746
1136495
1146169
1146459
1152603
1152776
1161063
1162459
1163292
1169213
1169531
1171095
1183892
1188412
1192292
1195202
1200306
1200449
1201332
1204656
1206399
1207259
1211340
1215755
1217162
1217594
1218856
1225331
1228236
1239972
1241443
1242418
1242800
1246699
1248698
1253394
1254177
1255710
1261895
1262975
1269581
1272840
1276297
1277178
1279659
1281687
1284048
1298668
1301189
1310439
1311940
1312523
1313728
1324717
1324742
1326291
1331109
1334961
1335045
1336425
1343436
1346677
1348340
1349101
1349954
1350412
1352478
1354597
1363498
1366361
1368322
1374057
1375382
1379485
1392839
1397805
1400867
1426151
1429115
1429570
1430045
1440338
1446315
1447995
1450237
1451551
1452996
1454595
1457064
1458213
1459987
1460367
1462416
1463782
1465210
1465741
1470788
1472628
1473720
1486208
1488056
1494138
1497959
1500376
1505047
1506629
1513894
1516280
1518428
1518776
1522896
1535603
1536026
1554829
1563881
1564659
1578106
1580150
1582216
1584313
1589279
1600243
1600954
1603363
1605053
1609047
1614652
1618722
1619907
1621375
1623319
1625440
1628317
1629426
1630170
1632672
1633055
1633611
1634403
1641103
1642310
1648406
1648582
1650234
1650906
1652121
1654766
1659982
1662881
1664617
1672026
1672546
1674582
1675612
1682111
1683427
1683859
1692185
1692289
1696048
1696071
1701337
1702174
1707084
1710893
1725265
1727020
1727401
1727911
1734719
1769633
1788787
1803809
1804523
1816361
1827236
1831164
1835884
1835898
1840718
1844562
1873720
1888188
1889934
1890360
1892260
1895100
1903292
1910430
1914638
1923162
1926556
1929708
1930960
1931730
1940652
1942238
1975098
1981724
1984828
1993908
1999898
2018664
2020832
2037306
2039694
2050286
2060514
2061230
2065846
2066260
2082454
2088624
2097756
2107470
2118332
2122244
2145458
2148368
2156108
2160472
2162396
2168910
2178078
2186258
2190890
2191056
2205858
2210930
2213210
2224554
2227096
2245678
2262378
2268970
2270100
2283674
2303488
2317926
2324744
2327088
2356556
2357054
2362430
2365508
2372826
2373152
2375102
2376614
2380600
2380978
2383506
2392886
2392986
2408716
2421454
2433312
2434206
2450842
2459406
2462600
2471478
2474102
2482814
2485478
2488200
2491948
2501972
2507424
2514206
2521274
2526536
2527968
2534908
2544816
2549110
2557612
2566714
2567778
2568236
2573946
2574908
2593948
2616396
2625024
2627572
2634182
2636336
2675322
2677554
2705884
2707254
2710980
2714846
2721352
2721996
2723410
2723622
2738540
2743724
2756024
2758276
2763138
2776770
2784718
2797226
2797498
2799252
2812272
2819818
2827104
2831258
2831388
2835852
2836326
2838274
2847164
2849684
2850442
2851182
2858124
2864498
2871734
2873684
2882826
2892340
2898174
2902120
2907954
2909126
2910482
2914670
2938438
2940508
2940538
2944724
2955500
2955762
2960244
2961278
2963802
2977690
2993962
2995484
2995976
3009632
3015194
3019963
3020399
3024929
3025845
3031816
3032388
3032431
3032945
3043392
3048425
3049907
3055491
3055743
3055894
3058662
3073936
3081431
3087505
3088732
3095324
3107635
3110411
3111848
3113718
3119206
3119371
3119605
3120092
3120581
3125736
3128288
3134929
3135955
3139309
3141330
3148645
3153572
3154863
3160030
3166641
3168506
3175580
3182556
3184993
3187773
3190499
3199523
3200546
3204437
3205461
3225973
3228871
3229569
3233290
3234101
3235457
3240234
3340841
3351441
3373881
3376141
3430751
3505851
3536441
3561131
3568551
3568701
3606021
3681371
3783551
3851331
3858841
3899521
3912951
3931101
3970211
3974341
4023721
4024101
4050711
4096911
4098391
4123741
4132931
4189291
4215241
4277361
4314441
4360121
4371741
4415621
4426051
4436911
4465191
4644921
4649721
4698831
4803181
4839711
4869581
4873751
4945871
4977321
4980241
5012501
5110291
5118271
5254531
5275891
5311301
5316611
5375381
5456731
5477351
5580171
5591351
5691121
5697991
5708701
5731651
5792591
5815311
5836331
5849251
5937431
6002901
6028201
6162341
6276271
6299361
6301051
6311801
6356651
6373591
6378121
6425061
6440491
6441261
6442901
6467761
6479081
6490561
6537111
6558191
6559481
6571511
6604351
6609671
6654481
6679321
6730811
6742521
6780201
6796441
6823931
6906571
6913641
6986761
7038021
7113861
7134721
7211661
7290431
7366881
7373991
7442781
7443561
7486801
7540461
7550111
7676931
7708711
7734981
7840911
7897031
8030301
8049511
8089021
8104651
8131411
8293111
8329381
8422981
8429711
8431361
8507811
8530541
8579481
8590311
8604821
8614791
8741881
8745501
8746911
8768181
8777241
8892541
9006571
9035721
9066301
9213121
9268731
9306141
9441541
9470651
9492461
9498571
9586861
9621891
10009821
10082421
10121071
10174491
10243871
10388901
10400551
10424091
10441301
10493381
10691541
10745901
10764301
10814351
10843241
10908141
10993291
11022591
11126871
11166881
11183001
11190721
11197841
11221671
11229861
11236711
11237171
11384281
11432631
11436821
11549121
11604601
11613621
11620101
11662231
11711131
11739771
11950821
11959911
11967091
12111721
12128141
12136311
12139581
12204791
12222121
12222701
12478751
12633071
12660501
12664961
12688221
13797691
13825821
13961201
13999431
14027081
14059361
14279721
14317671
14364971
14505171
14516151
14522191
14525771
14596871
14634791
14658981
14705631
14821621
14859201
14994931
15046851
15075861
15231521
15245241
15386791
15420311
15536303
15548064
15554188
15557344
15560080
15565387
15574869
15583108
15587234
15588430
15596225
15601278
15614737
15621405
15623990
15640419
15645575
15652765
15655331
15666284
15671315
15677319
15683839
15692004
15706969
15707110
15708635
15710218
15721556
15724439
15726649
15735168
15742829
15748816
15752016
15752616
15774081
15789805
15793241
15794172
15796153
15796360
15797480
15797557
15804175
15809227
15821109
15823252
15968305
15982103
15988020
15988263
15988650
15989005
16002278
16003530
16025345
16027022
16028388
16030160
16045249
16045537
16045643
16050617
16060886
16066789
16072171
16074236
16077090
16092818
16099995
16103773
16106114
16107040
16113739
16114951
16115529
16119778
16121101
16127265
16134935
16137460
16139476
16141963
16153347
16158500
16161001
16166004
16168229
16169343
16170336
16174613
16176501
16183958
16187074
16201361
16202434
16205294
16215672
16219108
16224858
16230332
16233700
16263679
16303108
16345255
16347181
16353691
16381924
16394092
16404949
16427059
16432171
16437094
16442371
16476865
16499668
16502539
16504114
16547674
16582933
16583017
16638271
16644886
16652077
16678723
16679779
16692985
16720030
16728583
16731064
16752724
16754068
16764574
16788175
17210692
17322154
18875155
20166991
20172814
20201428
20265352
20265670
20279764
20329657
20331856
20339071
20347216
20360302
20366986
20390872
20405056
20413597
20430223
20439295
20449939
20460217
20479159
20487895
20505799
20511568
20526157
20526190
20533309
21513166
21993645
22105823
22874269
23650846
24191258
24328586
24524806
24577572
24655228
24667023
24920900
27001219
27014260
27022432
27038728
27083113
27089110
27119470
27138115
27158149
27225793
27242581
27259918
27263542
27270598
27277084
27299365
27364744
27375778
27397864
27408049
27425275
27433246
27434029
27440299
27451267
27453715
27459913
27467212
27482509
27485260
27488557
27508093
27510001
27544723
27563410
27572128
27583219
27611785
27644647
27651745
27656860
27667387
27687142
27693565
27700678
27716092
27717268
27718732
27722665
27744820
27764263
27786148
27797506
27798700
27813769
27818269
27818635
27843343
27871564
27889049
27890394
27896356
27899351
27901854
27907947
27913111
27913213
27914610
27933505
27934138
27934556
27942267
27947921
27948158
27959852
27962017
27966128
27970318
29004204
29004482
29010733
29015921
29028642
29038069
29041414
29044936
29047171
29055467
29061043
29061690
29063684
29069086
29070895
29072235
29085091
29089697
29096663
29120183
29124964
29127118
29127839
29129647
29137284
29137569
29145300
29145955
29148210
29153220
29158076
29160937
29167124
29170535
29181592
29188310
29191617
29193377
29198029
29202284
29207805
29212391
29216257
29219740
29223557
29233080
29241068
29249442
29250137
29251185
29255180
29257664
29259040
29281402
29286489
29288255
29288257
29291258
29310726
29311179
29311548
29311595
29317550
29327271
29327615
29352041
29500998
29502919
29503502
29534878
29541566
29543102
29543333
29545632
29551640
29561106
29564986
29570863
29571108
29572773
29580931
29591655
29593418
29597155
29597479
29601897
29627411
29638879
29643251
29645724
29646905
29650066
29656319
29662295
29676584
29753096
29777439
29789005
29789962
29793560
29794011
29794300
29810412
29818639
29872442
29886704
29887929
29894000
29902083
29903373
29926640
29931219
29932827
29945479
29957996
29998724
30004405
30007773
30008136
30025488
30031667
30046789
30057132
30064861
30075880
30081103
30111361
30119065
30136276
30137910
30142355
30161279
30162697
30163040
30169777
30197981
30220616
30229260
30243830
30246871
30254222
30262906
30264691
30268868
30277771
30283551
30290198
30291452
30310264
30312592
30348316
30369218
30395222
30401714
30411985
30412252
30418887
30433415
30434635
30439539
30466459
30471749
30504646
30518547
30529730
30532647
30551173
30551734
30558185
30567215
30570407
30580853
30613464
30615930
30634854
30664623
30664787
30669795
30685462
30685513
30692628
30696473
30714370
30727953
30736887
30748546
30754005
30767750
30770705
30776898
30777160
30777899
30779208
30790382
30795797
30814711
30816479
30819324
30842705
30861356
30866494
30884919
30890992
30893415
30900039
30913441
30917191
30920017
30938520
30954750
30955535
30960493
30963963
31009760
31010432
31010578
31015501
31024510
31030722
31057586
31082396
31084605
31085593
31107057
31110864
31119090
31128614
31130900
31140147
31142858
31143284
31146427
31152030
31163133
31172140
31172637
31173901
31197848
31201893
31205188
31225367
31229700
31242314
31248009
31253909
31265564
31285273
31287507
31297544
31297879
31314215
31320066
31342381
31354612
31354982
31363972
31367445
31372272
31379132
31401855
31402789
31408319
31421106
31424176
31427713
31432310
31432998
31437688
31442507
31448506
31450139
31466242
31468537
31498344
31499398
31513049
31520407
31522937
31525614
31527375
31529449
31534848
31538355
31539488
31541043
31553640
31554003
31562293
31571871
31575509
31579071
31589386
31596153
31601931
31614726
31624762
31641561
31642395
31644084
31646658
31649667
31654607
31660678
31668760
31671909
31671962
31677892
31678113
31684917
31702014
31717307
31719091
31720491
31722271
31729428
31729748
31735240
31736313
31743453
31748986
31759977
31766278
31773402
31780851
31781162
31783977
31797942
31816431
31819967
31820168
31840861
31843159
31847896
31852598
31853128
31861325
31870589
31880619
31883734
31887466
31891417
31892257
31897237
31898001
31898212
31900945
31910726
31912962
31916219
31917127
31919029
31923832
31949002
31949522
31964833
31966372
31974640
31976226
31978074
31988181
31995113
32004066
32013038
32019728
32023184
32024954
32030533
32041070
32044124
32050113
32054549
32060602
32067831
32081524
32091592
32102981
32102986
32105609
32110773
32119324
32119883
32119959
32121230
32125849
32132818
32133313
32140157
32141728
32173206
32182070
32183085
32188486
32209267
32209304
32235194
32253391
32262262
32270343
32278025
32281381
32288681
32293009
32301917
32306543
32309421
32318170
32325098
32327353
32328199
32330453
32336664
32381193
32387256
32389362
32390084
32406594
32432021
32436565
32437808
32444603
32451867
32487050
32493978
32504427
32512868
32512935
32515167
32522574
32531308
32554504
32556320
32561043
32561562
32581287
32602742
32614267
32622748
32625132
32627258
32638739
32647929
32653535
32653624
32658092
32670286
32672389
32676016
32680162
32683231
32683316
32695430
32699705
32703125
32708290
32711777
32722938
32723070
32747470
32749829
32759979
32764561
32775498
32775781
32779651
32781955
32813171
32820816
32823055
32845297
32846815
32849808
32853317
32854013
32856254
32862927
32873523
32883304
32915911
32949699
32963760
32976222
32976687
32981718
33004543
33008326
33012343
33014780
33015800
33028865
33028937
33032038
33046825
33052111
33052341
33062685
33067824
33076419
33076938
33106804
33114324
33132170
33135748
33152741
33160525
33181286
33188470
33211102
33228745
33235967
33239512
33270240
33281892
33292729
33298365
33332996
33340730
33343777
33353795
33354865
33358104
33359260
33361690
33363448
33363514
33375253
33418861
33428945
33432979
33433912
33445727
33455400
33461345
33476794
33491738
33494101
33495562
33500758
33502427
33502587
33504708
33510813
33513652
33524010
33540074
33548178
33564612
33565098
33580073
33580409
33583715
33590071
33593096
33596879
33610593
33620027
33637437
33638756
33650487
33654851
33662789
33667720
33679974
33694407
33706731
33717638
33719411
33726771
33730689
33740996
33741778
33769813
33780370
33785628
33796498
33804502
33821400
33832977
33842382
33847765
33863649
33864894
33868145
33868748
33869172
33900379
33908192
33909517
33938198
33972104
33997921
33998672
34003048
34004399
34021836
34039531
34039657
34058829
34059576
34067315
34079344
34090369
34092648
34093276
34094748
34099270
34110308
34116230
34118743
34128392
34135252
34146186
34160619
34164316
34168547
34168714
34174899
34176815
34181143
34183218
34191713
34193274
34202335
34204993
34207987
34212395
34229931
34230146
34232185
34234467
34236489
34243702
34257982
34268940
34271915
34274886
34277199
34284185
34288861
34306039
34306321
34313704
34315187
34336957
34341061
34354588
34355595
34385049
34387564
34388172
34399603
34405269
34416982
34439726
34445964
34453290
34460855
34461973
34465456
34465555
34466402
34468404
34475518
34535980
34539809
34552496
34572978
34587962
34592027
34592235
34595388
34607339
34617200
34623214
34624069
34630035
34630147
34633210
34656089
34664661
34679413
34714895
34721057
34725190
34741193
34757059
34765712
34769906
34796639
34804432
34825656
34829884
34840508
34840588
34844519
34853053
34854332
34856429
34857022
34858547
34866630
34867697
34884676
34885161
34887431
34898384
34899099
34901470
34912009
34927390
34935669
34943141
34945677
34947124
34968620
34991492
35008493
35018478
35018911
35021150
35024888
35029497
35039943
35046363
35072198
35082686
35090321
35106960
35114113
35126697
35128978
35134764
35141362
35182649
35191439
35192754
35226638
35241545
35244434
35247780
35265577
35276844
35277072
35289124
35292835
35293985
35296632
35298568
35300210
35300985
35308276
35310144
35318150
35318227
35322329
35346920
35355604
35356466
35393605
35404463
35416445
35417620
35421488
35424101
35425599
35433875
35448613
35454432
35457528
35464420
35469813
35476163
35481943
35497249
35499570
35514586
35519422
35520100
35549764
35551698
35561457
35570060
35570359
35573388
35577790
35580368
35586471
35587382
35587625
35589799
35589842
35597765
35600879
35602942
35621769
35628604
35636973
35640554
35649066
35654053
35657092
35670789
35672441
35689517
35697700
35703455
35704433
35712082
35727758
35732350
35733175
35736913
35742676
35743226
35752657
35757014
35776140
35780906
35787021
35810695
35817341
35820433
35822911
35829343
35844889
35848891
35848990
35867886
35869112
35874337
35887859
35888426
35889344
35891867
35893508
35894506
35906528
35915423
35919792
35939728
35944731
35949017
35950803
35959134
35959780
35971388
35976020
35986072
36010457
36035431
36036424
36039976
36047974
36052231
36058595
36066341
36074862
36076994
36080478
36088784
36092519
36092838
36093463
36102078
36132341
36143876
36145887
36149090
36149962
36158790
36161663
36167527
36180558
36190907
36199759
36203306
36213874
36214250
36218651
36225038
36230720
36233947
36261589
36263417
36270805
36274489
36286822
36291229
36292045
36303628
36312349
36314942
36317553
36331681
36335054
36351009
36353300
36355207
36359674
36359709
36370538
36386163
36400299
36403327
36405493
36409309
36409577
36410518
36413583
36419931
36427374
36436287
36437325
36449254
36463046
36466227
36467847
36468700
36481637
36485470
36496295
36497113
36520210
36538189
36561605
36573470
36578450
36582847
36584328
36595040
36605420
36614161
36633060
36644236
36644610
36645695
36660866
36663285
36668966
36682596
36685101
36705075
36722553
36726098
36730561
36731090
36744609
36748465
36753181
36772578
36776160
36785613
36791452
36791991
36794375
36808298
36809558
36817999
36824816
36838004
36839991
36850525
36853590
36863105
36863247
36879805
36887514
36900036
36925375
36938953
36947166
36948768
36954591
36956789
36957144
36992274
37005980
37021876
37027379
37027429
37036907
37042909
37043833
37045120
37054012
37061663
37066292
37071754
37076955
37078428
37096030
37112442
37121294
37124090
37124606
37134775
37140295
37146733
37160602
37177606
37183393
37190648
37191019
37191067
37193203
37201042
37222377
37224976
37244817
37265435
37290039
37290276
37313925
37314712
37321660
37332011
37334296
37336000
37340658
37389267
37404001
37404238
37413241
37426909
37452015
37460392
37467782
37471624
37495749
37518532
37520186
37545401
37545704
37546190
37555494
37580288
37583643
37586115
37590878
37592484
37594761
37609810
37610865
37619643
37619789
37621094
37623069
37623667
37627586
37627902
37638400
37642160
37649449
37649575
37653038
37663535
37665863
37672932
37675919
37686792
37693284
37698826
37708655
37709854
37713015
37730952
37732828
37748639
37770889
37772164
37774519
37777524
37781885
37782219
37787672
37788492
37792932
37794049
37808009
37815761
37830557
37832902
37835801
37836622
37840608
37850681
37855813
37860758
37867891
37871689
37873266
37877331
37881385
37885282
37885530
37898825
37921378
37933037
37937240
37937293
37940017
37944267
37947145
37950532
37951232
37978482
37984271
37987137
37987387
38001692
38002977
38012361
38020149
38032583
38034909
38065482
38067335
38071820
38087037
38095687
38099266
38105706
38127643
38130465
38133407
38136270
38138929
38139013
38141279
38142003
38143254
38145156
38149444
38158495
38170712
38181860
38182077
38188989
38197268
38204030
38209809
38215952
38227316
38239400
38254966
38273490
38277422
38285285
38296369
38303587
38304882
38308557
38391762
38413069
38417882
38420098
38428368
38441864
38454053
38494340
38502299
38504120
38531018
38534051
38535689
38538968
38541316
38564916
38566610
38579094
38579246
38591222
38594007
38611319
38614898
38622085
38630457
38631132
38646703
38653836
38661322
38663403
38671488
38676955
38677419
38677786
38678207
38690456
38701668
38724643
38733844
38745652
38785029
38802564
38803386
38838215
38838748
38841341
38850718
38852334
38852434
38855155
38856816
38858875
38861157
38862178
38866331
38870132
38881519
38885697
38885985
38886256
38886336
38886464
38886514
38894847
38897483
38906691
38907515
38910283
38927846
38934359
38957184
38958050
38962779
38972138
38972220
38975205
38975800
38987674
39005347
39007267
39011953
39020401
39044749
39060203
39094567
39098781
39111402
39117598
39137427
39139472
39139537
39139965
39140353
39145056
39155143
39164742
39166070
39166191
39174302
39182984
39195051
39203082
39209504
39214997
39219898
39227414
39243483
39249006
39255036
39255642
39274982
39290158
39324081
39333237
39340227
39362247
39372385
39389456
39397408
39410289
39432003
39442196
39458854
39459467
39466686
39480855
39485649
39498303
39539062
39580127
39584459
39592726
39595747
39608793
39610258
39610274
39623249
39639870
39644011
39657040
39664521
39666126
39672592
39683755
39690227
39692938
39701896
39702282
39702345
39702742
39703712
39709609
39720820
39720882
39724098
39732964
39747150
39757497
39764835
39791931
39818466
39821087
39826155
39826347
39843200
39846735
39849063
39852169
39853044
39855410
39876830
39880797
39886727
39887196
39887988
39890015
39890437
39895988
39907602
39908880
39914632
39919187
39921391
39927656
39927686
39929976
39931678
39969276
39969524
39978429
39980846
39981498
40005999
40009391
40049583
40051455
40057043
40100517
40101476
40110741
40116179
40116294
40118531
40134478
40134499
40137289
40140241
40149134
40152491
40157713
40160049
40166260
40168236
40178038
40194115
40199202
40202215
40205665
40245234
40255440
40264385
40273966
40274359
40282704
40284429
40286802
40287750
40304817
40306804
40308083
40328496
40331615
40342718
40344160
40347005
40369823
40370993
40374533
40376269
40387810
40388727
40397977
40398270
40398397
40398469
40405511
40407892
40425265
40427020
40436877
40437157
40462184
40463327
40467667
40479611
40487267
40495750
40498342
40511409
40514979
40517135
40549483
40582972
40593918
40594139
40595838
40596747
40601743
40613368
40627866
40630452
40640270
40648256
40648907
40666041
40678592
40688911
40708147
40714247
40719291
40719322
40735688
40735799
40738444
40740108
40745520
40751330
40752186
40774354
40779712
40784818
40793570
40800957
40801268
40814534
40818502
40818891
40824239
40837826
40841626
40856231
40877485
40903138
40908765
40940986
40956320
40960544
40970290
40974655
40982067
40982320
40988671
40990078
40990236
40991499
40997679
41001452
41003588
41011363
41018492
41018585
41022086
41023720
41055827
41060137
41062588
41063388
41096713
41099350
41128286
41133334
41141990
41145511
41156259
41170699
41172101
41197966
41199637
41202247
41203402
41225405
41234612
41248896
41250206
41251909
41266356
41278898
41280317
41282414
41283546
41285607
41286185
41291457
41300795
41303431
41304365
41324465
41325546
41328521
41329665
41331077
41338107
41349181
41349230
41349954
41355033
41359295
41360562
41378777
41388309
41398214
41398626
41399007
41406399
41412995
41420682
41426007
41430233
41436722
41441868
41452758
41460291
41477852
41511205
41514691
41515851
41519486
41522467
41533789
41552743
41552820
41559050
41559384
41569682
41570707
41572814
41576793
41580539
41582800
41583566
41587978
41591751
41592130
41593559
41613889
41618615
41618715
41622579
41622781
41641680
41645642
41655329
41657338
41669770
41683713
41689901
41714204
41730539
41731753
41763343
41775610
41775802
41777543
41783347
41819191
41834161
41834390
41835338
41836843
41847631
41856164
41879250
41879381
41886838
41902160
41905998
41928997
41939084
41946144
41963216
41977161
41992105
41992373
41992796
41992893
42046778
42056861
42104489
42108194
42129151
42150444
42156053
42159302
42162600
42168267
42173196
42181381
42200942
42213000
42213061
42214974
42216798
42235052
42279100
42279793
42290525
42297858
42298128
42314463
42315412
42321288
42361224
42423462
42430884
42435268
42441712
42448965
42462899
42464774
42468526
42482084
42496760
42499116
42520232
42527675
42528007
42537305
42538580
42543996
42549059
42551688
42569603
42581711
42584673
42586385
42592435
42600140
42601556
42634391
42696660
42698273
42719252
42726156
42729759
42734274
42742248
42742458
42749298
42751859
42773788
42782359
42789606
42793749
42809583
42811248
42814704
42822494
42855817
42860779
42880064
42891359
42905556
42913775
42925195
42940375
42986642
42993228
42993963
43001894
43004992
43008201
43016837
43017526
43020777
43021651
43025309
43026219
43036475
43055636
43062718
43097358
43098007
43104337
43104369
43105075
43110190
43119832
43155171
43158835
43184223
43197742
43236174
43253587
43276504
43289943
43293093
43317791
43354899
43355279
43376737
43383305
43383723
43400552
43404329
43413129
43447243
43453883
43455978
43458483
43460079
43464147
43468195
43475288
43494458
43515466
43516332
43519671
43530294
43558125
43565942
43566235
43582570
43602666
43608312
43612058
43624441
43639163
43644657
43645283
43667547
43680919
43681234
43686943
43698619
43701102
43734740
43736659
43740077
43760470
43762870
43775670
43778934
43799169
43801591
43803536
43821616
43823170
43840197
43840381
43852493
43855044
43872832
43882475
43885450
43885995
43890481
43894753
43897048
43897408
43900701
43903985
43915138
43915907
43923609
43924687
43933524
43956145
43959437
43967843
43974325
43976651
43982336
43986967
43987105
43993170
43998498
44007420
44011125
44020514
44022837
44027486
44033958
44046433
44055820
44062402
44070277
44071528
44081214
44114714
44117474
44129259
44144004
44145362
44151309
44154564
44162363
44165505
44169385
44171961
44173659
44178226
44180414
44181544
44182338
44182551
44183131
44184269
44212515
44218952
44222116
44225465
44231841
44232013
44233189
44235508
44238169
44245295
44256480
44265267
44270255
44279235
44280700
44283738
44285272
44289026
44331410
44382994
44383539
44410595
44412070
44417395
44418143
44430385
44433601
44434001
44434008
44442114
44442289
44445012
44450186
44455666
44459233
44470321
44477045
44482714
44490524
44502790
44502841
44509699
44511210
44511636
44512962
44513121
44519246
44528484
44536810
44545745
44549923
44554342
44556623
44558276
44563047
44572569
44585152
44599867
44604986
44606767
44611754
44613718
44617992
44631564
44655605
44658264
44665556
44671877
44677517
44686463
44699497
44700934
44722207
44729966
44739795
44742248
44745804
44754418
44758835
44760707
44775968
44777877
44782404
44782872
44789299
44798093
44802443
44803077
44819382
44833886
44842014
44851715
44862282
44866920
44880372
44894326
44902124
44902260
44909512
44912861
44931175
44947563
44953135
44953974
44963273
44963679
44978239
44987206
44992153
44996467
45002162
45002324
45002913
45004044
45006365
45007213
45007706
45022792
45027229
45030226
45032157
45038082
45038610
45041699
45055193
45056159
45068149
45075417
45075598
45078170
45084328
45084686
45094090
45107432
45107850
45109725
45109843
45113964
45119792
45127947
45136544
45145072
45149144
45149149
45154978
45158155
45184352
45184976
45185374
45187408
45196401
45202337
45202771
45210371
45210870
45213117
45219755
45235954
45251300
45253219
45259581
45266261
45267469
45269667
45273337
45273572
45274314
45275129
45276699
45278265
45288716
45297853
45299989
45303065
45303557
45308870
45313886
45316213
45331438
45340437
45343032
45346432
45348917
45352806
45362476
45378072
45381621
45386911
45389880
45391268
45404491
45409383
45422014
45432505
45448526
45450183
45457773
45462678
45467455
45471556
45474068
45482123
45505081
45516540
45521473
45525248
45531017
45538602
45573291
45573792
45574529
45574754
45587233
45587916
45606234
45616400
45622192
45626922
45627411
45628346
45665270
45671028
45679648
45692230
45692734
45693354
45694217
45711720
45715796
45715971
45743978
45756987
45757149
45760294
45760437
45763867
45770929
45772464
45776325
45780702
45794456
45800673
45811143
45813267
45817836
45818068
45820839
45822644
45830718
45856997
45866096
45896058
45912388
45940440
45980047
45984961
46001613
46001729
46006290
46012061
46025386
46037169
46041151
46067854
46075146
46089001
46098995
46124442
46133173
46140584
46143314
46147941
46185226
46196797
46207347
46209499
46212896
46213120
46219823
46223944
46226063
46227655
46287249
46314871
46315435
46323667
46345088
46388705
46402932
46424470
46425603
46428952
46437028
46437645
46441283
46441307
46448018
46448674
46453821
46462044
46465268
46473934
46476068
46478446
46487027
46492597
46500918
46540208
46554412
46564196
46576248
46592628
46600527
46605831
46611352
46611537
46635654
46647708
46659603
46671544
46689782
46730352
46734922
46738063
46742884
46751093
46763033
46775677
46879905
46889236
46893453
46908782
46926713
46937092
46993745
47004401
47022469
47053180
47073205
47131837
47159727
47161414
47161437
47176019
47177102
47179247
47183125
47223195
47376659
47389416
47411493
47417343
47427344
47436666
47496356
47520005
47560062
47569242
47590413
47593968
47605745
47623937
47649907
47651446
47658877
47663542
47705046
47717548
47720833
47799520
47814088
47835931
47857021
47930026
47941580
47971245
47972301
47999744
