35300210
34935669
40945157
47999744
48017472
38087037
975165
35793405
47930026
47925338
40574364
43236174
35951610
30692628
30161279
1092136
47651446
47725492
34951373
38065482
30136276
39410289
36353300
47682045
1430045
47523972
37191019
979013
40328496
47360336
29650066
47619495
43376737
2491948
14220091
29899928
33816330
44070277
34664661
47536812
37391952
33375253
34134004
47427344
256652
47503270
32561562
484918
47494647
47478439
47484822
36772578
35703455
47122833
38850077
761552
1701337
1313728
37124606
41856164
44002156
885936
2707220
47131837
46908782
38215952
15596225
47223195
28137
44599867
41629366
37138991
47185291
37183393
15046851
35949017
30283038
44235508
46025386
42297858
47112891
11967091
3032431
16652077
37622746
33667720
596167
33887023
35959134
47022912
40903138
35552136
30664623
33012343
40135272
36080478
37361325
16692985
29931219
46823148
46821815
46820970
33052341
39688519
46791841
833768
38504120
46789401
46786377
46784461
316755
34288861
2238228
46755081
46749251
46132779
45521473
46689782
40259456
39645605
34656089
44165505
29541566
2831258
43060808
46686105
954639
46001613
46153013
46513364
46476068
44412070
46437645
789336
16050617
46006290
41871077
15724439
42162600
588088
43413766
46216789
46139276
46127074
34149952
46091660
42584673
46070953
34161684
43686943
13797691
30229260
37425820
45531017
29317550
6299361
38095687
36485470
36660866
2785044
36058595
32444603
31729428
34161633
31880815
45908079
119376
16457329
350737
4132931
45896058
1171095
45856997
38594007
34651665
43924687
36076792
35580368
35008493
1564659
43847832
37036907
36851315
16072171
45810375
37054012
1877530
34595388
40877485
11798
35039943
31560489
336159
45794456
45780702
45727391
45593089
37061663
559985
34176815
45474068
36050
36995972
45340437
32747470
45297853
45257936
20172814
45121577
35586471
15640419
44720009
44422870
44322504
41966271
43959443
34010793
43931700
43849793
43834133
36437360
43510264
23148
42986642
31219844
32854013
33823716
36669336
42744958
42726156
27901078
30551173
42377061
42342797
42323908
42205542
42182492
41661726
41446109
41267716
41098363
41091747
33885538
40972825
40676075
40450932
40285305
40279845
40159857
40104620
40035954
27898818
39959986
39954434
39927328
39859111
39846420
39395185
39318074
39170229
38857359
38832061
38668286
38620082
38599669
38255487
38153104
37954449
37778108
37331105
16218197
36925397
36868406
36796030
36718846
36703126
36669049
1328402
36643078
36602714
36576751
36429491
31995000
36316835
715040
35639818
561844
34824419
34959264
34767125
847736
