975165
35704433
29002891
46473934
46345088
47939488
47940925
44055731
43158835
36413583
1495148
47644205
37962279
40678592
31781162
47651446
30348316
39410289
44536810
39672592
30229260
1224222
47368273
47427344
595215
38504120
47520005
41576793
44270317
47349661
30136276
47131837
38215952
47335870
47227341
885936
47188647
37590878
47022469
2864498
43184223
16050617
42297858
35959134
46533121
46533046
46532857
47018521
33667720
46487027
34664661
31265564
480783
46532273
46532233
46532128
46531466
46957122
46956787
46531170
46531118
16073157
46531026
46530204
46529757
46529709
46529681
46529602
16692985
32685060
40903138
34656089
29931219
40648907
41359295
38218223
44433601
39688519
38538968
31759977
31140147
833768
36167527
38254966
2831258
44165505
1354597
40168236
135052
33012343
44513121
31641561
32638739
46001613
42405041
14522191
46006290
34884676
16117522
954639
46219823
46501547
44233189
45303065
35309271
514070
44412070
46460529
33182533
36509586
42537305
42046778
26105
43712100
45830718
1975098
37177606
30251532
45450183
46315435
37321660
952584
46277257
46213120
43565942
45184976
46012061
38218070
45800673
2707220
36629092
37928042
46025386
44125328
44279975
45521473
1458875
46179903
43078019
33741778
40735688
43104337
43734740
39137427
45908079
1564659
44572569
44459233
37788492
45813267
34595388
43885995
45787273
45785482
34268940
9134
31887466
33292729
3049907
42586385
15706969
34297224
34295100
36058595
15640419
42213061
36660866
37005980
34161633
843392
422836
34427918
45184352
43060808
31727017
41689901
32302017
34110308
289548
41856164
15231521
40479611
33052341
36488471
1470788
30008136
2574908
44775968
34176815
29638879
34387564
35021150
42584673
45288716
45109725
45158155
35192754
34844519
42279793
36538189
11967091
14658981
35787021
44442114
12128141
44283738
31172637
37096030
11229861
36161663
12711881
42440304
38181860
38095687
13797691
42913775
44433327
33565098
37043833
20390872
253770
8329381
38067335
34315187
35586471
37609810
34243702
2141954
37937293
37054012
36088512
37140982
31664037
41514691
35417620
32390084
1634403
36149962
33829013
36191428
13999431
35520100
1368322
33455400
36863105
37061663
29584654
34829884
41306593
32444603
35200183
32133313
5815311
36313076
31448506
41963216
40465984
38531018
37191019
347700
6796441
20314600
42993963
16126486
31089854
38594007
31314215
32244163
42177082
42986642
34725190
39956902
33467222
230737
30664623
39666126
38182077
38285285
40982320
1289194
2450842
32182070
36845327
39969276
34202335
37391952
42593502
42846305
39011023
37111569
31322608
3055894
37881385
41441868
37933037
40720638
34385049
42726156
31316544
32370298
39895988
1477035
32854013
36180558
35864069
34741193
30551173
37850681
41547182
39007267
2630504
34261097
42648524
42213000
119376
31421106
6299361
90796
7708711
37855813
42592435
42257680
34288861
37859556
757599
596167
37045120
36991232
36722553
37626759
41477852
33548178
40328496
5658921
29532581
35497249
2738540
15596225
29309697
36659701
39498303
997522
35580368
42452426
2811256
34021836
37871689
33811255
15671315
35322329
1200306
35008493
11798
1877530
35356466
2050286
1648582
36050
20172814
41905998
559985
37071754
33015800
13825351
30991006
185778
