11798
26105
36050
48673
119376
256652
311533
395362
559985
596167
602538
954639
975165
1052718
1171095
1200306
1313728
1450237
1701337
1889774
1975098
3020399
14026241
14505171
16073157
16652077
20172814
20390872
29027196
30161279
30664623
32320126
33012343
33235402
33548612
33801197
34462926
34664661
35008493
35134764
35520100
35580368
35949017
36020360
36268121
36356005
36497382
36508324
36669320
36771483
36877400
36994876
37030183
37105577
37176302
37254122
37394836
37413241
37427886
37520096
37538702
37570313
37599864
37609810
37617380
37626056
37697576
37804376
37871169
37893160
37909931
37951232
37960436
37962279
37987387
38091755
38095687
38166702
38215952
38222766
38223596
38240623
38283972
38486592
38630457
38821454
39029535
39320487
39359241
39545875
39588212
39598988
39614338
39662350
39691808
39717823
39794024
39834745
39870250
39889486
39939581
40090465
40102509
40108918
40500759
40711371
40851238
40903138
40982320
40997193
41207776
41216123
41283546
41286185
41328283
41337616
41379910
41404223
41565018
41758106
42248959
42610938
43061195
43069198
43078019
43158835
43369488
43414978
43437911
43815235
43953493
44028543
44470508
44474780
44599867
44803077
44975667
45112891
45154100
45356169
45377869
45421650
45478232
45739577
45829130
45835914
46006290
46058754
46203749
46275375
46301843
46328006
46328212
46345088
46441158
46562933
46576248
47004726
47177102
47266821
47412547
47445896
47468131
47484822
47630957
47663542
47918497
47923021
47936850
47940543
47955473
