9134
34844
158470
182439
193832
206534
253770
269176
289548
313141
318142
336159
351192
367859
394774
440114
462859
480783
483945
484918
538621
559985
571983
596167
780757
808613
833768
843392
857179
885936
886088
950829
1006258
1085145
1135356
1169753
1197559
1234015
1296822
1313728
1335910
1411689
1470788
1478231
1634403
1635646
1679013
1688477
1701337
1715829
1803283
1820663
1895100
1895786
2050286
2098570
2116326
2186258
2219624
2249606
2313644
2636336
2756024
2864498
2876850
2921636
2931480
3014848
3072016
3079518
3089273
3124052
3153572
3206132
3239316
3389441
3671791
4571751
4602081
5451461
7011261
7263681
7855121
8030301
8431361
8654851
8669631
8836241
8950331
9284821
9679011
9737091
10212861
10805751
10887981
11146771
11258421
11260381
11383191
11406731
11578781
11633991
11635731
12128141
12253061
12362141
13574621
13664371
13797691
13825821
13999431
14001061
14471931
14505171
14812671
14863451
15231521
15543988
15548051
15576722
15596225
15606951
15610035
15660807
15668079
15700661
15702086
15706969
15732987
15753422
15759487
15773226
15784404
15789805
15793964
15797389
15798598
15838855
15970255
15996864
16014613
16032616
16050617
16055299
16069225
16072562
16083992
16085943
16110845
16112690
16141124
16183214
16196497
16198933
16199530
16200191
16200290
16218745
16224278
16231206
16231315
16315933
16323601
16339162
16349470
16356823
16359988
16418911
16442059
16476418
16562971
16579024
16615360
16646392
16652077
16666837
16670224
16671343
16704640
16775590
16889638
20167189
20172814
20199352
20201428
20206645
20222842
20263771
20329657
20377207
20378974
20390872
20393398
20393812
20467498
20488540
20505799
20508721
20518828
20522305
20549524
20565718
20566834
21175567
21303547
21418653
21462799
21498768
22102816
22149108
22215832
22242426
23106006
23297986
23366356
23506602
23650846
24118927
24455447
24980431
27138115
27217300
27246550
27259420
27262186
27262423
27271669
27272083
27279832
27290266
27300136
27326260
27345577
27357589
27361150
27420505
27435349
27453217
27476845
27482074
27535405
27665620
27678379
27683320
27694681
27727828
27759853
27766666
27794818
27798646
27799810
27875651
27886263
27899406
27901164
27902348
27905212
27916567
27929411
27932982
27933340
27946461
28094275
29006803
29016503
29020845
29047171
29056178
29075883
29092290
29111351
29115386
29132481
29137284
29146330
29188841
29204736
29209379
29217144
29224828
29253111
29286119
29297636
29302976
29315179
29323526
29515434
29524215
29534878
29535493
29541566
29565591
29571316
29572067
29586089
29586297
29587269
29590507
29592136
29594897
29597343
29600043
29602231
29609227
29610051
29633729
29634535
29638879
29650066
29753961
29755139
29792497
29810592
29816829
29822164
29872546
29873518
29919383
29931219
29945232
29975038
30007773
30008136
30058458
30103197
30136276
30147283
30148638
30161279
30167634
30201822
30209011
30229260
30229703
30230122
30234458
30267446
30336475
30342989
30348316
30380380
30396030
30398416
30399536
30430820
30436573
30446283
30447866
30450833
30472738
30493103
30514259
30537884
30539715
30575192
30589859
30632126
30639469
30672019
30692628
30714402
30736887
30772326
30777526
30796554
30840601
30849241
30851416
30873155
30875510
30880975
30908831
30979502
30986374
30986769
30993035
30993700
31006690
31008709
31018576
31023701
31041382
31063177
31090390
31105569
31127509
31140147
31160663
31170476
31177680
31188928
31195620
31208597
31242112
31244623
31255056
31275198
31290316
31299282
31365060
31380549
31399812
31412324
31432310
31434864
31434986
31446926
31449053
31452160
31453422
31462954
31469783
31472094
31486270
31495479
31498116
31513049
31537732
31546568
31548768
31550078
31571496
31622964
31641561
31660678
31662621
31673853
31678848
31686296
31691480
31715590
31718809
31722271
31725473
31725661
31727017
31741445
31751400
31759977
31762662
31763349
31765319
31766278
31781162
31789610
31791987
31794139
31799512
31846940
31854393
31868776
31880815
31881161
31886090
31901254
31917120
31931051
31948102
31948161
31951846
31952311
31964478
31992986
32008392
32017855
32021803
32023936
32032598
32061855
32076044
32089106
32095783
32105486
32126568
32133629
32186649
32191134
32192069
32213888
32220279
32234127
32265722
32274112
32277614
32288681
32290683
32294759
32301946
32302017
32316002
32318771
32351456
32371238
32389904
32405998
32410289
32417188
32434430
32444603
32459102
32478791
32490033
32492207
32506786
32512868
32512935
32513129
32513174
32520555
32545173
32551791
32556532
32561562
32564142
32567471
32600182
32600852
32604222
32610653
32617033
32617761
32626358
32635241
32638620
32638739
32659134
32676884
32685060
32690778
32704677
32713577
32722150
32734025
32738873
32741784
32745703
32761218
32764351
32784666
32784679
32785861
32809446
32820903
32820954
32838831
32843316
32873523
32879794
32951183
32951567
32957543
32960255
32961432
33003093
33012343
33015800
33028866
33044291
33044964
33047022
33052341
33062945
33065423
33081510
33089803
33106804
33132119
33139517
33142418
33143651
33205347
33206101
33212772
33232194
33236664
33239773
33241710
33245412
33247720
33248003
33248937
33250533
33274735
33288756
33292729
33298365
33302933
33304216
33315642
33337504
33340154
33345987
33351848
33352377
33358862
33363703
33366693
33367843
33375253
33390952
33417824
33455400
33459725
33460715
33476972
33493453
33500783
33520410
33528412
33565098
33587696
33590331
33609580
33610498
33623084
33639468
33667153
33723952
33737124
33739595
33740934
33741778
33746346
33747194
33751523
33757360
33768723
33772100
33781281
33782299
33783125
33787575
33793408
33798083
33810314
33811255
33818207
33821326
33822124
33826010
33848799
33849720
33856927
33862146
33865243
33874947
33877176
33886445
33946808
33966486
33976262
33991199
34003400
34021836
34025207
34029339
34038754
34039531
34042846
34048017
34071707
34097233
34102371
34134004
34155332
34156036
34208466
34232272
34240876
34243702
34249140
34284940
34294239
34309872
34313704
34327978
34339975
34353186
34367432
34429034
34450376
34451070
34488307
34523030
34541245
34544706
34553280
34571044
34584295
34595388
34598658
34611936
34622500
34625338
34651515
34656089
34664661
34670688
34693558
34699303
34714895
34737170
34752860
34785286
34789831
34796639
34803491
34811329
34829884
34842004
34856429
34884676
34886149
34889479
34896993
34912225
34923829
34924559
34933046
34935669
34938920
34942025
34951373
34963255
34978511
35008493
35009727
35021150
35052600
35066240
35091869
35128270
35138886
35165069
35173049
35191439
35196465
35214082
35234746
35263799
35320619
35340305
35366575
35385041
35398299
35400172
35401790
35414813
35419346
35449336
35462175
35479539
35481842
35492323
35497249
35542573
35568912
35586471
35594084
35599492
35602942
35620598
35621769
35634049
35677225
35693562
35703455
35704433
35736266
35739547
35755642
35776904
35797666
35857033
35867886
35868685
35876802
35887344
35900480
35902329
35949017
35971388
36009182
36040285
36069276
36078619
36080478
36082591
36143876
36146415
36152472
36221048
36234567
36239345
36241279
36255647
36261291
36274622
36281766
36293643
36313076
36330119
36331701
36338772
36372585
36385640
36405333
36410237
36422656
36426498
36449254
36479049
36484570
36558850
36559919
36605775
36608389
36635692
36651203
36660866
36691986
36695897
36719956
36730017
36742453
36749764
36765719
36773427
36775060
36777073
36778657
36787687
36845327
36878270
36887514
36912670
36932882
36934797
36941915
36946195
36950722
36966646
36972047
37009309
37043833
37045120
37048273
37055834
37114522
37124528
37124606
37154466
37175810
37183393
37191019
37194120
37199232
37207269
37231549
37243501
37288974
37299184
37313925
37321660
37332929
37333539
37336000
37350815
37352183
37370357
37426813
37435650
37441025
37468847
37492766
37495749
37551899
37573023
37573558
37580972
37581105
37590878
37598502
37609810
37619643
37638400
37665877
37669821
37669929
37681738
37697647
37714920
37772001
37780498
37800615
37808009
37817928
37825199
37825261
37850681
37854231
37855813
37867981
37870985
37871689
37871976
37873835
37877068
37903429
37903768
37912982
37928042
37957512
37973496
37984976
37985790
38002155
38012361
38021265
38021647
38054491
38067335
38093350
38095687
38099266
38104917
38141639
38143598
38153176
38171396
38171723
38171745
38181860
38192972
38201700
38210382
38215952
38227888
38233270
38254372
38254966
38303324
38372020
38411040
38441833
38451510
38453512
38495580
38502299
38504120
38531018
38535689
38543200
38564916
38579246
38580192
38591056
38593054
38593924
38595516
38611506
38621950
38625204
38675742
38686231
38749043
38751157
38784116
38823095
38845853
38862260
38871737
38872917
38872920
38878809
38923533
38927846
38944799
38986422
39019992
39063106
39065877
39124998
39140353
39155143
39177475
39185541
39203954
39243483
39277677
39286569
39290158
39413874
39428668
39488956
39601253
39604654
39604976
39645605
39646402
39662668
39738580
39750049
39777498
39824276
39863641
39876913
40000914
40026367
40070765
40105891
40116612
40125427
40141003
40148478
40161708
40168236
40202215
40205665
40283038
40284916
40287750
40308599
40328496
40339656
40344160
40372937
40376269
40388727
40463327
40528766
40595838
40645208
40660166
40704419
40735688
40770562
40794216
40831042
40844633
40854959
40896609
40903138
40945157
40968668
40972424
41010460
41071432
41110482
41128286
41237977
41240976
41250206
41267203
41286185
41298810
41306692
41378777
41442335
41455152
41512928
41514691
41556059
41560164
41570707
41578923
41591751
41630304
41632851
41645642
41664178
41688552
41689901
41763343
41789065
41828624
41856164
41899444
41905608
41905998
41945853
41946144
42023142
42056861
42111304
42125373
42223633
42297858
42316209
42445214
42452426
42468526
42508219
42544429
42556890
42577504
42584673
42586385
42593502
42629037
42805490
42811248
42846305
42900919
42990143
42995151
43014267
43021651
43078019
43080882
43098007
43110534
43116166
43140368
43232487
43343175
43405411
43477110
43535978
43565942
43608637
43612058
43616461
43622208
43629282
43654305
43676038
43686943
43712100
43780615
43814085
43856401
43875850
44043376
44070277
44080668
44114714
44122366
44162959
44165505
44182551
44285272
44308993
44331410
44395408
44433865
44442114
44451964
44459233
44502348
44519246
44527642
44568153
44599867
44668883
44737878
44767378
44775968
44782872
44798038
44803077
44852466
44861775
44868830
44880372
44907679
44912477
44955861
44965269
45002913
45060685
45107455
45109725
45111945
45130605
45205992
45218678
45220079
45244552
45305176
45331792
45341403
45450837
45521473
45559169
45640154
45663293
45737145
45760437
45816560
45817492
45830718
45969895
46001613
46012061
46025386
46100681
46133173
46137944
46262341
46294674
46312370
46314214
46315435
46333373
46345088
46376501
46379939
46391960
46424470
46465268
46480457
46487027
46500918
46549382
46576248
46659603
46671544
46706751
46752747
46752967
46771496
46795141
46803804
46899706
46936911
46950649
46951793
47004168
47052924
47053180
47123350
47153504
47161414
47176019
47177102
47188647
47192335
47223195
47231951
47324560
47328881
47349661
47378263
47408097
47408424
47433838
47448131
47448912
47450512
47452351
47457041
47468825
47470333
47491543
47541037
47542874
47578498
47588057
47611921
47619495
47643432
47663542
47663974
47754648
47814722
47858688
47871442
47931056
47974083
