11798
28137
36050
119376
140734
185778
347700
422836
559985
596167
659560
672965
997522
1088210
1314686
1634403
1877530
2050286
2230652
2332348
2630504
2811256
3109509
4255031
6299361
6490561
7708711
8898841
15596225
15623990
15738598
16099995
16174613
16231491
20150803
20172814
27139687
27453715
29101098
29534878
29592786
30101195
30161279
30314130
30369218
30444363
31120081
31209204
31213066
31313419
31448506
31649667
31766278
32130725
32444603
32522806
33152906
33194995
33292729
33450215
33455400
33471284
33681928
34021836
34149973
34202335
34261097
34268940
34460855
34562915
34854916
34936371
35310219
35313339
35322329
35356466
35376078
35388257
35497249
35580368
35586471
35640554
35641278
35652721
35658308
35956760
35978977
35991661
36148068
36242782
36299528
36313076
36400299
36583105
36625764
36719575
36776160
36905639
36991232
37045120
37054012
37061663
37076955
37191019
37221599
37234673
37282061
37296920
37545051
37580198
37609810
37619643
37620755
37626759
37642160
37722812
37850681
37855813
37871976
37873266
37885598
37930916
37946689
37996929
38003559
38182077
38285285
38322629
38410704
38421243
38453768
38594007
38594102
38862178
38990171
39044749
39931678
39950919
40328496
41170699
41398012
41399161
41615480
41645642
41905998
42499674
42592435
42900919
42993963
43097358
44442114
