48026814
40827416
46635654
979013
778470
46471018
46442156
44606767
45968710
45760294
31718060
36421773
45789566
38413069
45616400
47999744
3111846
47971245
34186029
7595
36995972
44803077
46345088
47972301
70070
4426601
44011125
47177102
47930026
40945157
47925116
43236174
47883444
354956
36413583
36497382
37962279
46302587
47389416
35657092
47799520
47880055
47809115
41723853
37750044
149574
47491543
32920238
39466686
39124998
46537850
2621356
42214974
30692628
47663542
45505081
33037255
42340592
47797136
47176019
47776643
1450237
34607339
1092136
47728664
250170
401051
34951373
47717659
34977221
44519246
975165
43952638
32798
2061230
38420098
15720647
30348316
47663974
45981674
44144004
47651703
47613114
1701337
3020399
44536810
29650066
47628530
39140353
46020057
47621182
1375382
46301843
47605745
47593059
43762390
47470333
47569242
44070277
46505586
2560106
15789805
46659603
47529210
47521374
11967091
34931272
6002901
47427344
47508580
38103026
37131544
47496356
40202215
32653535
1313728
40442860
44458
32676884
1875638
29055069
1435305
47417343
30430820
47428088
36748465
47349661
1232953
21641287
30473314
46292964
1716546
46907541
6647601
291688
39510587
38215952
869561
47392486
30136276
6569771
47383882
36287210
35848891
47244423
34385049
47335870
47179247
1951618
45692230
46445891
47295548
29589003
44599867
47280632
46312370
33615892
46576248
47161437
47230914
14505171
46908782
47188647
47225036
47223195
1703035
32929368
47217989
47206111
30619106
38678207
47192335
1231917
35949017
46323667
171342
45525248
242676
46969039
47139913
885936
47130750
47123350
47092466
36677803
40349928
47101780
41359295
37350959
34277316
33887023
44442072
47059930
47056102
16652077
673134
42157258
47022912
12204791
46133173
47015874
156376
33667720
35959134
31660678
31946908
41578923
36052231
36957144
46991491
46970212
34664661
46487027
36080478
46964809
16692985
42852451
41007236
2621222
46844955
37835801
35600879
46938667
34935669
15809890
46928913
22800
987929
3190499
31718672
46559119
37183393
46907305
15558219
40903138
40388727
46889236
1681851
29931219
10671381
46549382
77617
34623214
39397094
38504120
37820613
46803804
1599792
436913
833768
37445252
37093596
19065
817669
34656089
3043392
46755081
43565942
33012343
29541566
31641561
46752163
2144976
39645605
44265267
301506
37623069
1818663
44963273
1725046
27138115
46671544
16225253
35867886
35155741
44165505
429867
44955861
46692857
251548
45865577
27861880
38664923
40940986
46576641
44556623
46529570
44902260
46393156
46627340
316428
15594760
2714846
1007550
35550497
2629424
16050617
72849
27799810
38538968
46622536
39535400
46529418
46529377
44238169
46529364
46611537
46529348
29777439
330965
46213120
362019
237161
38087037
41286185
46528860
46528845
46528826
46528415
46528371
46528363
46528393
15685236
46528342
46528325
46528308
46528297
46528285
46528273
36863105
39880797
32055903
38535689
32462492
46279408
46500335
46500319
46500289
46513151
46500264
46546063
46132779
46500222
46140584
46539941
46500193
46519065
46500161
46500147
46533128
46001613
16124324
565560
39688519
166915
29606448
43199861
42811248
15724439
43376737
46507888
42032081
36295327
46504632
46494637
35309271
514070
33298365
38841780
46481292
32141726
46476068
42723564
2267854
3039342
15583108
30251532
10520
41539468
46424470
45113964
44412070
46429479
32429161
34524385
8789621
35106960
32238231
31889211
954639
36951861
37951232
338669
46429776
42046778
46425603
38273490
639822
38579246
1370381
232727
42576727
31943119
41871077
45450183
31995113
45303065
44909512
45830718
46383124
37350815
2909126
35577790
35104523
1285622
33805934
399222
45574977
44739795
38535678
754161
29889801
36528469
1607917
42673553
35024888
16658581
42531162
1085145
42530973
45817609
34257005
35036219
306262
39859222
36558642
45433005
42297858
46314871
46219823
45574754
46315435
37950532
2468006
2371444
37321660
46313870
37177606
40144312
365557
1267690
43107685
39243483
2219624
45154978
42423462
952584
44273469
34281074
44752682
46258121
35654053
26105
40569040
38653950
39180512
34321778
20448532
46277257
41507229
35540438
37741202
2567778
44248822
36013974
1844576
46255444
42033
45576633
46212896
45525753
35874337
8040491
921471
43124964
38957184
1461746
43603188
43603124
43603082
43602499
43601839
43601381
42734274
42494820
1035820
88966
34897636
30914265
44393601
93640
33740996
109672
46223657
33211106
44851715
46221991
38252875
838425
30857
43436443
43435849
43435557
43435194
43435058
43434727
43434518
43433822
43433637
43433456
43432917
43432584
43924687
43432295
43431918
43431818
43431717
43431596
46209499
43389024
43389109
33559419
43389272
43389560
43389764
43389943
43390038
44030022
36142477
36614252
33028865
39923485
15706969
45025761
45082986
42493854
597881
31887735
393592
15035071
46194282
35212389
45876116
46186765
433814
16030160
31923832
320158
5216031
45576904
45524877
36839991
1734019
42341279
38879248
35704433
2057894
1230123
358730
45577590
39662668
46137025
45524439
46137154
88824
45132026
35491893
33258697
41436636
45586785
1031453
37274107
27913213
46119721
37012756
44849404
29125610
650034
29233237
1343436
136657
45030226
37550336
43387109
46067854
1410170
43386800
43347385
43347208
43345310
43346119
43345968
43345143
43344965
43344797
43344199
42256677
43343945
43343894
46091660
45523925
44509699
31881503
77900
45313886
1057810
32173206
44331207
330617
44159847
44433601
1440338
33974599
46073472
43959437
16005986
34029339
34384448
977598
41177783
31947763
45587754
45623194
1475778
31083446
112629
45589383
33825128
45787273
37974305
31350064
15602343
20197342
43104337
43026219
12278231
127610
16217181
42405041
33741778
44953686
46006290
40286802
42804788
45558296
38226981
41018492
46034804
32046340
2665106
41512928
27455299
306622
41091419
2707220
8125691
1959860
37290276
2568744
2450842
32531308
42356176
1029377
40410304
283487
32166941
29009065
31344042
40118531
45552245
1940864
42719252
33605464
1913306
801328
37085583
35499754
31820212
240917
16215672
45184976
42600140
33160525
12440481
35269860
41398277
45539370
45974842
3905901
45984961
35976020
45789819
22826122
32779651
7676931
43355279
33131540
33864894
22268985
55188
30537304
23964537
42698420
3022003
12111721
27953302
45331438
35915423
902929
44142157
35844889
3157764
30229260
2716774
31205188
43448575
45482123
38931817
43272346
34083253
36064291
20405299
32272520
45980047
36562699
34538235
2364434
42170579
30788504
403058
35956664
33047655
44103432
11306161
45976137
39549370
4575811
37042909
41961853
30819324
42430
38633087
34519834
36785613
1044072
14392951
14317671
43762870
43837163
41730861
1136495
45565857
45348917
37493677
43740077
906568
45817836
45818068
45518740
45470483
45463620
45435697
45329506
33900379
34539809
41577369
588088
32409459
40125266
40344160
29165738
39039893
14028151
16792237
236068
35485540
41328853
34032473
2175706
15756177
45543273
40405242
2798750
29307419
40246466
1171546
41125613
2864498
40877485
811513
12441941
614021
32787535
43285117
45216534
43667547
29127118
1047432
43853811
45515766
40755081
44311010
43289943
36404698
38136722
45512591
43076820
39946181
41406399
38763643
29157047
29031983
39185541
4045281
3219308
36521007
33178978
29153220
45627411
27181375
914715
1123144
14596871
16273870
45790854
31173901
38745652
944337
34874562
479987
40719343
45244743
2981972
37513111
1341003
33721921
35585026
29675389
29327354
29188310
43290981
31614681
40436877
33381154
744855
37800615
35290150
2285330
32102535
36218651
37546190
6370871
41378777
40167219
35448613
29241068
1071516
42150444
44802443
37885530
27779605
15666284
29145955
1909080
27899351
39257639
261840
43383305
1582216
15805038
39137427
45760437
37425820
333869
33548178
44459233
182881
45917637
351166
34651665
102527
45531017
2787512
917635
35182649
251217
1672546
459808
129199
45896058
42880064
360050
8507811
45883866
45856997
33087980
36621785
3168506
44572569
8438
16980046
2073554
37191019
45244552
36520210
38499
45242863
33132170
1695629
40751330
45833782
45820839
45814510
38410704
37036907
35241545
39539796
502799
45816942
30664623
173554
45810375
1112852
27253423
34951828
42586385
113973
44011098
253770
293374
39072259
2947282
216696
45794456
569
35355802
8014631
2350506
16174613
45785289
2326578
168038
32960574
310368
95476
45780702
30118060
44456717
39672592
27253336
45770929
1564659
663774
15992724
302905
34295100
45711720
45739812
13999431
7876371
37781234
188058
35638176
39818209
45688392
29522105
316350
45720045
31744
38705201
45715971
405070
86720
33431612
102652
34039531
625677
44470372
1924516
32775926
33711876
45447015
8507311
45693603
45692734
19456
249789
362721
127793
34200672
3044312
118123
848844
34573480
36783052
96012
40479611
267648
27156520
4341061
5133701
45210371
740601
45639247
1078084
10072771
350779
843392
165933
45643839
325649
187756
43558125
35199195
27504061
15414
36666664
45622192
36887514
40348704
12096961
1217645
16500814
11339721
145958
33596280
34595388
31986394
43885995
40027184
137713
1810665
5054
43373445
36170647
45593089
347749
20201428
337776
45587233
236628
15710410
43460079
13825821
30651773
3070794
1146169
390411
164707
45573792
34708704
39634426
35249740
3095324
29640482
37075496
35912758
191158
36092519
1398529
309398
43701102
1590101
44758691
549603
42978456
45564429
13797691
51607
31727017
40818502
6801871
34257553
234439
30457771
311770
77224
37005980
12471661
42914761
41856164
44486361
39608793
29599869
29057469
389059
101070
35703455
41283546
37180271
393271
45362797
328279
1352478
255620
301013
337687
20662
150943
32021524
16018763
35392879
37787672
39101441
319009
357736
4492701
414862
31561300
45189288
45090131
34970169
117520
31854024
27014278
39155143
41818793
45316213
29809953
347839
40648256
37223289
37058800
310531
45471556
16072171
32724057
1729134
357778
44775968
278193
5958551
172609
214874
30491627
131074
43608312
43519671
41036138
40523916
39249006
42789606
311505
20426323
378177
193843
37021809
45487444
34354588
15722471
40944188
44631564
1683427
35068344
385476
13446
30793280
2162396
35669250
20558962
44691217
31799512
38843411
1517084
771246
2836434
31564535
136864
308176
48909
251442
32389649
10441301
44694102
159073
11111411
328626
41282414
400610
45474068
21672
19412
50422
15962880
40178038
41611890
35296632
158963
15798631
125889
38183281
6286601
1706767
34340446
42763152
29257842
33454874
39935851
31922041
33430228
32646745
45457226
44408377
33051296
208238
219392
42162600
268431
34829307
17341
33908192
2784950
295776
128215
124891
922681
108944
22242426
89883
16196176
37844394
249796
32814547
36442947
4100271
3061475
37964412
319171
31797942
35904495
1667237
44245407
12197821
68262
407385
31009760
2280808
2777970
41503642
32043445
377897
355980
43925
45145639
44935421
44977762
44957853
45365492
397814
43021651
210233
44447339
38533717
1938174
27753742
1553869
336743
2531218
15692825
44492436
45426599
31253909
35470032
243019
675424
38032583
396410
218232
32638739
262955
45056159
32281984
262979
1113421
180294
2534908
262763
316016
1535900
29889111
150792
33113932
1254280
821428
37754298
42102
479143
30177003
338803
32347243
10825091
44288882
65177
3085754
37117582
2252198
23455
30220183
1225331
36394019
48114
41441868
39663
162897
45406038
39336136
20503372
36859
144735
1994680
45362476
275127
16364221
1347657
44839714
1727020
44698660
1579038
16028388
31297544
29933752
45373191
16283743
44605212
31330115
35625977
842198
44204975
33307262
3220748
674578
3783551
76934
1497959
290745
718047
268274
37119843
370225
16179026
45343032
33187551
277351
90796
306442
372916
436667
34624069
1248698
33500130
72064
44029036
44293977
1192592
279202
45385388
314317
310165
348802
33305907
374779
27304948
39861585
352990
43319601
83166
40463327
772230
41426139
16119574
3845721
38701668
353044
2815594
2953366
34960316
2459406
6085781
36437426
1470788
265807
155881
31409774
2590960
3025588
15652765
36808298
30010836
233204
40949357
27629623
153989
41961537
136170
166380
38495580
41641680
40189022
35919873
731769
1332384
245725
36792136
43787553
58007
37102
9035721
33825222
32067831
229746
14190
323494
390497
113897
132137
338524
29290600
8390941
326672
150185
62523
358689
384629
121936
136022
10887981
35387652
141491
38421243
31408319
31925269
37617090
147854
35807820
44285321
413470
361367
1518211
112155
348705
356914
52313
20501644
34285559
45299297
30790382
1093826
44173659
44406450
8310561
33292108
34475932
30739720
36383677
268813
27324685
2605898
32206404
2935842
33278514
39354233
44842014
43493677
44231662
32119883
37871563
44022837
36452411
10256221
44747240
37792904
40671917
3017013
469198
44906111
37297552
11753871
39240572
1608224
29154364
44686463
1193922
39458546
27508093
989007
39832060
29324312
1618439
30580853
930146
228748
32065696
11881381
41032823
44840572
34630035
41234612
1165998
37590878
45028326
40390485
45286316
44909801
35279376
39738930
44262970
38146280
29670484
29414451
30565901
206534
33663295
35797268
31722271
42065313
749226
37583643
11934341
27092449
36165552
40595838
43119832
42024609
37649449
37197602
29044116
16084020
2851182
41515851
45274605
41023720
258630
29224987
18720697
33460049
24989
42742458
35542573
37848058
40205665
38459912
33580073
30656932
44691806
29574555
29077421
38877455
41020419
32044124
904061
3430751
31063177
607939
30776898
41663913
45274314
29031358
33332996
1390081
43246279
33494101
2827104
14030851
2698706
33221994
41141990
39110483
29638879
43055636
38037858
9213121
336159
569993
29831504
31032137
34130437
34850744
36579394
1061777
865574
31677892
36842649
35021150
7360151
45276699
36310347
29755139
37550456
2993962
1065391
2314338
36320428
30151239
5154081
44724275
38136270
315870
39255642
31560870
32094030
36691814
44920823
39958060
30289378
39022392
16167469
16266781
43231597
37564399
45278265
31898212
36804885
29108233
30283038
1932138
38708605
31197848
38188989
29307323
16312741
38177732
3172664
37397494
30610778
40078341
1136020
34668616
32333011
44798093
44789299
31668659
37927004
36249297
32864192
29192125
2089848
16024259
35675914
1187734
30614743
38133099
39125648
866596
27727222
1325769
32865280
2790348
39938708
34654025
11743421
29833362
39479048
4688211
32784737
33591923
15694270
31847896
16369510
31753085
44771015
43335863
32844436
45009792
30392498
34548203
31980505
40137289
144453
37340658
44531047
16205806
38354906
39720820
30498899
39494336
2317946
331561
15581377
45039590
24928110
34059576
35087560
33860932
37953907
33202385
1397805
862079
16195407
32272739
27263884
27734290
10400551
33551183
38856816
32335668
32322000
3373881
2574908
37061920
1108551
842380
998536
34245168
36214250
44769079
6009441
33028937
36614161
29887929
38633776
31472094
42584673
3814771
985567
44356983
44648671
29561077
15815463
37613983
7540461
42430884
32493978
9158771
15972960
41891716
34535844
31955639
44959195
32155331
31170098
422025
318589
15669026
30171681
37423790
31887466
31166809
1565687
36682596
1920280
1051286
44967214
38894847
874505
42905728
41939084
34387564
35968428
58238
34013992
44182338
2609050
39327860
31311518
44490524
43987105
4720381
33433065
7879801
2043228
16542901
38107984
43680919
37555494
452355
2186258
34466369
1628172
353634
37654088
8243761
15741138
16314598
1525891
35514614
35710369
8329381
33800629
30854756
1250749
38630097
195008
27789274
38127417
16666969
146365
43807703
31900130
569094
6299361
137883
595215
37409164
31353623
36370607
44404929
35317334
6833411
36481637
6129851
3170300
11950821
32747470
8410561
30484191
39369587
1656182
43157388
35670789
7081891
63856
30653674
34232185
2406592
29966206
44167080
1549960
36286822
35944277
39721431
2896550
40771680
409155
36117710
31448101
20302312
21614119
16169343
14085291
35946847
62697
1149124
38250855
31349895
31796943
29574359
132010
35776140
35160006
33326226
40551805
43582570
45184352
44511636
43855044
43344
7294161
37541334
34288849
1898766
38068431
30150332
30736887
579467
36174042
37078428
36701042
40674424
27246763
44080668
33025815
506498
43016837
44810989
44901037
663682
40517135
36958431
30740043
1074794
8741881
5742861
33291320
45108257
39702688
1171095
32527440
37094468
14658981
36255414
37112530
30693515
30008136
38314134
34775282
8132561
30547307
14158371
45033057
29561676
16137460
35537195
43630015
43734740
3118740
32669976
43515466
32802465
34833265
4412651
31248065
45214657
43057309
43887655
34844
34914963
920716
1695917
1509704
36230720
39808500
14633131
34158054
34962537
10559921
43113031
31328625
41104671
33142648
38143254
38545678
694041
32015400
41600761
33620027
44866623
31562293
40242367
30634854
1957642
3183705
32914526
35166066
2059828
34251417
42582992
40360764
81747
44508308
37201219
2618508
1265587
37460392
14094211
38367511
43872832
40786301
35811575
1686155
32319784
2137878
9769361
15829823
37473305
1120639
7263681
34039957
1060662
847736
29810412
454944
683601
65062
39033410
11016051
29659327
32569432
38000457
539937
39539062
29005272
30551620
30696473
1332865
53111
862599
34815842
477713
33250285
1600007
34256015
44402958
35656016
37971440
35587017
15742318
33885428
7851051
42177082
1623319
43684754
41834161
464935
34743773
38007439
34714895
36303628
38768672
34867697
39914632
44838960
40304817
34093276
8604821
34288861
31128614
45205992
41834390
43348474
31432310
42568576
42213061
440114
45109843
20328433
45127947
45158155
45107432
33066066
45109725
44182551
37545704
32703125
45107850
20505799
37788492
810427
15640419
35300210
43145135
38239400
36058595
35495855
45043488
16104955
31773402
36496295
34856429
36663285
954437
29004482
45055193
41583566
16764574
262103
35425599
39648620
538842
45032157
45025557
44719985
24655228
36485470
41303431
43158835
44225465
31020335
36233947
36561605
41819191
32177469
20329657
44163334
1892260
41730539
14634791
44953974
31654607
35482120
35192754
757599
33015800
43101647
36145887
2365508
29502606
31988181
34176815
2995484
32390565
44780891
32761184
771064
289548
408993
36405332
29015921
1215755
44819382
44129259
43273366
40005999
28137
31484816
36726098
43686943
34844519
15420311
12128141
35787021
36359674
44754418
42581711
15587234
42279793
480783
37061663
2227096
967541
37413241
43119140
32288681
15231521
31172637
44214452
43601805
781926
36466227
37043833
34271915
39670270
44235508
36042986
34725190
44125296
40682417
32722484
33495562
43492226
43797771
44283738
38001692
43566415
368046
31518078
1368322
39969276
42200942
2785044
44081214
3931101
39480855
36132341
41128286
32444603
42986642
34829884
2722854
585327
40894369
38579094
41591751
37937293
31759977
37623667
32133313
34884676
38186706
30551173
36200075
38630457
8892541
401716
596167
37921378
36660866
35648534
193832
12711881
1406545
44502841
43869336
37609810
38181860
34297224
42056861
36161663
37220460
31248009
44114714
5416941
33052341
44513121
41170699
37114522
35008493
42159860
38067335
43184223
36313076
44007420
33565098
38095687
44442114
44233189
38594007
35625442
32390084
41514691
43612058
16602835
37121970
35969597
33455400
34741193
44020514
31525614
38870132
31840861
38531018
2811256
5815311
43803536
41963216
43775670
37313925
43698619
43681234
43644657
38099266
41533789
38012361
42993963
42235052
2268970
41505538
374221
36271156
2035512
30955769
42986280
4255031
41547182
42917578
38182077
32182070
42854446
42726156
10092801
31976226
3055894
37881385
37672932
37859556
24920900
35640554
42592435
37045120
1477035
41280317
41689901
29534878
42448682
8754411
997522
2944724
41905998
38186614
6796441
34021836
34804432
672965
35652721
36863247
37096030
35586471
41395464
842663
41278898
42104489
38564916
3899521
36879805
35773220
41645642
41477852
41324465
31916219
301225
41581934
41879250
39824229
39823387
39498303
37545051
34202335
34470821
1121495
41399161
41428798
41428693
38684217
39007267
40972418
4771651
37011633
3186435
36168038
36722553
40972303
38606502
40406935
36753181
41250206
33046106
40287750
31879985
39978284
27057838
1303218
35497249
36427374
33596879
33137913
20314600
31367431
36449254
40648907
40865490
11839921
39683755
32949699
36468700
41006765
40245234
710911
40328496
30253672
40992969
40969376
40593603
40714247
29310726
36696017
1584313
143410
35322329
39290158
30007773
29620130
40824239
16027022
30786463
40778201
15671315
40426713
40596747
40280338
38069802
37354039
38483979
2763138
35658308
622449
37054012
40679063
40663369
34268940
32235194
40641694
40613368
36253880
2118332
32400370
29131195
36776160
40525796
40184958
32522806
35852827
2797226
37794049
39827986
39606100
31548792
39625671
40157713
36331681
2630504
1619907
40398270
16472947
4273721
35300985
29197063
31677098
1255710
14833
38866331
11096711
29640031
712962
36656005
31502078
40339666
2050286
1981524
33275496
29594787
31421106
37794168
705144
9631601
1200306
3091284
31754250
1587161
38276173
40232227
36625764
27538498
27725989
1942238
27644647
36731090
15542713
40116294
40191071
14483571
30514259
35310395
39894752
191777
40100517
30896737
35148653
40126891
35983367
38322377
30004405
790656
40078303
37991909
765940
40051729
29882106
33807494
33432979
764761
1893312
37334090
717020
265732
38406335
33168800
602298
29665000
38500798
30369218
33232042
537838
29826051
39982325
3271106
20428624
32623323
260812
37938416
35243862
31932042
15482841
8318551
33372140
36109962
24470165
29185215
39714321
37650563
16147721
15631017
29794300
30887808
29096182
15972982
14475281
36938686
2713774
37234673
31468537
36680419
1608711
37517090
29753096
37843571
1291615
36653644
32296114
35490102
37841437
29570863
30629094
34168714
37023570
29311548
4004531
39890437
39716961
39835662
35283189
39626235
5733021
35191439
38015300
32337262
35180848
36771902
29259413
39615905
18007189
1546064
37506362
38218783
63935
35900387
27001219
763396
31726532
35853735
36730561
27633784
1539891
16697587
1812763
29315853
29173895
37567334
39892986
852997
36479606
2534114
1022228
34210378
34633210
34487570
37117433
37892197
36314942
37062939
36838596
24234548
37918277
34903603
38657779
123022
2616396
27024007
15636139
37881655
39464827
15785160
206930
35943701
33313938
16867318
39209504
16060131
38888464
39676271
36093463
33616497
63647
1030937
35491226
31675925
32191232
2434206
27645211
4445221
371501
35420305
39887793
35244434
33580409
809357
39261658
1895100
39878415
39858752
33656516
1308444
637796
33235967
39851788
11153401
36452476
27966128
39826347
32936118
943327
34746470
39780782
154333
34972305
11229861
37756277
39394678
10241871
2245438
1471893
2232248
39332359
38330422
36292045
360298
39753652
37867899
37049902
39733761
347700
37875408
39119108
36425170
34297251
38902002
1610948
36838004
35025382
849318
31889343
39193972
33358104
37850681
39692938
3057703
15686052
33797837
38170651
31819967
1059294
38127643
33522190
39673600
38321544
39673163
385607
38055258
39669720
776676
29174536
38891118
36409309
38858875
27534574
37579358
39109611
20411878
273217
31448506
39627938
33877176
31301197
32165917
20439295
31915514
20347216
39128761
38777301
20561788
39220162
16788367
15797480
719993
32255197
37351851
29252948
2855336
36076642
38741256
34405551
36670802
2086932
34317415
1508859
36317553
1676519
173684
37850855
37786235
39599718
34942244
2815434
29968725
78139
27888568
35712328
34557198
29785974
1507882
27175597
34064706
33450215
39584269
35126697
27956656
36094392
39573295
34726732
33491264
37804630
34950410
6906571
20212831
27064408
3120354
35887344
874344
39557910
1237662
39551294
673130
39547403
39547176
39546024
1729671
20181019
922371
34590909
37224976
36399164
20261599
986947
31294184
20313526
39527142
36221475
36081321
2935808
33072769
31333260
39317952
15402801
1256153
35068515
767105
12148
38986995
679039
31702880
586895
31162617
39182157
39002189
39005280
31372272
32041070
37271146
38857531
37288045
318429
84822
38141309
37898471
38613954
39469853
37115098
37201836
33119240
36583105
39305372
39442196
38618118
405486
7568291
33241195
37445882
38591222
38315848
35083859
39194573
37483114
35459098
37492896
37834942
36408223
34024037
36674916
27275434
38355524
303026
180315
1218733
37686917
35162790
39471098
38911925
38918479
32595442
15516261
38141683
37780005
143381
38141279
35587382
35489411
31248189
39139965
32325098
37934324
35086970
6221251
38823095
38894320
38594846
16051892
32132964
5836331
39208503
39207405
35045608
12660841
37565953
32612141
38418267
34347769
31684917
33292729
15729482
38911577
1446315
33618340
34556375
37135337
32750914
33918994
36933791
39454433
38975205
36644610
39453216
1758945
39364147
7330061
39333070
32454322
27882519
35060820
32374250
32598212
15660477
15707110
2679824
37774519
35927208
2899692
38888877
3088331
3109509
31215547
37586115
27799468
38591056
31766278
30161279
37943346
36267057
35906528
34226381
35977630
34314960
37675919
38830462
38988567
38690456
1925036
39303037
35875426
38962779
38836322
37202893
38691666
85796
1648406
32302017
39286485
230737
38916581
1430045
39157570
38603441
34986528
3065870
39125113
33287090
15689097
37633417
38914178
39039170
986733
34553853
37873266
37781885
39310677
33528412
37867880
39299622
16089037
38138929
34164316
34099270
38671921
320736
795645
39213802
34351998
37434264
37140982
837162
32820903
34972864
36733157
813805
37836622
37047665
32281100
25172549
32029613
1932870
37417342
36991232
35286054
31255056
34527665
566585
721977
34707691
39379814
33434295
33537616
39166810
37967761
33781579
2230652
38133217
15783943
38159090
2660376
33858410
37465831
1630966
35044288
34261097
33623446
27570205
38766635
39111101
38196585
36893155
31298004
39403015
39125840
32202042
23179751
32354751
39393633
34916899
7708711
36936232
32833699
32373868
33269308
37936505
34968380
1816419
4300921
38158495
34721378
31010195
33278304
35356466
38099471
37282818
33750074
37076955
15596225
33194995
39408318
38145156
37632196
11798
1877530
33471284
36865090
35580368
20172814
39379535
169492
33212535
36050
38155918
39372167
6490561
559985
3565161
1634403
12711541
33811255
285078
185778
