11798
18635
26105
28137
36050
119376
139713
181052
193832
228748
279202
289548
311546
549368
559985
564812
596167
650034
695919
754642
833768
843392
954639
997522
1006048
1167248
1200306
1249292
1322549
1379889
1383470
1470714
1479767
1614112
1634403
1642839
1691620
1737273
1820663
1877530
1895100
1942238
2002880
2050286
2129348
2219624
2230652
2234476
2323444
2323498
2330450
2440388
2495920
2630504
2756024
2797226
2811256
3019579
3153572
3779681
5023171
5287711
5815311
6490561
7708711
8111831
8166401
9588601
9624761
9896681
9964321
10043781
10645181
10873851
11079131
11197311
13797691
14046581
14814711
15181981
15596225
15671315
15689773
15764166
15824721
15829437
15984489
15993673
16047216
16089037
16103579
16171795
16194760
16214585
16652077
16692985
16798735
16849606
16873474
16943908
17070793
17143165
17264020
17319304
17422792
17533228
17607871
17664172
17697586
17820811
18083761
18091366
18296806
18297889
18409216
18540313
18704368
18705514
18719920
18826132
18959350
19072717
19265122
19328536
19584148
19728859
19781581
19793866
19887136
19894126
20070496
20082814
20138314
20145085
20163223
20172814
20285923
23179751
24199387
24655228
27175597
27239512
27646777
27684898
27799810
27871006
27884465
27938161
27941886
27970158
29181158
29280571
29463754
29506118
29596609
29663232
29777285
29787255
30089427
30188386
30444363
30679178
30740080
31026794
31120187
31169912
31265564
31312390
31484816
31642395
31649667
31743669
31923832
32129707
32302017
32388052
32390084
32444603
32471077
32521190
32554504
32605852
32669976
32698748
32710949
32785961
32823541
33012343
33052341
33108783
33185358
33225925
33292729
33307638
33420927
33461345
33470462
33471284
33495562
33565098
33580409
33596879
33618340
33738435
33804466
33860932
33887124
33892621
33955380
34021836
34064706
34176815
34202335
34261097
34288861
34292044
34306039
34385049
34460855
34571387
34649883
34664661
34731099
34770777
34844519
34884676
34934984
34936371
34954574
35008493
35158730
35218484
35356466
35376078
35400909
35482588
35508117
35580368
35586471
35640554
35658308
35662793
35690568
35704433
35706400
35710349
35789846
35889893
35974075
35976679
35983367
35997913
36075316
36131087
36144005
36159250
36167527
36224660
36234472
36242782
36277790
36279216
36283271
36283465
36285229
36286900
36286985
36287057
36287616
36289339
36292045
36333500
36354287
36354490
36357834
36363987
36372048
36375076
36380211
36382568
36389334
36393616
36400299
36403328
36411179
36413179
36415478
36421762
36432575
36432751
36435881
36449474
36454055
36466027
36477777
36479606
36479838
36493629
36494484
36503119
36503942
36508913
36509586
36517895
36519670
36528633
36543448
36555535
36561846
36565869
36583105
36591968
36593969
36594778
36600905
36637954
36640010
36655420
36661558
36664618
36675191
36742325
36766421
36856328
36856553
36863105
36868717
36908867
36909559
36918256
36950348
36991232
37005980
37015412
37028200
37043833
37048405
37076955
37094468
37095124
37098117
37106527
37123750
37150861
37183393
37198383
37212632
37221599
37234673
37254757
37292563
37299366
37433025
37501878
37544413
37545051
37609810
37624508
37631762
37692606
37701161
37715574
37779628
37789390
37794049
37806380
37836622
37850681
37871689
37873266
37921378
38018690
38074687
38084607
38087037
38095687
38254966
38380693
38421243
38535689
38579246
38594007
38611723
38789744
38847298
38910283
38987674
39137337
39206715
39208503
39337455
39339170
39480855
39525009
39584269
39657413
39667683
39673039
39688519
39692938
39728549
39730758
39805416
39937285
39954788
39988864
40039137
40117900
40328496
40342724
40498342
40581088
40593159
40595931
40660373
40703544
40712495
40754297
40800579
40818230
40827862
40865490
40903138
40991370
41032826
41032946
41060262
41170699
41360562
41361789
41394810
41398214
41424550
41512374
41512438
41536916
41569682
41623627
41639880
41645642
41701438
41701665
41702629
41714998
41730738
41742875
41763343
41828376
41928997
42027726
42056861
42162600
42223633
42447539
42557936
42586385
42592435
42701327
42734274
42986642
43009505
43021651
43184223
43213172
43244186
43375287
43376737
43406618
43453841
43477110
43536398
43576957
43664453
43686943
43712100
43877338
43894753
43909821
43936362
43976068
43994608
44027965
44082084
44143566
44165505
44395898
44423519
44434520
44438320
44469496
44486416
44520174
44529521
44686070
44720287
44755828
44851715
44953125
44968533
45009432
45011250
45011493
45043488
45077862
45226334
45236341
45236409
45236540
45236553
45236749
45237100
45237766
45243248
45288716
45298486
45330951
45373191
45391268
45444896
45474041
45474781
45476259
45575711
45780898
45793592
45800673
45803994
45818068
45872067
45916318
45931092
45954808
45956079
45957129
46001613
46006290
46073891
46089001
46314871
46437293
46447539
46450045
46452225
46487027
46505586
46518397
46521757
46742396
47071222
47177102
47188647
