47752079
30161279
32676884
32561562
31781162
30136276
46487027
38504120
47188455
33667720
29931219
37590878
31843159
37183393
42717401
596167
38535689
40903138
29027196
38538968
31759977
44165505
954639
46634444
31140147
16050617
36863105
46186765
39688519
45184976
46001613
35293985
29777439
30229260
38163568
1085145
40344160
35743322
38579246
46315435
46212896
13797691
952584
44459233
39007267
42734274
34176815
35617157
46002168
41283546
37425820
4132931
42586385
1564659
15231521
29638879
31976226
73744
9134
41569682
35586471
41856164
34856429
42177082
35021150
32121230
24655228
36058595
20390872
40735688
1873720
42698273
29004482
45032157
42279793
35417620
44902124
36145887
31988181
28137
37937293
40304817
44574477
43686943
33461345
40183722
44283738
976952
34271915
32288681
12128141
34844519
16158500
36660866
38630457
15587234
31766278
32306543
43471503
37043833
42440304
44513121
42056861
44442114
41170699
40498342
35008493
33565098
44081214
2728334
39517521
37609810
38095687
42643524
33052341
33669799
29163642
37313925
38708605
32390084
36566912
42822881
35788757
480783
33015800
43973375
29031983
23550490
13999431
32444603
33829013
38012361
38067335
33455400
41961537
43612058
42993963
37220460
37048405
40367430
36144287
38531018
42284375
36200075
4615471
38099266
36683373
42592435
842663
15706969
37045120
37619643
37850681
37871689
34021836
41477852
41763343
37545051
2944724
36168038
41412995
35497249
33239512
947424
2050286
35322329
40328496
40398270
35385858
31421106
3168506
38622085
1310439
30004405
37234673
37076955
39826347
38910283
6490561
32353250
33194995
38141202
311546
37873266
20172814
39111402
38962779
32825687
35082686
33471284
38987674
38975779
38862178
31009306
36991232
997522
30444363
37580198
35997913
38640178
35297357
33596879
1634403
30101195
38421243
38353535
30007773
15963179
35279376
3226353
38246013
36242782
34936371
3014848
655533
38141504
14962591
27640021
1993354
38061995
2450842
1593617
38018690
36742325
38025506
35310219
38017095
37150861
9347051
37779628
37542896
34385049
1167248
35019422
37631066
29956289
1478550
33108783
34042846
37684601
37804293
34768668
37794049
37783796
37761919
15596225
35757014
36696017
27122866
37686818
29596609
149807
37725674
140734
228748
29810412
37631762
1322549
1688338
35141024
29131195
37506011
1562952
37301013
31009310
33046106
31649667
36342850
37254757
1054168
1055997
37123750
37087675
29787255
28094275
37198383
37103833
181052
36448909
30242089
36583105
33811255
1200306
34856477
32698748
36543182
36090835
32554504
36655420
36675191
1642839
35969575
36594778
36593969
36581096
1898930
139713
36572820
36292045
33787992
36561846
325649
33693219
36525623
886367
29333654
31448506
1895100
34934984
2234476
36362831
29616322
15623990
36238523
33608416
35390395
357237
34085850
135120
11229861
7784011
3057166
32522806
5058081
11798
32004730
36050
559985
1877530
36127662
33945504
32306230
6422281
32031508
