46473934
519574
36583105
45485012
36322417
41737790
1059426
36131473
40818502
47857021
47840439
2889014
2050286
1091965
30336008
32462492
285078
16168205
32602742
46635654
42501030
1735
16434682
14382921
42993963
31963927
44747247
41834161
39939581
47949602
47947232
33860932
46243911
45757654
47663542
16073157
47940543
47940558
36513805
36772578
31797942
38850077
359395
36633944
36660866
46140584
46592628
44803077
29220600
1068500
30999265
35793405
4803181
46012061
1235918
34935669
124891
47898686
34950386
41399936
26105
27547765
41629366
29221194
129131
27379696
31478315
8896231
47831728
2920036
34819729
16445740
34714895
29600334
47607833
46345088
289548
7659891
952584
47177102
43158835
35520100
36413583
44138952
30712289
47901637
38300443
46226352
37124606
36607948
34125624
43236174
47882106
45362797
1007550
42574251
47426681
176028
46542374
39924045
9948181
44165505
43686943
37750044
34369686
1899896
44239137
47854410
1933250
32015400
47491543
149574
36726098
47389416
47846874
32603445
8654851
47846790
2491948
44412070
35787021
3119605
1909080
35844889
1797635
1384849
47643906
47054439
15720647
46213120
34094748
39193270
15238601
31887697
33015800
44456717
37124090
40360764
279202
38099266
502093
27450523
37075133
39853044
1508454
47401539
27647089
47789456
36170647
2365508
34835345
47777095
45023377
356914
916754
2030918
33250285
7778531
549119
44545745
34280193
42200942
47728664
38413069
83166
47004401
16062164
45921998
2394078
50422
38296369
38218070
32875814
31312623
1402949
32761143
6328601
34607339
35180320
47632571
883089
30205043
35300210
29650066
975165
47752079
34656089
6647601
336159
38967238
256652
31988181
36058595
34560132
37096030
46487027
40982067
7299191
22826122
41593843
3961461
31287507
22659442
36353300
44298062
41856164
2267696
36055964
1515190
33876379
44754418
31649667
33567901
16158500
37748639
37121970
30692628
3098274
15231521
33578569
7128081
1092136
39410289
38017154
947424
47694511
14634791
34951373
35134764
31766278
235720
47559898
33187551
42027587
1171095
1412537
47651446
31811199
350046
45525248
47287944
47131837
47653635
1085145
47658877
90796
30161279
2831258
44519246
46210041
43140368
497208
37937293
47625282
47634870
38557447
46328525
27122866
29579428
3846811
29785974
29039798
30008136
31500860
34313704
36780730
1621375
39242507
40344160
1898930
41514691
42929614
44233189
35008493
43134729
6499981
12440481
16231491
42986642
47338444
16652077
47645891
29925408
842380
31394077
351192
38065482
36040285
35906528
42468526
43762390
46846983
24655228
43376737
47606246
39039170
47628530
31898212
34477110
10267521
1450237
15818758
27911742
38538968
20855303
43751603
7330061
37191019
47366808
45981674
47176019
30348316
36753181
31759977
32816893
46632286
35725514
40168236
1563881
35949017
45522157
2416244
45273880
39243483
46411886
46441283
38292454
13825821
38087037
31974640
1589060
46716354
46505586
1126892
39139537
36954591
16069970
37251405
44474780
32761555
268274
31614681
35704433
45521473
30721492
35875426
604329
35959134
30283038
43778934
40238777
34251417
44293977
968030
902762
36741553
11296961
2150030
36370538
20359411
20540962
30959763
38074671
46594008
29145955
1701337
39011023
38443675
319171
35842531
1502356
36370196
42272970
6734001
30229260
46554512
45505081
34664661
4917821
1430045
2663722
37299172
36677803
16499668
4992671
37054012
36214597
29249185
152155
46659603
869561
35703455
1297522
47427344
31683324
45002913
3145494
27320473
38504120
47508580
2434206
36496576
43894753
33012343
44070277
718047
44662622
484918
47490869
44599867
40903138
46001613
30136276
596167
833768
38215952
20172814
37061663
40328496
27508093
35281191
42297858
47188647
1200306
36274227
46323667
29931219
47061639
47022912
37183393
35586471
43712100
35356466
15596225
46879905
38095687
954639
559985
13797691
36145887
44409126
44129143
42397396
40113110
33471284
39507564
1798943
38935010
38090551
1877530
34597391
34633210
36696017
32775926
37508809
37367234
36654419
34385049
36292045
1540075
1642839
1895100
36319380
36291166
34085804
357237
36190651
33147620
36050
34218848
11229861
3236787
