11798
36050
119376
135527
193832
253770
276167
350737
480783
484918
514070
559985
585962
588088
596167
789336
819604
819730
833768
885936
954639
1072650
1085145
1171095
1200306
1237142
1298648
1313728
1433568
1458875
1470788
1604359
1634403
1784641
1820663
1877530
2050286
2704510
2707220
2756024
2831258
2864498
3032431
3124052
3168506
6004111
6299361
11356951
11360141
11427081
11516381
13797691
13825821
14505171
15231521
15724439
15729279
16030160
16050617
16652077
16692985
20172814
27175597
27476272
27962017
29317550
29638879
29650066
29931219
30136276
30229260
30283038
30430820
30664623
31083446
31140147
31172140
31248009
31923832
32444603
32624709
32638739
32653535
32685060
33008968
33012343
33052341
33298365
33467222
33667720
34149952
34161633
34161684
34572777
34664661
34844519
35008493
35158730
35182649
35300210
35485860
35485889
35580368
35586471
35613147
35703455
35757014
35793405
35959134
36058595
36080478
36253880
36342408
36383677
36409577
36496295
36509586
36660866
36722553
36745623
36783488
36851315
36859743
36938953
37044491
37054012
37061663
37183393
37191019
37290276
37350815
37350959
37361325
37425820
37590878
37594761
37692892
37922245
38095687
38181860
38188975
38215952
38227284
38284073
38300443
38390047
38502299
38504120
38538968
38541316
38579246
38594007
38941986
38957184
39072259
39621250
39683755
39886727
40101476
40168236
40328496
40344160
40376269
40421756
40479611
40574364
40765587
40818502
40841626
40903138
40940986
40997679
41003588
41359295
41856164
41871077
42162600
42223633
42297858
42581711
42584673
42993963
43060808
43184223
43376737
43431818
43638835
43686943
43712100
43734740
43762870
43791882
43894753
44030022
44070277
44165505
44412070
44451964
44459233
44599867
44724275
44775968
44782872
44851715
45184352
45184976
45303065
45391268
45521473
45531017
45558296
45760437
45817609
45818068
45830718
45830914
45908079
45956771
46001613
46006290
46025386
46133173
46153013
46191075
46196797
46213120
46219823
46258121
46258510
46258807
46315435
46345088
46425603
46430128
46437028
46437274
46460529
46487027
46554512
46576248
46734922
46773243
46847085
46969039
47020213
47022912
47053180
47073685
47139550
47177102
47188647
47223195
47496356
47606246
47623937
47630757
47728664
47778906
47788675
47857021
47868102
47925338
48012180
