35793405
3119605
256652
37546190
47176019
36353300
30348316
39410289
14634791
44070277
31500860
47628530
40168236
36270805
34714895
1430045
26105
35949017
39889486
35703455
44599867
47459168
37183393
31781162
38215952
47349661
833768
32041576
13825821
47188647
45002913
16652077
30136276
40903138
885936
33667720
29931219
36080478
35959134
596167
34664661
30283038
33012343
3190499
39645605
32685060
38504120
16692985
32436565
31759977
31140147
38538968
46001613
16050617
45113964
46674708
46576641
36954591
35857284
35870138
1477035
36793148
33298365
45802257
38002155
39688519
45391268
46153013
36342408
16117522
42297858
46501547
514070
41303431
33015800
37361659
35654053
38087037
44412070
40344160
45830718
37350815
42734274
30251532
35790928
35856961
35024888
41871077
41933350
46219823
46046013
41286185
46006290
46315435
45521473
39140353
37321660
43712100
46258121
46213120
45479581
45789120
40755081
43104337
45184976
43413766
44459233
38420098
46036754
46216789
43686943
711157
1029377
14317671
45132026
597881
33132170
34149952
42581711
35182649
9134
40479611
45531017
41018492
15729279
36614161
588088
46002168
30242089
30229260
31248009
37425820
16030160
37027429
36485470
43734740
45908079
336159
34161633
36783488
4132931
480783
1171095
40818502
42847742
44235508
34651665
44572569
20329657
39243483
37036907
3120725
1564659
31766278
31560489
39072259
35241545
45770929
42468526
43885995
43016837
45785289
45671028
32915911
33258697
32444603
954639
45288716
29894000
2721352
42586385
41569682
35290150
40982067
32775926
45343032
45472699
34039531
30007773
31649667
31313419
34844519
31887466
42213061
35586471
34595388
37058800
45184352
45573792
39969276
37361145
45574745
39608793
40328496
15578934
40421756
37054012
1634403
41689901
32638739
2238228
44007420
45471359
35008493
42162600
34176815
20172814
36660866
45316213
37928042
37282818
43021651
29638879
45362476
15596225
35580368
34850744
30664623
2050286
20328433
45383269
29317550
15652765
29131195
13797691
41234612
34387564
1877530
32133313
45319124
4914971
42177082
45356503
33052341
36058595
38095687
34281074
37590878
2186258
35356466
1470788
36851315
350737
36682596
119376
42584673
15671315
6299361
37061663
31172140
38594007
11798
30008136
33811255
31525614
559985
36050
45080613
16764574
44686463
39927644
39927267
39167651
39122729
37742388
37037087
