18635
26105
181052
311546
596167
754642
829690
1055997
1167248
1200306
1388397
1478550
1634403
1688338
1691620
1877530
2811256
3057643
6906571
10887981
15596225
16798735
20172814
29596609
29787255
29956289
30007773
30101195
30444363
31649667
32224897
32301946
32389844
32426694
32554504
32698748
32775926
33108783
33187551
33194995
33446198
33471284
33596879
33848599
34064706
34306039
34385049
34855714
35082686
35404855
35482588
35658308
35690568
36040285
36159250
36209041
36292045
36299528
36432575
36538189
36556814
36561846
36583105
36593969
36637954
36655420
36656233
36696017
36742325
36856328
37043833
37123750
37150861
37198383
37212632
37221599
37516194
37649575
37833003
37836622
37847551
37873266
38059708
38141504
38151428
38204030
38246013
38277422
38353535
38424129
38501671
38594102
38677786
38861356
38903711
38962779
38987674
39208503
