9134
11798
26105
36050
119376
193832
336159
350737
480783
514070
559985
585962
588088
596167
597881
711157
833768
885936
954639
1025083
1029377
1171095
1236702
1430045
1470788
1477035
1564659
1634403
1820663
1877530
2050286
2186258
2238228
2631490
2721352
2756024
3120725
3190499
4098391
4132931
4914971
6299361
8158961
13797691
13825821
14317671
15578934
15596225
15652765
15671315
15729279
16030160
16050617
16117522
16652077
16692985
16764574
20172814
20328433
20329657
29131195
29317550
29638879
29894000
29931219
30007773
30008136
30136276
30229260
30242089
30251532
30283038
30664623
31140147
31172140
31248009
31313419
31500860
31525614
31560489
31649667
31759977
31766278
31781162
31887466
32041576
32133313
32436565
32444603
32638739
32685060
32775926
32915911
33012343
33015800
33052341
33132170
33258697
33298365
33667720
33811255
34039531
34149952
34161633
34176815
34281074
34387564
34595388
34651665
34664661
34714895
34844519
34850744
35008493
35024888
35182649
35241545
35290150
35356466
35580368
35586471
35654053
35703455
35790928
35856961
35857284
35870138
35949017
35959134
36058595
36080478
36270805
36342408
36485470
36614161
36660866
36682596
36783488
36793148
36851315
36954591
37027429
37036907
37037087
37054012
37058800
37061663
37183393
37282818
37321660
37350815
37361145
37361659
37425820
37590878
37742388
37928042
37930916
38002155
38087037
38095687
38215952
38420098
38504120
38538968
38594007
38607770
39072259
39122729
39140353
39167651
39243483
39608793
39645605
39688519
39889486
39927267
39927644
39969276
40168236
40328496
40344160
40376269
40421756
40479611
40755081
40818502
40903138
40982067
41018492
41234612
41286185
41303431
41569682
41689901
41852820
41871077
41933350
42162600
42177082
42213061
42297858
42468526
42581711
42584673
42586385
42734274
42847742
43016837
43104337
43413766
43686943
43712100
43734740
43885995
44007420
44235508
44412070
44412078
44459233
44572569
44599867
44686463
45002913
45080613
45113964
45132026
45184352
45184976
45288716
45316213
45319124
45343032
45356503
45362476
45383269
45391268
45471359
45472699
45479581
45521473
45531017
45573792
45574745
45671028
45760437
45770929
45785289
45789120
45802257
45830718
45908079
46001613
46002168
46006290
46025386
46036754
46046013
46153013
46213120
46216789
46219823
46258121
46315435
46501547
46576641
46674708
47188647
47349661
47411493
47459168
47628530
