45981674
27414943
37632996
40827416
40529543
46743233
46058368
826882
44011125
46950649
47971245
36372884
29147274
37078428
41285607
10590951
46576248
44803077
7758061
35906528
46299278
3122482
47933656
952584
43961188
43961049
47799520
35844889
46441307
47389416
47880055
15988263
47871442
4458951
46542374
44412070
29813854
47818218
149574
47176019
6307291
1485992
47726522
43494458
901296
45176306
45505081
29059393
30348316
15819460
47661756
47651703
47632970
1701337
38065482
40574364
47623449
33741882
46301843
15789805
33447110
46505586
32676884
47569242
33375253
484918
1958250
46659603
47458057
47521374
1092961
37124606
44070277
46908782
43949503
40442860
35088463
16547311
44027628
47417343
1557713
47439872
47434003
41436722
47349661
30229260
30136276
4665421
47415096
29557037
33788293
36748465
35460441
211408
2560106
38215952
35657092
35281191
41655905
869561
3124052
13634331
47332177
3039342
30872897
33497869
27925500
27629080
862079
46391960
47259189
45525248
44536810
47223685
47223195
47217989
23207
1691013
47206147
35129286
46445891
47194379
317760
3332131
47177570
45558296
47054439
33667720
47139913
44599867
14505171
1021658
465994
44442169
44441789
368184
47018112
44441475
44280475
1059461
16652077
44220531
44219091
44218764
44214748
44062238
44220781
30933375
16692985
44231327
44231446
44231697
37183393
34243702
35959134
38087037
40627321
40388727
33673234
34664661
40903138
27718732
39447256
2776770
1080994
144689
45692230
34935669
42173196
156376
46928913
3190499
3411401
1441522
46907541
46889236
29931219
34783967
2380978
35704433
31759977
46453821
31140147
38504120
1283901
38254966
30151446
34260476
33059597
1145964
31641561
46754630
38538968
39403372
37027429
43044654
35867886
44165505
39886727
44169385
954506
45462678
253770
27861880
31757506
40940986
833768
46549382
36270473
14522191
37518532
38300443
37640451
31539488
46611352
45818068
37775536
37642160
41578923
39645605
45391268
33012343
46140584
922647
46513151
46539941
46519065
30759094
39688519
38927846
43376737
42811248
33165857
40595838
46478446
45803658
40344160
2219624
35949017
46448674
36167527
46437028
44909512
38273490
35481401
38579246
36143876
33590071
32141728
45521473
29559083
45830718
46196797
46383124
46315435
40687976
46006290
29777439
38957184
42297858
46012061
1085145
32222579
31110864
46314871
46219823
37321660
39305677
37698826
46287249
44851715
29290019
45531017
41507229
46277257
46132364
27865660
42734274
46186765
1842362
42423569
31536940
41777543
46209499
39880797
36515417
46036754
44027486
46099706
32203826
44030022
2707220
27416575
39901678
45576904
34714895
1683427
46067854
35301602
650034
44758691
33765295
46120286
46099288
46089001
31887466
40511807
34771635
45939372
46073472
36465784
46064262
30948944
33741778
38609021
40898393
16066317
4098391
44459233
1029377
45184976
33548178
45760437
43104337
46001357
45984961
27876262
43740077
40498218
3505851
4132931
525548
588088
35206821
40877485
14632051
39895988
37027255
43076820
34651665
1461746
37290276
1228236
16166004
37036907
33106804
1564659
32730827
38845853
32734961
45820839
239232
502799
34539809
34867697
38535678
45756987
32342700
124784
36785613
33132170
45622192
42586385
41283546
44430385
37545704
41569682
34039531
9134
29887929
35017071
2940508
37885530
954639
1835884
45663081
45272125
15729482
45273337
39243483
40024934
31699910
36434146
45573792
43460079
42600013
45578093
1398529
36092519
3775021
43701102
33178978
41856164
77224
39608793
39155143
45516540
36887514
16072171
44775968
15245241
8450161
38697157
20505799
34094382
36042022
36405493
20360302
45316213
31218543
5275891
33687585
40262073
2574908
40228776
11207981
27514831
29317550
1470788
45388681
34387564
37590878
45343032
35021150
20265352
42584673
309048
1376076
30439180
35355604
32747470
45244552
16285912
31727017
45275129
45297853
3095324
40786301
1465741
36303628
43734740
3915191
34059576
43016837
39437876
45184352
45219755
33255835
40075373
41834161
45242473
27550213
30736887
36015983
41834390
206534
45158155
45213117
35732350
45109725
37102
31432310
42200942
42213061
33278514
40735688
45107850
39117598
32614267
34306321
45107432
45127947
37658138
37203576
34595388
15640419
1873720
440114
43021651
38239400
43855044
29312250
45043488
45056159
37297552
29004482
33326226
45072018
33085631
3025749
42763152
3043392
16764574
41909906
2968404
44549923
44182551
44513121
34856429
41846285
35885220
30954750
1573031
20445427
15536303
36017809
45006365
27944033
41730539
43519671
9035721
35008493
35300210
14634791
2462600
41819191
43686943
44225465
32845297
34168547
35417620
289548
35192754
38391762
39670270
569993
771064
11967091
31248009
37922785
44814809
37987387
2686198
35166066
452472
36485470
34176815
40921471
1035163
36726098
16772128
15231521
44572569
36663285
44129259
41899593
37349915
31525614
33061919
33461345
316568
44789299
39592726
34844519
15286841
16028388
34271915
16017694
20329657
35656016
40304817
36372729
30163040
42224139
36496295
44798093
2365508
34709856
1889934
35464420
14059361
31455264
36359674
32335668
44754418
15587234
30000191
9634281
983464
42279793
44283738
43471161
10988401
44214452
43601805
35454432
2357054
29122948
32727950
36466227
29163642
37114522
1892260
243780
434713
42271727
6742521
8127411
31964758
43386340
31975906
8892541
2565394
857179
16094172
32398776
44665556
32722484
44235508
42309775
14496021
1957642
15760788
34511108
30336712
40863767
37709854
7821731
6913641
38860322
1603363
40227824
7985671
38354906
4115131
42440304
44617441
2510466
31866024
36475245
20493409
1696071
44331410
32180353
39747150
699146
38912565
41111279
38350148
16096191
27612961
30651773
2710130
34725190
37832306
34277316
1362452
41170699
42416662
36119661
35520508
43267714
43773432
41300795
38292454
1225514
42698420
20295379
35787021
2037332
33650487
37275114
38206730
914546
35869112
42591118
29198029
43336838
35062631
43544155
302905
43227750
38594846
29233237
34354588
37964412
44502841
1077666
35223115
30790382
1913306
42165840
193832
414862
1042038
1006048
33211102
9392901
39855206
33292108
3557951
33957505
40744182
27653518
34526221
39327860
3628181
346912
37399262
34297224
37555494
40498342
390497
31956739
44519246
43184223
40331536
43008071
35212777
12756031
991182
1334955
32594680
14220091
42056861
779777
44512962
39446734
11332431
35978821
2676056
42991383
43057309
42081635
41527614
3156019
10267521
1485505
36849632
42647858
731769
35510327
32712974
43332102
1473720
39442196
37456975
27901078
34535844
36889904
43179278
44007420
39041563
33782875
29015921
36796383
33281917
34809043
33035644
262763
40078341
41885060
31947287
38183281
43797771
35593526
446242
38020149
42913775
44171847
36222354
42221463
38016812
43313802
29157047
38491811
35289124
1117124
31654607
38761759
39336136
39892594
44440138
44485230
1565687
38859302
16099995
41877913
32483482
35355802
35199918
38091766
40818502
37177606
31784386
33565098
43499023
37153472
41585171
43861425
41961537
1225331
36358059
43747917
34959417
44420751
40519653
2664712
555836
2043228
16525237
43069923
38181860
31869643
30692628
9328951
31543514
39694044
38012845
2790348
35648534
1146459
1709978
2057894
2627028
37674286
44386195
35677310
43558125
357778
44081214
33510813
41548895
39777410
377897
35826270
43763359
2364434
37199454
34282381
41583566
41443032
38275809
44457516
32527440
31976226
27928491
38036381
35192164
33721921
36459387
1116296
37180271
31513049
37586611
1807735
43767882
42407388
30397677
34450292
40405242
3030417
43936362
1022228
43882475
763504
17782450
44150451
33137913
29510385
39111101
30539384
41255322
44014101
39517521
41730861
37679141
29872546
43005528
40246466
44450186
33150410
514744
36826146
34623214
43643105
38975205
32222388
31172637
12441941
39876343
44433327
39726868
44087121
36161663
37937240
38305300
6455781
32672998
42272970
1810669
9270081
2263350
43804687
38647757
585327
42762695
2534908
1134513
36687407
1541623
44083124
41306593
27319069
35856586
39057966
44445012
38143680
42381039
44183353
1630966
40284234
4134501
737660
40118531
31242314
42356176
31333260
37341234
37620596
32300368
37020281
36523232
44442114
38753615
4808241
710382
3178636
1400472
33158552
38197268
37137556
43008201
15972138
43890898
12128141
2873236
43538236
43170266
37146733
249796
29572773
35803299
31671098
291249
37848382
34679413
40167219
14392951
30440362
37774519
1357561
38185184
464935
40829172
3001406
1180900
1442700
36792599
34863666
38146280
14500611
30692888
29966206
37718132
37727399
34959361
42279100
14774231
36386163
38226981
38000457
90796
591188
15794652
37839092
38494680
378177
35842531
40479611
821428
31468240
111375
147072
388335
27633784
29503023
15674567
39656439
36919396
1215755
1030937
34815842
34884676
36891275
37513111
1136020
33537616
1254280
6370871
38017154
36912670
42196207
38772894
37754847
3235457
41791604
43343712
35096518
399175
41830268
35203942
42872167
37735880
36141184
39382054
15751396
33263768
29159283
44180065
36900036
33610498
31562293
2945202
33495562
39023405
16751152
35645513
35350930
31799136
35276844
41395464
38823095
30949407
31932731
40755081
42508219
38143254
36088512
32008337
43931899
40851512
37520186
36132341
35282422
42983434
15990622
38449349
37332376
686361
41852765
44059284
29638879
41110867
7540461
675424
1060662
939946
38655141
35697700
34475518
30630871
41390495
40009529
1663103
1346677
38708605
43290981
44156555
43019077
38037858
29815920
36242980
38753165
42896238
31988181
40517135
33885428
39696605
36952015
1284048
42528841
34158054
35279720
1676741
38922360
1094077
42157258
43869336
37409164
41871077
27970421
31901303
36437360
10711851
16169343
41009807
36862953
32123126
35317334
5505101
36353300
32029613
35290150
31215547
37800615
37643848
33381154
39890015
34389310
32288681
1071516
36623864
31524327
41464994
37393524
30748911
555877
37585736
1102550
2382860
41429684
36527696
39702608
5416941
4575811
42835342
5617901
37620755
34000110
1518211
41177783
40314144
35114144
38971685
1000408
43507376
36730561
20436838
37788497
38067521
31029021
37727633
34074480
2566714
20390872
32920238
32685864
15420311
1174125
1058130
372916
31736313
31208594
31880815
43504288
27089110
44399363
2039694
38012361
34315187
5736501
37592484
35848990
1146169
29646905
8329381
44233189
41011363
44327396
36746727
38580835
1165533
38664105
32432021
3160738
44305741
37133533
34712493
40982320
37609810
44283486
43535373
44276587
42162600
37937293
36149962
44264696
32390084
31322608
34281340
44022426
38095687
36351009
40421756
1165998
35027611
36253880
33829013
39655565
351192
43158835
44206841
37928042
36524396
38441833
38186614
34741193
35126582
37672932
2995484
36042986
37426813
1910430
15706969
43973375
44152944
38067335
44154564
32761184
2041258
3163170
36645695
40682417
41686889
29584654
41547182
37603651
26105
39853044
34002836
2145458
36863105
33208975
43566415
39011023
41128286
38001692
43348474
33455400
33052341
15751587
44114714
37355927
3931101
41303431
42321288
43993170
32133313
44003248
31552785
237161
44085570
12136311
36145887
36177229
2722854
2141954
43612058
44020514
43974325
480783
32723070
74747
42527675
41366804
34230146
43956145
34095767
743448
41514691
43933524
38894847
36413583
34829884
36313076
37413241
42241098
27461950
16045249
43897048
30696473
37623667
34093276
43821616
43884592
41963216
2350152
5815311
43873615
38870132
29280587
32102986
32512868
43803536
35318150
35891867
43809849
13623211
20434801
43140368
14516151
30401714
43775670
37191019
43698619
31766278
41101320
32444603
43681234
806003
2810584
39006234
16126486
41789411
29281426
43565942
43644657
42468526
30704282
32191288
5580171
42804788
39818209
16115449
33719411
43500576
41533789
32703125
42710633
43400552
3034681
43548174
1589279
32209267
6162341
2205364
32381193
16305334
31554003
15652765
5240821
42993963
2831258
1232566
38099266
3223614
42986642
2392986
30026118
37921378
38147377
43036475
43317791
33564612
42116343
41591751
38564916
41328521
32446186
20201428
2270100
43097358
38531018
40374533
41992796
41992836
41992893
42235052
464249
2268970
23650846
2526536
43001172
1304113
1192292
374221
9293661
33062685
16174613
42696903
38182077
16644886
37933037
41992563
43025309
42809583
30518547
1460367
41992267
41992105
42499512
33478382
38034909
42543996
42537231
30472098
32856254
42496760
39641256
37978482
39666126
113863
32724057
2955500
1999898
6299361
34592235
41587978
41505538
112629
3153572
42986280
42726156
35418208
24402492
2544128
42917578
41907077
29117363
41363461
33354865
37313925
32182070
42860779
35597765
40287750
34313704
23635167
42592435
42822494
229746
3055894
36272472
38930625
36437325
5677571
20166991
42773326
3168954
36436287
31107057
379196
34104954
41266356
32803631
41670506
36582847
151747
38297191
39683755
39480855
30551173
42634391
3081862
2482814
450619
32183085
37877331
33294683
34128392
34288861
32854013
42213000
35455246
42595421
1082526
30064861
29181592
37855813
757599
42569603
29532581
2866860
42556317
38873307
42549059
35289356
42536044
24132873
33523782
1840718
31614726
2738540
2215016
41570707
40397977
38803386
34827394
40577916
30831123
42435268
15796153
36286132
41884150
2227096
41511205
8293111
31142858
32711777
41003588
42311020
36180558
16204197
4322791
35683798
42290525
6796441
42267379
41441868
42266974
42257680
36171400
384988
29089697
34804432
37871689
1454595
37045120
41133334
31606957
8899681
42181381
37096030
35678047
20366986
30697601
37071754
32468065
42159302
2517864
2152738
32050113
1212515
42145099
41278898
42104489
154501
42125646
29534878
34021836
42101987
30453745
1769633
10171741
102431
40199202
77617
15596225
1005894
7443561
37061663
35586471
16889359
6571511
36573470
3899521
36169631
39249006
16281223
33705619
36879805
40814534
30260065
740789
41905998
590289
41429378
41429193
34370038
1107412
15804175
30418887
36863247
323494
41324465
27270598
37217446
41280317
29167124
41041317
37619643
5591351
41655329
37850681
34705505
39826155
2088624
41886838
41895736
41804218
41879250
2909126
41477852
842663
40339151
36624423
37887801
20265670
39822756
41775610
38494340
872941
33476794
1311235
38894593
39255036
16027022
11638401
2327088
39826859
33015800
29286489
24920900
32110773
41763343
41783816
283199
41783347
39821228
39821087
16161699
36223368
41051127
39820487
1781743
30200046
7998031
41714204
39820244
7092521
39819805
16444381
39819713
39819640
915591
31163133
343974
41657338
38572780
34875080
41689901
31622964
41197966
41356307
41329606
41683713
41331077
40184158
34321407
1352563
1208410
39498303
2625024
41645642
41582800
39969276
30787405
41398214
30922121
37051018
27453715
125409
41626953
34470821
36400299
31726532
41636176
34058829
2188316
31974640
41622781
6710611
41327917
40362860
41327506
41615480
35310144
41399161
41398626
41602418
41601902
1123031
31916219
41601391
41600886
41428896
41428798
41428590
37815761
41593559
34840508
31267339
41580539
8089021
41327188
29789005
41326778
41572066
2827104
10143581
38777646
39007267
41325937
41326448
41325546
41568424
40972418
40972605
40972689
40972755
31882301
32974461
37487260
40908765
40801268
41552820
2394508
41552743
33580073
32235194
41141990
31042503
37602016
40375098
40784818
31887758
32140157
16045537
31285273
28006407
31032918
41520160
31668576
38139013
28137
37011633
20339071
98317
36722553
41430233
30434635
15386791
38606502
946283
36035431
40972303
40970201
433814
41315721
36168038
33880900
41435752
30770705
41314876
41314818
40407095
40406935
40405551
40405511
40299186
41426007
27510001
41412995
41420682
9565421
41250206
831689
40889898
1692289
40275505
40274732
40274534
948050
40274359
40273966
40272866
40272642
36753181
39702139
39702282
39702345
39702742
39654700
35173403
31995000
326443
40991499
33235235
39703539
33228745
39703712
39703825
39704064
39704223
39978674
34146186
507365
36427374
31879985
2647162
27057838
39978571
39978456
39978366
39978182
39978086
39977913
39954214
39931678
40140241
694781
130444
1330622
27871564
36274489
41278978
27158149
35497249
3352771
7708711
1204297
1537298
30633227
36069961
29532676
40201159
2211910
6378121
24510306
41279669
16054791
2910082
4050711
29233080
27693565
412532
41242464
968552
41203402
41199637
32376022
41189286
32476761
34191713
33909517
40865490
36449254
34911647
16045643
32804997
34512328
1696048
41099350
40744690
2083304
16143435
30896737
36424402
27970318
32647929
40613368
716454
41062588
32764561
3148645
27084808
41047532
210824
40398397
41030531
35247780
40719291
41006765
24328586
39818466
39829462
36266626
40245234
27434029
29810817
29216257
8789621
32683231
39702002
30075524
36824816
337687
33780959
39701825
39701734
39701665
20574376
354884
40005999
986263
3134148
31900945
12478751
15692004
34552496
40921365
5517731
39362247
31367431
33677844
20349604
36809558
29191617
839893
3579471
34202335
207513
1370381
2317926
37867899
16707292
6965581
40827975
40824239
36118906
2228240
40779712
31925956
40714247
37867891
16579420
24294931
29957996
35896969
37732828
40582857
1565285
40767870
24524806
30169777
34765712
34762143
35322329
40745520
31767973
40742829
40328496
2568236
27233788
9724131
40462184
16025345
34268940
38982036
29519828
1255710
1082458
1037983
34394669
40678789
761395
40495750
11084571
32402523
32226118
16754068
33524010
40597240
40596747
33796498
40280338
16103773
40601743
37296920
27502099
29523066
18128
15823252
36093463
36776160
812029
2797226
27766945
32209304
40525796
40511409
935085
496660
1859874
32504427
30627852
31949355
37881385
30072087
32385698
40398270
529334
40304814
27110887
33014780
39827986
39606100
1605053
30395222
40157713
2882826
40437157
30866494
37794049
40427020
40205349
40409753
1310439
1459987
40347005
511920
2549110
895604
38866331
750766
30558185
16002278
36397
38622085
1215237
3168506
485335
2020768
37103992
52764
27433246
1230444
40342718
2797498
40184958
30717800
40339400
31421106
3155332
31253785
32041576
29172927
40306804
33523074
29513431
386899
3605411
529239
31866610
378010
39927686
1942238
40243523
38276173
267633
36730874
29193377
12569421
1438162
34184277
33281892
306262
11236711
30998571
2050286
30861356
37610865
40190689
34229931
31661638
20813367
1242418
30813280
653045
40166260
34067315
31915514
27397864
40100470
27262936
131074
40116294
388845
40150336
858657
40149134
2128570
31833551
6476481
40136399
40135953
40100517
35050270
37672648
39846735
3111846
37173213
37048273
38324124
37947145
31119090
38322377
1725265
30054879
35300985
30004405
33432979
39166191
195104
37201836
5476851
32659721
702425
222522
37987137
16716982
11746801
40051729
35993393
37560173
2122244
246140
3048425
1825501
39970721
38255422
1088353
33013018
12520521
29061043
2045684
4426051
9753721
39324081
2944724
997154
949349
7379461
1288731
2647502
39992594
15818400
33908192
793208
33421504
39981498
37593384
250686
33235967
30369218
20526190
39890437
979085
35721642
30444616
1246699
3406561
27901854
32601017
34912009
34527149
31880237
37756277
1871184
230737
30595443
15558219
34556375
30294306
39907602
16303108
38570675
29061690
29311548
30128512
316428
15568327
38138929
39787374
32639035
34351998
27644647
852997
33580409
39692938
39858752
27001219
34633210
39835662
14475281
1955610
39209504
35244434
10092801
35046363
37243017
39861327
39858516
2616396
10243871
37675919
36853590
35491226
1619907
37957065
20447113
31253909
2144976
528570
286903
24728183
34481713
39827815
39826347
37516540
35162790
31926526
33168800
39471098
3049907
38156081
33298750
30913441
32426484
36944482
814974
32253391
16697587
36644610
16518895
34723223
8746911
31085593
38130465
39247797
29137569
1844562
2763138
1380738
369924
1584313
15660477
1269581
37049902
2660376
37773542
29794300
37140982
37464390
2816076
39662614
431274
39539062
35283189
27899351
38104144
36317553
34676819
1914638
27966128
35741367
38591056
47329
39761054
37229062
39757497
1430045
29753096
36702880
39745325
29241559
31468537
38910283
39610274
39610258
38878926
29096182
39724724
39724098
829009
4545951
20013082
1864900
39708606
35811302
37854389
37854338
31819967
6844511
8318551
36649641
912871
632142
3212248
39597590
38127331
38127643
32846815
38320672
2100414
38321544
32451867
35311723
37809441
34315021
29131195
29570863
32849808
39664521
37853585
31207301
36039746
37963733
39597855
33250285
30960493
39009764
32325098
39109611
39595747
2960244
39590162
37021809
34170967
5735301
36409309
3091284
36058246
2283494
20430703
38972428
15559884
38972220
38972138
38886464
20347216
38886514
38886336
38886256
36957144
38885749
38885697
38677300
31630238
38885654
38852476
34118743
38852386
38852334
38852305
38852243
3141330
38852205
35919209
31287507
20407729
36468700
36670802
37204146
1277025
2434206
134760
1398923
36974938
7580651
489283
1589630
38170839
15610265
35126697
86171
39580127
763633
16145186
976235
38972680
38972801
39573295
38972981
872501
29620130
3823561
20244205
8518931
38593679
4945871
1659982
36323414
38303587
36469941
15543377
33525613
34094748
29509821
31326611
38990171
30748546
627092
34168714
27544723
34961080
16867318
3073936
35421488
27832783
37836622
20264296
35490102
20238427
31432998
2407572
29085091
30615930
3087505
37780005
38141279
29551974
37781885
39461261
35180848
8988411
1162459
1624504
825512
622449
33194995
36233947
1981524
7575161
34099270
31301197
39130681
34622045
35561457
1121495
37686917
34261097
30030852
837162
39414509
37854443
37854483
37855314
16156775
37076955
35625442
1436789
1893312
27246961
33683822
1192331
38056966
38166329
34186029
37224976
15994618
1308099
37290039
15183641
32147548
39376131
39375423
38858875
30736117
1018868
32055385
2443332
38662250
25172549
5494541
30200403
2847164
2421214
27891432
9470651
30310264
35932724
34925324
4584071
34021477
12291061
30712239
1673568
27393409
31066039
974903
3209953
30736983
2644732
39044749
35875426
1397545
3192931
3154863
31646658
15573951
37730952
36267057
38141309
1015394
2111564
311546
34013172
34236489
38661234
38677555
39227414
39226901
30268868
34635637
32291727
39214997
30457771
27947921
31765907
3144429
34498386
38607775
35060820
36243841
38676794
38967019
3647331
39139415
32309421
33956963
38663403
429212
27786148
38663587
38663170
38661057
362721
39140353
764761
38233811
31579071
29074813
32559782
252767
32603030
34004399
37762308
34942244
33868145
16322410
39111402
6490561
253274
39140479
33008326
34592027
31621486
37686792
9670011
34336957
6426431
14771181
3606021
38404594
15721864
29028642
31773402
32495456
29120183
37873266
37452015
39100158
7573251
32328199
2148368
78139
4957181
39094567
33662789
33827204
109282
1487330
2758276
445899
3148274
403960
34693599
69614
15773897
29521049
39060203
18917647
1281687
1158816
34473387
34465456
300751
39054627
36589939
15759376
8724571
35242446
37021876
261840
772230
3919271
32125849
430685
32033901
36228861
38987674
2029550
29244483
20290384
957901
802735
2990076
2185112
31213066
200690
30886191
3536441
2034018
11351361
27648037
31588250
38975800
36838004
31119991
38967167
125687
32355600
31820084
38962779
37603730
37885282
38785498
30466459
2316080
30006226
37589821
3118740
8944551
36225038
29325094
33188470
15161581
2525096
38861157
2573946
33474365
27513193
37578811
38838215
37739941
1567930
2144614
29170535
37541293
38885985
36115816
38459305
34951828
34398903
32759979
34548976
35305067
38733844
2963802
31923832
32330453
37421117
37339454
1960372
33610593
1383726
38862178
38671828
32327510
29320901
16432171
35781052
31541043
35082686
33671121
16086616
16805836
29155729
31153256
10424091
21910489
1733101
22700504
37208437
38785029
1026292
34867986
35578369
1887740
2033756
17108155
32081524
38277422
2281866
29802461
38861356
352285
38590644
585155
36845129
16033322
35811379
34234467
9621891
29252948
13645091
29241961
3012160
12180721
15565387
35647059
30079548
10569401
3191234
16104883
32932631
8656651
34491798
33221424
31485258
1298668
1217162
38833953
1252630
1004229
36723897
38204030
305744
31222714
709123
1590101
30172278
2531218
38671921
33435398
34772022
10764301
29925569
1096068
16638271
34839033
6086891
16434682
868144
2274000
4012781
8131411
11613621
2037306
3690841
1368322
37573558
37151337
7166211
29561077
27332995
35769485
2170304
3905901
36677698
27927170
2375102
3133628
36213874
16224278
4415621
679039
37538269
37201726
32976687
36479606
38671488
31699369
3031816
33491738
312624
3431801
15783943
25797
32680162
1441196
38594007
1628317
13958281
38631141
12597381
35870964
27854782
10328931
36116131
35757287
35547039
12188031
30417787
7474171
101070
36991232
1208243
37516502
38740877
7659891
2994480
95476
37621218
20484526
2831002
34855714
35133182
866592
35337322
987255
36244818
38630457
33008968
2658158
29903073
456881
33820495
36304422
33673610
37243766
33618340
35305339
30558604
23998
33471284
36189281
37512180
32825687
1510810
866596
255382
1200324
20223091
33854343
1232597
37713901
27381634
36838596
30620838
35912003
31518078
29545437
27123661
1505089
35800706
36683714
2609050
15997048
30984703
29066400
21484664
1766775
35053630
34903603
36660866
34164316
33066466
37271146
37055960
31221962
930326
4319251
36292349
38638408
511876
32722142
36705075
37606952
1632482
870479
870226
997522
35039943
15798631
2845120
29058274
27882519
35405757
16189200
3266414
1367208
35191439
32022578
36202831
30291452
16542901
36521007
33377979
38566645
31603522
14923481
514275
31699232
1676384
6179461
31722706
403841
2820056
34004421
2896226
19456
38672389
36233832
36107386
38669006
38424113
3935931
155692
145945
38640178
36834514
35459183
34260374
32922471
38594102
33615916
32426694
32623323
27081649
2695734
401426
15740219
1301561
2588798
38632874
29185215
3018715
38421243
32753314
3202031
35297357
150792
30444363
33292729
37545051
35025826
38003559
31311203
31628855
38613225
29519974
13670891
2230652
15759490
38508546
37580198
37203463
568975
20172814
31120081
30200510
16018956
713884
38147335
34004373
1068597
10579101
15738598
38547419
4628221
3098306
30471596
38147425
38147479
1308691
16668697
1634403
38501671
35658308
32389844
817669
6535071
27274060
38546417
30501881
30340909
37859556
37054012
38305440
518755
5986721
540439
35279376
37148430
1215770
32599496
29113569
35810371
38147231
38147176
38147121
3046204
16030945
3080878
38013060
466974
34658317
2724872
38426012
35862908
135613
34451313
30301747
15812225
1703162
16048343
31682489
27844612
2163416
35810800
30101195
1510276
36880657
38250001
1609374
7127891
30281832
30266845
2647908
333829
2986410
2462694
30261169
38424129
16174394
2790264
30226784
2317946
30850436
35768002
202681
994716
4766061
14580011
35495229
31854855
38415497
29099432
3132383
1969520
2675052
30220861
676500
3076070
31948897
38384906
1162173
15812295
38384868
36078619
38209809
361711
2492628
38147073
27768811
35911395
2086932
31520449
38147036
38146950
1378033
29795983
31296732
14315671
1254215
30007773
522830
32115339
1058835
34488776
3024310
347700
34844235
32584428
35652721
1749855
31465467
821803
31875275
7192801
15791935
38053993
2621294
29079936
364821
38320563
323857
30138982
32461768
8141561
12629701
35468845
35468582
35468502
36972622
37049869
1971472
9234011
3009006
2408716
36287210
563628
1664251
3226353
38275042
34624649
20470759
531655
27145474
36124522
34520881
31090489
2492540
3168759
136022
1387071
31790986
34130170
30329244
6157681
34352584
427236
2778198
790656
947142
38098018
29061381
30775543
31564535
13954861
1349978
1250567
36828046
297460
37599821
1044072
37573495
37885598
34840440
38246013
34237902
38257999
29653756
27910162
34936371
1148266
1338412
38242740
15402801
36242782
20536720
2368412
33877176
334628
2196568
35104103
15667597
15753422
1618439
29011923
34342278
29553834
1180876
29637140
898541
276167
5051351
1625038
2714706
15750046
1171789
29304995
29892957
1572248
655533
10684671
34475013
827496
33552383
29175206
38202997
2773408
12377541
918679
16212520
193858
3194458
2580918
29101493
30077436
33723952
15989122
20313391
35107806
27503869
38186143
16498372
27657763
14495451
3031876
35708812
35708739
35700236
35700308
35700964
30308859
38146887
29535493
38146830
38146735
2873444
37722812
35160006
3109509
1627919
1784155
3044216
30930100
2316842
16450336
856594
33625111
1510906
30321146
38161056
2248718
38030125
11177381
137713
27637423
31735191
804540
34854916
3147999
38141504
35810769
31879749
33446328
37973509
38030727
37841360
37802587
489945
1525502
36625764
34676086
30243452
31627450
6287131
31568925
36206405
948301
19065
15742401
27877303
35556629
2874552
32342911
14019521
38127708
32512935
33152076
35733059
13769551
36607708
15677319
36276601
38121423
27884465
29131494
1651622
139673
1582216
32573525
765692
38115944
38115763
1328352
32923011
2516712
29519541
35470390
1668506
16600873
16602835
863527
38030817
1258070
35260708
31972954
31313419
1534367
37969762
325126
127610
36043241
672965
29194948
36683373
12064581
464978
38099640
16353031
29786941
1687321
169492
38032477
30102959
14887711
10046691
928584
1710021
1657384
533140
37879426
828956
15749002
637781
520212
27241612
1111953
37729135
2294808
780810
1467337
37516298
15145281
2698598
1635385
36780730
34806161
37516314
1056585
3201014
36719575
1150057
38061995
813848
729246
32751758
37516255
32691256
3509431
34800293
36755908
98202
16409200
30091870
35752174
20230654
37845187
34331827
38059708
9385221
2683536
34767872
3030994
4035601
38054087
38033330
2180486
2165812
1726297
978911
38048212
27225058
38042137
36622363
34021139
2748820
3201563
2161320
3207592
451855
3239329
37891606
37665863
33370335
499649
7208481
33450215
840597
6514991
38018690
15797480
37930916
530280
33152906
47244
16547176
31873946
2679824
36270878
1336423
301225
475697
1432721
34564933
15667396
827898
38017095
35128978
30553957
1834942
38014261
1739063
16257781
115770
3232604
31676466
2298326
7608141
2853048
7273571
16486999
3144092
2380876
33360044
3293061
1234922
11272311
9679841
27928101
37992647
35469105
1723486
1580482
335616
3184987
531252
37996939
316961
16768339
36276701
37991224
37234673
35310219
6492381
37724804
37956374
33358795
37864378
16035161
29271966
12670131
1762379
9514551
3421821
838749
37585769
220740
36635716
2469698
30873380
621867
37543491
33295735
31773883
7967421
37012287
2866062
892005
37635051
37976909
644963
9254961
10912
1030935
27349654
15734920
311505
159240
20166496
8629491
2559978
322504
2170802
32835141
37953251
37963652
37962948
37962701
3146365
687191
1661127
29127714
15798919
1088210
14099171
876357
4442811
27090682
37958032
37418291
37443030
30548173
14962591
12691261
336159
37953347
1228162
32134997
37880999
7591951
27203671
36151272
29596511
1993354
37950741
1077223
32802973
37516167
29072514
16196641
3056320
1284368
36693868
37857312
855254
16226389
33219308
30710169
376938
37850322
31009306
20355265
15778514
1115831
15660800
37928050
32482858
30967317
37516117
32434809
37937221
27371734
32794815
1572110
36496523
35291579
27911424
32510395
30196526
37931046
10064411
1191316
31112088
1445473
24026928
14124181
494362
63856
36864743
37694265
4986401
11601241
109672
31784876
29045586
166915
37514126
35573732
16629034
27285367
6595911
37056705
15829596
37567544
37832826
1209529
37560564
36545200
32210694
29669113
33909240
35045865
253940
34845556
1669502
34712543
1189857
16775599
29028401
32637381
6655691
2932796
37719703
10145821
27259183
36854858
35677096
37690739
16490560
37910698
98548
37483505
3394371
29260229
421901
37908584
37150861
37779628
2232520
30966632
33854884
27950664
34709684
34257819
33717556
1001945
27935093
20513452
16228329
30495123
37836411
36749107
1114050
4100541
16686211
140734
32444312
37148431
37603981
579711
3102137
7341631
32868509
37212632
483115
37559098
3200053
36865090
16183355
37198784
36812958
37720329
32856134
32861543
37794168
31422543
37805654
14180831
2020124
20246482
31549748
32238444
137699
20571817
2194976
1178794
30058710
1713204
20662
33202385
37497003
32925373
1143004
33493428
33251267
32043628
31660006
31890082
6182451
766330
2382918
30854756
14843371
37880563
10309931
251217
928321
3210855
1773319
15104591
882367
3114118
30056874
35904495
16299535
3211382
31889907
31166809
36045
352498
37870985
37868273
24608811
145546
37634041
1587327
36730839
34914963
35019422
1912626
6906571
357736
36347721
35616222
36435891
2397956
3021614
11854451
37594761
27364207
37868366
90057
29233692
31498417
3213410
36695300
32045542
30144006
37487649
2922358
29523622
37513937
37688251
32677225
3025113
32109198
2834712
34535980
29172143
37070519
3029236
16079220
30625923
412994
33886426
37807862
31754724
32543229
4768471
29621956
892688
29187149
16096781
35232926
27564673
7530151
255620
29649900
31277460
35438344
1948356
1058366
20321956
1349803
32333011
27394879
37673632
2438804
27098080
34262341
33352377
33357514
31358901
16024560
33948490
1549534
1625030
37532870
1532798
446685
30365805
76773
30201174
37844384
27802369
37790048
37811920
36742325
37305497
37514173
1167248
628131
35455309
37626244
1436964
35211948
37434264
37852501
2231698
1371099
36610427
2860182
3239316
32441416
34536389
1302690
30735937
37328700
27937681
385607
16198621
1704800
4456771
20288746
31668995
29966076
33159288
34749543
34430318
31559451
866086
37480297
5060171
29089
31785086
36514936
757123
3110392
31803307
32495956
37474040
37295817
3071446
31244676
36559269
37845302
33708828
34293534
33738095
30004095
3258603
21213599
29072054
29218024
2480540
36719945
3122373
31090390
37157599
37848908
30308657
37847551
1478550
32096735
595215
16112425
37242148
35614066
466500
29785117
33825222
33800868
32432522
29541962
596167
29511895
36905639
193253
6486991
35174696
37094468
34087062
37609560
36626226
37282061
20405299
3353571
37652071
15652350
15936338
34097958
273217
33189323
32016906
16202778
1546064
1227708
3102327
2333808
6982121
37710454
34829307
35958367
228216
2927112
2728092
31833200
37604538
36540339
31843701
37132112
35552002
37262792
31738109
6506101
2763518
37789638
15536480
15624598
15684676
3039134
35841731
11488961
16500814
35184203
35803582
34873497
31265061
65062
4565871
36452411
1550028
8580301
36760764
35586696
33181084
36819871
29627687
37737918
14190
16551967
930874
37588455
9347051
37564399
2183848
842380
559392
30920567
3726791
32225730
34429133
29264527
30388577
16178169
30887808
3444521
37831995
33304216
32044253
30794904
6084101
31086356
24586455
35053611
1626449
29504037
37177773
2663082
308822
124222
37253745
35755132
31644399
16019942
3100662
31337095
2285330
2060752
35752657
7451421
740258
1511737
2953366
20345905
2267854
279922
16164000
27623134
20152864
264337
37804630
37804293
36556814
35708767
27898356
1610948
36158727
31789456
27878605
10189971
31742788
34768668
456287
1056303
315760
33233851
16155183
27573859
37775732
15681438
1336114
30841191
33247409
14688721
37783796
36922403
36418555
3082796
1017955
14022001
4717041
30840681
33891884
20535364
29239516
36081119
4156991
400610
254608
30796255
3261041
30478591
342132
16164132
33136981
606462
29255724
12150041
198228
33604174
10593941
16095319
2872772
1540075
35757014
20546674
37765017
36323018
37513675
34289169
16524670
6337191
852464
2003258
29258213
1951618
31474347
33027075
16139590
29307419
2246724
30545914
16258294
37734906
34186435
33387
2254660
29076327
36364552
37513906
11643231
33013377
36319437
31548792
1326468
5187781
9054731
37136660
37743259
37230623
2481986
2112338
15992904
31879493
30294568
37712691
34027112
2513382
37577436
34247152
31222247
16092780
16215088
36566912
16000206
34076365
32267702
37725674
948416
29592922
37593386
1639540
606401
29319167
224460
27230485
1142275
16150018
342253
27468427
30980287
29534179
16072544
30507216
37684601
37728953
1959252
31649951
36696017
10113621
4061291
1127753
32276072
36758975
29571760
1811125
896511
338738
34877514
16078069
27763687
16863
149807
586452
16183320
1645073
27239512
36977137
35067291
695919
37715574
140075
37553338
37594505
366605
324292
31140559
30289378
8799281
36801837
765883
32324710
36990448
29179902
1501410
1175641
35898967
32353250
29518125
885936
628648
29511020
2073554
37701161
30928438
29209923
35566901
37289646
37700259
32597679
37700019
32305843
29818857
959324
19956553
36538189
640680
37692455
416683
1112602
34093885
13613061
1614093
659560
454944
29299382
34051493
29620254
33129938
31870589
2036626
32860450
16214345
1496098
37686888
32417066
34100156
477643
37541588
30707074
10788931
29071738
16189613
3494271
16034584
37681718
31950948
4930611
31371712
35927927
24807638
10271841
35041363
34985721
33078138
15575524
5425
2082960
34156443
1532769
1308444
1251869
14920431
16131830
34093729
3233290
37299366
2330372
37673287
71584
2433544
23611534
1455652
27946553
144419
14906911
34679232
60627
30335842
15793241
33170575
34106466
20449939
36295327
31543500
2878056
765585
31414862
34306039
4347171
36299528
3063510
29210845
132527
1339939
482159
33733730
331233
31316635
29830221
1730685
16059969
6743421
3750251
2089630
32731809
1668407
15814942
31438051
36886397
1657278
3222882
37499480
15387891
15551490
653465
1228529
15688239
20261668
26620
4548751
2800192
15603124
1603241
33470462
35214473
30899600
32567442
259587
34689217
34058859
31981197
33309867
2493878
37119201
34607156
6947111
31414309
31864717
9545051
72256
29125610
37554475
195907
32660534
37635598
32816893
34770776
2494990
6149781
546649
2642422
8963521
37631762
34600112
1730025
1716546
3430711
1410639
310913
478796
734394
32331653
33687444
37628066
37628009
37623035
31097311
31718060
318816
37623019
662805
95485
228748
36335729
34527507
37624508
30713927
29316122
16241365
20479159
411500
1000205
16002893
32188171
36324075
4052111
37583339
32321128
37620363
37583272
29965767
31110130
2545320
3062705
29559288
34770777
4991131
16165291
1770521
34468984
20198728
1532905
1574264
2081312
1938856
36115182
33957213
2963162
94091
2189616
37563071
4134991
37604289
34432163
32809446
769159
670462
2612526
11801111
12423781
2165670
16155565
15559482
6039761
581468
36550565
32836876
1683786
7737441
3026058
851851
6424801
1427500
16142744
12038821
1132949
1373342
34361378
881161
29635291
27547009
16119119
2167776
29128364
16130944
37592945
34762970
72064
37583032
1883808
16268125
428754
512875
15304401
711894
1179765
30369192
31534138
32213888
32489422
36832113
35790394
31508702
15598703
36295363
33848599
34405128
3851171
2062304
141609
1368496
7184771
37379263
35361695
35561804
32776513
32021803
16120941
416974
37542896
37468700
321477
33371643
27253336
823376
15720267
12603061
2944646
37578144
1185882
23221736
909273
31088321
2382836
29523083
30903005
37446624
11700051
2989342
345832
1494610
34590909
159073
37562137
10787021
31491001
33187551
2669722
30477306
2424380
7961181
325049
3168969
16044065
36680226
35838324
8954261
312471
33820963
37424896
1092002
37564923
5488181
364402
767105
56884
27573856
35709
720861
37424811
27866743
4085871
3061830
701066
33665744
16582183
3134633
2953136
36546723
922132
32046340
1153722
2034152
37230188
31975954
36804885
35698235
599906
428021
31403714
9036891
4972241
2687974
76077
16727800
37556425
34043138
35738817
5502861
30992809
29216657
15832185
32613986
2815594
9841681
20178997
15748671
33648402
21419079
3143510
10706731
30995556
161326
35999969
30254222
35371914
2037232
37546190
1253177
31103120
299563
31708083
14501451
31442507
11396131
1394198
36115311
208308
1755507
2810088
2772172
32130833
31545627
1485320
29077421
37543408
31951846
33746045
29571108
30011520
874241
27304666
16540669
3052916
2209820
31821114
36586205
34197423
34950386
290700
35215581
15985096
30451048
33614451
2698706
1727824
36954410
36953909
36135310
474852
2915886
27561922
2735382
36452476
29407191
30658040
29195578
27968433
2545752
34329643
693986
32625789
36136389
2030918
27581353
35717996
36728087
15711296
8124661
1449900
34578757
1103520
6243431
29280571
859258
2140110
3969731
34394993
1331412
36034217
35384059
1100421
620691
6630591
1337635
27338806
27855586
482379
2980110
36573271
467281
5884471
3120354
3204315
20351452
1183268
377670
2311224
16433788
35141024
378939
288382
30766044
902794
37271767
32441132
1550741
35884650
29603967
1272353
29930922
784244
8642011
3117031
29049099
1348093
7679861
30351088
63378
812739
32862927
33906058
4419351
16156319
15568441
370821
2930718
13865061
15626760
37049881
37164254
5275661
30430541
2035538
34858392
7212251
31647143
795992
35407403
16507999
15967307
33336965
34028322
11295
110197
451138
2587798
33617701
490693
33306303
285078
2205170
371501
2755926
10143731
34238359
29151505
29120802
16167469
27960976
16681006
34279082
1934316
34044413
32898206
1628933
35502663
37523780
31019806
31449441
19819306
6882711
32558706
23906682
15742318
27796492
3064874
4485981
785711
368213
2376044
35298136
34051937
32999632
197648
27886714
35623352
33259172
29031358
29113747
1299394
15962880
1058258
20335294
37103175
318559
37235728
1363709
37444157
27926511
29072229
3181845
37483035
548320
31160841
29793267
557118
3200581
16011437
2197774
32442317
30181786
34633127
552575
11743551
2589348
31993494
37118309
31795938
34394769
33615892
1737273
321592
160161
342128
32758983
1603744
1707830
132010
15973756
365557
34157081
16501648
33139928
32471573
37390488
1538350
35863211
1248522
1509125
37182818
30904524
34651401
152280
1754173
958606
37298467
8133441
8486751
15392821
20469607
1282456
32322020
37488562
30417775
32784666
36774708
580544
581469
33998332
2092816
16195407
2371954
27873
37425618
35133377
34476486
319009
2736404
37295932
37472386
15631017
34157603
31753216
2433248
34870878
30123025
16099145
33731680
225989
29956289
31383452
16666969
4289021
35388899
15102371
473133
15559015
16217181
27707575
597538
170354
277957
3168700
35663158
11932411
35365430
12339601
1223928
16036066
42430
34363749
37251405
35020479
1781105
15711810
34621827
1616504
32140582
15694666
31122047
32120008
35087560
2496930
32513129
29785974
33473240
37488592
33754680
37301952
1127723
30979618
33309671
975628
211399
16016507
1532979
1536721
32229090
29833350
34505209
1878418
37501878
34708009
311770
37505335
168233
33080419
37433330
37433292
37433288
33753142
37012956
15756534
461674
6166441
27940960
6826111
29582490
2004708
16089037
31193547
34498888
15185091
629111
27488557
3531121
2196238
16149069
27733300
1641103
31857009
1686379
1415034
36862555
36768721
31036852
33116657
1571134
35226385
27166135
5012501
37257065
2704510
34580161
34244057
4360851
16434997
205543
16713910
34688406
29092584
264534
2490328
302477
1224073
1688338
1891834
2683138
1777143
27291610
29031983
20114968
34079344
29096663
33046106
37322158
2630504
29177743
34558400
1179102
29799250
32302017
1598928
113918
16118161
35469054
356041
2884270
4006611
27745888
32743247
37430215
639822
7500961
29309697
31985354
37457391
32824967
32775926
32659085
33800629
32684121
2295264
30582888
549603
31589725
176578
390494
15700651
27263542
29148941
37301013
11535031
31649667
30509023
32080549
32699320
35830324
30551734
348582
36908366
35227092
33711038
35575294
20536351
29779682
31686376
33825128
34964086
33656768
37311097
11066471
1064694
1323972
1693816
1340711
1518776
1483608
34260520
34133727
27914683
2747108
37186298
1102988
33419700
32823253
34923139
29599778
37421199
415571
31464002
3051195
3214067
30150332
35412494
34451070
1405071
440084
33596879
4096911
1130538
2145530
57376
4786481
61339
35997913
1631194
11752141
27565969
1322549
8264351
34194840
897165
3072288
1593617
33565786
36014370
30039336
30279439
1532300
3004674
27425275
35269933
3070868
50293
8425811
29044296
2072778
855993
36370038
3012300
3077110
37418301
29596609
6646161
1861202
3161550
27410113
371193
1559234
36342850
8334821
198185
6692861
770851
1499307
31826585
1318380
6330631
1209446
29003333
3208184
4445221
15550136
328282
15842910
460543
35091908
34931378
29303380
21720326
2501430
1122817
34622597
31267989
29295503
383229
6441261
617783
499777
37254757
1546069
817677
3773111
3964561
1381624
34216498
16229662
35511833
31130900
449884
31452368
1327761
1531791
2033960
213246
27124660
31631740
773610
33162704
31137134
620403
35776661
1301507
32666479
2382376
29532220
34337082
16480273
580779
1342595
27957529
568884
8771201
36316614
1247529
183787
2462996
490713
29129647
33513898
27924403
16127121
34691783
1344754
5964121
27958007
827410
6560621
35481120
4215241
1269879
15706158
30165273
32937126
20448532
2812258
16381924
471078
2810214
174094
34475932
15775047
360308
11358691
20226109
31471507
29603814
23544042
2424274
1210236
33946487
1479629
35401009
27324685
29944772
32225216
31632890
15669209
20486752
128606
649197
2569192
30747842
3131461
27163870
57894
673134
30378613
11474
495150
1643576
36190120
15690715
266098
29145955
16096189
1020359
37087675
3185808
32347832
1315785
150801
1788037
223069
2120832
32485852
23491594
4341061
1683183
32322832
78433
37217701
573227
2392886
10762911
30739720
27634156
31015555
36737272
1519617
2104930
32541031
34821262
34806150
31911800
10888231
3227877
1308678
10105081
245810
4137871
30518639
20210251
13386971
9193331
32336664
37295891
1723492
31405882
33117027
345859
37183796
1841336
986947
36159271
422530
928407
3161785
31847739
342420
32190224
33722101
27005977
29600825
14812671
18875155
32183773
5924481
13772661
37295846
2938438
1874836
34441974
15992724
32429082
1567032
2652968
34524868
35163118
2052344
1692677
30223970
29789962
32689622
35104241
22826122
35161214
659677
155344
27695686
276457
1695629
16135514
31628007
36159250
33865735
35340515
3056924
32720226
29960413
2823956
7337561
9268731
8804791
27275656
37127078
2420506
1765385
29565675
15043691
33654851
33234437
36023775
33482061
27958573
1274182
32511406
33148824
338800
27272644
36623461
31991313
2880574
3860331
1354495
20495278
37292563
8864041
1049893
10585491
27371317
1641473
36159071
37047665
35758523
35044293
20295616
1818663
3108598
7290861
1189545
33435760
811290
37273920
10295061
31612432
29627710
27328066
923788
90312
32115206
15807401
1684946
849318
29165180
15752016
1981004
12081121
328904
37285533
14814711
3129443
20302162
29260625
31147147
31684901
1817377
1012016
35665209
2336982
31370412
1716058
943537
1972872
29984789
29903373
15800051
2946014
1180939
27686377
31057871
924246
15801627
32260628
15581229
27935593
6937341
889383
1680728
524414
309398
700913
31452160
445717
2602410
1624772
15597086
36900304
3204278
30997213
2635478
16209142
488795
27243754
31235710
33732865
33791154
2429328
30508187
37234954
832177
1648259
33807494
515511
26664
35195249
35003475
617124
32400370
36777617
29917854
33774277
188549
30117995
957030
20312635
1600110
31868145
15823687
1659295
10493041
35208418
37245090
3174124
2149378
941885
2829110
30940544
1250399
1046873
34810223
31950730
33509712
33772700
15722441
37251989
121392
31495702
30664396
33785443
2838468
224600
2997916
37250540
4049931
11006481
37250036
31814610
1472628
11091761
873381
35230924
25233752
3078840
328399
30957249
1383508
37178043
16741075
37246263
29212391
15996005
37245504
30963963
34364766
15769915
7694071
11059861
2688664
29336967
27470602
37017613
1500885
37123750
29133434
593933
6029801
162064
16108001
14002851
1725046
31507554
16335217
37127139
29134882
400923
4704341
32313523
621320
12627461
13797691
547999
29305668
715040
32546673
30942862
290754
37235630
2882012
1348379
2349216
31684917
1633815
11322731
16572136
1446666
30526732
34126443
4634501
2217502
489855
4939221
10550181
147854
37231747
20152420
32007875
16285309
16417447
35709145
29656771
30798525
30733841
6512651
37229977
34076781
1361467
2433210
1486822
11604
37222900
2369370
16025288
29143374
15755848
37224544
36564488
341756
29288257
32789864
8041301
37222860
35595669
621502
36964398
1597557
14191531
33314648
31342381
33057421
32129707
1104029
1349130
29092166
12028371
16023106
15984702
34417711
613369
2826002
269592
861785
34194227
930201
36232961
14054681
2483738
31414219
36178306
33118920
32769849
31832483
37193235
15972864
16684246
9701
3681371
49944
37111283
1716355
1331423
37198383
2273994
2316814
33312609
33884900
33291320
2061648
15825205
34278609
33523978
34044950
260812
395759
16639195
16041185
33723183
20429464
37204906
33446198
1462416
32221183
1909688
31410994
34229288
2827620
37127113
30593793
1580705
11959911
32912082
16285750
31923689
29165738
37112422
36432558
3331651
29619704
37191701
7388331
1202823
33317817
16027488
12133581
33628317
35712214
35854170
16066034
29178343
31280338
652175
11259611
1187114
35186472
327207
37018541
10747821
14126761
10495771
20342038
15657732
37195018
29591225
30479474
16698322
1030771
2706284
27514720
181052
35091254
1478498
288542
30240730
246282
15966718
33528243
1342402
32784715
11215231
2670526
35824107
2519236
6894451
527868
1930960
15616504
31353623
7602851
663461
34144020
36392766
14117881
313301
29649739
977729
316016
17632
29327354
1431777
34008691
16787581
931
12580651
3196252
35332198
6620421
479143
560666
20168530
31843934
1206396
5012701
1980544
20354893
1988604
33367656
2431212
630296
716147
16710979
9022281
1537864
57429
35900671
633539
3168683
2111900
10509251
120594
30412895
16328041
29018465
601537
20506300
37049508
10640251
1100217
37173807
1276297
1051540
36697772
1235918
10375721
1096270
9559111
517072
6763021
33988740
129131
15547701
37168576
2689326
31645918
1324717
3198091
3644461
9924
862035
15233981
3219963
32829796
2350506
36098654
1363498
27729574
36475063
36666088
15666284
34827088
835603
31334146
15428221
24961381
27049549
34612997
29888565
30932006
36997281
36999030
37045808
37034058
1066611
36807400
922891
10038881
35206503
29072235
11826171
29681457
32803319
16488277
33613002
37111418
5994931
143639
417721
36925860
967817
30495517
29108692
529552
27408049
549368
31792308
31670149
1336395
15844212
572288
8306441
334373
7460171
31297544
29288203
29941809
37103833
35311734
7628151
102652
42102
30175088
1684799
33434492
20551339
32760407
9742501
15545595
27551803
35452101
15553776
2343936
293707
6730811
10052671
1911402
11878661
36824790
163252
1519893
27022432
2866670
25872
33403910
15984325
2601206
15738802
32672933
403792
1537381
16142066
470053
1593166
2850222
7220461
12731031
30452482
29160953
121653
11699751
33767949
35291334
33596861
4956101
15782291
20418649
35727758
29533793
31140124
37111710
31791063
27538498
34257553
31156266
812517
16487341
30944288
2060514
1820403
2460756
33642743
3146038
4064611
36559919
268274
36300336
34774774
564026
29091301
15839074
29127839
32194286
20524954
1372698
1438458
7003421
16769632
16160906
30409229
33638654
15830973
37135773
6332361
715883
33953207
31946908
1430718
32371566
37135337
31239370
337876
1186508
186421
35580948
37133679
3339171
32320126
483347
3196185
31774233
33663295
278221
35594471
2669766
83375
11045651
36223170
36161710
34419574
15789764
30159828
126356
33168078
29469991
1185389
37129394
3334731
1329218
21876490
234439
15782834
787141
538094
3050157
29539863
1929708
37050524
31673208
31152893
33422196
37123854
35831619
11439
15776829
16546528
37059304
27937040
22659525
3109944
16659412
1866586
491502
32283006
2949732
8182321
9751291
1610361
30412252
915846
1557823
27940370
34047546
34458689
30665322
16539985
32926201
37120976
1169905
36019418
2182600
1285622
31381803
31254865
1962986
37111866
1627114
1058421
30415981
37119379
35390196
935985
3064114
8161241
15497521
37117808
3720041
1844806
31830663
1573966
330400
1646256
30204857
3092638
27418510
35009503
37117017
4478221
486601
4297011
33498829
37115976
3129369
25099661
30929570
30748919
36213196
37115061
16128899
14635481
30260346
8390941
31322499
3263
35744668
3183705
24202798
9097291
24412233
37112614
848807
30960535
606749
7444931
745347
1898372
32460313
1202517
31549745
35703455
1508859
15652776
335118
930923
1255404
32981718
31155600
9527361
31861028
31436243
31695290
20448697
10601321
635944
165191
35144955
34603420
31614888
4273721
15459021
497102
3961461
897332
313096
33565521
205517
30534309
34128869
10559921
34963300
9827891
34829449
2175432
32510360
1207132
36890221
32297219
521438
14350281
37104217
2477378
35537195
1308663
1156916
37103393
1679010
36826325
32512047
89490
34095695
31163010
30893415
33791742
33501458
6918001
33435539
37098161
396410
674154
29585471
37079112
5446451
33953237
36423833
2043944
1480525
31443615
10452001
33801000
97997
33268581
37008112
1323715
35046930
33657122
37097366
1493918
34125476
3050875
677893
10749911
31948211
36905308
2425008
30243842
302410
1836534
16141632
944133
1651914
1961384
15626380
3088327
996785
1577861
10728201
16583017
15778098
23455
34321591
491422
32356620
31567162
36824356
32875117
312001
33729387
36258803
495082
35795383
2560832
35755669
936611
29117010
11166881
32574571
6156841
27292660
36758614
4934521
188532
36320428
32775781
2965588
34098846
762733
440071
12531961
27514351
3232503
1873114
11514541
35502527
15968056
35134776
3603771
33849889
2545382
647178
72082
35149422
27967094
161562
264199
1779115
27665743
33511478
36982102
29388434
2895590
3067303
528243
31854024
20426323
16269952
3744321
32036891
1290229
34577427
2048896
872936
11346421
1179458
142996
27962282
32193969
34658092
910341
2459406
31771405
29059786
15679144
31222802
15571651
37047324
15901
37002585
12584181
657374
30144752
1011340
27360502
30589446
3219859
33871814
34444822
20420599
3101490
6261461
27520450
3924361
33117708
49101
29058616
16088784
36086508
30491627
955412
29818639
96743
1614373
20429890
16120323
31861188
2968076
308176
35395418
1467243
31168906
1170875
35214941
86720
210992
2892686
29547749
17912113
29670884
1313965
251548
1468439
2354404
3023943
14536831
1043927
1332865
37067972
2954760
15079991
15670807
3030090
3017252
1533544
1480128
1331077
34335371
34987676
692194
33868748
1033517
33878360
27891784
403535
938226
11304551
874179
315224
33868752
31372222
32230264
36758043
36274888
1187734
37069775
35160831
34753774
661509
20291173
36304731
16753939
500030
30446350
37063210
16063375
1709840
13840881
15844560
2993250
1343197
8829451
1469565
794293
971253
32080611
1531949
75103
1283637
498468
7263681
1453206
1224902
1416586
23695829
2404598
16103358
36687106
40530
16050617
37065972
12245201
1720014
1988100
317002
3041085
36920810
35002857
3149226
322006
5008341
3010000
33129061
8250811
15982001
2918690
1324482
16176366
12740031
1157786
30955535
21659277
35489533
5484291
32080331
215257
14185931
1140447
316407
16003233
30168699
1815139
24501863
34557896
16788175
338524
34222692
1183471
20487895
36925117
31841810
1443567
2133704
37001809
3061684
16060971
774335
34251417
33476538
15977636
32614909
36791991
4651201
1616884
1548289
16219108
35492091
30473314
6479081
30364653
37043833
2191056
2434834
7085051
29094601
102326
16527859
491904
3188441
16196176
868232
2178414
193843
1483621
753459
1661822
34177940
162897
1475448
2947282
33463099
36960076
1554523
2845152
933983
15992852
31363889
34594925
29810412
954488
2469922
13928181
34426405
34440335
581989
35314159
313218
27871006
34489246
541508
30835196
2056794
2698844
1944874
33141654
12374211
27455299
3063400
33374580
31553944
2765616
31532374
6922711
3483631
30056983
35810760
1709734
31657169
739402
277351
29057411
30530332
31858505
2639900
15670869
32717564
978753
9985891
2840952
35567786
35773220
3065735
30541430
16000320
31864083
34029339
29589362
17358418
2515512
1326480
37053649
13672641
32429161
35340475
32749470
11833611
1147196
1007124
30597845
2765568
36598186
1007550
30094911
15993643
36222883
427248
29570980
36460197
1207725
1025280
2551122
36372542
430599
352966
36073914
32192510
15566628
3108115
33686355
547534
2093506
831516
7075451
1114584
1899318
37044789
16372579
31397739
32733498
37050997
30038702
1299261
29251356
1561981
35239412
6275881
567812
30567215
62635
1452542
16396624
31520760
37028700
16387975
368021
1655722
30009759
27669418
14194231
3302363
9220561
31837929
33291187
34891402
16509607
3238731
32276559
847736
30463559
411886
36022072
24699596
31775119
79724
2384610
20810869
30031760
33141552
32384815
35175118
36767758
16088218
34610234
1690123
16067997
11677821
10283621
22215832
34913862
27902881
30118736
675521
1261773
27222079
15717614
15789786
3912951
816270
5475541
29677397
1524483
12788311
438202
999209
33504882
31356661
7360151
37047852
2481492
429790
37041659
1824303
754199
10380371
31199432
1379485
1794175
2371444
835538
3212694
24696966
2694846
33873243
2480860
2747986
5426341
34231426
30508699
1386296
2847182
33589298
15341481
34891386
1806057
31789675
29554701
32826592
865574
11383191
37043773
1266861
30745723
35895585
1723200
4494581
36310347
34603284
31478424
1889862
30392052
914525
2352582
245154
2474340
33949096
15601971
36661015
1236224
16165505
336071
37040949
1285970
1106265
31921663
27917882
32130725
9397281
32966742
2784744
4121241
2008142
1617944
36666664
3136293
27504025
5278681
1487762
2041596
7503291
726426
36572376
190954
31232791
36656233
3794141
3113814
31891110
35636973
31464372
477637
30116789
27699097
32673226
3010278
8579481
1518428
318699
36411772
3049838
1061777
36583105
32658636
15087491
395643
33250533
1050817
16519324
2491948
82408
15964709
403058
1340100
2236518
15732297
1006269
16064810
29619898
29102116
752967
2372808
2620470
852238
29209440
29665445
31965164
3235303
1268630
29294513
31776261
32511677
31804157
32178169
28113610
1208622
1810559
27672946
33108783
7216171
1628306
644060
16555285
37030018
1242800
34850887
3880611
1155437
29083476
4123741
30381668
30552601
232727
33818755
27959120
36050257
9657391
33168641
553357
2927622
6856511
15737742
30193018
37026430
35976064
1559355
395497
37012133
1539482
36660760
32002977
33011783
2124806
532531
1104545
34084624
14997731
27629623
33850141
16642348
31990598
31137149
36110097
34445964
37024761
34708806
27349630
29268144
977744
31567807
348107
33623885
15725464
3192507
37002742
1070510
31917989
357780
32238808
486092
31435765
31409774
35367279
35066345
33767677
15983363
31059146
2284698
477575
2456150
32113886
281480
5937431
3137336
613284
1305889
32200260
32862707
31070973
32184655
3234101
62523
2700198
35803766
37019903
29614578
33098794
33551331
35600953
33656516
29819802
33475346
35363777
35838858
29009582
27872799
31211237
3158048
34590470
36948768
4797441
342943
180049
35155714
314293
1004720
37011924
34641909
35552161
7038021
36648487
914936
16773343
6307411
36414490
36619761
24704773
29933752
15619100
16936927
27756178
28094275
27036139
227510
1734719
29568467
37015760
880499
35831037
9556101
20353144
1500902
29303832
2081978
899566
10298341
33682137
32587693
30919314
32119959
36928958
1864770
279935
2864498
8315651
15462051
1041405
98184
3220506
16119236
12471661
1127451
31564935
15840919
36885256
29794011
2827480
35132074
792813
167312
1019388
3473691
344788
22620945
31549455
34263646
33139420
453153
924354
30120568
23080255
34412743
19957750
30296959
30460686
27778903
35648987
343831
420918
30714221
35376078
16127676
30514259
31103983
36230552
135862
30320913
36277240
33910707
14639951
36426556
1965620
36562156
33948260
1171155
29294784
20470729
546075
68262
1842916
358463
22806863
6009441
27923612
506498
1608711
32902278
20388094
31910726
1403778
5895311
414188
3126954
29874495
996224
895724
31008709
1849758
29896022
16215981
16001514
29016724
1517243
83777
23995253
16198435
31796943
19157362
3194011
16073206
16027468
31853128
33258166
1621709
16437094
37008860
29135082
27110182
29992699
1090624
30172157
29995483
29675389
2236130
29022886
34020987
26625
36925844
1920458
15667243
36282658
30479845
788416
36774493
27052183
36864900
33446922
1375404
1716357
16107300
2990608
36908592
177215
30436152
29241296
36931932
36766421
19031914
957137
29220264
33445678
20171230
895639
969226
1850356
2502968
29872523
35848891
1421116
1792123
167705
37004941
35056940
9814581
30663471
123022
35155098
144735
35160284
2851816
35613092
2315016
33350682
2510104
30117473
36738605
15829710
2196880
31831367
31610722
1459572
36558642
9334981
15828262
29062726
895290
4903681
27798700
539828
1940652
29811104
31668659
33778818
438543
3168174
16058992
983114
768294
1675508
16509976
3133376
23979973
14162821
35470973
36805279
842998
2152142
154222
1924516
1482263
30137038
641017
33839283
29005272
27572188
35986072
27392644
216144
36779666
1563749
76044
32431191
34417771
1981132
29558332
15611920
31780889
24724056
2652992
27871309
36764860
36761762
8504761
3195694
2094474
689838
16068248
35027686
1228573
2773120
29300424
31308192
30777160
31163803
33521438
16425502
24175489
31915171
89295
32377365
31546961
2271334
3192038
29822520
30052629
29887024
7303881
34357002
1034892
3630941
854283
1457793
29900327
31805492
32301681
35085395
970152
4090501
16005986
1632393
33237249
217881
1559073
1324906
27554317
1272383
2380752
10154101
11086291
1404628
34708949
29044936
29983897
34961081
32253397
35889344
36042712
420723
33621348
36998067
2136182
35166323
1699660
16292833
320158
34627725
36993214
1303218
36373282
36769605
1266780
31956783
31026434
34213086
32953133
33873635
2464246
927925
345921
3063197
785917
29079026
36987224
29603163
36793121
2849120
36777790
32065886
14483571
3089392
3030541
11574841
35643298
35710628
30961090
29220902
27126532
108671
2313644
31536767
960513
1324521
44603
30432721
36976602
15723004
1884140
7546591
4178041
21637369
2641362
16733968
35589065
33671461
600990
48471
28077968
467773
16647958
27579214
32016544
27954181
27690487
1982760
1725325
11545961
2976950
30201332
323232
13986771
481184
972837
596531
36965172
2057776
1293224
31751832
34598658
6372401
680321
2015590
34622626
11429171
36959603
973075
2298674
1521589
1087830
489335
34864923
201632
31840861
2317698
3113519
6541621
2073736
35478505
29968896
29058981
36951172
15832266
34373068
2661794
3069262
31861325
7987711
36810958
36569384
589941
235277
16103579
36945035
32333477
1727590
482526
9687641
724958
33802651
31835662
1204656
398945
35139222
9312491
35114356
16388653
29282418
637796
32470029
674370
162369
2670044
2227806
29526947
32542722
987519
663682
27963844
1119191
33711936
34200481
15312761
36109822
27813391
35355738
36932156
36931326
4299991
30960773
16063880
1967604
32366026
36929674
20314600
36927611
15661146
36928999
36088784
1392279
34962766
16563685
27128602
31080127
632196
20199796
34407494
30123041
3049773
30417115
323637
6276271
1394247
34903695
35474705
36233870
32895425
89883
29175841
1546084
35889599
15116001
16131003
334939
30081444
7776121
1672026
39494
1720131
36261291
16544506
1660230
35879996
1880248
12648051
32718950
29078714
20093389
375193
5146921
2107654
5176081
35989479
35776325
34656952
3103377
2489724
33138218
36908867
29010733
2811256
36917886
32377444
36568935
4148291
32596697
34842004
36917492
2226490
15621633
33813751
31856196
34369994
33729841
36422006
16051892
617132
5115901
30637028
33212535
1882768
901862
30078447
27774424
3239143
16075111
5775131
2014948
31572232
29137284
35316441
334903
2764914
1899896
27938102
29236194
1344046
31428160
5840751
1751607
27707434
11714771
1875638
36317062
35713438
1089016
34991471
27255592
15681882
36693032
34292917
27896179
2395060
34890651
2778880
17422792
36902359
35193456
861801
36246046
1659314
34244876
158470
1420444
380141
32291291
2566208
35206587
1293552
1496146
928632
10432531
1065391
35301560
32741784
34317670
35267789
36720277
32299025
9933191
3084278
36902571
1116821
303699
30479157
1099276
34769906
373095
14902381
3236402
1585347
31539632
27260620
16170336
32350612
1481369
33438780
9557721
559670
591264
36884856
210649
27365740
16104962
1123144
15594760
31667243
15080881
30687749
3064594
31170098
641304
118143
32246575
32070453
30030439
6688131
1344077
595874
35360059
31896002
14420411
8507311
1077104
35288055
33911691
60734
29739
487722
32335665
32835009
20224009
8664091
15694270
2217364
64864
29554974
276229
31550078
30128553
36887871
33892034
36842978
31559815
16158500
15525501
2142626
4720381
326477
29192125
1651057
558281
993088
36482529
715091
30928525
27507784
260869
34187104
1684998
35531224
2550754
16134014
31514033
192513
2859156
31020841
31171012
16232743
413470
16005543
1525891
1371503
825385
31265384
4040491
20565712
34457060
16157106
2817412
1576349
1032457
1584176
566478
30333171
16223603
638378
15700139
34789851
1492285
32395193
300923
31642421
16648288
34256482
16518313
2398624
35660436
1197546
2704054
754642
35949542
1139980
86715
34508730
4023151
1909080
27636967
33665422
1563311
1228511
27925053
1870502
7876371
10827181
29634419
1136620
32405195
14352951
34748427
889924
35310337
2720886
1200306
328626
27830455
20155270
27927944
35394587
85536
915984
27900124
33041614
1163650
30321588
16523503
25219330
1679929
35059806
34064706
36240462
16026266
2387306
914715
27600079
29055069
29108233
36856328
35198202
33811807
15671698
36864420
217791
29753261
2844128
503317
6373591
756620
407385
36586573
30939722
31554685
29787255
23246593
29319433
388135
29281402
14721831
50802
27109402
460152
303953
32528767
35853146
3090421
33832446
696220
31984004
1580150
31268662
3158901
34168954
2892794
34560512
22354
30527052
3094442
30816628
32976079
10044291
11941181
34046535
20313526
35776862
31817700
33119240
35331033
1472177
34488653
27294943
36829983
559671
1715073
18698
362835
11229861
16199139
1597760
30793280
1635511
320765
48946
27942424
1056962
2714846
15770691
27014776
29816700
124786
30919103
15548064
16106547
35295857
35580368
1366113
27967471
64406
27659821
320480
5013551
829690
16157959
29199100
16061139
1442601
30680724
119376
636434
29649316
35737124
31787910
3055116
36002724
1315952
16109198
2725904
1990332
29197390
1882802
32044945
1565040
1232953
4847801
30750829
35207595
35246303
16070873
950759
29007663
7687271
30405524
35400172
2935808
29222399
27799810
1433867
16636972
2537688
2103604
31429093
35148653
1643130
32107304
32620174
29059465
29215143
6251861
328024
33541869
34758823
1267082
30138893
14000441
36814615
588950
1722881
36357642
9604271
1168694
668545
31444426
2723410
1239972
498897
2246488
169211
1143187
15705396
1356774
35001511
36208209
976580
29221194
36735679
16472947
1687838
1572800
13803811
32854901
37990
6679321
16225166
224686
33821009
1311210
27946325
522072
32229612
22989370
36713332
29270550
35882907
3186770
1334942
34888306
29673051
35029058
1151484
812380
915548
142716
1572768
3141431
36515413
1296528
27351742
36799696
30962814
33305907
1718564
1224345
30977520
31947763
8410561
27062332
27967462
5406761
27925157
530143
11577541
1312582
32993520
36654419
418439
36146810
30672019
3858841
316350
48114
34909479
2326146
34321036
1259826
8395281
35550497
31818624
35481943
29790336
822008
1251399
3429361
30292427
310912
1604322
1276631
30803818
36318098
4937111
35376740
249132
1840568
24655228
1660111
1441869
36027762
33953573
31575218
141288
1681570
12197821
95180
1257678
36437426
790
35095077
1247034
31780851
36089423
36784525
27886034
15590595
35605257
12532471
34148866
1041538
29053008
16468306
15592393
806305
30477116
18913132
1381739
30006423
15583858
267599
7330061
1300856
736147
16601521
2783282
21367992
32565191
30064458
34416982
3406871
254313
2002508
32376515
337985
880710
32149365
729014
172566
454886
2057194
356912
31478552
1619550
16079848
2907954
16205294
11188021
30814711
36762829
2190572
3379281
35269860
102354
213292
10241871
1836090
242676
1030799
1821281
6442901
7806981
6264581
551521
36781880
27871383
34396919
2196430
1374245
6986761
30586230
32738550
385476
487215
373149
35269655
34584074
16213230
879494
15797962
1610857
817308
1695917
32536663
27335281
3098715
35834581
30510764
458997
30108989
390924
27249130
425190
13808151
36692576
34561206
36121942
10324231
36049958
2107470
310368
1940864
15839635
36195377
36776526
15996864
30468554
29154364
540446
16169876
27843652
29557231
1298334
27244159
21315
36013974
32573828
33897741
187756
31763733
15495611
16168296
1692690
12681801
33880149
36573533
35152570
1716002
2299492
29963880
16790698
33690920
4355571
29631843
9500511
23163521
27589879
297101
1847596
29783163
964637
34270736
32695661
489150
35226821
2029316
1706675
3460861
5742861
33565695
1124338
10141941
2709952
31077713
34856477
36585670
11809591
33945617
310165
9150241
29918830
30888881
30548747
6865751
16395058
32349131
34494244
1126892
30565901
34874562
1301533
14466541
30007691
30926260
36752310
2592802
830065
317057
2622454
2138112
32052199
36131546
30035069
1051730
204806
35083129
11188371
30470680
36200075
14910451
29233719
33080204
1294736
236068
1156417
35912758
35136371
20456914
277833
1922180
34598634
2302726
3851331
33477557
1363195
132056
35327400
950795
36574521
10120261
790731
7625381
32736181
14005901
1579038
584320
232353
32259939
2021770
30445535
34222550
36762078
3031596
1117022
1349101
36482426
1015284
32341099
14378181
36761353
32024633
33104869
10321711
31760940
7851051
2588102
36534988
32833896
946625
34389018
35868575
16170512
36574168
35676455
29598463
30598606
35701676
16795498
35821365
36760285
32816441
53216
219069
1906020
27687142
36404184
36213587
610984
31985691
31661642
4182271
32024217
31381297
29044116
881437
34306325
35172277
32387022
31353411
14377901
29056394
34211063
446889
36476922
14407231
27589270
332862
15718009
35297424
34248062
6502891
15556201
33222995
32854446
32190247
91066
36178413
96012
15817519
32185231
280924
356080
555518
29277553
36484394
36659701
35333127
35343817
4533201
15803166
34461310
609991
4255341
31917513
31294367
1306786
33535517
33119158
29589003
535309
2651942
34323278
29899928
27679414
35581430
30408782
31848616
34984371
2721990
1112708
31918801
34406830
12664961
1127355
191777
718071
33670432
31387407
262979
16606297
29618843
14331931
2829132
33513652
20373250
15659831
856287
6317141
17264020
1202211
1562962
32606992
372379
1080743
35392879
36298704
33273333
144453
1523063
214999
16060025
2152462
909569
15654495
15816945
33668532
4624411
126300
33638833
30603350
370911
35486646
27433921
31930341
20199352
16218297
34317415
32628524
27103804
1339387
32161096
16205806
23219853
29821968
29323526
15328071
10006871
33715246
34125624
32379681
34042846
325495
31564229
31471217
16092590
27356590
2961252
33288139
30699685
8913921
34931176
9289841
36522884
34881907
9632211
475864
34111873
496610
1481046
15695904
3096085
27183946
20312695
27129682
1164359
35936718
5044171
36555786
24609028
27645586
14633131
3107635
313141
1349843
36415629
32984575
35284839
3269542
15990867
31651113
904061
903018
27088222
16328062
31058513
31547038
3899631
15862074
31350064
10141841
307452
36198175
31209069
29049150
5966451
31821608
36583774
27892929
29551221
34782708
35841616
1165880
31234166
12151561
33774590
34061013
36411420
1747579
2530590
16373368
1832530
3033131
27415009
20416126
35051047
16049071
2862528
954628
32257909
1117475
11344851
36482028
975631
14944881
1361544
36525760
1206185
2818688
864262
3206573
1794077
814432
32306230
16253062
2458874
16235182
15963179
15624151
2570524
10388901
29897810
330962
730321
1041067
3123708
34333557
34296751
513193
31552255
2806264
36567720
32238231
3014848
36543182
15625266
1101788
1245109
5154081
1596591
977598
36658843
32561713
36719095
15787984
29148485
93248
774896
1628172
4551121
33712028
36151494
34614227
29884532
32160133
34349554
32626780
3140658
31607464
35453597
16230907
782533
32023184
52313
30876796
3289975
36040285
28040628
30901030
31233299
27059224
24037040
1499188
34602879
10805751
2798142
32665435
33821919
6829511
35569213
15781320
47640
4025901
20163223
36542944
2854614
16143705
34234586
33687591
32625326
34390150
33181911
23536054
31811855
2245218
1305319
615445
15629825
45230
20310952
15797561
6720231
16054127
4522981
31691811
23062501
20153095
34207987
167587
36531136
36465805
23964537
32692179
35103243
36637308
36638178
34997735
3047032
131468
34788263
29333654
16225235
450870
16369510
34854576
34472284
20246278
35526457
12545151
27257428
27970325
35130159
32542735
34599534
36165207
34154008
539692
6621691
35214082
15299631
896354
31509599
844785
1011821
30063280
227859
34932071
36702261
33755022
33326203
34093896
29517597
31034406
135165
2462992
434321
3103208
1138652
16086085
9965971
30118660
35973210
63946
1976590
36715320
385958
29062248
1487435
32344607
34075656
6214721
452355
43925
36713854
1686155
34388172
29896971
36180481
899813
8260961
31895410
42033
29593480
7828131
1797635
30584948
15800073
34688306
6537111
35884393
342262
27344248
33504965
2842398
30733303
34328206
1522896
15577966
36675191
31671962
15407291
36693787
2234260
35640635
32886089
4873581
2936984
35783683
33364266
253688
1739719
16338631
16206149
11670
35709792
27881114
29888466
25162422
30317077
29311587
6422591
36410741
32278025
36270052
35160557
30388049
29780374
1250848
874726
996539
29138692
30439539
15538164
31757306
34516476
33280203
1507414
32754475
6447741
29501332
36252149
15738986
956199
29524843
35034148
35402117
242813
1021190
503802
857558
3340841
32090868
1449130
30913798
29658256
30226434
106149
1097728
9498571
27873109
573243
4771651
24092599
32758931
3165523
29834706
1153944
35441909
573386
8253491
352990
3088732
1462323
197149
2591804
20272939
13996741
33865243
551542
192890
35226119
33024377
1398144
29304691
29501114
2785918
3213853
32946155
12176131
16295650
11258641
27403453
13959421
35496296
34305588
1573239
30084462
204536
14194161
988553
32554504
3166754
34589224
1434753
32094030
30477604
31418344
29012077
31115458
34662151
696776
1461293
50608
34936975
1572988
33551478
3491621
946578
396068
881021
16635817
322534
27926816
34668616
2977690
2028388
267648
1923794
33157588
15658937
919153
33072704
27139453
35787348
1780945
275127
32183540
739417
9277461
32121230
35566883
35034414
34397062
32299314
3081431
29526991
32378851
268637
3055743
34085080
1464543
14934891
32757276
15168431
3569811
35516148
15756177
14449321
1110320
34084520
262955
584380
2462972
35814896
36669672
905092
21335
25444690
11508841
33133846
30730199
31221711
33942075
7958071
32840141
93640
462940
1774953
33958436
35491893
16114679
2890414
14902061
218232
32513174
36011096
8282151
31512952
32525768
460766
35968725
4803181
233204
2022582
33740418
32567851
31043444
31437688
30220183
500126
2339528
24720734
33320711
27482509
12693151
33203311
741512
34078104
33015359
1013046
422836
34835915
10258171
16068579
32047791
15804850
856192
34325371
33430228
32424763
4030881
30902474
29029432
1220494
310033
2632766
1642496
34818342
29155689
20410096
29587431
36432575
353634
33454189
2550436
1657347
1757135
36207771
571983
16288024
306622
1468244
36671297
35675776
32306756
1007746
3204446
36378265
36060471
143486
27119470
30122332
27138025
11775681
123793
33063843
901560
183485
21317685
161920
36669935
27284941
10907941
32809507
32357432
10238631
33007578
36466578
2029918
1015295
957824
12285661
64135
83440
35975855
15600866
312725
35380093
25155050
543662
1426151
14871071
27380113
32569432
17962
3061475
764132
33754566
2890244
33756929
22242426
5921361
35798248
36423403
24470165
15693240
31718914
2296424
369986
24064841
16104208
27825175
2118332
2831816
33462460
29160937
31955030
352886
29316588
1171925
1582132
35208790
10188381
35683194
1516280
243344
29047508
27483856
30570557
29637163
29106658
1382639
2707254
27947179
2915252
34011566
32058505
11092161
29414451
16709533
2229452
711996
759839
32798
15828281
15774825
16115955
792062
32124678
252225
56181
1329182
35956465
35950803
27108412
1443223
27916531
9358531
16198106
170632
73306
29082263
121722
1236787
370435
33170600
1519916
147825
2374278
36660989
34056694
7685751
34984991
15752031
2881856
5848841
36208991
33106000
30851776
30501589
14833
35603149
3183343
2957284
27621592
7507931
31733549
32724775
32319784
30819070
361339
29640482
30491152
31584556
30903420
2331380
2981460
14798711
36659398
3057643
565238
32174075
20282809
3105319
487203
276141
36105039
15758936
1102115
36658535
27761767
10668171
386241
7154901
1468863
1223034
3081600
33859457
15555630
16044785
8836231
27880008
1458748
104607
1106966
2198512
27669598
32634702
30170907
168038
295776
31672985
31531437
310796
27410167
6221251
2545342
20539633
35876194
35827819
34465555
33999795
10899951
27437971
16150578
36165607
31882906
1134835
36637954
33266287
24602785
32468744
36655420
27882157
36655213
3288959
3033264
35983367
2931480
5118271
35763279
2175706
33811255
20193445
11265541
34521755
35561833
34972553
1630553
15683839
27936585
4993381
9090301
49343
16202956
746281
28174596
30671410
1061693
31248065
1507882
31978024
2696374
2572866
173554
1504007
2968688
15743657
34777481
6189471
1804523
629076
265807
30369656
3148786
20365261
33291701
969614
32610717
31549124
17987896
36208662
27060364
30054388
11757401
9043881
29878868
35893508
36650291
456957
35145571
9333001
16060412
1697345
20248459
35864759
7291641
720913
32531308
452442
32610708
4246691
10700561
29025894
35650744
14757411
36536033
344983
36120562
3085754
34957928
35299646
1249292
39663
33168807
35397891
9605301
35791948
30726603
32961177
1224349
29659327
29845179
35206325
32945835
35471685
29099225
29546835
32045327
24550013
32384368
34390594
15837069
118129
2283674
32844436
27965453
31762932
35284762
31904185
35505555
31220497
1990488
35969575
139253
27186370
1424931
2540084
16146772
30080201
36455144
1494100
34988903
24471549
35433107
1195626
1834008
3071062
35193915
29300
888685
25016445
11118001
16250713
15698246
32347541
13566561
32086468
34096171
429995
309205
32972159
29670537
6318731
16506025
31909387
