43947541
47846874
149574
29777439
36353300
47698924
44070277
30136276
47653099
47619495
31540271
40464318
336159
30229260
46554512
45521473
46025386
38453768
36748465
44599867
40168236
35887864
47427344
595215
38215952
32676884
1313728
47368273
47452605
16652077
36643797
38504120
46632286
47188647
14505171
37183393
36274227
3039342
885936
44220684
45760437
29931219
596167
42297858
33667720
34664661
16692985
34039531
40903138
36080478
833768
45235954
38538968
46773243
954639
44902260
46751093
35941718
16050617
45787273
29541566
2831258
46001613
44165505
514070
38012361
35586471
39688519
44412070
46429479
46314871
46102072
34176815
502799
13797691
34387564
35021150
11967091
36161663
16099995
36645695
33565098
44235508
44442114
37609810
32444603
38531018
37921378
33881883
5815311
35971388
37191019
36200075
42993963
42986642
41591751
42235052
39604976
43375342
43361976
42116343
32454918
34313704
41686889
37642160
41992318
40720638
34202335
34261097
42213000
42592435
37855813
16231491
34021836
997522
7708711
41905998
32854013
29534878
6796441
15706969
37850681
37871689
41645642
35158730
36879805
2450842
41763343
41477852
36400299
41804421
37061663
37054012
35531087
41730674
37545051
35497249
35322329
41613889
38170860
41250206
31367431
41347754
37721141
34268940
37234673
38800942
34191713
40865490
32949699
40245234
40328496
40824239
33263363
40775397
2630504
40724820
40280338
36776160
37296920
2050286
35580368
39919187
33471284
39826347
36838004
12148
33187551
35658308
169492
37076955
6490561
34099270
37873266
33811255
32522806
31985691
38962779
39066046
34903603
16432171
30161279
20172814
33618340
37580198
36991232
38669006
31009306
38659844
38594102
38640178
38594007
30444363
30101195
38421243
840597
36148068
38373140
36583105
3226353
36242782
38246013
6299361
34936371
3014848
32130725
347700
31313419
37885598
655533
37979149
38030041
38141504
672965
35978977
37516314
34854916
36719575
37991224
33152906
38061995
35313339
1314686
37665863
38025506
36742325
15596225
31068752
37150861
2811256
38017095
36696017
37993205
35310219
37956374
37989779
1625030
6906571
35356466
31448506
1877530
35582693
1688338
37262792
31209204
34692249
119376
36865090
31656728
559985
11798
37722812
36050
185778
37842780
37754873
37577427
37497189
37179178
36947667
36550364
36518018
36438002
36497144
