11798
12148
36050
44457
45602
119376
156983
169492
185778
193832
336159
347700
397571
426476
449520
456850
479000
495372
502799
514070
551158
559985
585962
595215
596167
618487
623719
655533
665464
672965
833768
840597
885936
896941
954639
997522
1083956
1146459
1183427
1313728
1314686
1371200
1373119
1532164
1625030
1637370
1644511
1651103
1670812
1688338
1697025
1877530
1975098
2050286
2374406
2450842
2630504
2683560
2756024
2775702
2811256
2831258
2966200
2966312
3014848
3023075
3039342
3054263
3079471
3130255
3226353
3711431
3895931
4144311
5815311
6299361
6490561
6796441
6906571
7708711
8303591
8494841
8820481
9502371
11967091
13797691
14505171
15301341
15596225
15670109
15706969
15767661
16050617
16099995
16231491
16432171
16652077
16663477
16692985
16802716
20172814
20507821
20510611
27706723
29534878
29541566
29563824
29630630
29785505
29931219
30101195
30161279
30229260
30333325
30339834
30389327
30444363
31009306
31068752
31140147
31209204
31313419
31367431
31448506
31656728
31883624
31985691
32130725
32444603
32454918
32522806
32548979
32560303
32676884
32694829
32818503
32854013
32897312
32949699
33152906
33187551
33263363
33471284
33503433
33565098
33603668
33618340
33647403
33667720
33811255
33881883
34021836
34038461
34039531
34099270
34176815
34191713
34202335
34261097
34268940
34313704
34387564
34460855
34662903
34664661
34692249
34699809
34804853
34854916
34892833
34903603
34936371
35021150
35158730
35162854
35232025
35310219
35313339
35322329
35356466
35497249
35531087
35580368
35582693
35586471
35658308
35887864
35900543
35941718
35971388
35978977
36080478
36148068
36161663
36200075
36242782
36274227
36292587
36400299
36438002
36458058
36497144
36518018
36550364
36583105
36643797
36645695
36696017
36719575
36742325
36748465
36776160
36838004
36865090
36879805
36947667
36991232
37054012
37061663
37076955
37096030
37150861
37162530
37179178
37183393
37185337
37191019
37234673
37262792
37296920
37497189
37516314
37545051
37577427
37580198
37609810
37642160
37665863
37721141
37722812
37754873
37842780
37850681
37855813
37871689
37873266
37877983
37885598
37921378
37956374
37979149
37989779
37991224
37993205
38012361
38017095
38025506
38026750
38030041
38061995
38141504
38170860
38215952
38246013
38373140
38421243
38453768
38504120
38531018
38538968
38594007
38594102
38640178
38659844
38669006
38800942
38962779
39066046
39604976
39688519
39826347
39919187
40168236
40245234
40280338
40328496
40720638
40724820
40749111
40775397
40824239
40865490
40903138
41250206
41347754
41477852
41591751
41613889
41645642
41686889
41730674
41763343
41804421
41905998
41992318
42116343
42213000
42235052
42297858
42592435
42986642
42993963
43361976
43375342
43724496
44165505
44220684
44235508
44412070
44442114
44599867
44902260
45235954
45521473
45760437
45787273
46001613
46025386
46102072
46314871
46429479
46554512
46632286
46751093
46773243
47188647
47368273
47427344
47452605
