47997114
952584
36413583
46226352
40678592
47176019
31781162
47628530
37750044
30229260
44070277
35703455
34439726
47496356
37183393
32653535
46025386
30430820
44599867
38215952
47378292
47349661
38087037
47188647
45384104
43376737
32041576
20163223
13825821
38504120
33667720
29931219
33548178
43184223
35959134
34664661
33012343
40903138
16692985
37350815
596167
39645605
36080478
41856164
833768
46212896
31759977
31140147
45818068
46001613
16050617
36342408
954639
45830718
42297858
40344160
45521473
43712100
46315435
1470788
16575364
44451964
33052341
588088
37425820
480783
34651665
36783488
2864498
1564659
15231521
41852820
33738390
42586385
43885995
32444603
38095687
34595388
32775926
29638879
35586471
13797691
37282818
42584673
34176815
36682596
33292729
36058595
36964504
32747470
31525614
45158155
289548
44225465
31773402
44823978
41791843
37609810
44007420
33650487
44565240
38181860
36149962
36808298
32390084
33829013
33455400
41961537
42993963
44051755
44049254
43361976
44032142
39480855
44011250
44010901
31766278
5815311
37754298
6796441
32244163
43335752
43335633
43335530
33152906
38285285
40982320
4255031
37111569
32182070
39969276
42726156
3055894
1460367
42736285
42736166
37871976
42607304
42606890
42606335
42592435
37855813
42480604
36180558
42413569
997522
42292927
37045120
37871689
37098117
37850681
36879805
41645642
37815761
37619643
32999111
34021836
31974640
33015800
41763343
41062588
38894593
27433246
29131195
1310439
41420682
885936
37545051
39683755
33596879
27057838
35497249
37234673
33618340
41243870
20314600
31367431
34191713
38800942
40865490
32949699
40128249
1634403
36625764
11229861
40328496
34202335
36809558
1255710
15671315
35322329
1584313
40280338
36991232
34268940
37296920
40596747
40593603
38594007
2630504
40157713
40398270
36331681
31677098
20172814
38622085
38866331
3168506
33471284
2723410
35356466
14317671
1877530
135120
5658921
15596225
2815434
1942238
35575209
34276158
2050286
35848169
11798
38823095
34286584
35580368
33811255
559985
36050
40128693
40128662
40128631
40128551
40128522
40128443
40128386
40128311
40128185
40128108
39299661
39939538
38388746
39939313
38389134
39722519
39722549
38909493
38550518
38388231
38476142
38430655
38387973
38388447
38210845
34775697
36261343
35745766
