35704433
16073157
46442278
37078428
46058368
44165505
40818502
975165
37962279
37054485
24980431
32602742
46635654
47940543
46576248
46140584
44803077
46592628
35793405
47177102
40574364
43158835
43236174
1251955
44285347
38413069
46989502
7128081
37124606
46689782
47491543
46208381
46185226
35951610
47854978
47846874
34295100
37257065
2491948
47799520
44412070
42027587
30161279
46898611
35322329
47752079
47777095
6647601
47734735
30136276
24655228
36353300
29027196
350046
44519246
14505171
47523972
37835801
44070277
43762390
1642310
47651430
979013
47613114
47360336
41350753
39140353
37191019
34268940
44474780
30229260
3020399
1430045
47427344
37054012
46659603
29650066
869561
47527882
39139537
37391952
34134004
336159
47349661
33375253
47508682
36421773
2560106
41632851
1701337
31448506
47473590
1313728
40202215
256652
34149952
46272525
26105
44599867
46001613
787957
833768
36058595
37422961
47351895
36643797
41856164
2707220
47131837
35848891
37061663
36677803
38215952
38209265
40328496
47179247
34656089
28094275
13797691
20172814
45692230
42297858
47223195
47188647
16652077
45023377
28137
45002913
789336
35555374
35008493
514070
41871077
1877530
1200306
2238228
885936
35949017
16692985
15623990
30283038
119376
44235508
36274227
46323667
38504120
6299361
735157
47004168
36660866
29931219
30664623
15596225
35356466
46132779
9035721
11798
34664661
31049200
350737
47022912
36050
36080478
37183393
40903138
31660678
596167
13999431
46487027
33012343
559985
35586471
33298365
38535689
45195136
38254966
13825821
39623249
37204315
