1922088
30692628
37962279
36413583
47176019
30348316
36722479
44070277
44599867
37124606
1313728
38215952
14505171
47134088
30430820
6499981
43376737
37590878
37183393
33285919
45525248
47141319
2864498
41359295
36270805
21915986
33667720
32685060
16692985
34664661
38273490
40388727
33012343
40903138
46012061
596167
29931219
45227760
15988020
29266950
571983
46795141
42297858
833768
38504120
30310007
44165505
45787273
9134
45392282
46750391
45818068
33597645
40168236
39969276
42089141
2831258
954639
14522191
514070
29027196
46006290
44782872
39688519
44412070
46315435
35024888
43712100
40755081
35532108
46046013
46025386
42734274
44459233
44511210
45521473
45760437
43383305
34651665
34595388
42468526
42586385
39573295
29638879
45362797
33455400
36660866
35586471
36092519
13797691
41856164
34176815
35021150
20390872
44114714
34271915
44902124
32390565
16099995
34297224
42056861
44125296
37313925
33565098
44081214
44442114
38095687
33052341
37609810
2566714
33015800
36149962
44229132
32444603
31766278
30696473
44203347
34741193
44007420
42527675
2145458
38099266
37921378
31654607
43916019
20201428
5815311
41591751
42993963
42986642
28137
41441868
4255031
34257005
32182070
42726156
37672932
34261097
42592435
37098117
35759892
37850681
37871689
37071754
36722553
41645642
34021836
41905998
37061663
29753096
34933950
35497249
41398626
41399161
15596225
41250206
36753181
35658308
35793405
40398397
32922471
38694663
31209204
552575
885936
514018
1724565
35887344
1239972
16027022
3025749
40328496
37758988
37054012
30991006
35322329
354956
642091
33520429
36093463
31421106
2050286
40157784
33471284
39610258
37076955
39826347
34099270
38858875
36409309
39525009
6490561
33292729
36865090
36838004
33811255
37873266
38962779
16432171
30161279
1652679
38594007
36991232
20172814
27139687
38640178
33596879
37930916
35297357
38421243
38594102
34934984
31120081
27884465
36253880
30007773
30101195
38059708
511876
36583105
33718067
36242782
37885598
35455309
6299361
38246013
37979101
13825351
34936371
3014848
32130725
35376078
37041530
38141504
3109509
31313419
31623338
38121509
36625764
672965
35978977
37516314
35864759
34854916
16089037
36719575
169492
33152906
1043127
347700
38061995
38042215
37665863
20150803
11798
38025506
36050
35356466
37150861
2811256
38017095
559985
36696017
1877530
22696320
308564
31328625
