11798
36050
193832
336159
350737
441195
514070
559985
596167
789336
833768
885936
954639
975165
1200306
1430045
1458875
1619907
1634403
1877530
2864498
3032431
6299361
12711881
13797691
15596225
15724439
16050617
16174613
16652077
16692985
20172814
27527854
27797317
28094275
29638879
29650066
29931219
30136276
30161279
30229260
30283038
30664623
31084605
31141871
31394077
31525614
31540271
31641561
31660678
31923832
32041576
32382636
32685060
33012343
33052341
33103665
33298365
33421450
33667720
34161633
34161684
34176815
34306039
34656089
34664661
34867581
34884676
35008493
35134005
35356466
35580368
35586471
35793405
35951610
36040285
36058595
36120900
36559649
36575960
36660866
36685101
37054012
37058141
37061663
37165368
37177606
37183393
37350815
37361325
37730015
37750044
37788492
37883158
37941413
37951232
38095687
38215952
38453768
38504120
38535689
38594007
39007267
39645605
39672592
39688519
39886727
40101476
40168236
40259456
40574364
40818502
40903138
41117017
41414286
41856164
41871077
42039336
42149085
42162600
42168267
42200942
42212834
42297858
42405041
42584673
42970899
43060808
43184223
43327965
43376737
43398864
43686943
43791882
43864118
44002493
44023044
44030022
44070277
44077883
44136357
44161902
44165505
44199933
44199964
44200130
44200395
44201193
44202986
44203476
44204456
44204874
44206704
44233189
44235527
44236368
44284849
44414834
44480983
44511636
44536810
44545745
44599867
44655605
44695897
44726333
44757610
44851715
45023377
45132026
45176306
45184976
45303065
45751041
45830718
46001613
46006290
46025386
46132779
46153013
46186765
46213120
46216789
46219823
46226352
46245893
46315435
46425603
46437645
46554512
46659603
46677763
47022912
47052924
47061281
47188647
47389416
47594135
47643906
47857021
47925338
