9134
11798
28137
36050
119376
175863
193832
228748
289548
311546
336159
347700
351192
368046
440114
549368
559985
585962
596167
597881
655533
672965
771064
833768
842663
885936
954639
997522
1029377
1167248
1171095
1313728
1314686
1335045
1350436
1458875
1460367
1470788
1478550
1610948
1634403
1683427
1820663
1873720
1877530
1910430
2050286
2215016
2238228
2418850
2567778
2574908
2630504
2756024
2785044
2811256
2815594
3014848
3168506
3235457
4064611
4098391
4132931
5815311
6486991
6490561
6796441
6906571
8620191
9328951
11967091
12128141
13797691
13825821
13999431
14505171
14938371
14962591
15231521
15596225
15623990
15689438
15729279
15738598
15797480
16030160
16050617
16060886
16099995
16652077
16692985
16764574
20172814
20347216
20390872
27122866
27799810
27896356
27966128
28094275
29071738
29534878
29596609
29616322
29638879
29663232
29931219
29956289
30004405
30101195
30283038
30444363
30567215
31009306
31140147
31225367
31313419
31421106
31525614
31623338
31641561
31649667
31656728
31759977
31766278
31789456
31797942
31955431
31988181
32133313
32183085
32288681
32390084
32406594
32444603
32522806
32561562
32747296
32775926
32948623
32999111
33012343
33015800
33052341
33108783
33132170
33152906
33156596
33182533
33194995
33292729
33298365
33461345
33471284
33493428
33565098
33580409
33596879
33667720
33741778
33860932
34021836
34176815
34261097
34268940
34281074
34288861
34306039
34385049
34460855
34535980
34562915
34664661
34725190
34768668
34844519
34854916
34884676
34886224
34905277
34934984
34936371
35008493
35024888
35182649
35292835
35300210
35310219
35322329
35356466
35388257
35497249
35520100
35561457
35566901
35580368
35586471
35652243
35658308
35727758
35949017
35956760
35976020
36080478
36092519
36093463
36292045
36299528
36386163
36413583
36503942
36509586
36517895
36555786
36556814
36559919
36583105
36654419
36660866
36663285
36696017
36719575
36742325
36753181
36793121
36808298
36865090
36886397
36957144
36990448
36991232
37005980
37045120
37076955
37098117
37104031
37108085
37150861
37183393
37199454
37212632
37221599
37234673
37297552
37299366
37313925
37321660
37328700
37382557
37425820
37426813
37501878
37504093
37513847
37513937
37580198
37590878
37609810
37624508
37626759
37631066
37631762
37684601
37701161
37708039
37722812
37725674
37754298
37779628
37794049
37794168
37804293
37804630
37815761
37836622
37847929
37850681
37873266
37910913
37928042
37946689
37962948
37987387
37991224
37992647
38017095
38018690
38025506
38034973
38061995
38095687
38141504
38170035
38204030
38246013
38252875
38285285
38421243
38504120
38579246
38594007
38622085
38631141
38640178
38650659
38669006
38862178
38894847
38962779
38987674
39007267
39206715
39404138
39480855
39666126
39688519
39692938
39826347
39892986
39931678
40304817
40328496
40344160
40421756
40479611
40498342
40678592
40735688
40755081
40818502
40841626
40903138
41170699
41399161
41766606
41855403
41856164
41933350
42056861
42173059
42213000
42218055
42235052
42279793
42297858
42447539
42581711
42586385
42592435
42698273
42734274
43021651
43104337
43184223
43383305
43686943
43712100
43734740
43740077
43956145
44070277
44114714
44165505
44442114
44459233
44729966
44838960
44909512
44978239
45184976
45274605
45303065
45316965
45391268
45450183
45472699
45521473
45760437
45787273
45800673
45818068
45830718
45984961
46001613
46006290
46025386
46046013
46213120
46219823
46258510
46258807
46314871
46315435
46487027
46554512
46750391
46889236
47349661
