11798
36050
60838
69350
74778
169492
184848
191777
221748
253305
311546
339378
522830
540439
549368
559985
565791
590798
596167
672965
789336
790656
808613
827722
937098
997522
1146169
1317821
1357077
1388397
1452188
1460367
1476238
1497635
1541435
1625030
1634403
1648582
1877530
1892260
1895100
1898930
1993354
2050286
2268970
2351330
2630504
2815434
2951048
3226353
4416791
4568851
5331841
6325261
6490561
6796441
7011261
9006571
12128141
15596225
15716840
15816217
16037566
16733167
20172814
20347216
27139687
27884465
27889049
29786748
30007773
30161279
30314130
30369218
30444363
30872897
31009306
31030722
31120081
31367431
31394077
31421106
31623338
32182070
32488276
32625132
32698748
32718041
33042583
33046106
33052341
33108783
33150806
33187551
33194995
33292729
33432979
33455400
33471284
33565098
33580409
33596879
33774277
33811255
34099270
34202335
34218848
34261097
34268940
34460855
34466402
34580834
34725190
34886224
34934984
35322329
35356466
35376078
35497249
35580368
35640554
35652721
35727758
35781052
35997913
36040285
36148068
36180558
36200075
36295327
36299528
36304422
36342850
36378265
36402740
36409309
36466578
36645695
36655420
36753181
36838004
36865090
36879805
36900474
36957144
36964020
36973080
36991232
37047324
37055960
37076955
37096030
37140982
37149222
37198383
37282818
37289646
37375460
37454314
37501878
37609810
37619643
37620755
37623667
37631762
37636558
37642160
37701161
37715574
37721141
37722812
37732130
37752509
37779168
37780005
37836622
37850681
37855813
37873266
37880999
37917082
37969974
38031069
38052802
38053993
38061995
38141504
38182077
38204030
38233811
38246013
38353535
38421243
38499804
38566645
38590644
38594007
38631141
38640178
38669006
38732564
38862178
38870132
38954467
38962779
38987674
39041561
39109611
39144301
39162092
39164742
39241770
39442196
39489443
39683755
39826347
39912827
39916407
39931678
39969276
39979054
40245234
40284234
40328496
40818628
40849940
41170699
41250206
41328521
41412995
41441868
41477852
41992177
42181381
42235052
42306929
42476635
42592435
42960142
43566415
43680292
44442114
44709768
