975165
27175597
16073157
38505010
46473934
30692628
47177102
46345088
47999744
47995217
43947541
47857021
33894301
35300210
37962279
47941790
47663542
47930026
47389416
36413583
46328525
46328326
41283546
35951610
47846874
31394077
40678592
47176019
31781162
37191019
44298062
45437577
5292291
30205043
42027587
41867272
1430045
30348316
37750044
46301843
39672592
30229260
47569242
40755081
45521473
44070277
47427344
46659603
47527882
9361461
6002901
35703455
47411493
34134004
336159
37422961
30161279
484918
37251405
45391268
34439726
32561562
47496356
36775060
47478439
47484822
47468131
1701337
35949017
32653535
44002156
46025386
44599867
44888708
36020360
37183393
1313728
45223202
256652
14505171
47417343
30430820
38032583
47428088
30136276
885936
46908782
47349661
38087037
46487027
37220460
47188647
45384104
3039342
30283038
32041576
38215952
43376737
3020399
47223195
13825821
15596225
45002913
35393605
1140447
29931219
45525248
36677803
16652077
2864498
42297858
33667720
33012343
34664661
40903138
596167
46964809
26105
34935669
16692985
41852820
833768
8431361
46001613
38504120
316755
45830718
34288861
46755081
44513121
31641561
5416941
39645605
325495
34656089
44165505
46734922
45800673
36793129
2831258
38538968
41928997
46692857
35867886
46219823
46627340
36167527
46622536
46611537
46140584
514070
46507888
44412070
46476068
42811248
40344160
45303065
46425603
954639
38579246
43712100
37321660
42162600
347700
40818502
42405041
33132170
33741778
42581711
46091660
16030160
35182649
40479611
46034804
2450842
36887514
41018492
43734740
588088
43383305
33117158
43853811
4132931
41023720
42880064
45898819
45896058
45856997
970814
2050286
45108257
45833782
45820839
45810375
45794456
36614161
45780702
42586385
32638739
45688392
45643839
45522361
20478610
45593089
45578492
45564429
41856164
39479048
37058800
41689901
37928042
45474068
33740996
34176815
45457226
33430228
31869643
43887655
2574908
45406038
29638879
13797691
38391762
42584673
34856429
34387564
45286316
35021150
33292729
45297853
35561457
44838960
45267657
35757014
40304817
34093276
2238228
45231008
32747470
45180563
32410289
42213061
15231521
33779141
36589521
35586471
40328496
39255036
43021651
2785044
36058595
42698273
45032157
41846285
289548
41819191
37758960
36663285
43686943
35192754
36538189
2365508
771064
31988181
14046131
34844519
40759835
36660866
11967091
37292467
3140811
30664623
39498303
33359260
15583108
33461345
37413241
34271915
35787021
6604351
31525614
33726771
36466227
37043833
37096030
34297224
11229861
42200942
44331410
41170699
42056861
36161663
43869336
38181860
42913775
33650487
44442114
15623990
36808298
28137
40498342
36149962
33565098
36313076
415037
29038023
38894847
3118740
38099266
1331011
33580409
38547419
44081214
38095687
33052341
29015921
29291258
36386163
15420311
43504288
44368720
3931101
37937240
37937293
34315187
37609810
1737201
2566714
35322329
38708605
41946144
31513049
37592484
13999431
698395
34243702
1200306
32390084
2145458
39480855
15542713
43420491
35520100
38012361
44022426
44229132
36233947
43334118
34313704
32444603
34268940
43855044
119376
44097297
44007420
35356466
44114714
36863105
37313925
33455400
38067335
480783
30369218
43612058
44154564
37282818
1877530
1634403
37054012
37061663
40648907
15671315
33015800
31172140
39324081
41303431
38594007
35580368
35971388
20172814
37921378
31448506
41711478
43956145
36605420
40284234
38034973
11798
350737
6299361
33721921
34829884
43060808
35008493
41591751
559985
36050
20342908
38564916
359395
43905138
31654607
38531018
1589279
1386022
1051286
38611319
2151646
37165220
16050617
35074587
757599
41892042
1335045
15706969
33820495
