4
10
11
12
13
14
15
16
17
18
19
20
21
22
23
24
25
26
27
28
29
30
31
32
33
34
35
36
37
38
39
40
41
42
43
44
45
46
47
48
49
50
51
52
53
54
55
57
58
59
60
61
62
63
65
66
67
68
69
70
71
72
73
74
75
76
77
85
89
90
93
94
96
97
99
105
106
107
108
111
112
114
124
125
136
138
141
154
156
159
162
163
164
165
169
171
179
191
193
199
206
207
212
217
220
238
253
260
262
267
270
272
287
294
297
298
300
307
315
316
317
345
346
347
349
358
366
368
377
378
389
390
396
397
404
405
406
417
421
423
431
439
443
445
449
459
465
466
467
470
471
481
508
515
526
537
540
549
550
553
556
557
559
564
569
570
571
572
581
591
595
601
610
611
619
627
635
668
674
686
688
692
698
699
706
737
738
742
743
769
773
776
777
779
787
790
791
799
803
810
811
817
820
823
824
827
832
852
854
864
870
872
877
885
886
894
897
905
906
910
912
915
916
920
927
929
931
940
941
947
964
965
975
984
992
996
999
1002
1004
1009
1011
1020
1028
1029
1048
1049
1057
1059
1063
1067
1074
1075
1082
1085
1094
1096
1103
1111
1121
1125
1137
1140
1151
1157
1161
1163
1170
1176
1180
1182
1186
1198
1204
1208
1220
1230
1234
1258
1260
1262
1266
1270
1277
1292
1306
1309
1318
1319
1331
1341
1345
1348
1358
1359
1360
1366
1372
1373
1374
1380
1387
1396
1399
1405
1406
1415
1417
1422
1503
1548
1564
1572
1576
1584
1608
1634
1668
1700
1721
1726
1731
1775
1783
1884
1932
1957
1992
1994
1997
2010
2094
2125
2134
2142
2149
2157
2250
2385
2390
2392
2472
2530
2590
2601
2646
2686
2749
2770
2789
2795
2806
2833
2844
2864
3061
3074
3103
3108
3146
3200
3255
3263
3286
3288
3452
3483
3517
3583
3643
3669
3672
3867
3919
3971
3991
4007
4385
4388
4406
4556
4557
4855
4862
4944
5003
5042
5054
5064
5077
5216
5288
5349
5396
5411
5425
5486
5654
5657
5793
5807
5823
5824
5829
5844
5968
6031
6033
6036
6039
6062
6086
6141
6158
6165
6214
6221
6262
6289
6312
6392
6403
6428
6505
6507
6511
6530
6541
6556
6588
6622
6640
6679
6686
6689
6706
6719
6735
6781
6794
6796
6840
6847
6857
6859
6861
6862
6910
6922
6928
6951
7012
7028
7033
7064
7075
7078
7087
7116
7159
7182
7185
7362
7364
7372
7375
7383
7385
7425
7485
7497
7522
7627
7700
7701
7711
7760
7820
7832
7852
7877
7888
7913
7918
7932
7933
7935
8006
8015
8061
8068
8077
8121
8135
8161
8166
8177
8222
8241
8242
8252
8267
8326
8412
8433
8438
8454
8519
8533
8616
8626
8648
8684
8740
8838
8852
8877
8885
8924
8957
8960
9006
9026
9082
9134
9240
9243
9267
9279
9328
9384
9403
9422
9497
9522
9589
9595
9608
9611
9620
9636
9637
9657
9701
9702
9717
9730
9750
9763
9785
9792
9794
9828
9857
9875
9878
9891
9924
9927
9939
9942
9961
10000
10004
10073
10074
10081
10094
10140
10151
10202
10211
10236
10271
10307
10334
10353
10370
10377
10397
10466
10469
10483
10487
10493
10500
10520
10523
10545
10620
10635
10636
10638
10701
10718
10720
10737
10789
10828
10881
10911
10912
10915
10956
10976
10992
11029
11030
11064
11065
11079
11096
11101
11128
11161
11191
11220
11256
11259
11264
11271
11276
11295
11301
11320
11341
11348
11422
11423
11439
11440
11444
11455
11474
11480
11488
11515
11538
11560
11564
11579
11584
11600
11604
11606
11616
11641
11648
11670
11780
11798
11799
11822
11829
11830
11831
11834
11838
11849
11876
11885
11886
11898
11905
11925
11933
11949
11977
11999
12008
12097
12100
12127
12148
12176
12198
12205
12213
12287
12307
12337
12401
12410
12417
12424
12445
12485
12521
12554
12574
12590
12605
12660
12693
12729
12800
12802
12825
12831
12851
12880
12912
12915
12919
12924
12991
13054
13055
13057
13083
13085
13100
13128
13161
13164
13166
13204
13219
13236
13238
13255
13272
13283
13291
13297
13334
13335
13359
13362
13401
13404
13414
13440
13446
13450
13454
13469
13476
13481
13486
13494
13513
13519
13524
13535
13540
13552
13568
13570
13581
13603
13633
13641
13700
13708
13744
13756
13768
13779
13788
13792
13797
13817
13821
13849
13874
13877
13903
13915
13924
13941
13956
13979
14037
14064
14111
14115
14118
14190
14234
14274
14279
14298
14299
14313
14335
14357
14377
14378
14379
14416
14430
14436
14507
14509
14514
14524
14528
14535
14537
14540
14577
14610
14613
14615
14641
14650
14661
14709
14731
14747
14769
14785
14797
14815
14833
14903
14976
14991
15011
15033
15068
15076
15307
15376
15382
15390
15403
15414
15415
15418
15423
15450
15487
15500
15509
15520
15525
15537
15542
15555
15563
15571
15658
15666
15684
15695
15704
15744
15748
15754
15758
15759
15760
15772
15791
15794
15818
15836
15860
15877
15901
15930
16006
16069
16079
16080
16102
16128
16153
16185
16214
16229
16239
16291
16297
16307
16314
16341
16352
16426
16437
16448
16496
16509
16585
16589
16610
16623
16647
16687
16761
16768
16792
16811
16823
16841
16858
16863
16867
16892
16898
16928
16938
16945
16975
16978
16996
17014
17038
17069
17102
17223
17246
17247
17276
17297
17312
17321
17341
17365
17377
17389
17446
17504
17583
17599
17627
17632
17646
17647
17651
17668
17672
17678
17700
17735
17770
17776
17783
17790
17797
17833
17875
17879
17890
17896
17916
17920
17921
17924
17937
17945
17962
17976
18067
18089
18128
18153
18206
18288
18303
18305
18322
18326
18343
18442
18443
18470
18501
18532
18535
18617
18635
18640
18641
18653
18690
18698
18776
18820
18896
18910
18921
18960
18978
19006
19011
19013
19021
19022
19023
19029
19065
19107
19111
19130
19154
19168
19186
19196
19201
19257
19296
19412
19456
19994
20662
20732
21272
21335
21372
21672
21901
22800
23103
23139
23148
23455
24450
24731
24960
24978
25052
25342
25872
25916
26105
26361
26625
26901
26971
27413
27873
28137
28668
28999
29089
29300
29420
29545
29844
30356
30616
31254
31364
31744
32253
32299
32560
32595
32664
32824
33387
33449
33955
34126
34530
34844
35107
35496
35709
36045
36050
36222
36393
36397
36757
36859
37057
37096
37250
37851
38155
38440
38499
38566
39360
39494
39663
39743
39813
40189
40400
40585
40703
41773
42033
42102
42280
42430
42819
42931
43043
43073
43176
43877
43925
44095
44218
44458
44603
44912
45026
45147
45230
46054
47244
47329
48114
48302
48471
48489
48746
48909
48946
49069
49101
49343
49593
49600
49623
49944
50227
50293
50422
50497
50599
50608
50624
50802
50974
51195
51600
51607
52313
53111
53132
53216
53423
54164
54202
54213
54408
54442
54503
54588
54691
55163
55478
56181
56409
56798
57166
57429
57454
57505
57645
57741
57894
58007
58238
58737
58784
59111
59277
59414
60596
60640
60734
61047
61339
61903
62523
62928
63148
63378
63521
63753
63856
63959
64016
64135
64221
64256
64406
64689
65004
65555
66366
66665
66849
67117
67386
68006
68262
68277
68806
70040
70070
70477
71265
71334
71956
72003
72064
72082
72256
73047
73744
74889
74955
75103
75898
76044
76077
76099
76121
76161
76245
76773
76934
77422
77493
77617
77864
77900
78182
78422
79724
80717
80994
81064
81685
81789
81819
82202
82898
83166
83284
83375
83440
83777
84236
84336
84822
85307
85536
85599
86038
86171
86715
86720
86985
88202
88206
88824
89143
89295
89866
89889
90057
90472
90796
91066
91589
91670
92181
92863
93248
93640
93686
93889
94395
94563
95180
95476
95485
95502
96012
96035
96743
97194
97669
97997
98184
98202
98317
98379
98548
99409
99661
101070
101634
102083
102108
102326
102354
102527
102650
102652
102859
103834
104251
104607
105396
105841
106382
107218
108048
108069
108478
108659
108671
108944
109008
109041
109049
109282
109567
109672
109972
110046
110197
110267
110561
111979
112155
112267
112629
113003
113238
113381
113506
113863
113897
113973
114067
114164
115332
115345
115791
115794
115914
115986
117520
117563
118129
118143
118713
119264
119376
119843
120104
120350
120522
120771
120988
121063
121141
121285
121392
121722
121936
122012
122162
122197
122264
122462
122806
123022
123793
124187
124222
124519
124786
124821
124891
125242
125576
125687
125889
126300
126356
126670
127079
127211
127610
127793
128215
128440
128606
128693
128794
128988
129131
129199
129391
129467
129644
129764
129812
129941
130444
130514
131501
131619
131925
131951
132010
132013
132137
132254
132263
132439
132527
132890
133845
134305
134413
134423
135120
135165
135635
135716
135862
136093
136170
136366
136639
136657
136741
136971
137699
137796
138169
138510
138553
139253
139494
139524
139673
139709
139713
140075
140644
140734
141288
141366
141373
141491
141609
141745
141747
141919
142224
142716
142862
142869
142996
143381
143410
143486
143570
143639
144055
144419
144453
144630
144735
144853
145144
145400
145480
145546
145769
145917
145945
147072
147825
147854
148449
149247
149574
149807
150479
150507
150792
151343
151503
151683
151718
151747
151911
151967
152025
152280
153044
153160
153215
153989
154501
155514
155881
156376
156736
156958
157020
157250
157312
157357
158470
158654
158910
158963
159073
159240
160161
161326
161468
161493
161646
161920
162548
162897
163003
163171
163223
163232
163421
163873
163929
163930
164577
165191
165241
165571
165933
166137
166653
166915
167587
167705
167791
168038
168233
168310
169211
169492
170354
170632
170705
170816
171129
171234
171342
171433
172471
172566
172609
172800
173274
173389
173554
173675
173684
173973
174094
174143
174369
174432
174524
175768
175775
175863
177030
177483
177601
178185
178291
179019
179202
179349
179499
179609
179614
180049
180098
180604
180615
181052
181072
181279
181600
181802
181815
182065
182881
182908
182951
182967
183485
183787
184038
184065
185739
185929
185979
186718
186927
187145
187497
187552
188058
188532
188606
188645
188680
189442
189757
189937
190470
190894
190954
191158
191777
192311
192320
192666
192876
192890
193253
193749
193769
193832
193843
193858
194365
195104
196208
196537
196989
197280
197648
198203
198228
198501
198732
199193
199440
200330
200690
200778
201179
201246
201632
201950
202810
203163
203473
204503
204536
204806
204906
205101
205195
205398
205519
206333
206391
206886
206930
207193
207260
207490
207513
207534
207637
207796
208238
208430
208753
208793
208828
209357
210233
210406
210649
210802
210824
210930
211034
211170
211399
211677
212199
212384
212416
212494
213156
213246
213251
213727
214416
214874
214999
215257
215587
215955
216144
216531
216588
217019
217047
217179
218184
218373
218428
218440
218575
219069
219308
219392
219500
220263
220670
220740
221138
221736
221748
222023
223069
223733
223740
224460
224686
225989
226128
226189
226412
226846
227510
227767
227988
228216
228748
228867
229746
230664
230737
231496
231510
231535
232353
232586
232634
232727
233341
233430
233512
233757
234023
234231
234297
234439
234910
235400
235644
235720
236027
236068
236575
236628
237116
237127
237161
237544
237718
238224
239157
239183
239316
239375
239883
239920
239964
240316
241777
241829
242039
242076
242130
242676
243019
243154
243251
243290
244129
244203
244520
244897
245154
245725
245810
246282
246419
247118
247249
247516
248577
248885
248945
249132
249762
249879
250055
250170
250451
251182
251217
251442
251548
251766
251845
251864
252225
252305
253229
253305
253688
253940
254313
255382
255620
256048
256247
256401
257032
257292
257466
257931
258953
259587
260048
260812
260869
261370
261840
262103
262242
262480
262683
262767
262955
262963
262979
263917
264199
264218
264337
264721
264777
265732
266651
267599
267811
268274
268637
269033
269061
269343
269474
269560
269592
270362
270506
270672
270968
270988
271112
271683
271684
271698
272355
273217
273422
273579
273672
273737
275127
275428
275831
276141
276167
276343
276457
276509
276917
277351
277418
277670
277833
277957
278193
278221
278840
279202
279576
279882
279922
279935
280028
280475
280479
280924
281074
281466
282520
282534
283487
283565
283592
284018
285078
285680
285875
285990
286780
287371
287496
287534
287589
287604
288258
288405
288567
288983
289270
289274
289548
289554
289615
289715
290005
290130
290140
290563
290700
290943
291470
291811
291867
292091
292265
292417
292686
292996
293139
293374
293737
294018
294210
294396
295196
296485
296576
296750
296816
297101
297460
298984
299563
299696
299776
301013
301225
301293
301389
301491
301506
302123
302410
302477
302644
302774
303026
303456
303484
303524
303699
303799
303953
304288
304341
304713
304985
305240
305472
305653
305838
305870
306165
306225
306442
306622
306722
306857
306934
306977
307074
307452
307850
307943
308138
308176
308206
308564
308753
308816
308822
308903
308976
309048
309205
309398
309864
309946
310033
310038
310165
310183
310368
310577
310796
310843
310912
311100
311214
311505
311546
311616
311770
312034
312471
312624
312642
312725
313096
313218
313301
313488
313667
314293
314317
314426
314622
314636
315089
315219
315321
315447
315760
315801
315870
316016
316074
316134
316333
316350
316407
316428
316564
316634
316929
316961
317002
317057
317073
317185
317413
317441
317449
318085
318120
318325
318426
318429
318559
318589
318816
318843
318865
318887
319009
319612
319771
320158
320387
320480
320736
320765
320867
320968
321238
321328
321477
322195
322224
322289
322504
322505
322526
322534
322536
322692
323026
323060
323232
323263
323315
323355
323461
323485
323494
323521
323531
323857
324113
324151
324178
324208
324292
325008
325049
325126
325495
325649
325973
326035
326443
326479
326672
327204
327587
328024
328399
328626
328904
329074
329595
329627
329955
330400
330448
330617
330860
330965
331233
331466
331530
331561
331622
331675
331900
332348
332862
332959
333423
333493
333859
333869
334288
334373
334838
334839
335118
335273
335386
335428
335556
335616
335655
335835
336071
336106
336159
336296
336520
336595
336970
337035
337190
337218
337376
337687
337776
337822
337876
337962
337985
338524
338638
338669
338738
338776
338803
338875
338903
339143
339390
339724
340258
340360
340377
340900
341440
341756
342128
342132
342253
342262
342420
342678
342943
343390
343435
343640
343831
343974
344174
344697
344788
344811
344983
345022
345884
346426
346539
347094
347462
347483
347700
347839
348102
348107
348582
348600
348705
348802
348832
348989
348995
349551
349597
349648
350097
350524
351166
351192
351223
351243
351876
351892
352285
352498
352990
353194
353522
353810
353946
353988
354794
354956
354975
354998
355142
355685
355698
355752
356041
356080
356224
356395
356874
356912
356914
357237
357391
357736
357778
357780
357788
358052
358463
358706
358984
359288
359395
359480
360050
360198
360262
360298
360392
360832
361333
361339
361367
361418
362430
362472
362721
362725
362835
362925
363205
363838
363845
364345
364402
364507
364724
365148
365418
365557
365813
366280
366415
366595
366605
366707
366757
367071
367451
367855
368283
368354
368481
368495
368738
369114
369198
369457
369986
370225
370285
370821
370881
370911
370967
371193
371286
371474
371501
372020
372052
372441
372577
372677
372916
373036
373040
373095
373149
373442
373920
373994
374102
374221
374507
374782
374909
375041
375082
375193
375443
376050
376938
377079
377502
377670
377690
377708
377817
377897
377920
377951
377999
378010
378177
378214
378719
379523
379930
380079
380154
380660
380922
381026
381826
381875
382004
382119
382410
382902
382979
383009
383284
383415
383438
383587
384017
384404
384629
384988
385476
385607
385838
385958
386213
386241
386516
387190
387961
388089
388135
388335
388483
388966
389231
390295
390411
390494
390528
390924
391978
392665
393263
393271
393577
395497
395643
396027
396108
396410
396927
397181
397422
397814
398061
398202
398558
398945
399240
399442
400610
400923
401051
401426
401487
401552
401716
401743
401903
402746
403058
403309
403441
403535
404524
405111
405389
405448
405486
405831
405839
405860
406119
406451
406700
406939
407319
407385
407393
408391
408941
409397
409616
409638
409948
411179
411258
411880
411886
412181
412532
412649
412994
413339
413470
414145
414188
414912
415366
415498
415638
415900
416683
416693
416787
416974
417143
417237
417658
417804
418018
418020
418439
418722
418823
418879
419333
420401
420541
420723
420848
420918
420967
421206
421889
421901
422105
422202
422530
422836
422995
423210
423468
423574
424215
424506
424577
424930
425190
425231
426466
427248
427518
427660
427689
427958
428021
428566
428754
429187
429212
429790
429966
429995
431255
431274
431522
431858
432914
433807
433814
434140
434321
434713
436144
437675
438202
438352
438356
438543
439038
440071
440114
440575
441145
441521
441973
442140
442267
442327
443153
443288
443387
443607
444245
445171
445550
446146
446178
446295
446386
446529
446685
446723
446889
447298
447424
447444
447681
448787
449062
449263
449282
449307
449884
450123
450202
450448
450607
450609
450619
450650
450870
450881
451138
451191
451855
452182
452355
452442
452603
453153
453308
453691
453710
454886
454944
455008
455235
455608
455710
456145
456309
456541
456579
456689
456881
456957
457027
457058
457377
457540
457740
458271
458475
458997
459180
460544
460850
461027
461224
462116
462171
462609
462940
463062
463468
464083
464428
464821
465071
465129
465227
465257
465701
466500
466974
467281
467699
467764
467773
467775
468079
469051
469071
469482
469768
469825
470053
471078
471141
472026
473133
473388
473810
474232
474998
475007
475029
475204
475276
475697
475774
475864
476082
476582
477575
477643
477650
477678
477713
478455
478879
479086
479143
479472
479584
479769
480103
480458
480654
480783
480934
481564
482526
482738
482981
483006
483115
483339
483945
484230
484280
484918
485069
485079
485310
485386
485918
486196
486601
486945
486948
487050
487082
487203
487215
487410
487413
487529
487722
487840
488295
488541
488833
489103
489283
489335
489558
489698
490152
490471
490570
490639
490693
490713
490916
491046
491422
491502
491717
491815
491825
491904
492255
492312
493112
494072
494362
494402
494408
494557
494660
494743
494835
495082
496610
496660
497102
497208
497356
498278
498657
498854
498897
499036
499777
499787
500030
500126
500737
500839
501266
501294
501520
501524
501704
502382
502799
502865
502967
503215
503317
503400
503417
503534
503781
503802
503913
503918
504316
504704
505735
506015
506157
506361
507057
507308
507921
507929
508111
508829
508839
508871
508938
508958
509345
509533
509642
509711
509809
510216
510311
511876
511903
512035
512837
512935
513638
514018
514178
514275
514309
514841
514946
515348
515865
516066
516765
517048
517072
517579
517779
518755
518994
519332
519392
520268
520355
520581
520796
521278
521380
521438
521987
522456
522670
522830
523253
524290
524414
524465
524718
524729
524978
525071
526032
526550
527068
527166
527868
528243
528290
528321
528570
528688
528773
529570
529883
530143
530849
531517
531655
531846
531901
531978
531998
532531
532778
532859
533504
534213
534234
534543
534657
534837
535309
535550
535626
537838
538043
538094
538842
538948
539507
539552
539692
539828
540439
540446
541246
541595
541632
541786
541846
542084
542545
542910
543662
543722
544767
545145
545149
545793
546049
546075
546649
547534
547999
548226
548320
548413
548810
548994
548999
549119
549311
549368
549603
549840
550460
550717
551062
551274
551521
551542
552575
552864
552921
552978
553112
553357
554813
555051
555407
555518
556726
557118
558159
558414
559392
559670
559671
559985
560379
561122
561975
562124
562858
563150
563373
563424
564018
564026
564812
565238
565560
565791
566478
566585
566724
567437
567812
568087
568426
568518
568620
568884
568975
569094
569351
569950
570169
571983
572048
572288
572412
572514
572944
573227
573243
573386
573981
574146
576137
576480
576681
577004
577146
577361
578177
578489
578750
578996
579257
579711
580544
580779
581414
581468
581469
581989
582124
582208
582335
583640
584192
584320
584335
584674
585573
585651
585962
586002
586452
586895
587558
587861
587963
588248
588461
588723
588950
589808
589941
590289
590634
590798
590934
591170
591188
591264
591388
592937
593386
593643
593743
593809
593933
594211
595215
596167
596414
596531
597032
597538
597881
598686
598738
598964
599263
599906
600058
600355
600399
600892
600990
601054
602234
602298
602327
602538
602550
603752
604153
604329
604712
605963
607394
607814
607890
608191
609560
609991
610984
611660
611709
612474
612811
612944
613087
613097
613224
613284
614316
614334
614442
614600
615562
616605
616782
617124
617132
617528
617637
617783
617951
618345
618374
619231
620194
620372
620403
620438
620691
621502
621867
622828
624175
625027
625458
626301
627092
627356
628258
628860
629076
629111
629458
629906
631247
632142
632196
633539
633557
633694
634297
635307
635675
635944
636322
637732
637781
637796
638161
638268
638272
638547
638731
639699
639822
640476
640680
640948
641017
641304
641831
642091
642849
642891
643863
644060
644963
645654
646319
646371
649098
649197
649301
649469
649866
650792
651230
651369
652175
652432
653465
654488
654990
655533
656158
657025
657374
657420
657627
657736
657789
658488
659032
659560
659677
659931
659933
660093
660465
660828
661509
661894
662517
663461
663490
663682
663774
665170
665923
668545
669373
672965
673130
673134
673324
674054
674154
674578
675247
675424
675781
676192
676500
676530
677495
677523
677893
679039
680333
680395
680434
681084
681520
683538
684637
686173
686288
687191
687486
687508
689166
689838
690233
690408
690923
691004
691098
692194
692365
693978
693986
694041
694774
694781
695500
695919
696313
696576
696713
696776
696995
698758
698931
699252
700102
700282
700570
700950
701066
702290
702425
702950
702990
703836
704195
704369
704804
704954
705259
705803
706303
706382
706517
706581
706779
707365
708420
709123
710215
710658
710911
711157
711907
711996
712962
713031
713050
713850
713883
714402
715756
715883
715925
716147
716454
716805
716927
717020
718047
718071
718097
718434
718779
718928
720543
720559
720857
720913
721658
721931
721974
721977
722025
722686
723052
723447
724958
725205
725453
725517
726426
727236
728758
729014
729246
729449
730321
731706
731740
731769
732027
733837
733932
734156
734836
735240
735359
735452
736126
736147
737224
737343
737978
738491
739402
739417
740258
740571
740601
740752
740789
740929
741501
742009
742510
743143
744687
745073
745347
745456
745974
746281
747359
747709
748293
748487
749226
749506
749941
750465
750477
750590
750643
750661
750766
751677
752175
752967
753005
753257
753459
753478
753554
753694
754199
754642
755052
755147
755693
755695
755789
755911
756620
757123
757420
757429
757519
757599
757801
758011
758046
758532
759112
759436
759601
759839
760398
760817
761395
761552
761919
761978
762461
762572
762585
763033
763250
763276
763396
763417
763747
764132
764211
764366
764996
765585
765630
766330
766777
766997
767105
767472
768294
768457
769864
769893
770851
770998
771064
771161
771246
771831
772230
773529
774335
774752
774896
775272
775900
776203
776621
776676
776919
777189
777605
777606
777756
778526
778973
779744
780635
780654
780674
780810
781121
781268
781716
781926
782091
782533
783131
784244
785153
785703
785722
785764
785917
786242
787141
787652
788140
788416
789336
790299
790569
790656
790731
791025
791279
792062
792168
792194
792456
793208
793672
793841
793866
794097
794293
795056
795992
796129
796524
797408
797620
798034
798102
798140
799188
800122
800471
800816
801473
802116
802659
802735
803148
803363
803845
804060
804198
804540
804942
805517
805899
806183
806429
806448
806722
806794
808381
808613
809357
809398
809734
810035
811059
812265
812338
812380
812517
812609
812654
812717
812739
813545
813805
813848
814042
814148
814659
814824
814974
815146
815242
815666
815918
816139
816270
816865
817141
817308
817677
819077
819403
819531
819604
819730
819819
820234
820412
820449
821803
821839
821849
822008
822221
822523
822558
823227
823830
826882
827093
827410
827847
827898
827950
828235
828501
828846
828963
829690
830065
831516
831689
831740
832357
832531
833536
833575
833768
833782
833800
835538
835603
836021
836560
836652
837110
837162
837470
837700
838540
838749
838910
839721
840597
841611
841653
841795
841977
842198
842380
842593
842663
842717
842998
844785
846565
846685
847085
847736
848326
848363
848461
848560
848729
848807
849193
849318
849470
850714
852015
852186
852464
852997
853172
854283
854738
855116
855254
855302
856192
856287
857423
858025
858368
858555
858698
860924
861243
861785
861801
862035
862079
862627
864262
864510
864853
864952
865676
866086
866441
866592
866596
866626
866654
868144
868232
869561
869722
870479
871042
871391
871736
871807
872667
872879
872936
872941
873381
873495
874341
874344
874505
874726
876059
876357
876505
876911
877307
877418
878448
879327
879494
879611
879861
879982
880499
880710
880827
880919
881021
881161
881278
882040
882367
882710
883462
884061
884575
885171
885217
885616
885936
885984
886262
886292
886367
887034
887116
887142
887471
888613
888685
888799
889383
889728
889807
890142
891786
891838
891965
892005
892535
892688
893174
894150
894969
895038
895113
895290
895724
896354
896511
896696
897175
897200
897224
897332
898541
898752
899203
899566
899813
900499
900850
900939
901331
901560
901691
901862
902583
902794
903018
903376
904061
905092
905447
906380
906568
907173
908160
908695
908865
909273
909382
909569
909757
909982
910129
910952
911821
912198
912575
912613
913302
913647
914041
914262
914385
914492
914525
914715
914936
915548
915591
915695
915984
916233
916754
917026
917547
917635
918560
919122
919145
919153
919438
919862
920716
921500
922670
922681
922891
923149
923538
923754
924207
924354
926093
926935
927008
927176
927383
927435
927455
928321
928407
928584
928632
929531
929616
930326
930790
930805
930923
930942
931446
931954
932693
933446
933516
933983
934214
934708
935274
935495
935556
935615
935643
935800
935985
936305
936611
936708
937098
938226
939106
939520
941387
941658
941885
942250
942692
943327
943537
943830
944133
946283
946578
946625
947023
947142
947424
948050
948416
948718
948780
949806
949897
950360
950465
950759
952039
953602
954370
954437
954506
954628
954639
955412
956199
956295
957030
957137
958606
960188
960513
960934
961169
961215
961256
961669
961706
962530
962585
963077
964637
964804
965969
965975
967817
968030
968320
968552
969226
969614
970152
970814
971174
971253
971873
973075
973534
974903
975165
975437
975517
975628
975631
976235
976580
976987
977090
977200
977401
977410
977598
977729
977744
978405
978577
978753
978911
979013
979085
979089
979815
981564
982280
982455
982993
983114
984786
985567
985670
986148
986595
986733
986804
986893
986947
987519
987893
989045
989374
989852
991075
991189
991739
992053
992633
992829
992928
993409
994295
996167
996224
996539
996943
997131
997154
997522
997821
998957
999249
999339
1000205
1000384
1000427
1000632
1000923
1001945
1002313
1002532
1002557
1002850
1004213
1004720
1005614
1005894
1005914
1006269
1006917
1007124
1007346
1007550
1007746
1007963
1008005
1008866
1009227
1009326
1009419
1010350
1010880
1011096
1011106
1011340
1012016
1013046
1013108
1013613
1014887
1015295
1016824
1017514
1017955
1018040
1019388
1019880
1020418
1021190
1021999
1022038
1022228
1022464
1022935
1023000
1023499
1025083
1025280
1025367
1026292
1026597
1029049
1029100
1029138
1029212
1029377
1030935
1030937
1032457
1033482
1033517
1033820
1033950
1034046
1034870
1035897
1036271
1036937
1037087
1037724
1039549
1039623
1040026
1040439
1040950
1041067
1041405
1041538
1042487
1043127
1043300
1043334
1043927
1044901
1045727
1046247
1047015
1047432
1048226
1048936
1049893
1050125
1050204
1050817
1051264
1051540
1051636
1051743
1052378
1052615
1052687
1052956
1053281
1053303
1053828
1053874
1053903
1055755
1055861
1055958
1055997
1056038
1056585
1056908
1056962
1057042
1057810
1058366
1058421
1059190
1059294
1061487
1061491
1061540
1061693
1061777
1062381
1062655
1062909
1063406
1063553
1063573
1064800
1064974
1065363
1065391
1065601
1065986
1066611
1066648
1067211
1067922
1068008
1068101
1068137
1068500
1069078
1069591
1070322
1071797
1072075
1072353
1072369
1072391
1072432
1072650
1073431
1073831
1074279
1076144
1076569
1076637
1076899
1076923
1077104
1077223
1077666
1078333
1078615
1079084
1079941
1080527
1080743
1081171
1081450
1082526
1082965
1083028
1083343
1083680
1083746
1084014
1084493
1084787
1084870
1085030
1085145
1085179
1085436
1085669
1086345
1087830
1088081
1088135
1088210
1088416
1088701
1088783
1088794
1089016
1089237
1089329
1089337
1089608
1090624
1091619
1091953
1091965
1092301
1092632
1092961
1093085
1093175
1093526
1093826
1094880
1094997
1095220
1095643
1095655
1095896
1095953
1096068
1096185
1096270
1096416
1097259
1097688
1097728
1097934
1099276
1100098
1100217
1100383
1100421
1101788
1102115
1102139
1102360
1102550
1102988
1103520
1104029
1104545
1104824
1105365
1106136
1107742
1107927
1108159
1108551
1109386
1109637
1110141
1110320
1110624
1110713
1111936
1111953
1112602
1112708
1112793
1113802
1114032
1114050
1114355
1115831
1115972
1116488
1116537
1116670
1116821
1117022
1117256
1117475
1117559
1118306
1119191
1119394
1121205
1121270
1122817
1123031
1123144
1123205
1123931
1124338
1124446
1124579
1124609
1124668
1126119
1126892
1126984
1127355
1127451
1127723
1127753
1128176
1129541
1129624
1129639
1129829
1130273
1131302
1131488
1131788
1132278
1132791
1132949
1133649
1133746
1134216
1134513
1134642
1134936
1135758
1136300
1136444
1136620
1137769
1139473
1139570
1140429
1141092
1141634
1141669
1141748
1142256
1142275
1142525
1143004
1143187
1143517
1144706
1145319
1145372
1145804
1145882
1146169
1146459
1147196
1147277
1150057
1150222
1150559
1151118
1151484
1152636
1153722
1153944
1154026
1154875
1154961
1155006
1155060
1155362
1155406
1155534
1155944
1155954
1156223
1156417
1156618
1156916
1157424
1158271
1158458
1158816
1158922
1159979
1160592
1161036
1161063
1162076
1162464
1163167
1163650
1163689
1163755
1164289
1164359
1164393
1164446
1165880
1165974
1165998
1166416
1167248
1167270
1167579
1168694
1169153
1169354
1169376
1169386
1169905
1170102
1170393
1170875
1171029
1171095
1171155
1171546
1171789
1171925
1172043
1172100
1172342
1172492
1173977
1175048
1175641
1175727
1176411
1176415
1177047
1177316
1178794
1179102
1179414
1179458
1179821
1180174
1180576
1180876
1180939
1181061
1181083
1181204
1181507
1182328
1182585
1183100
1183268
1185389
1185882
1186508
1186700
1187114
1187496
1189174
1189857
1190874
1190958
1191036
1191306
1191316
1191329
1191403
1191957
1192331
1192592
1192856
1193445
1193945
1194882
1195202
1195626
1195922
1196128
1197315
1197990
1198966
1199084
1200306
1200324
1200718
1201332
1201572
1202211
1202517
1202823
1203289
1203926
1204656
1204764
1205275
1206399
1207132
1207586
1208243
1208290
1208410
1208622
1209446
1209529
1209840
1210730
1210757
1211685
1211814
1212267
1212515
1213671
1214721
1214763
1214792
1215237
1215755
1217471
1217594
1217645
1218073
1218733
1219362
1220262
1220494
1221727
1222244
1223034
1223073
1223928
1223992
1224073
1224345
1224349
1224398
1224591
1224795
1225070
1225119
1225301
1225514
1226740
1227675
1227708
1228162
1228239
1228511
1228529
1228929
1228933
1229398
1231917
1231982
1232096
1232416
1232597
1232953
1233757
1234202
1234922
1236224
1236309
1236447
1236698
1236702
1236753
1237662
1239972
1240873
1241198
1241618
1242800
1243937
1244765
1245684
1246076
1246699
1246984
1247034
1247529
1247640
1249292
1249610
1250094
1250217
1250399
1250705
1250749
1250848
1251399
1252630
1252776
1252939
1252982
1253177
1254177
1254215
1254280
1254662
1254796
1254889
1255404
1255479
1255710
1256153
1256255
1256257
1257678
1258291
1258884
1258950
1259826
1259941
1260006
1261773
1261895
1262333
1262616
1264583
1264966
1265249
1265693
1265975
1266200
1266612
1266829
1266861
1267082
1267378
1267643
1268630
1269443
1269605
1269879
1269889
1270482
1271149
1272221
1272353
1272383
1273005
1273292
1274200
1274606
1276297
1276631
1277025
1277097
1279213
1279321
1279842
1279924
1281313
1281315
1281503
1281687
1281900
1282456
1282489
1282522
1282739
1284048
1284178
1284368
1284467
1284736
1284809
1285622
1285970
1286083
1286235
1286303
1287049
1287445
1288030
1288903
1290122
1290229
1291033
1291169
1291526
1292407
1292575
1292809
1293090
1293224
1293552
1294045
1294333
1294379
1294736
1295110
1295772
1296528
1296731
1297994
1298416
1298668
1298762
1299019
1299261
1299424
1299557
1300086
1300856
1300899
1301507
1301533
1302632
1304639
1305319
1305324
1305889
1306115
1306610
1307225
1307745
1307769
1308009
1308444
1310018
1310304
1310439
1311210
1311235
1311394
1311416
1311940
1312514
1312582
1313445
1313672
1313728
1313965
1314013
1314403
1314686
1315436
1315785
1315984
1316224
1316314
1316340
1317116
1317632
1317884
1318353
1321573
1322109
1322280
1322549
1322608
1323104
1323206
1323715
1324228
1324288
1324482
1324521
1324717
1324742
1324906
1325025
1325769
1326468
1326480
1326713
1326749
1327474
1327761
1328352
1329182
1329963
1330924
1331412
1331423
1331577
1332384
1333207
1334942
1335045
1335777
1336073
1336114
1336231
1336270
1336395
1337197
1337635
1339387
1339834
1339939
1340100
1340271
1340482
1341149
1341742
1342318
1342595
1342662
1343201
1343604
1344046
1344077
1344754
1346422
1346677
1347657
1348093
1348340
1348906
1348996
1349101
1349130
1349362
1349803
1349843
1349954
1350155
1350412
1350520
1351869
1351980
1352249
1352522
1353342
1353387
1354212
1355009
1356774
1357077
1357664
1358038
1359829
1360859
1361544
1361722
1361984
1362713
1362766
1363195
1363281
1364989
1365321
1365434
1366113
1366386
1366525
1368314
1368322
1368496
1369147
1369502
1370381
1370750
1371099
1371183
1371503
1371647
1372550
1372564
1372698
1372699
1372907
1373118
1373342
1374245
1374578
1374737
1375404
1375507
1376234
1376593
1376607
1376904
1376967
1377299
1379886
1380144
1380427
1381069
1381152
1381218
1381624
1381739
1383508
1383726
1385151
1385617
1385686
1386296
1386348
1386562
1387033
1387689
1388185
1388395
1388397
1389386
1390081
1390991
1391335
1392839
1394247
1394934
1395419
1395505
1396169
1396674
1397526
1397545
1398144
1398529
1398925
1399098
1400410
1401145
1402057
1402949
1403021
1403029
1403243
1403778
1403792
1403960
1404052
1404291
1404445
1404628
1404797
1404949
1405528
1405772
1406056
1406386
1407008
1407053
1408559
1408819
1409554
1409722
1410170
1410381
1410639
1411276
1411622
1411628
1412537
1412789
1413120
1414265
1415436
1415608
1416432
1417196
1417532
1417691
1418566
1418595
1419063
1419097
1419548
1419555
1420444
1420549
1420569
1421116
1421831
1421846
1423725
1424281
1425574
1425655
1426020
1426151
1427130
1427500
1428251
1429711
1430045
1430718
1430848
