48020007
47857021
46345088
46415037
36413583
952584
44412070
1318380
149574
37962279
37546190
30692628
37748639
47661756
44474780
44545745
34714895
46505586
47176474
44070277
484918
30161279
47508969
43894753
37124606
14505171
3124052
37183393
1313728
40730287
47417343
47305556
47414919
30430820
29650066
47358591
30136276
45002913
35949017
44599867
38022316
38215952
47378292
833768
20163121
869561
47265284
29931219
47144878
47178996
47177570
885936
47092466
47022912
42297858
33667720
34664661
32653535
16692985
40903138
38504120
954639
46760637
954506
16050617
35867886
45865577
45817609
46006290
33012343
2864498
32561635
4640221
46494637
46214446
35309271
43740077
46437028
46315435
35793852
35703455
45830718
1085145
44909512
46219823
40344160
46314871
46313870
39243483
45531017
42734274
35024888
45876116
38957184
5216031
30813280
33740996
650034
40877485
33741778
42497020
45447015
31887466
37061663
34039531
37425820
43924687
34651665
4132931
45817836
36263417
44572569
35008493
33132170
32554504
4098391
44433601
1564659
253770
33738390
37138991
35621769
34595388
45770929
45762505
29894000
45739812
45721209
43885995
45343032
9134
32560799
34288861
38903722
13797691
39608793
45516540
45496318
39720820
45491926
45437577
36358462
42200942
44492436
45426599
34884676
34387564
35021150
43335863
38594007
2568744
45254536
40304817
41834390
45242863
15640419
42586385
45158155
29526947
42213061
40735688
45127947
45107432
35289124
45107850
1873720
16104955
29004482
34856429
30567215
44182551
15231521
38308557
7540461
31128614
44225465
4808241
41583566
289548
33650487
34844519
29638879
40738444
35300210
4371741
33495562
37964412
44884482
33307262
33461345
41689901
49695
43686943
41170699
15587234
41721036
32288681
190524
37391952
36466227
43601805
30140934
34297224
1656484
8127411
37112614
44671640
32722484
8892541
31880815
41300795
36761353
44607142
42361826
31065768
336159
44541181
43184223
8031081
42056861
36399362
36149962
35316373
33565098
37623035
44081214
37583092
44460727
44442114
42696290
44437603
41009807
20390872
640522
904061
3049907
31976226
36808298
37623102
27089110
1171095
8329381
37582932
37583032
37609810
34315187
38181860
37623088
38012361
37592484
1146169
35848990
36677698
37582880
14866491
37333259
44332583
34074480
351192
38708605
38036381
32390084
36145887
37133533
36663285
34243702
36161663
3078422
7985671
37562173
38630457
43462365
36661392
15602343
43583469
44229132
2482814
2995484
37723529
43208417
36294070
38095687
37112530
1296478
34741193
43289986
446242
40818502
1910430
43973375
44171961
44160258
9632211
34105121
43612058
36863105
38067335
43684853
41303431
44154564
41285835
38091766
38391762
44145862
33480846
43773432
741501
44108563
31800233
35332515
3210924
31662331
43674111
38241711
30696473
32705368
39117598
34294040
33052341
43375369
44068099
10520
37649718
39702608
36952015
40863767
36579394
2570456
43535873
43813090
480783
30397677
39137427
41514691
1661064
29182947
36180278
37082741
39480855
393592
302905
43855044
43763359
38104917
36042986
16373920
33150410
27970421
40380203
37534871
6569771
3432151
33731680
30615152
42527675
31747972
5416941
1475498
42762695
1136495
43273366
43316446
42170792
35130958
3001406
1573031
42279100
37674286
42838717
347700
1913306
16206077
2364434
16058164
34796486
43890898
31671098
43722814
43834030
36912670
31654607
32002193
40479611
37451870
38243115
31974640
43348474
39694044
43829295
1626848
43448575
14774231
35615031
43882475
40167219
41571698
43008201
43499023
43829465
41015685
43170266
34769463
35301602
32262262
43747917
34176815
37848382
33263768
36018007
36826146
15990622
35290150
30788504
14392951
41907946
31799136
40331536
43956145
38753615
41730861
36144287
37721008
31534497
40284234
991182
32594680
33455400
40390485
39354233
29872546
34605877
31835410
1120639
43234802
37075133
977729
39489443
37921378
237161
30790382
36233947
43073
16089037
43500576
39937702
30876796
34232185
43643105
34829884
36323018
38677419
38870132
34711755
39747463
43933524
43535978
34295100
20505799
27135565
31311518
29815920
43861425
144735
36313076
42241428
32352848
30639903
1546064
43516533
2827104
36720307
38010354
38713696
31172637
33250285
9347671
43907326
30042065
43172247
2722854
1254662
40701193
31766278
41283546
38037858
3178636
41856164
41429684
43463012
2961252
1368322
16169343
42230726
41591751
37623667
33150806
33208975
36900036
37781234
40982320
4981411
38894847
356914
34093276
1589279
32512868
37224976
38447482
43077186
39922367
33881883
5815311
32444603
37754298
41963216
1134513
32556320
37191019
30664623
39969276
917635
42986642
43533752
817141
38099266
42993963
42116343
434713
37642160
43200487
39958830
38182077
38531018
42499512
42407262
37978482
42543996
36014370
42499116
34886224
24522829
33710647
34257005
32182070
39310677
1460367
3055894
37672932
42634391
42213000
42592435
35783624
1477035
37855813
42504952
446685
29534878
997522
41587978
1394993
412971
42251230
34804432
42206433
37871689
36828046
37096030
35640554
34089808
42104489
33188785
38564916
40199202
37619643
77617
35586471
30664787
29131195
37627586
2450842
1185389
36863247
37043833
41477852
37526528
41905998
422836
41935259
34021836
35741367
41280317
34427918
842663
34705505
2630504
41805046
12180721
36400299
41581934
33015800
37474465
39824229
638731
6906571
41763343
41548128
41783347
41714204
29889111
41683713
41645642
41622781
41399161
649469
30007773
32376022
2944724
41552743
37011633
41452758
36722553
1259826
36168038
38606502
41420682
1619907
36753181
41411126
41250206
40287750
41349230
39893020
39877574
35497249
7708711
34268940
35793405
36253880
37545051
36809558
2724988
41230521
41038108
33481426
31819967
35652721
41207821
41197966
31367431
33239512
41060137
41096713
16498372
39683755
41006765
39818466
40245234
30336712
40990078
31394077
40992969
40990236
40593603
39362247
40287194
40714247
35781052
37084520
37880999
16044785
39912827
2698598
40818891
40837826
6769701
30944288
40328496
341756
35322329
35390395
34202335
37867869
40801268
40778201
27191155
40775397
40369823
15671315
40596747
40735088
299563
16798735
16025345
35851081
40679063
40663369
36385033
40398270
36776160
2050286
32235194
39224496
40593918
40582972
40588562
35520100
38363941
32764561
16027022
1336114
202810
32522806
35468714
242676
37794049
1055997
40466259
37326055
40157713
40427020
40426713
40402193
40009391
31797942
32534149
3168506
38622085
32795197
30054388
38233811
40339666
38858875
13770151
47329
31860086
37529503
366605
549840
40232026
40232227
39155146
36115311
64135
35787021
36834514
585327
40181940
30369218
36093463
39442196
63856
360298
31518078
39692938
40157784
852997
40012013
38888464
32325098
37987137
37850681
1208410
37124780
39846735
35490102
34844369
30152636
1324906
33232042
37066292
3014848
27645211
138888
12471661
31421106
39894752
30004405
790656
40078303
40051729
37334090
39992594
39982325
1895100
39934097
39605229
29794300
27966128
39916201
39890437
39887793
39878415
39858752
33235967
39826347
39780782
2616396
2815434
39753652
39691020
37867899
33471284
38534051
39733761
39673163
39669720
888799
3014008
36409309
33212535
15797480
29502168
39573295
39557910
39551294
39546024
39527142
12148
37076955
39471098
37780005
38141309
38141279
1289194
39459091
311546
8988411
39453216
34099270
34261097
39402384
33194995
39408318
37632196
15578934
39379535
37867880
37779479
37580266
33187551
596167
169492
37873266
33292729
39255276
39248057
38962779
36838004
39221854
39209707
39209236
39208040
36865090
39195051
3020399
35983367
38141236
38141202
31313419
3565161
37885282
39130979
39129549
33046106
36991232
390411
33596879
1634403
35356466
285078
12711541
34385049
31985691
35580368
38838215
32246575
39070466
37282818
20172814
27820531
1200306
37094468
38924635
1877530
38873853
11798
38021449
33811255
559985
36050
38565582
38537275
15596225
36583105
37860355
4262411
37616718
37616482
37596293
16198621
37427082
37426627
37381535
37377576
37295932
37284540
37284539
36600020
185778
