1713
6428
8135
10186
20662
23148
24041
24700
34944
36050
39403
42629
43599
47564
51588
53282
57741
65388
66550
68299
73029
73555
77617
78260
79621
82454
83375
110561
111347
112525
116807
119376
120733
121030
121736
125111
125888
129221
132010
133686
134962
137492
145662
148441
151503
160136
161947
163356
163490
164397
165492
165631
166137
173389
173770
177273
178188
182407
183084
184391
192672
192998
193409
194365
195567
201743
203445
207251
208793
210896
211109
211583
212440
215587
219582
222238
223893
225028
229245
231594
232777
233113
237103
237901
238538
240917
243072
243567
244152
251233
256763
258020
258899
261493
262561
263351
268940
269592
269630
271975
273890
278840
284814
287302
288405
291054
293943
295430
296816
297460
297462
303345
307965
310364
311546
314431
314747
315104
315321
317764
318536
320721
328819
329674
331780
341557
341785
342721
347606
347700
350170
355696
356017
356709
358782
362705
363600
367557
368046
371270
372003
375786
377184
377656
377817
380311
391374
392401
396108
396493
397184
397187
397814
398399
399105
400082
409208
409587
410392
417717
418756
418880
419321
423180
423468
428070
430555
437936
449015
449062
454613
464737
465169
466974
469395
469603
472760
479416
482095
482559
485261
485277
486859
488008
488265
488814
493923
495855
496315
496841
504168
508383
509075
511876
512008
514178
518024
522830
524432
524480
524827
526101
527304
527820
531300
534983
535222
535966
543363
545566
549368
551326
551945
556537
557886
563673
564996
565214
566533
570152
571022
572329
580198
581852
583572
584269
588424
590260
590715
591179
596167
600965
603227
611119
615069
620186
625027
626460
628425
631032
633781
633944
636944
640883
660465
664184
664276
671187
672965
675247
677679
682035
685788
687201
689676
706341
706586
707955
711674
711972
713350
713462
715974
726117
728557
735049
735574
736415
736530
740926
745456
745794
746412
750438
751232
752967
754848
755019
764652
765174
765630
772922
773529
778350
779448
780486
786979
789140
789336
791224
796462
812609
818871
819221
819531
822715
831233
832065
833002
838715
838978
840597
843614
844658
847736
848566
853664
856511
856734
860209
861458
861855
864313
871256
874846
875149
875685
878122
878179
880220
880328
885530
891403
898524
901296
901862
902166
903876
905447
905619
910174
910751
914936
920608
927008
929942
931182
933892
941732
949511
953422
957810
958224
960766
962530
965477
967432
969024
977116
981518
984095
984739
985534
992712
993449
1008289
1011108
1012997
1016527
1018756
1020423
1021471
1022265
1023792
1024706
1024749
1025669
1027616
1029370
1032181
1039162
1041405
1043334
1047034
1050975
1055790
1060495
1062849
1064697
1064855
1070040
1070761
1073831
1074172
1074483
1075919
1078400
1079187
1086732
1088700
1088701
1089792
1090198
1094725
1094844
1096068
1098139
1098549
1099032
1100845
1105010
1106400
1113865
1115294
1117022
1118600
1126790
1127230
1127753
1130211
1131698
1132130
1132249
1133007
1134608
1140095
1140352
1140387
1141634
1142880
1144358
1151247
1153095
1153394
1158069
1163739
1163879
1166581
1168758
1169615
1175353
1175743
1179102
1189727
1190721
1192002
1199652
1200016
1204399
1204848
1208410
1210638
1210674
1215217
1215382
1218714
1219409
1222160
1224091
1225891
1226076
1226100
1245323
1258255
1261969
1265062
1271150
1272505
1283917
1283978
1285896
1296458
1297064
1298334
1299267
1300899
1303648
1307070
1308293
1313278
1318319
1320234
1325979
1328164
1336706
1337927
1339972
1343434
1348089
1349047
1350449
1351802
1354194
1363868
1367126
1367338
1370032
1370155
1371633
1372174
1372287
1375592
1375900
1382827
1389071
1389204
1390900
1395707
1398925
1399801
1400867
1403658
1407693
1409265
1413966
1417532
1426911
1437977
1442190
1452940
1455538
1455638
1463624
1466249
1466804
1467134
1475241
1475440
1476268
1476291
1477153
1479265
1490848
1502278
1503461
1504998
1510866
1511399
1514419
1516212
1516851
1520417
1522348
1526984
1527105
1531084
1532451
1533364
1534367
1535736
1538350
1540297
1541464
1542300
1549768
1556776
1559844
1567171
1574718
1577488
1578213
1580328
1580945
1588729
1594333
1599591
1605542
1607580
1609051
1613154
1613536
1619557
1621611
1622695
1623854
1625259
1630721
1634403
1638377
1639290
1639822
1654230
1659848
1660199
1662881
1665067
1665287
1671194
1673146
1675011
1679129
1682324
1682384
1685082
1685356
1687014
1687437
1692690
1694960
1696820
1703589
1711586
1720014
1729021
1729279
1737201
1738383
1751757
1757207
1766941
1786821
1787741
1795683
1808827
1810559
1815259
1818721
1824777
1828630
1829184
1877530
1879086
1881416
1886108
1891492
1906826
1907588
1951118
1952788
1970786
1971568
1972872
2006026
2009098
2013608
2015226
2015322
2020784
2020832
2021806
2032804
2033840
2034142
2041152
2055440
2074138
2083506
2090954
2104304
2108290
2109098
2113594
2120614
2120950
2122914
2125342
2142170
2142594
2143086
2160670
2175900
2190546
2202102
2208232
2211458
2224562
2225412
2227974
2231606
2233334
2247052
2253684
2256550
2258388
2264966
2271188
2272170
2272498
2273388
2273796
2284310
2290156
2295738
2296944
2298702
2308284
2308608
2315168
2317946
2325622
2332348
2336404
2337348
2339680
2373758
2374592
2380600
2382300
2398226
2423798
2424692
2426706
2432562
2441184
2442680
2445980
2454986
2460824
2477492
2480012
2486212
2498532
2513774
2526990
2529988
2546760
2547224
2550426
2553122
2559636
2560402
2565436
2572654
2591112
2597382
2614756
2623050
2634934
2643090
2643304
2644332
2646052
2651158
2657414
2661568
2666494
2669920
2679620
2684570
2698542
2706128
2712570
2713296
2714310
2725700
2730994
2738362
2745146
2746318
2771696
2778292
2788988
2790516
2791782
2798106
2805746
2808136
2811256
2812272
2812838
2814870
2815774
2825932
2840548
2858794
2861336
2861984
2866996
2926642
2932598
2934536
2943424
2943990
2944696
2971610
2971836
2976614
2985638
2994888
3022884
3023429
3024187
3024943
3025439
3031086
3038958
3041640
3045802
3048751
3049129
3050260
3057347
3091681
3105971
3110446
3110517
3110923
3117638
3120587
3120817
3121153
3124835
3125136
3126921
3131358
3133756
3137209
3143594
3152039
3152649
3155897
3157751
3160659
3166939
3170873
3171737
3172241
3172915
3173411
3177807
3178145
3186049
3195965
3196685
3197067
3201269
3203004
3203996
3204121
3206059
3209372
3211324
3212678
3220508
3220838
3222300
3225088
3228791
3231064
3233119
3233798
3234999
3237516
3238910
3327751
3329211
3391881
3397011
3476241
3536441
3543401
3571011
3600151
3670151
3710761
3747761
3765291
3957771
4031071
4068621
4093011
4100781
4305741
4325311
4362191
4520301
4563031
4587581
4633711
4704341
4755451
4776021
4804491
4808241
4819351
4946001
5062931
5074891
5147401
5219191
5246431
5304441
5352461
5535121
5537881
5561271
5572791
5605411
5617371
5779981
5780181
5802931
5869181
5947091
5964121
5977491
5985101
6064931
6094301
6134101
6153001
6172191
6234301
6299361
6306261
6356111
6411621
6416971
6428741
6445821
6490561
6542691
6637591
6643271
6691411
6733721
6805001
6862131
6916801
6947111
7014871
7143051
7162201
7219841
7447121
7451421
7453481
7730431
7743811
7809501
7980651
8027841
8065091
8089811
8109371
8163231
8248101
8411571
8595891
8625261
8690501
8710551
8742731
8752041
8879851
8897981
9031161
9054441
9119241
9267011
9339421
9351081
9429211
9478001
9516701
9534751
9595481
9597791
9632961
9637031
9656631
9775091
9794991
9913811
9927971
9948181
10142141
10261081
10375721
10548151
10669701
10704511
10859411
10979351
11073881
11080341
11229861
11260321
11296961
11323571
11331321
11362041
11405001
11455691
11468691
11570381
11601241
11630111
11806381
12196101
12302331
12553651
12579241
12755601
12832861
13834621
13884691
13925231
14089941
14162501
14239721
14282551
14284201
14310791
14346421
14484061
14512731
14617161
14651891
14794801
15037301
15449921
15477611
15515441
15536480
15541019
15543449
15559844
15565904
15576411
15581871
15583801
15596336
15602343
15609708
15616350
15624151
15642756
15643847
15650680
15659579
15662425
15664157
15669424
15682120
15683941
15684442
15687174
15689208
15707404
15711739
15727386
15733201
15738186
15742191
15748391
15752768
15771119
15781892
15790853
15794172
15797557
15797888
15799445
15801246
15808284
15814942
15815257
15817427
15820749
15830328
15840572
15964670
15966398
15967080
15976578
15977494
15988578
15993794
16002323
16014400
16014429
16026335
16032828
16035233
16040794
16047707
16060448
16081036
16091383
16092113
16094027
16103374
16110222
16111615
16115010
16135042
16148341
16151234
16158500
16160252
16163257
16169016
16175335
16189890
16194821
16198653
16199253
16221925
16224354
16226306
16228244
16235683
16237057
16274242
16375570
16423174
16427323
16454545
16457329
16490347
16497280
16513555
16514590
16532992
16586977
16645093
16658068
16679245
16680274
16700869
16702363
16705045
16706278
16724800
16726732
16746274
20150062
20150803
20172814
20183770
20185558
20241511
20249659
20280037
20345491
20352841
20402308
20404417
20406631
20418913
20428369
20434012
20447815
20458231
20466475
20494795
20514166
20518879
20554825
20563885
20568802
20570911
24275497
24829461
27006025
27037921
27054496
27054808
27076588
27080734
27106768
27124237
27128959
27139687
27167125
27201625
27244735
27262423
27265012
27308653
27355414
27379891
27380221
27424900
27438169
27446401
27469984
27509395
27515872
27553843
27562642
27564673
27611632
27625771
27629107
27644725
27666523
27671011
27771622
27787714
27799246
27822856
27859204
27874431
27883847
27903040
27912266
27939596
27942051
27957386
29001110
29013299
29015182
29016733
29019023
29044441
29058253
29063484
29067522
29091301
29104566
29120492
29131195
29147637
29150146
29164530
29165731
29178395
29185215
29201321
29202184
29202476
29202998
29215143
29229486
29238821
29241251
29247704
29256581
29269159
29289479
29292672
29303442
29441000
29501082
29503896
29505731
29507228
29512247
29516556
29519255
29529533
29539793
29555786
29559341
29564519
29568723
29589362
29623347
29637479
29639760
29640220
29649140
29673557
29785498
29802277
29809101
29811543
29825393
29898830
29899928
29900315
29904812
29919676
29943703
29954956
29966667
29977107
30007773
30029487
30038970
30057204
30058517
30075188
30075519
30081275
30081471
30101195
30102381
30103856
30103991
30105411
30123082
30141040
30144078
30152636
30161279
30241763
30253756
30283545
30303946
30319031
30332569
30333848
30362970
30371309
30384766
30424472
30425039
30427967
30444363
30452683
30476985
30491493
30522850
30531106
30535282
30568667
30570995
30573282
30607502
30642284
30643143
30652970
30659558
30664367
30705883
30715198
30773498
30828872
30835858
30838058
30840157
30859242
30866482
30872548
30874341
30878020
30879001
30892177
30900314
30930004
30940363
30941146
30956181
30976487
30979414
30980135
31006222
31009306
31010189
31014557
31015355
31023909
31049208
31057880
31065508
31066039
31079179
31120081
31122999
31168212
31168906
31178024
31180003
31184430
31213066
31213429
31238461
31246716
31277672
31286672
31301541
31313419
31315106
31316635
31331199
31341894
31348839
31364658
31367843
31373497
31380335
31392965
31408084
31428279
31446665
31500023
31518413
31518726
31532295
31535757
31538721
31557802
31559648
31575851
31627782
31632691
31657961
31664019
31664021
31682917
31733127
31742509
31756117
31769344
31773402
31776842
31785937
31791445
31796158
31810462
31816741
31833678
31836937
31842405
31843076
31845598
31853712
31860567
31867680
31867814
31878073
31881640
31891062
31915702
31918899
31920153
31929581
31937254
31942704
31948410
31962402
31963426
31963465
31973435
31974078
31977713
31985044
31992329
32010559
32026827
32028707
32041606
32047965
32053726
32056267
32082837
32096864
32097301
32109336
32113117
32120049
32128683
32146821
32160389
32174614
32180286
32183084
32185143
32185204
32190845
32202304
32210910
32214991
32215123
32219237
32238231
32242180
32242403
32258223
32265077
32280336
32300967
32305729
32308458
32313523
32316059
32326601
32344706
32353250
32354944
32362379
32373825
32376022
32379379
32381615
32393163
32409605
32427821
32452086
32462865
32497887
32498256
32511650
32513856
32526911
32540078
32547537
32597306
32599496
32603445
32606637
32618603
32653176
32654058
32660143
32670030
32695329
32696873
32706864
32722005
32725562
32731625
32735725
32736114
32739216
32746761
32752213
32760307
32771376
32775926
32779227
32781033
32786806
32788438
32792626
32794626
32809491
32821644
32824967
32836010
32842150
32854013
32870664
32896089
32931958
32974281
32977660
32999171
33041572
33046106
33053139
33058033
33068165
33080285
33084510
33129168
33136824
33139713
33147073
33165857
33167088
33181261
33183606
33183771
33187551
33194995
33198042
33206167
33210818
33251156
33282985
33283037
33292729
33305718
33365905
33375313
33384586
33398626
33420772
33450215
33457945
33459139
33459695
33469048
33471636
33483985
33484426
33500468
33531099
33552664
33574362
33578157
33587969
33593052
33618340
33655652
33669905
33672816
33682137
33682956
33700478
33713992
33721731
33740912
33741778
33754736
33757004
33764479
33772567
33813783
33823716
33828146
33840824
33844517
33853393
33863607
33870385
33874572
33881377
33882277
33901089
33907623
33921946
33942485
33942650
33958274
33962125
33974264
34000485
34000880
34002637
34010297
34029451
34031594
34068953
34082421
34086168
34087270
34093896
34109823
34109939
34141132
34145846
34175525
34190082
34192771
34195379
34200258
34214988
34218980
34229813
34253250
34260308
34260573
34266354
34267454
34284888
34286101
34314960
34324482
34330417
34334128
34372926
34385049
34395756
34412743
34436707
34444431
34450535
34450733
34461459
34467486
34475705
34486032
34533234
34574408
34576731
34590555
34598278
34614167
34633742
34634145
34643714
34644620
34673789
34676975
34677971
34696238
34715872
34717079
34736017
34739138
34762261
34763143
34767125
34774086
34780147
34789947
34792196
34799583
34813299
34830706
34831326
34844242
34844369
34850739
34852076
34852108
34854916
34861030
34863541
34882150
34887862
34900550
34910155
34910262
34936101
34936617
34936975
34955792
34959264
34972594
34980810
34986945
34988592
34991423
34994519
35007244
35013533
35014401
35017266
35019081
35038126
35048768
35074236
35074972
35082295
35082686
35085218
35085463
35096736
35107806
35110858
35118040
35129659
35130958
35139527
35141039
35156119
35161572
35163267
35164697
35167955
35181925
35192164
35198661
35214645
35216444
35227695
35246303
35256450
35260319
35262435
35272916
35276857
35283128
35289124
35294992
35304124
35310170
35318934
35332671
35339738
35340475
35340515
35343120
35345984
35346698
35352294
35356466
35364486
35366575
35371958
35384473
35395462
35404855
35417176
35423432
35431922
35436821
35447784
35449325
35451650
35454169
35463601
35468238
35468714
35472679
35482588
35499069
35514609
35530375
35533549
35541437
35550752
35553159
35556629
35570757
35578325
35580368
35580738
35588243
35599880
35615559
35621315
35652352
35652721
35658037
35661674
35687165
35687839
35690229
35702842
35710911
35732002
35775895
35778776
35780249
35782068
35788867
35789399
35793847
35803063
35803079
35806769
35830324
35830900
35833997
35842366
35851341
35854760
35864759
35865403
35877837
35879208
35889205
35890208
35904875
35919712
35922253
35948177
35949349
35952551
35956619
35965528
35973586
35974848
35980873
35988326
35992742
35995171
35995558
35998205
35998608
36017130
36044717
36052560
36061392
36067237
36081368
36096719
36104514
36118171
36125100
36126234
36131964
36135950
36136023
36140016
36143466
36147827
36148068
36151238
36164718
36191994
36198387
36202826
36206773
36213027
36216328
36227038
36227213
36231831
36276562
36295796
36312688
36315217
36317553
36318765
36322257
36331500
36344796
36346210
36363444
36364917
36382708
36397877
36402407
36403811
36434469
36435162
36436858
36456456
36456968
36503179
36517724
36517748
36520010
36524976
36528469
36531405
36532985
36543938
36544310
36556814
36560858
36560879
36562849
36573470
36583695
36587704
36596607
36597188
36605922
36610152
36610753
36620657
36634888
36638178
36648487
36648600
36650909
36663974
36669336
36674859
36677209
36691853
36696683
36701630
36711952
36718140
36728118
36729276
36731402
36733212
36747878
36763444
36806210
36808301
36825903
36830894
36832446
36835326
36838412
36846042
36855711
36860227
36865090
36865472
36876437
36888944
36905639
36913844
36919158
36923029
36944029
36954083
36957465
36995368
37004704
37014679
37015735
37023570
37038651
37039042
37047697
37055473
37055960
37059754
37062716
37070630
37076955
37086698
37088994
37089188
37089201
37089334
37093049
37094468
37099917
37106201
37107117
37107829
37109638
37110496
37119939
37133462
37134265
37135172
37157766
37160325
37160664
37165002
37165392
37170507
37170651
37180103
37180109
37181876
37201249
37202846
37204446
37205066
37215547
37218231
37221599
37221701
37235879
37240562
37243017
37259459
37259615
37260117
37261010
37261197
37262623
37271492
37285019
37291024
37301658
37302553
37307220
37313671
37320597
37353968
37390746
37391396
37405883
37406331
37415891
37424401
37431203
37436858
37443069
37450289
37454480
37455319
37455798
37460247
37462890
37472661
37472904
37473503
37481057
37506011
37510059
37517751
37521208
37532153
37541848
37552938
37553974
37557647
37558110
37564663
37566402
37579243
37580198
37591570
37596208
37605899
37623236
37631647
37643109
37651471
37651745
37678074
37684601
37690739
37713628
37718450
37722812
37725437
37727399
37735349
37736710
37736918
37741486
37745214
37745951
37750466
37770430
37780671
37783267
37791224
37797657
37813023
37815737
37822342
37823505
37840421
37847250
37855376
37856945
37863648
37873266
37885861
37886880
37891273
37893804
37913763
37914864
37915377
37919013
37920937
37923206
37927779
37929433
37940202
37947464
37953366
37962545
37970852
37976194
37979631
37984894
37994724
37996129
37999438
38000589
38010354
38014827
38016788
38018049
38019847
38025588
38032279
38034453
38036381
38045031
38047188
38047388
38048853
38049699
38050088
38052802
38052805
38060536
38064437
38068688
38070574
38081650
38086558
38092164
38098852
38106478
38114335
38125210
38135960
38136015
38138088
38140411
38153416
38159802
38162560
38164026
38173196
38174367
38184328
38200994
38209809
38217499
38221202
38248199
38249904
38250001
38250855
38259030
38260126
38270563
38273198
38277232
38293945
38297924
38305576
38312486
38319449
38320238
38323751
38324648
38334818
38336574
38338867
38339698
38347937
38353535
38373308
38374324
38375022
38382423
38400527
38409109
38417729
38421243
38423496
38424129
38424891
38428388
38440706
38440911
38464416
38475630
38476134
38476417
38484019
38501671
38510138
38516623
38527618
38527961
38528030
38528301
38528408
38533310
38534566
38537275
38541089
38541410
38546417
38555391
38562973
38572590
38584295
38591760
38591797
38594007
38594102
38594992
38604142
38608530
38610421
38640178
38646216
38659673
38661062
38669006
38670588
38671921
38673835
38673872
38675111
38677900
38719600
38737533
38764563
38766630
38782740
38785731
38788526
38818635
38822081
38830824
38840194
38853497
38885955
38887136
38903102
38903711
38910793
38911027
38917852
38923794
38929895
38962779
38963248
38978572
39023365
39026198
39026285
39027768
39039705
39067209
39071583
39071855
39112071
39119684
39120939
39121970
39143905
39173348
39174585
39184335
39196103
39196396
39198047
39206184
39242125
39285983
39329285
39333060
39336835
39353273
39374708
39384802
39386406
39399278
39402065
39402426
39403056
39403989
39404442
39411697
39413498
39413550
39426270
39428196
39437485
39437693
39441462
39441770
39444225
39453227
39466304
39466351
39469208
39488818
39494445
39496111
39498790
39499328
39500505
39500658
39523954
39589293
39608793
39616626
39616927
39617688
39618522
39620134
39626144
39633141
39635079
39659983
39661264
39691692
39701642
39702245
39705169
39706815
39707631
39714330
39722550
39725460
39730203
39734681
39736048
39737088
39740321
39744844
39745724
39746095
39746338
39769498
39781265
39785064
39794656
39799744
39800180
39805144
39819561
39825252
39825528
39826137
39826347
39828250
39829724
39833513
39833583
39833637
39842359
39845998
39846439
39847278
39847607
39858752
39863685
39887097
39903977
39914304
39926370
39983104
39989842
39998793
40003413
40006621
40008701
40020989
40042502
40042829
40051906
40052151
40053886
40061062
40061557
40068910
40070084
40070222
40075146
40077967
40078768
40082133
40083588
40089464
40090894
40091728
40099378
40099481
40123848
40125266
40146816
40189933
40362518
40387038
40422367
40447902
40483298
40483769
40490072
40490081
40597911
40604996
40650071
40696319
40701843
40707810
40741339
40780535
40801204
40826023
40902453
40904249
40904660
40932649
40944455
40950288
40959107
40983238
41041317
41263159
41313708
41317067
41317421
41335711
41412758
41504078
41524937
41533239
41543865
41550410
41603897
41605988
41608096
41624289
41628789
41670218
41753579
41774103
41780754
41864246
42028332
42054611
42085952
42437352
42517265
42517791
42526454
42531402
42589549
42596407
42617776
42631411
42640923
42721833
42788389
43123630
43417479
43504736
