11798
36050
72057
119376
193832
194238
204906
206534
289548
313488
347700
350737
351192
356041
480783
514070
559985
596167
771064
792246
833768
885936
892036
954639
1006048
1085145
1146169
1171095
1200306
1313728
1354597
1378666
1470788
1500314
1582216
1634403
1873720
1975098
2050286
2145458
2482814
2560106
2566714
2596736
2811256
2831258
2864498
3168506
3168700
3320551
4439991
5658921
5815311
5817161
6019151
6299361
6796441
8028161
9035721
9259761
11229861
11967091
12128141
12711881
13797691
13999431
15231521
15596225
15623990
15671315
15706969
15990622
16028388
16050617
16099995
16126486
16158500
16609861
16615204
16652077
16692985
20172814
20201428
20314600
20390872
27351943
27498544
27903003
27947056
29043407
29116269
29120366
29126540
29238821
29541566
29561960
29638879
29931219
29946582
30040614
30136276
30229260
30281179
30283038
30369218
30430820
30498195
30664623
30736887
30941742
31082396
31089854
31092723
31287507
31448506
31525614
31660678
31680284
31781162
31919763
31976226
31988181
32121342
32244163
32288681
32390084
32437808
32444603
32447476
32462882
32747470
33012343
33015800
33026921
33052341
33132170
33134505
33292729
33455400
33467222
33565098
33618340
33650487
33719411
34176815
34191713
34262847
34268940
34271915
34297224
34313704
34387564
34419423
34460855
34527665
34595388
34664661
34725190
34829884
34844519
34920576
35008493
35021150
35200183
35221723
35279376
35322329
35356466
35497249
35580368
35586471
35637240
35757014
35787021
35816075
35879893
35900024
35949017
35971388
35986072
36058595
36092519
36145887
36149962
36161663
36244565
36291665
36313076
36392766
36466227
36477732
36538189
36575352
36645695
36660866
36663285
36748465
36766421
36808298
36863105
36887514
36991232
37043833
37054012
37061663
37094468
37096030
37121970
37183393
37313925
37320103
37321660
37609810
37921378
37937240
37937293
37987387
38010354
38012361
38067335
38095687
38099266
38104917
38181860
38254966
38300443
38385633
38467143
38504120
38531018
38535689
38564916
38579246
38594007
38607770
38894847
39380507
39410289
39480855
39498303
39592726
39747150
39898749
39956902
40287750
40328496
40344160
40376269
40403615
40465984
40574364
40648907
40678592
40903138
41011363
41170699
41270125
41300795
41303431
41306593
41514691
41569682
41591751
41689901
41856164
41963216
42027587
42056861
42090213
42177082
42279793
42584673
42586385
42592435
42698273
42726156
42734274
42859337
42913775
42986642
42993273
42993963
43021651
43076820
43140368
43273366
43334118
43477110
43612058
43686943
43698619
43803536
44007420
44070277
44081214
44114714
44125296
44165505
44270317
44412070
44442114
44513121
44545745
44572569
44729966
45107850
45109725
45422707
45639247
46001613
46315435
46487027
46734922
47417343
47653635
47661529
