48026814
46743233
48020007
27896356
47955473
40574364
47940371
4803181
47933656
39466686
37124606
47389416
47799520
952584
1366361
29777439
44412070
47839713
34714895
1515190
47627083
1502356
46505586
47508580
44070277
37183393
40442860
32676884
14505171
44027628
47417343
36748465
38215952
46025386
20163223
30136276
869561
37590878
47144878
47177570
885936
33548178
29931219
33667720
35704433
1842362
16652077
44231327
47022912
2831258
34656089
16692985
34664661
30283038
40903138
16073157
32602742
46907541
833768
38254966
38504120
3043392
46752163
45818068
46514375
33597645
46738063
41928997
954506
253770
34853053
1023645
33012343
39880797
16050617
46513151
46132779
15724439
46477463
41018492
2219624
45184976
46315435
36509586
42576727
44851715
42157258
45830718
46006290
42297858
37177606
37321660
42734274
46277257
39623249
44909512
2227096
46191075
46221991
2707220
39901678
46067854
40877485
46120286
33740996
33741778
46073472
13825821
44459233
34032473
525548
34039531
29719307
32625132
31026216
3505851
34651665
1564659
40170971
37452480
37036907
2864498
502799
16072171
45770929
1844576
2573946
45622192
42586385
41569682
26361
954639
29145300
33580073
39608793
44758691
41856164
2186258
34884676
45316213
36165552
44492436
42584673
309048
29638879
45254536
31748986
45235954
34059576
38860322
20328433
43021651
45158155
45109725
42200942
45109843
42213061
40735688
36145887
45127947
45107432
45107850
15640419
43855044
44789299
43016837
44549923
34844519
45006365
31172637
24655228
43686943
11967091
34271915
34176815
44782404
44129259
33461345
44283738
771064
36313076
36496295
42913775
44798093
20329657
8892541
15587234
42279793
44235508
43601805
36132341
1892260
6742521
41170699
1603363
12711881
33650487
36092519
31879493
41300795
44233189
44502841
41689901
44442114
42056861
44007420
29015921
33052341
33565098
37043833
38095687
20390872
44443425
1368322
41011363
2039694
37937240
37609810
29085620
42162600
37937293
9006571
32390084
43583469
44228690
40421756
33455400
2995484
43612058
38067335
44141251
34829884
44114714
43993170
44085570
42527675
36863105
10298341
41514691
38012361
43956145
230737
32444603
36233947
43949780
36660866
5815311
31525614
41963216
36413583
38531018
43821616
32133313
43878019
32352848
38870132
43803536
37048405
43698619
31766278
33741882
33719411
35039943
37146733
43610974
34711755
43400552
1589279
34288861
31314215
15652765
41084166
37642160
42993963
42986642
38099266
42747208
38564916
20201428
34725190
43097358
38293995
41992796
31677803
434713
74955
2268970
34886224
29153283
43138566
42584748
42235052
1146169
10171741
42499512
43088536
38034909
73744
37978482
113863
39480855
2035512
40982320
39255036
41587978
39895988
42993327
42808286
32182070
37313925
42855817
3157764
1460367
35597765
42726156
42822494
38087037
229746
3055894
42808702
37877331
37881385
35640554
42729759
37672932
36582847
41570707
42592435
32854013
42213000
37855813
42116343
1146459
37871689
42448682
1975098
36180558
6796441
41003588
37045120
36817999
37859556
37096030
32556320
34804432
1454595
15744892
38182077
42181381
42104489
14471931
34281340
35586471
30664787
42145099
34021836
77617
36879805
41973868
4808241
41905998
590289
37619643
41324465
41290321
41280317
37217446
41477852
29676584
39825738
37389267
38494340
33015800
41888765
41879250
24328586
39824650
39007267
29286489
36494446
40287750
2944724
37049869
24402492
39498303
39969276
34202335
41626953
36296257
36400299
41399161
41398626
31916219
1634403
36722553
41593559
40738444
41203402
31267339
37721141
35747647
37545051
28006407
36753181
36168038
40375098
15386791
41420682
38606502
41435752
40405511
41426007
41412995
41411126
40274359
40273966
40272642
41291457
41250206
632142
39702345
39702742
326443
39703712
39978674
41360562
569
35497249
41349954
41350388
41329665
31030722
7708711
35857033
39931678
2689610
29233080
29131195
41242464
31773402
40517135
33239512
36274489
27646777
40865490
39683755
41093354
28137
6934911
41062588
44886
30714370
41030531
40856231
39829462
40005999
39720882
40992969
36824816
40593603
24920900
40280338
40902727
40714247
36809558
40824239
40779712
16027022
35322329
11604
40774354
40771290
40767870
40742829
40328496
33654851
372677
30529092
35300985
34268940
40678789
32764561
40596747
39224496
33486639
32713577
33481426
18128
36776160
40245234
37296920
31421106
496660
40398270
32376022
40488297
39927137
1605053
1373118
40370993
2630504
37794049
3168506
16002278
38622085
27191155
38866331
1310439
585769
31649667
1679266
629850
29580048
37947145
38476142
2050286
40190658
30369218
34110308
1242418
30514259
472852
15726649
39219898
1648406
30004405
33432979
37987137
39890437
40008996
33232042
250686
790656
842663
3860331
1600243
1584313
39775220
36468700
32910752
34633210
33235967
16303108
29311548
27966128
29288257
16103773
852997
33580409
39878708
31726532
39691020
39861327
2616396
35244434
15667131
39847854
1056962
39324081
158654
37756277
15974211
39692938
2593716
34524868
32325098
39733761
39732964
38910283
39724098
38142003
39708606
24510306
3115912
37850681
31995113
35490102
38141279
39597363
39442196
38127331
37809441
27080734
35589842
39662711
31207301
36199759
39595747
31819967
38277422
36197702
38972138
75103
38886464
38886514
38886256
38885697
38852434
39378168
16659520
1609047
30732006
412241
32405332
39557910
38538968
168310
283565
12148
38141309
140075
39471098
34099270
37836622
1289194
8988411
38630457
38785029
34261097
37855931
33194995
38145156
37076955
490713
36752390
32353250
38689323
39357943
775272
38858875
39139965
311546
32513129
39267569
32512935
38138929
15578934
16066789
38661234
39226901
31128614
39206715
39209236
38677381
38677204
35240225
3561131
39177401
30567215
33187551
38663403
38663333
38662648
38233811
106149
1932870
39144301
39140353
6490561
34297033
38733844
38591222
38962779
37873266
24728183
39100158
2758276
7478351
39060203
39070466
1281687
13446
39005347
32351827
30314130
36228861
37021876
802735
31213066
1730025
38987674
10912
14190
8745501
38838215
30137910
38967167
16432171
35658308
32597240
38933960
2785044
38885985
33471284
29170535
32080989
38862178
207260
31923832
16805836
548994
36838004
38590644
35853753
38841341
38833953
487840
38204030
764211
100250
35082686
33455219
38236337
16080071
4956101
38671488
36092838
263414
1329963
36295327
36991232
38424113
34855714
38566645
38669006
1478550
38677786
997522
38640178
36292045
34004421
30444363
37649718
20172814
242813
3935931
36834514
38631141
32426694
33292729
1759009
38594007
328399
4416791
38209809
35108768
36052651
38594102
37580198
16091343
38421243
380154
38584767
11229861
36148068
31364
37541293
32389844
38546417
38546529
37203463
33738435
35279376
203473
32224897
14466541
38147231
141745
36660760
38317762
38495853
9701
35810371
35810523
470053
36880657
38471948
38244450
78789
27055720
540439
38424129
34658317
19456
3536441
531655
16468306
1342318
1176411
32291291
124786
1662332
1817377
210649
37845187
38388521
2057194
37023526
30161279
35911395
38146992
30101195
1254215
37054012
573243
2695734
29091894
38053993
29099432
32461768
35652721
1696371
35468845
35580368
995184
381829
27937681
38246013
29558332
3226353
38275042
4023121
451855
32301681
522830
4064581
1723486
38286060
38285492
174094
36219143
34352584
33718067
113973
434321
1523387
37573495
2230652
36828046
38242740
31627450
37488592
6299361
3198933
36566912
29653756
33618340
34936371
35376078
2844128
417143
36242782
15811258
632196
37245504
27669598
313301
33877176
35104103
29816700
32757769
277833
12827871
15684306
32072208
38222928
36814615
31880815
35520704
276167
347700
877307
35983367
2152462
8829751
9965971
102354
827496
38206730
38205989
38202997
37041530
4123741
37901054
218232
31561258
37282818
34934984
711157
1187496
37257065
32130725
37885598
1725325
195104
38141504
3109509
29307307
765940
31724207
37979149
38167220
59111
1409722
2698598
38160471
37235630
38156197
228216
32819697
1116821
35810800
30007773
37868201
37564923
11220
33822124
38029426
37973509
31760940
37841360
37802587
38031148
27679414
1322549
37307181
31917989
2043944
35556629
16103580
1582216
617783
237608
37765581
1456488
538043
37094468
199193
38121509
9195691
27884465
7613211
27115000
5681331
35864759
33931346
1628437
37221599
35727758
15559884
239964
38030967
6947111
38030241
38030201
242676
36299528
1534367
1572988
37969762
38030041
38029932
7958071
27103804
34281074
1497635
37956374
38029968
2136182
465257
672965
30495123
32349131
29786941
7694071
36683373
427248
31313419
29521709
29889111
10238631
13996741
33493428
1624178
16158111
35978977
63378
2817412
2829110
35561833
37301013
37804630
27049549
922891
37516298
34315915
34854916
32043628
36812193
15752031
20150803
33450215
36719575
37991224
1861202
1080527
37049881
37516314
29318698
33832904
3057703
1610948
1043127
1397545
590634
27621592
354956
169492
76044
347839
38040708
95180
2679824
35636702
37665863
35313339
38061995
35260907
38025974
37516255
48909
1944874
29524843
2450842
37715574
1481942
12733501
1163674
38059708
181052
31684917
1496505
1413120
977729
10991251
36625764
1686155
29786748
1683183
1783585
33342123
2534908
38054087
15238601
2002880
14094211
11429171
1669502
494835
1446315
32853698
842782
2182600
37516194
309398
11744331
1314686
153989
348802
1639228
24232080
1487435
37555318
310033
2009368
1684998
1508454
20724031
33046106
191158
1935800
7602851
33245263
93640
1471039
8438
38033330
3064114
8669631
36515770
30063434
37850322
20269321
36142896
31548792
34224765
628860
301225
36124522
38031492
30527052
789336
356914
1480870
29512837
832177
1370750
1593617
15596225
37804293
27959120
307850
309205
795992
7115281
842380
1468439
27946325
233204
29541962
711181
1899896
2811256
2550754
36538189
2424064
37930916
8173141
1898766
1748193
1883812
35652243
2175432
132137
47244
33152906
301013
3430241
27364207
129858
35793405
1651057
34622597
113003
552575
596167
35106960
475697
38018690
37177773
246282
35755127
33849889
38017095
587558
251442
31469754
34306039
27158524
977598
32301946
56181
254313
20418649
353810
24451259
757801
662352
104251
32176103
32561635
29810412
10154631
37178043
35621839
1033820
38003559
170632
29649316
5331841
36886397
29787255
15797480
30816628
1612850
2068538
237544
18698
144055
4355571
1078333
8519
9347051
83166
3092638
14483571
37993205
36742325
37987311
842198
35310219
260869
34144549
251548
144735
232353
132010
382119
37989779
2444046
7876371
37864378
37851
239375
36098654
37577436
210233
32276072
102527
310368
14833
37701161
44912
191777
181600
245725
31785692
177215
15414
36864743
152025
180604
35735993
37542896
165933
172609
64864
55478
64689
95485
65177
58007
35455309
158963
37529282
13797691
613087
16060412
35019422
37970376
4064611
35997913
29596609
32522806
20261668
37944446
37222860
37631762
490152
564812
167705
37962701
477643
773529
36696017
37962948
37953251
6486991
129199
333869
36656233
36661015
36666664
37593386
1688338
303699
20174884
1236698
642091
31448506
35757014
29956289
1088210
715925
36905639
29319200
70477
13999431
2815434
5502861
37234673
31009306
1895100
35356466
219392
950759
31541043
252560
591264
32302017
2394078
32543426
1361544
4787421
37501878
35582693
37953347
36305051
34384747
29071738
33449
36777790
32135047
16089037
37950741
36766421
36583105
314293
185739
342128
78433
24252121
32669976
37150861
27629623
16158500
36327691
6586301
14962591
15552912
33652552
37928050
34042846
31656728
2296952
1095055
2418850
20385562
31644084
32603445
336159
30664623
29143388
16031116
611709
178291
915984
443387
719993
282534
477713
143381
663682
34535980
10520
152280
34385049
313667
44218
4581761
36050
109672
34497494
37942623
136170
37779628
37942349
697526
16039001
37941519
1388397
108944
390411
36654419
351192
661509
155881
37541848
37903642
31145374
29663232
16798735
559985
28094275
27799810
35390395
29831504
45147
31209204
34768668
37516117
1906826
32246575
194365
4615471
37262792
36865090
1492302
20326693
119376
33811255
33596879
53111
27122866
124891
32004730
829690
1877530
31744
6906571
11272311
76934
228748
10887981
11798
35980682
12711541
285078
37722812
1201572
27871006
36295363
3565161
1167248
37928524
37694265
253940
33909240
34174720
6982121
36116131
30548901
37148431
701066
170354
37212632
882367
16146092
374221
343518
2407802
20310952
33490641
2299492
34098622
15837069
