37270130
48026814
20199067
3136011
47857021
40574364
37124606
15988263
6711471
44412070
47799520
44070277
37273877
461463
47661756
45505081
47645071
32061889
46505586
869561
47458057
47508580
36234386
37183393
14505171
47417343
1557713
47427473
36748465
38215952
325058
20163223
34656089
42297858
240316
37590878
46445891
29931219
47177570
885936
33667720
30283038
44220684
16652077
47022912
16692985
34664661
40903138
1000103
2041152
833768
38254966
8431361
38504120
37546190
1502356
46514706
46514375
46738063
16050617
39886727
954506
30813280
46605831
46513151
11305791
34854332
2864498
46214446
46481292
44851715
46219823
46006290
42530528
37321660
34714895
45542671
39685847
46221991
857179
16113739
36496295
33741778
20390872
38037858
46073472
40786301
43104337
480783
44459233
1029377
45516540
40877485
35024888
588088
3505851
39243483
34651665
4098391
34571232
44011098
42586385
41569682
954639
29887929
34039531
41856164
596250
29145300
35367929
1727020
34884676
45316213
44492436
44007420
38763753
42584673
43021651
43774845
45297853
45210371
45235954
43016837
39876830
34844519
1146459
42200942
45127947
36145887
45158155
33278514
45107850
40735688
45107432
8892541
1873720
15640419
43855044
8604821
38308557
36966048
43686943
45006365
29330355
44931175
34176815
33461345
44789299
20329657
36313076
35787021
31744
44235508
34271915
43601805
7828131
41170699
8329381
12711881
39747150
36660866
29638879
44502841
44442114
41689901
16099995
11229861
33565098
35044969
38012361
41514691
43612058
44256480
37937293
37609810
16219164
42162600
32390084
553112
36233947
38095687
39480855
43376737
36863105
33455400
44161077
38067335
44114714
32352848
33654851
33554200
32444603
34810623
31525614
38531018
43821616
39887196
5815311
2268970
43383305
31766278
38870132
36680035
2722854
43698619
3032908
1134513
34094382
2810584
39498303
43172247
34074480
32703125
34288861
31314215
39128809
43400552
39432003
38099266
35803299
43317791
42773788
43309687
40708147
42747208
37575793
434713
33621348
2831258
42230726
42993963
41992318
42496683
42499512
33676125
42543996
2035512
38066031
32556320
30570304
112629
36722553
917635
35597765
27963076
32854013
36916696
35243680
34871129
29099432
37672932
35840805
34261097
42592435
41570707
42213000
7602851
2245614
41547182
30064861
37855813
37045120
34002836
41663318
36180558
34612997
6796441
34804432
1454595
35306697
35586471
38182077
42181381
28137
37679210
42159302
34857022
34021836
29793560
36879805
2915252
34658632
2944724
41973868
41905998
29131195
37054012
36863247
41546018
41280317
37217446
39826155
39825738
35043161
41804218
33015800
41879250
36142566
41797325
32376022
41763343
39821087
5048441
35310144
37832826
29889111
41582800
35581430
775272
41331077
3407761
34202335
31812135
32736059
41626953
41399161
41203402
37721141
41325546
41287051
2211910
36753181
38606502
41250206
36168038
11277471
41420682
41426007
41412995
41411126
1080527
41291457
31172140
40287750
41360562
33228745
27057838
41329665
35322329
130444
36002724
35857033
35793405
1619907
41247190
41242464
40517135
33239512
40865490
2394508
31030722
2045684
39683755
40134478
36266626
41093354
35186315
41062588
41030531
41006765
40005999
40992969
40921365
33481426
10762911
36253880
40779712
40774354
40771290
38568926
40742829
40596747
40328496
40398270
32235194
40678789
40495750
16103773
39224496
466304
36776160
496660
40488297
38564916
40437157
1605053
2050286
37794049
37610865
40427020
12471661
3168506
38622085
38866331
27433246
7708711
14992991
30369218
30931337
1472628
37627586
29213684
40190658
40149134
39894752
33232042
40135953
31589386
40008996
33432979
40110741
30004405
37595358
39852169
34110308
40051455
35993393
29680931
37987137
37601318
20484526
27022432
39982325
39981498
33235967
36994750
29794300
27966128
39826347
39887793
39878415
34633210
39691020
2616396
35191439
15994618
676192
37076955
32325098
39732964
38142003
39708606
3986871
37850681
38141279
38127331
38127643
39673163
37879770
35589842
30960493
31819967
36409309
1133145
34135252
11395531
35497249
16134014
39573295
39557910
35658308
320387
8988411
39310677
16772128
34622045
35561457
33194995
37836622
32948146
37867880
39195144
3234155
20439295
31571815
39139965
16126538
33212535
311546
37730952
32513129
491825
32512935
5593911
38962779
39209707
3561131
38141236
30567215
32595442
39164742
37873266
34855714
39111402
39130979
6490561
39129549
38733844
38591222
35566901
20172814
16014429
2758276
39070466
1281687
37021876
802735
38987674
27924403
33653320
38967167
38838215
38885985
38236337
29170535
38400363
38862178
511876
38204030
38671828
16805836
10583241
33471284
34164316
38209809
76773
31833200
29311179
15770778
38841341
32197463
1096068
35082686
33455219
38671488
38677786
1223928
38631141
36991232
32200742
20416126
36295327
38424113
997522
38640178
540439
30444363
31601768
819604
38594007
34903603
16049071
33008968
3049907
31559289
1594397
38613225
37580198
36083111
35997913
4416791
38098516
38421243
748740
34934984
38353535
37871319
33644748
38584767
36148068
38572516
3867101
35159667
37541293
7273571
1634403
30363743
38144994
33076419
32096052
819531
38537862
38536922
32224897
14466541
6342431
38098396
30161279
531517
38013060
2408716
33292729
38317762
37516194
38499804
31518078
30101195
592937
37986454
32858193
38277422
36880657
38471948
38467185
29521086
35652721
30281832
30266845
38356557
38453857
37311838
30229250
30226784
34108609
38233811
5316611
230737
38419481
15563364
31712299
38005752
34342670
11352501
30387154
38393496
31085593
35746933
38388521
32974461
35905540
30291452
35911395
35279376
7532751
37988042
38367206
1254215
29019936
38273198
38349818
37611298
37976719
11427081
2347786
339390
36366690
31658005
38323145
38053993
31000514
33316660
1084014
27799810
27055720
35376078
8312111
36424966
36371131
36828046
36239310
36299528
32225483
38010258
29668604
37885282
37783492
36219143
32529180
531655
29051986
35455309
38082787
2339528
31562403
34352584
131872
38266662
37599821
34840440
38246013
38260126
347700
422836
31627450
38242272
631746
32757769
35104103
32961939
31880815
32217369
38202997
35160006
38209629
38207772
38205989
37901054
380154
38197812
37611147
38083324
3019374
1333561
10559921
37885598
35878216
38020057
38190555
1121369
38186143
36260679
3165516
38141504
9251171
37934559
27583600
36120562
11356951
38107804
35340499
35755127
34205120
36115816
3109509
33119240
30007773
2353958
35343817
37973509
29054678
37841360
37802587
35450911
37052184
489945
29071738
36206405
655533
38133370
37516400
16103580
37573495
8626
38106877
37008112
32780609
36607708
27884465
16062672
37880566
38116131
37990866
37271146
1053903
38030817
38107350
37956374
672965
38101418
38020149
38077187
29069043
31313419
928584
16078686
179202
63378
38084260
36625764
38084081
36719575
37962726
37516298
16356817
38061995
37866984
37991224
38047477
16147721
31736313
35448006
2810214
35719178
2338966
6359991
637781
37781234
34232370
37990870
37516255
33152906
2679824
32849702
8814501
37734511
343518
37867899
38059708
34635385
31935089
4412651
3219963
34405982
34473917
27334921
37823402
27894707
29161696
35735993
38034973
15722471
20150803
36314942
16155183
37944113
33504882
36635794
36648487
29653756
16286749
37221599
37665863
2302052
37944251
2377656
11360141
38018690
37930916
157312
37998304
35150294
1067922
169492
38017095
1068808
38013015
36006149
20418649
38010354
16333246
19456
38008123
16486999
38003559
35310219
29649316
15797480
5643951
16161005
38002877
16487341
16734718
9347051
16768339
37148431
336159
36742325
37903798
37724804
27590932
37113745
35099581
37797664
37976526
27158524
37103258
31730802
37976909
2182600
34387551
37943392
37975471
37974550
37729135
32802756
37905238
37970376
29137194
37866520
37967034
20166496
31763733
34986411
31785692
37212632
183485
37964762
37962948
37953251
20170141
37854919
37963030
37962523
20174884
1088210
37959435
37950741
36417947
37956990
37571486
37501878
14962591
37854442
37951245
37953347
35432457
37623236
37150861
37950554
37516167
37946983
7987711
36452568
37944928
167705
34385049
984786
37285533
37924936
34769853
34497494
37942623
37942349
37941519
37941595
37928050
16630303
37938888
35344346
37938267
37937221
16223205
31426412
33654267
37931046
29541962
37928796
32448260
37718184
36865090
27871006
34370331
37928221
37928524
35283128
33493428
37483035
35362146
29610149
30567426
37697640
34772865
33931725
37923496
33909240
37694265
29318698
35994676
31540271
253940
2798602
32210694
37919874
34708704
656158
1633246
30876796
37719703
16183822
37912518
35652243
34232185
10529761
421901
37908584
37772429
31849548
35621839
37900747
37895968
37784901
37164254
33219460
31326340
37223596
37779628
37590492
36693868
37866364
37810536
34027153
37824090
34905277
36486366
36039746
549368
36039277
36052295
36315183
37234673
37871054
37877413
37043491
36242782
15794711
36328735
37870985
36347721
29023105
27129682
8020801
37868201
32342221
29941650
29160316
35551825
37688251
29917158
6906571
37844147
355698
37631066
2418850
29187149
37596867
37841507
34844369
27944560
36864743
1114032
35305067
37262792
34016023
3014848
30905457
37514173
1478550
37756277
37850322
37843125
15963179
37852076
35008493
37851820
37628550
36402865
1322549
37810406
36746474
36298704
37151337
35908020
35699762
36322371
36292045
37443030
35884107
36323018
33713157
11347421
1130269
29782750
11613981
37477567
37789638
37477890
185739
32597240
27885502
34218848
1832530
485918
35160557
37832790
37496941
14483571
35677096
37826618
37823935
36271156
32554504
37821818
37820275
37816786
15652765
32301946
2220672
31145374
220740
37291024
33250285
37804630
6521491
35151802
37804293
708420
36107386
37328700
37564923
36556814
12188031
36746949
1427500
31789456
37485596
33108783
35246303
32249188
1787759
33584069
32488535
37589821
34790440
2288902
37697252
1316340
31548792
99450
37483505
32276835
320765
2530590
36518581
2327924
37322158
102652
137699
596167
32172363
35757014
29255724
37770507
36304422
36314283
37767899
144055
4895061
29276614
37513675
29299297
37513847
37762875
15497521
34768668
34556648
27122866
35099583
3092638
1652679
31654812
1318353
33731680
5865071
32302017
13797691
35781165
37722725
37112272
37112422
27552883
33169219
15631017
31943468
33881532
36859743
34798706
37743259
15812146
35912003
2011504
351192
29596609
37521232
349648
33438780
35956760
37649803
7115281
2785044
32130725
37254959
37736298
790656
8762691
37593386
33757495
37639162
15839410
35141024
30732006
37136660
15816217
32578440
29534179
36696017
37728953
2704510
20328433
37725674
37715574
15560418
33146438
37690739
37722812
33168078
34064706
30835196
3064390
36356587
34087062
37421266
3057643
37538269
16183320
35395610
15684306
37363184
35648987
15710218
1171095
1282456
1481841
36536500
6506101
1492302
34753512
16369510
8799281
37632327
27239512
1146169
33849889
2407802
32698748
34658317
128693
36553080
1635556
1352478
42819
37701161
32353250
1506304
30080201
6982121
12180721
36905639
35808325
32305843
36884355
35921093
3794141
30062930
36538189
659560
37676249
36616771
29620254
149807
37690464
37566353
35086026
32840141
37686917
278193
37686888
37686818
33245239
1361544
477643
37684601
33342123
37683337
37622332
30262335
374221
37681718
37198383
8697461
115914
36990448
882367
6947111
36442493
338738
304985
37674094
33161705
37299366
37673287
32473050
13996741
37251405
37289646
35727758
219392
15793241
109672
34936371
34111873
766777
165933
34405596
30884061
34306039
309398
29591225
37663206
33801589
36157931
34144549
132527
32389649
219308
119376
33806272
85307
30058710
36654419
30570995
35983367
27889049
37577436
611709
35390395
171342
36098654
37108085
950759
36834514
1103520
37628066
730321
76934
848461
14180831
1668407
36886397
30658040
29008745
154501
1572988
27629623
36566912
37230188
36824816
33848599
11086291
32547426
731740
1765385
313301
1628437
16798735
35580368
541246
30495123
36437426
37096
37623088
1737273
37623069
29956289
1668561
2189616
37563071
2815434
36661015
2175654
37638128
30527987
37554475
33596879
1326480
36335589
37628009
37435296
33307638
35478329
37623052
757519
37636150
1688338
37635861
37635598
33446198
829690
1728548
1438458
1209529
33521438
16553065
34257553
487413
39360
37631762
2064172
35356466
36213196
1481942
33910707
37178043
31633966
31448506
32331653
32351827
37623035
34390150
93248
37301013
2167124
420401
37623019
35791948
1127451
1398925
29831504
31554685
37624508
37625125
32142699
37620363
3185736
34851784
32556030
37623102
1403021
30242089
31297544
37622880
37583455
1784641
2811256
37583386
20310952
132010
9182171
34042846
35482588
4064611
33008051
25086175
27914683
37583339
37583272
33046106
235720
29965767
31110130
16198621
228748
11744331
33473240
15596225
37583211
1534367
101070
32246575
34770777
16035161
64016
35573732
155881
140561
33738435
2389568
32004730
181600
20248183
4787421
1025280
2621356
977598
31649667
36514936
37430215
37444157
31448101
36854858
842380
37047665
29189352
6422281
36316614
27373033
29143388
29787255
2825932
4341061
1477035
36305051
1549534
31009310
33119158
1227708
3071446
1895100
37609896
1163954
31541043
32625132
34820068
760817
34020987
180604
31057880
36610427
37254757
29663232
34315915
37222860
37026430
30100405
37145938
773529
32669976
1963648
35710349
35944277
33187551
16686505
37123750
36766421
32165608
181052
1508454
27380221
20261668
36600020
152280
549311
390411
37542896
2709952
787652
37253745
29673090
16142744
33811255
33652552
32543426
37583148
35747647
716927
37583092
1388397
1600290
13999431
32522806
37583032
1055997
37582989
27298831
1546064
1124579
16039001
34384747
20326693
153215
34448883
31353623
1855976
37326220
894150
33490641
29786748
30848818
5632591
36583105
36050
382119
1906826
36777790
1195626
313667
28094275
1231917
27957405
10887981
27507784
11798
33965445
1684998
2199674
31296827
559985
477713
32561635
31644084
30054388
1201572
1877530
3198933
7560841
700950
37582880
37580266
36342850
37562137
37562104
5502861
3565161
36680226
37424896
37499480
36295363
37562173
37424632
37424424
36448909
6951591
16727800
908695
2787950
37424366
32276072
37545051
465227
37544040
36559269
7321611
37541848
36573271
35969575
30307683
170354
35980682
194365
35404855
36452476
34457060
35884650
2617184
12711541
16892
32461768
1329963
285078
34097958
273217
68806
615562
1610948
3057703
33726771
32883304
2393868
10520
34126443
37434264
34098622
36999950
