979013
37946809
15517331
36995972
37690739
519574
47925338
2757684
47928391
1615461
36413583
47389416
46207189
46302587
37750044
1375382
46542374
44412070
40678592
31781162
47734735
286418
47685771
38065482
47638637
47617396
47627083
46828838
41677202
47338444
335319
45555468
43185113
43722188
43617334
38663374
38729753
40467667
47584482
16199655
47571194
37369045
47551910
47427344
46659603
15789805
33859591
47522668
30683023
44325
37124606
47305854
47498926
47498810
47498611
47498511
47498374
47498118
47497980
44953642
47476101
40363495
47474369
14522191
38570678
43798064
20305594
47438402
39889486
37295654
30136276
699486
40442860
36481485
833768
29876391
36685011
47223195
47377349
47179247
47367749
869561
138827
37180407
46230927
284526
38167123
37054377
41583566
36008265
44585952
823835
37590878
40173140
37183393
38071184
440445
47164975
156376
46578775
46958643
44599867
44442494
47124526
2864498
1537283
47086849
44442221
44442169
44442072
44441695
16073157
44441567
39146226
44249266
37546190
115280
44220531
44062238
32371566
44221523
46292994
37199454
885936
286780
35959134
32003071
596167
190613
31603701
46972263
40903138
41578923
46968504
46697457
34534767
46961298
38181860
34033067
30890802
46761782
16692985
33012343
46844955
872212
46758141
29931219
41856164
8859801
36882626
37624480
46632286
46686013
34753197
3231996
38504120
36274227
46760301
38252875
44775968
45023377
46751093
45479675
39645605
46747442
38538968
2386734
46738063
43760470
46001613
31398753
46518454
45933779
46700055
46629355
46628839
46628244
46699029
46627132
46698715
46623395
2777454
46685404
37120827
39886727
46564196
954506
1007550
20412808
33147517
31412838
37518532
16050617
46578599
39672592
39688519
45184976
1400546
46504632
46219823
514070
3823561
7314191
44811116
42723564
29071738
45830718
44283738
35816075
32217369
46437274
42297858
46424732
29541566
44049605
36900036
46006290
43712100
20519749
46213120
40291996
146100
46103483
45435960
16117522
37220460
37321660
1051286
36954591
37102501
7373991
45811143
45535539
46287249
480103
32636782
952584
42970899
34260918
46186765
2593360
33015800
471863
13862751
7406441
39880797
29637740
43109054
46067854
29529907
35079820
29249550
30920027
45946760
45946224
16113739
32726147
38299241
39282462
46043241
43104337
45923274
40008780
1029377
14094211
46005701
45992841
16131003
39535400
16030160
1021190
37639320
35613147
35241545
2962734
3235457
857179
35001415
37054638
15582766
44430385
45893926
45773803
41441868
45862579
45860414
45852067
45845493
3063756
42468526
7733001
27338806
43676410
4098391
42586385
34268940
34963301
16488277
45604199
43885995
2825260
43361093
45696347
30007773
35686111
766330
27872259
954639
45603062
36438002
34903603
45603376
35790866
44809760
45602097
40241860
20478610
29223785
42799725
36584524
45447015
32638739
42162600
670852
34176815
41689901
15640419
1548545
39333685
33430228
30772609
33106804
30667386
868438
27874223
38848134
39514397
8604821
44235508
1294972
45362476
31881564
37100029
44007420
35366575
13797691
38391762
37634426
35561457
34387564
32119883
10256221
33052341
33326012
35021150
42584673
35586471
309048
38716140
43334649
29638879
45033057
3192964
43016837
502799
39969276
36058595
3032388
45279809
1364938
31713111
34134004
29317550
11111411
34867697
43734740
391682
39870573
34761440
843392
1366361
43246279
44071841
620387
38531018
193683
36286822
1102115
42440304
33292729
33152906
7876371
43383880
33363448
15231521
45136265
794725
15729279
15102371
417658
2854378
45172716
45172378
1720935
45154853
45092208
45107850
45136170
45133846
34714895
35300210
36092879
44336231
34595388
42712747
30569736
45094466
44182551
31988181
1730574
40328496
43021651
331210
6569771
40308083
8425811
36663285
43119832
45048531
27965453
45032157
121766
44442114
41317049
36644308
38063755
31686692
30790382
45010170
45007394
202765
2365508
34854916
43624441
44978239
36660866
38528747
771064
35192754
35417620
43686943
15420311
29099846
20505799
11967091
32933050
36098643
14046131
36538189
44910498
33499398
413700
647745
38678207
44861239
30774565
3205035
336159
33359260
32802246
36177229
15583108
1621525
34844519
36181635
40304817
3140811
35787021
27625318
1892260
31092723
34850744
42279793
38630457
34931179
1472430
33780111
27239512
144453
36466227
388335
44617726
44735784
33843176
37043833
33609544
36879718
169492
1146169
44704010
5321391
44617171
44616604
36467847
2574908
42581711
11229861
440114
7281691
32390084
38715425
1508741
38095687
31068752
2831258
1010420
35857033
44598724
31499398
21227287
44182338
36161663
44433327
3076087
43463012
44331410
38713011
38897983
41014521
38664568
33307524
32306543
41591751
42913775
39685860
37054012
34962537
44233189
37361079
33461345
33650487
40498342
36386163
15623990
36808298
28137
41300795
34297224
37061663
44513121
33565098
42056861
15671315
1293750
2785044
44483354
32333011
976952
6893681
33721731
30664623
36145887
41080787
44445012
44443425
44441348
29015921
20390872
347700
10559921
2505654
53423
37609810
3931101
40992884
43612058
31766278
34243702
36397096
38857923
43924997
38857629
43677056
44116173
2204776
44110543
2457130
44339071
43956710
43925062
43925833
39747150
42473008
2728334
38594007
33141654
26105
31513049
37426813
38664105
43617160
44301149
2723410
32029613
698395
43869336
35438022
32920238
1634403
34292917
39290708
42993963
1642496
37663535
800726
39853044
44022426
36088512
31439848
36050
32444603
350737
43855044
1895100
119376
30567215
6299361
33455400
44194137
1436080
671721
38067335
3119371
32842748
33305632
507929
15706969
3222393
42941011
36863105
31172140
480783
44154564
35008493
559985
44116186
36274489
36601633
11798
43993170
34281074
31525614
918454
367093
41177783
29327090
33829013
32781955
37524108
43904753
43897502
43532025
39061573
2041258
37320079
43812275
37997924
86171
120594
35554290
36397180
36333651
15568669
39432003
42822881
35904495
2810584
33583715
41503642
43655366
36891275
43639742
42393610
27944560
34741193
12660351
35118928
2676678
43512762
1397545
34583011
40121
1505095
39404232
43366178
38141589
20201428
8188801
43317048
42900919
43123266
42930412
37096030
42993131
32182070
42861711
42688228
20172814
37881385
42458179
37855813
1146459
35191439
35652721
531655
290616
36879805
39007267
41407207
34551922
16174613
27947109
2944724
36168038
15997185
31785692
41250206
30033838
41388267
1181061
40851637
39274982
16010326
94979
1319517
38864834
40119279
39836462
39830250
39591589
380141
39302570
38958050
39163304
2103944
331561
39116288
30161279
38862178
38786276
38664961
1951582
38570094
37654748
37758777
37995027
522830
899089
32751758
38119394
37918563
37912124
36696017
29583341
37715574
37711571
37694238
36623461
37565925
37557842
36654419
32185231
15596225
37313742
36017425
37155127
37049869
31623338
32625132
151503
36994678
29263308
35725645
36726291
1608618
32554504
20402389
36564488
35939591
31481717
5146921
33372140
2418850
30679721
36053664
36396413
33451989
2385310
5070211
36301537
9504571
31972541
36261331
31520449
241981
35891498
35879996
1877530
2689326
15568441
155881
32654523
35628894
1993354
34218848
781268
35587973
3206573
30397254
27380221
1340482
35359535
1489658
35266366
16140270
35078546
812380
16733167
3430241
16029199
4785351
290776
31507468
15816217
1639228
977729
10541201
1621597
1167248
3431631
3425291
863527
3185718
3105135
574098
2972542
2941228
2888296
2860760
2843700
2752868
2700600
2418174
2453550
1213541
2256626
393439
1956738
199193
335273
222754
1065391
1095932
822357
978723
