11798
36050
36757
135120
554813
559985
596167
622183
790299
885936
987976
1310439
1457806
1688338
1698959
1804803
1877530
1975098
2050286
2143808
2630504
2811256
4832111
5658921
5815311
7708711
13775221
16366282
16629436
20314600
27372484
29534878
29584654
30369218
31279290
31367431
32244163
32625132
33015800
33228745
33596879
34202335
34460855
34829884
35497249
35580368
36017425
36256782
37049881
37076955
37217701
37290039
37346379
37545051
37587895
37751131
37855813
37873266
37947145
38099266
38182077
38531018
38800942
38823095
38862178
38870132
39007267
39249006
39969276
40328496
41328521
41477852
41547182
41645642
41763343
42592435
42726156
42986642
