37124606
880499
40229822
602234
45521473
2848928
33610498
46592628
34397644
1515834
47398570
1610361
44415429
41583566
46594008
46471114
1451909
46471018
8620191
36405414
34624069
47632571
39215967
31140147
46442278
1187165
47005239
46442156
1923328
34196472
35128270
46057587
43767882
45968710
44279975
46058368
45760294
617714
31472094
47616032
44412070
40464318
41285607
37700230
46098847
47877022
34126509
9801691
44325
37102501
16055253
9424161
29522105
27799810
15760788
34243702
30692628
31084666
36421773
29221194
46737318
34412742
38868718
32000218
35803299
1059426
3846811
32920238
1600007
34931179
43762390
45251742
20310952
41737790
16073157
46954305
968030
16652077
36421840
27680806
34590312
1705006
40574364
33823716
43591631
29813854
43718750
45030226
31421714
35561457
1537283
3098274
42301591
1251955
15571125
1525891
46629904
32722938
37625823
3200120
43162757
1000103
16137460
47427344
36120204
46906593
47590664
42950155
46901707
616729
47778507
37573558
35959134
47176019
737660
47938996
30872897
47835931
35889893
46505586
1709978
218112
47522664
710215
36751486
47515390
10229541
1207492
41196633
414560
8896231
29072054
30796692
1508454
32703125
20535976
5199211
36453817
33445727
39670270
35684071
45753515
15799268
34251417
1057810
27320473
46989860
40943999
27547765
30574224
954477
30167634
37808009
37413241
38103469
38849401
37520186
44098129
15938450
38022316
31394077
36772578
36056581
3407761
31974640
47054439
32347243
31019806
41011906
240316
46936911
191083
47111166
46635654
37454816
595215
47566091
34168362
36261291
27354496
47845666
1489898
560401
29902611
47669065
47724657
44536810
1468573
29081555
47170035
47706826
1550028
20411878
32127986
1183892
3040854
301278
36900036
41063329
46466528
44113821
20449939
37696098
555518
37924111
44803077
46634198
1243786
42520168
29002891
46578483
47459659
46716354
519574
45147721
34769306
3168700
47792524
11412
764258
40589404
732306
47686221
2474458
47665460
35973458
42600441
39396877
32016906
1674665
38570678
45555468
38413069
36523232
47997114
47538729
34819729
46849030
47807124
42970899
651530
29561077
2892028
43997516
1701575
2416244
45959197
1898766
7179401
47663542
31963927
34595805
38601337
38070529
46685530
166380
45751808
15674567
1727096
331561
36928403
47443162
20493409
47052924
8859801
873902
47607833
31478315
47402461
35935521
2196880
2044570
1368810
46927069
46226352
9267
1874836
40622294
81698
32721699
36346586
37864378
47564309
33679974
31805492
47436840
1443982
11016051
1594950
35743226
29561061
30630871
1711422
4797881
33880811
40582323
477713
24980431
30683023
31333260
113897
47995217
7072601
15561675
27379696
39886727
1741663
1389386
39213028
31478552
31891718
2333808
47004401
27831985
2909126
40945157
27434029
35736707
1000050
41399936
41723853
14095141
975165
47902327
3149578
37799623
45253009
47847457
31434088
47267180
38867623
46185793
29825870
39034802
16257421
38607770
35951610
38957965
37733333
31250576
37753812
46140020
47460082
37199454
37962279
697847
45995954
31288688
35084304
11798
42501030
34553906
32735936
47910961
40955094
44051506
47903786
11674521
35749953
43425159
38141639
47764779
33147886
40529543
40161307
47497317
37946809
47865921
32602742
44396399
46345088
41099041
47857021
47710965
46473934
38200830
47437376
42065309
24377787
39445105
47523205
34351520
46016318
31104255
31055350
33894301
47972301
29220600
144453
14382921
1952070
46576248
47930026
37054012
35793405
47925338
3118740
31539488
40708147
209124
3124052
40982320
46312370
31409774
36413583
1068500
1495148
47895983
3119605
47799520
47809115
42027587
40023910
47823900
42340592
47777095
40678592
47569242
33596879
31781162
47734735
15596225
41286185
47411493
36353300
15420311
45756987
47673982
46487027
979013
46910152
47652679
36557501
2618508
29650066
1563881
675509
31540271
1450237
37191019
39140353
44599867
40168236
46328525
46301843
44474780
29579428
35551110
47609488
29072050
219392
46659603
47565670
37183393
47516881
14505171
47131837
47433838
1655860
47417343
47428088
47349661
29055069
30136276
47376659
47392486
38215952
30283038
27764383
37987137
596167
47161437
519960
46908782
33823064
39618050
45002913
15270711
47192335
42698273
35949017
46323667
45525248
789336
615869
47140209
41578923
47101780
29931219
46515161
37873571
2800192
885936
47020892
952584
46133173
156376
33667720
34664661
40903138
46964809
35570648
34935669
46689782
3144433
34884676
44029036
46879905
33035644
42242756
4627211
13797691
37820613
45227760
833768
38504120
42136519
2831258
15652765
20508721
6906571
46755081
44513121
44165505
31641561
46750391
44265267
3039342
46677500
31020841
30726248
27138115
36938953
31172140
46692857
42537305
2246744
44503863
35867886
33012343
44556623
46627340
30479845
43158835
16050617
762733
38538968
1857240
46622536
36094392
29027196
31525614
37350815
46611537
38181860
8431361
35580368
46364556
39688519
62697
5658921
46213120
37748639
38087037
44430385
32029613
35577790
31063177
32055903
27417112
954639
36863105
16700029
46540812
514070
16117522
45830718
15724439
42811248
46507888
33298365
3020399
30724838
38841780
44183353
46476068
45113964
34158370
32182554
32676016
36614252
36951861
46429479
38273490
40640270
46409715
40101476
46315435
45303065
33780370
44406326
42297858
42046778
42600140
35654053
40992884
1085145
46006290
46258510
6935141
588088
33548178
45184976
37321660
46228336
39623249
46307743
44440612
46085782
15583108
46132779
32636782
39180512
35540438
2567778
44851715
46255444
46250307
39880797
40149813
37459452
42734274
35941718
42056861
46196797
32633857
44246553
41871077
46173759
33460049
40671917
35704433
40940986
41018492
46136499
38541316
29510976
40436877
33740996
31995113
44849404
3373881
45939372
46091660
39608793
77900
15984702
34374004
31330115
1029377
45770929
43104337
1368322
44223052
33741778
36296257
46034804
42353942
2707220
30229260
38474784
41503642
30522865
45760437
32409459
45539370
43924687
42127374
579403
42938715
16030160
5879751
3168506
43787919
29526947
40818502
32133313
36485470
1324906
37425820
1607917
2981972
45917637
4098391
33025815
45908079
45531017
29561676
37290276
30532647
45896058
35036219
45890152
2013306
38678207
45856997
32119959
41643062
36621785
36263417
37036907
45558296
27734290
1686524
33132170
253770
44519246
43507376
36520210
44459233
45242863
2864498
1564659
44362123
37788492
45833782
40751330
39709609
35180320
15693921
44143082
30664623
42184517
1094090
45810375
336743
16457329
37609810
41091419
9634281
38633087
516434
43099693
44245407
27682357
42584673
36839991
35327102
45794456
944337
2373152
35355802
44428078
2326578
45785289
44393601
45780702
34268940
27183814
42586385
36561605
1477035
42880064
15829823
30163040
43099927
44509699
31242314
33292729
32453737
44604986
16394092
34962537
336159
38877270
39861949
20197342
44531047
16434997
32444603
44519117
12633071
44906111
1230123
31009760
38500832
38708605
35043161
45715971
44022837
43335863
44606767
15990503
33900379
43101647
33431612
40150185
34039531
15706969
43740077
36707096
31881503
44470372
32775926
45692734
32166941
45688392
1599792
42849987
31529449
42993963
43185113
9134
37585736
45343032
36096719
36783052
38209265
1727911
45671028
43885995
37178045
1895100
15720647
35182649
316755
42279793
44699497
843392
44775968
45643839
15827882
35199195
15640419
43272346
2724872
5321391
413349
35844889
33789715
40348704
343310
2269744
1248698
20487505
29513217
40145129
36165552
1473720
45275129
2459406
45447015
45215023
45593089
347749
1376076
35425599
33160525
13825821
45573792
44285321
44894326
1000408
40205656
32433600
43373445
35249740
32024954
41856164
37005980
34161633
45575711
44482629
39494336
422836
33015800
41550007
35821663
34427918
45219585
43060808
908146
43701102
33292108
37590878
44758691
34595388
42978456
45564429
6801871
31826231
30558288
33708828
45519214
32302017
34257553
37708655
43038076
34288861
16488277
7676931
35586471
39391346
33106804
1074794
37545704
40958485
35585026
44486361
37956444
29599869
40328496
32181251
40974655
41266356
32043445
35625977
33158552
29272566
2269306
43822772
32779651
35394814
34620397
6864881
33052341
40463327
464935
45184352
998536
29144151
45341403
44288882
37860758
55188
43383723
30008136
8243761
35183253
41852820
34149952
31561300
36660866
39155143
42802315
3557951
42498965
2137878
810427
44920823
44691806
14500611
44511636
41939084
862079
43787553
33278514
38550002
30177003
39060558
45472699
34630035
6245251
33363448
195008
9006571
1634403
33433065
45145072
427870
607939
41730539
38877455
16072171
20390872
43246279
11304551
36726098
42029653
44237642
31030137
40771544
45426859
44270255
39255036
44447339
44406450
43756177
45187408
39720820
37223289
37118891
44433601
1906994
40052369
33032038
37953907
34709057
43608312
34111594
44760707
771064
44789299
42789606
45487444
29257842
14658981
44238567
39114303
2716774
32493978
1683427
36728204
38133099
930744
2162396
29638879
38843411
9410311
40125266
44125296
35158730
39969276
30679209
1452996
32327353
31847896
40246466
43734740
1149124
35675914
44769079
32354526
30161279
45474068
43686943
45451114
81747
36792599
44530005
40595838
39479048
37424273
44299443
33047655
34844519
30550573
35829902
36039555
1803809
258630
39369587
1509704
45107432
33860932
44225465
38258171
45009792
34714895
32504554
44605212
45404491
31398394
44947563
44655605
35008493
39125648
6467761
34943978
36685101
31083387
35454432
39033410
44935421
39684233
2324744
39935851
38000457
36794375
32586215
41661858
2186258
39117617
43055636
1535900
33842382
43538658
33604028
33051296
39889644
42162600
2238490
36466227
15231521
42024609
37583643
27789274
43515466
38495580
44754418
45085069
36658033
30171681
1427130
1470788
559179
43231597
35448613
41099736
11950821
20505799
36145829
34281074
37102
43119832
11604601
31408319
3172664
44691311
44695897
31248009
39389456
44404715
38001692
45218903
33906991
37061663
40410304
44185667
44434001
31173901
40314144
10400551
44726439
36405493
33258325
469198
559985
44856875
35732350
14309311
34176815
33433912
1475778
44418143
44239457
44293977
1006048
36182656
16308229
44298565
41641680
27508093
11881381
436913
16678168
45276699
37296122
44279235
1623319
1877530
45122464
262763
33591923
40205665
45078170
34769906
36353935
11743421
41283546
37750750
37844394
41559050
44080668
44355894
45214657
8604821
36249297
930146
30696473
45274605
45169640
45145639
45122699
45039590
44977762
34245168
44959195
44957853
35300210
44901037
45417476
37340658
38855155
34297224
27351070
31753085
35950726
36255481
44838960
2715074
44070277
338524
33326012
440114
33028937
41600761
27246763
37295336
33490376
8741881
2790348
34854916
289548
353044
44442114
34083253
34059576
37078428
44167080
409155
34943141
31860685
2967690
39808500
38287187
2935842
43976631
30736887
34854332
40521804
44611754
44218891
266915
32589571
30262906
40137289
37964412
40308083
44749873
33359260
41014521
43026219
2089848
30503994
29577771
31766278
38579094
37404238
44798093
41915737
41416708
37020281
33650487
44007420
43094990
44180414
36383677
35208010
2497824
42108194
33721731
7840911
36286822
30776898
36317846
43887655
7113861
34775282
42742458
32761839
29324312
32802465
29327354
45056159
37297552
27092449
44204975
33332996
45346432
262103
37265435
36496295
44169385
36050
29004482
31955639
31980505
33620027
30656932
44771015
44404929
36691814
32155331
15587234
31253909
37840647
34946339
44909801
32272739
37649449
36614161
37654088
45274314
37423790
32044124
35822911
39022392
32143743
39914632
36566001
43111418
43582570
7734981
41373622
36520165
31722271
44245295
44839714
9213121
30631117
41032823
37927004
38177732
407385
31560870
41512928
41592130
44356983
38188989
44686463
40549483
31887466
16312741
33726771
38701668
45007213
422025
37971440
39374179
39110483
31677892
32119883
1110563
36218651
45278265
41572814
45365492
2721996
36190907
310223
20172814
26105
11753871
44283738
44866623
45225367
38095687
34387564
44965507
44648586
37473305
38388818
39255642
40786301
38136270
36058595
37423519
43962411
32638739
1007746
831528
36515417
2394078
27122866
29503502
29031358
42914761
36322417
3814771
32556320
35322329
