4
10
11
12
13
14
15
16
17
18
19
20
21
22
23
24
25
26
27
28
29
30
31
32
33
34
35
36
37
38
39
40
41
42
43
44
45
46
47
48
49
50
51
52
53
54
57
58
59
60
61
62
65
66
70
71
72
75
76
85
93
94
96
99
105
106
107
111
136
141
154
159
162
163
164
165
169
171
193
470
595
931
999
1094
1208
2686
2749
3146
3583
4855
5216
6679
6910
7012
7052
7185
7364
7627
7877
8006
8077
8166
8438
8557
8782
9006
9134
9422
9701
9875
9942
10151
10483
10520
10575
10912
11220
11295
11455
11474
11604
11670
11780
11798
13085
13255
13291
13335
13401
13535
13877
13941
14190
14363
14833
14976
15414
15901
16079
16128
16229
16465
16863
16892
17014
17341
17632
17962
18128
18326
18442
18635
18698
19412
19572
20605
20660
20662
21315
21372
21672
21673
22287
22354
22714
24978
25342
25423
25872
26105
26620
26625
26664
26814
27391
27873
28137
28353
28363
28548
28987
29300
29739
30467
30898
31254
31364
31744
31775
31799
32631
33387
33449
34530
34844
35496
35560
35709
35864
36045
36050
36397
36512
36859
37047
37096
37191
37210
37851
37990
38415
38499
38612
39360
39409
39450
39494
39663
39993
40189
40345
40530
40703
41240
41306
41724
41773
41834
42033
42280
42369
42430
42498
42819
43073
43171
43925
44218
44603
44804
44827
44912
45026
45147
45230
45967
46448
46980
47244
47307
47640
48114
48471
48746
48909
49101
49796
49944
50293
50422
50802
50974
51127
51151
51268
51607
52313
52709
52764
53111
53216
54202
54442
54504
54588
54682
54844
54941
55478
56267
56301
56496
56884
57028
57166
57376
57429
57894
57972
60763
65548
68164
68262
71844
72368
72753
72833
73221
75898
79280
79724
80947
81747
86393
87230
93248
100599
102346
102527
105841
107740
109008
109567
109672
113863
113973
117765
119107
119376
121790
122467
122646
122806
126670
128582
132137
136170
137883
138430
139978
140734
142080
143570
144735
145769
145958
149574
149807
150185
151911
151922
152025
152319
153160
153215
154501
156376
165042
168038
169200
169492
170827
172609
173053
173717
174143
175457
178583
179019
181052
181802
182828
184792
185778
186718
187756
188332
190954
192666
193832
194144
195104
198897
203881
206534
207193
209233
210231
210583
211271
211518
212297
212788
214228
215955
216144
216696
219504
227273
227418
228748
233341
235277
239920
240316
243014
245455
245959
253770
254692
255620
262103
262763
278193
289548
292171
292310
296092
306743
309048
310368
311505
311770
313488
315870
316755
318023
318589
320736
329875
331210
331561
335288
336159
337687
337776
338524
344788
347700
350737
353634
355980
357778
358706
359216
361367
370456
371501
373920
377670
378177
385476
388335
390411
390963
393457
398061
398915
401331
402688
405070
406610
408654
408993
410189
412971
418020
423649
425190
427248
436913
440114
443594
456145
457377
469768
469954
473313
480783
497356
499787
502799
503339
507749
511920
514070
516434
516765
521813
533140
545853
549311
553112
555877
558281
559985
561414
569094
569993
582526
584674
585962
588088
588950
590798
595215
596167
597881
614316
620691
645654
646319
650034
651530
657789
661509
673954
678278
685223
692817
697526
698395
723052
744687
744855
762572
771064
780635
782533
782609
785711
789336
792623
804235
806722
810427
812739
833575
835603
842198
843392
846413
847595
862079
866305
866939
869561
885315
885936
886151
902929
908146
914546
920292
920716
930744
950571
952584
954437
954628
954639
967331
970726
970814
975165
979815
980410
989543
996744
997522
1005914
1006048
1008866
1010244
1010350
1022228
1023645
1025083
1025695
1029377
1043776
1051436
1054329
1055997
1059294
1080527
1085145
1088531
1090005
1100421
1108551
1109937
1113377
1114691
1132278
1146459
1149124
1149789
1151118
1157476
1171095
1172857
1172883
1206003
1208691
1215755
1241959
1242418
1242800
1256255
1284048
1290001
1296747
1298762
1300500
1304775
1307225
1314052
1324521
1324906
1332975
1342318
1343056
1344046
1348603
1352224
1354354
1366361
1368322
1373118
1375382
1376607
1380738
1398529
1411232
1435856
1445832
1446666
1448915
1456039
1456230
1458875
1460367
1469565
1470788
1477035
1480870
1482678
1484590
1495148
1496505
1499307
1500314
1504814
1522808
1526192
1536227
1539533
1539961
1540891
1550051
1564659
1564688
1567032
1571790
1578106
1582216
1599840
1617898
1628933
1634403
1636716
1638457
1642310
1648582
1651057
1651914
1656484
1672546
1673568
1683427
1694089
1696844
1700916
1701337
1703035
1703149
1703788
1706106
1710021
1730799
1734019
1755395
1782607
1786143
1795591
1812889
1820663
1844438
1846576
1851818
1873394
1877530
1895100
1898930
1899540
1899896
1908106
1923328
1924516
1931490
1960400
1975098
2018772
2038076
2041258
2043228
2050286
2059828
2078778
2097756
2136142
2137878
2149464
2156540
2186258
2203514
2205364
2219624
2238228
2238818
2254660
2269306
2303488
2326578
2350506
2373152
2380556
2397964
2401738
2438036
2450842
2457130
2468006
2501972
2508696
2523534
2567778
2574908
2576798
2591720
2620788
2629424
2631490
2661640
2663082
2682822
2698598
2707220
2710980
2721352
2722854
2726356
2744810
2755974
2768132
2777970
2783196
2783460
2785044
2810584
2815434
2815594
2824666
2829810
2831258
2834332
2835074
2858298
2861564
2864498
2896550
2924690
2929466
2930718
2951684
2961522
2981972
3025954
3032388
3032431
3043392
3049907
3050151
3095324
3097534
3114763
3119605
3120725
3129414
3137707
3159716
3168506
3170300
3171872
3172664
3235457
3236540
3373881
3407761
3421821
3430751
3472921
3598061
3664281
3766301
3770741
3845721
3950351
3961461
4098391
4132931
4341061
4348761
4409291
4627211
4803181
4808241
4873751
4888541
5067821
5137241
5154081
5216031
5321391
5365671
5658921
5685471
5738321
5796691
6071991
6193441
6292001
6299361
6330631
6559801
6596861
6604351
6692861
6730811
6816651
7086231
7128081
7812551
7876371
8031081
8040491
8089021
8127411
8132561
8227931
8402161
8431361
8435681
8494661
8507811
8604821
8678971
8697461
8853941
8892541
9006571
9035721
9117261
9333001
9415941
9699051
9808231
10121071
10256221
10298341
10400551
10441301
10519751
10559921
10651501
10700561
10794301
10825091
10950551
11016051
11229861
11235531
11304551
11306161
11344851
11699751
11980231
12072141
12245201
12711881
12715361
13775221
13792891
13797691
13825821
13999431
14003681
14030851
14046131
14317671
14382921
14536831
14596871
14634791
14658981
14938371
15102371
15137361
15231521
15245241
15349881
15420311
15468231
15482841
15578934
15579457
15582766
15583108
15587234
15594760
15596225
15599611
15600969
15623990
15626380
15640419
15672861
15674567
15695164
15706969
15720647
15722471
15724439
15727534
15735168
15748441
15761234
15821271
15838692
15965138
15972864
15988020
16021705
16028388
16030160
16031116
16046706
16050617
16059618
16060886
16069225
16070885
16072171
16073157
16101243
16102753
16117522
16137460
16158500
16166004
16174613
16178344
16189200
16205739
16212520
16224716
16230332
16277929
16281916
16283743
16394092
16406362
16411921
16424818
16434682
16434997
16444381
16457329
16488277
16588261
16666969
16679044
16681006
16735069
17981086
19031914
20172814
20181448
20201428
20329657
20374432
20390872
20456914
20478610
20487505
20503372
20505799
20508721
20529232
20533252
20724031
21915986
22242426
22700512
23163521
23706801
23990212
24655228
24928110
27038161
27092449
27103804
27242581
27246763
27253336
27371317
27397057
27410401
27448576
27455299
27476272
27504061
27547765
27682357
27682888
27683320
27690487
27753742
27832507
27861880
27889049
27896356
27899603
27915492
27917882
27940960
27962017
27963076
27964549
27965453
27965545
27967471
29004482
29006736
29015921
29031358
29131195
29138509
29144151
29145300
29154825
29160297
29173895
29216257
29243895
29287180
29302470
29303033
29304691
29311243
29317550
29321091
29414451
29512837
29519541
29519828
29526947
29533560
29536079
29541566
29541748
29545154
29572803
29634014
29637740
29638879
29650066
29670537
29672167
29777439
29778759
29786748
29822237
29872825
29887929
29894000
30007773
30008136
30122910
30149526
30151239
30161279
30163040
30229260
30242089
30246541
30251532
30265970
30289023
30291452
30308657
30411115
30418192
30439539
30478150
30491203
30529730
30534309
30547038
30551173
30567215
30580853
30605379
30630871
30650361
30656932
30664623
30692628
30692888
30693940
30696473
30710154
30726046
30736887
30787405
30791004
30796255
30815958
30872812
30876649
30963963
30995240
31009760
31020335
31030137
31049200
31063177
31070973
31084605
31131833
31172140
31172637
31205188
31209204
31248009
31313419
31338119
31352631
31372272
31394967
31408319
31409774
31429594
31432310
31452368
31471104
31499398
31500860
31506557
31525614
31534848
31558113
31558961
31560489
31560870
31562293
31563262
31571871
31594832
31631768
31642395
31644084
31649667
31654607
31660678
31671909
31698941
31727017
31753085
31759977
31766278
31784386
31797942
31826510
31845531
31848466
31861007
31875275
31880815
31882301
31887466
31913241
31922041
31923832
31930341
31948211
31965164
31966372
31976226
31980505
31988181
31995113
31998477
32004066
32059987
32067831
32094030
32096751
32109198
32133313
32152960
32155331
32163760
32191288
32206404
32207772
32213888
32279145
32302017
32311835
32322000
32333011
32361246
32390437
32409459
32409830
32444603
32450243
32455809
32461494
32466590
32483482
32490771
32512868
32554504
32556320
32572284
32625132
32638739
32672998
32676884
32683316
32703125
32712974
32724057
32747304
32747470
32775926
32776513
32787535
32819478
32820417
32844866
32851334
32864192
32883304
32915911
33015800
33028865
33028937
33047655
33052341
33061919
33106804
33117158
33131540
33132170
33139415
33160525
33169002
33178978
33199695
33251267
33258697
33278514
33279450
33283510
33292729
33298365
33306221
33313938
33326012
33359260
33434295
33455400
33467222
33500130
33500587
33541589
33565098
33565151
33580073
33584935
33596879
33601770
33605464
33606306
33616497
33618340
33650487
33667720
33670813
33726771
33729898
33738390
33740996
33741778
33772254
33816330
33818988
33832904
33864894
33872590
33900379
33909240
33945617
33974953
34021808
34032473
34039531
34053216
34059576
34093276
34094382
34094578
34098846
34110308
34134004
34149952
34157603
34161633
34176815
34223349
34245765
34251417
34252763
34263977
34268940
34271915
34281074
34282381
34288861
34295100
34297224
34313704
34315187
34321778
34326116
34340446
34354588
34367432
34384448
34387564
34390150
34491726
34516315
34523965
34524868
34557198
34561206
34562915
34571232
34580834
34583011
34595388
34630035
34638196
34651665
34669628
34708704
34714895
34736064
34756906
34767125
34796486
34815842
34822079
34829884
34844519
34850744
34854916
34867697
34884676
34884988
34903603
34904085
34913960
34923768
34951110
34951828
34959417
34968380
34968620
35008493
35017071
35021150
35024888
35039943
35042584
35074587
35085395
35100975
35106960
35128270
35158730
35182649
35183253
35191439
35192754
35241545
35269860
35290150
35292835
35293985
35296632
35309271
35315526
35317334
35322329
35326018
35343687
35366575
35417620
35425599
35499570
35516148
35525537
35561457
35567786
35574552
35580368
35586471
35621769
35630430
35638176
35638232
35651855
35654053
35663726
35703455
35704433
35706338
35733175
35755669
35757014
35776140
35787021
35793405
35837743
35857284
35864069
35867886
35870138
35874337
35881494
35889893
35904495
35915423
35919873
35935521
35941718
35946847
35950726
35955830
35959134
35976020
35995558
36006953
36015983
36021769
36024561
36039555
36058595
36058634
36080478
36092519
36115182
36132341
36145887
36165552
36167527
36177229
36180595
36199707
36202831
36214250
36239950
36244818
36255481
36263417
36267057
36270805
36278722
36285100
36286132
36291235
36293092
36303628
36317553
36342408
36351009
36359674
36359709
36366462
36370607
36398328
36405493
36413583
36434583
36442947
36452411
36458297
36471897
36485470
36494876
36495495
36496295
36509586
36558073
36561605
36575021
36575960
36582889
36583774
36586205
36595040
36614161
36614252
36639468
36660866
36663285
36682596
36691814
36705075
36726098
36730119
36737005
36751486
36753093
36775529
36783488
36784664
36785613
36808298
36838596
36846433
36863105
36887514
36934797
36935290
36938953
36954591
36956799
36957144
36964358
36964504
36987314
36995972
37012756
37023570
37027429
37036907
37041174
37041659
37054012
37054638
37058800
37061663
37094341
37095337
37100029
37102501
37107304
37114522
37174539
37191019
37201219
37224771
37228149
37243017
37247308
37274141
37282818
37290276
37297552
37313925
37321660
37336000
37374584
37418504
37423790
37425820
37433025
37435636
37449201
37449621
37451636
37451870
37452480
37473305
37478662
37499351
37518532
37525941
37545704
37567334
37590878
37592484
37609810
37623069
37638400
37649718
37745276
37750044
37750750
37770915
37775362
37780436
37787672
37788492
37817448
37818317
37824516
37827145
37833786
37840647
37855345
37860758
37864378
37885530
37937293
37938734
37950767
37951232
37953907
37956444
37962279
37964412
37965821
37979266
37987137
37991224
38001692
38012361
38024362
38024798
38037858
38053082
38087037
38095687
38098784
38099266
38104477
38107984
38128193
38136722
38139013
38153176
38170035
38170666
38181860
38218070
38239400
38250855
38252875
38258171
38273490
38285285
38290401
38299917
38300443
38310485
38388818
38389337
38390047
38396631
38410704
38420098
38459912
38500832
38535552
38538968
38539709
38541316
38594007
38630457
38633087
38637515
38646417
38697157
38747526
38768672
38845853
38856816
38860322
38886625
38894847
38903722
38907515
38912949
38917852
38957184
39007267
39012655
39022392
39033410
39050634
39069966
39072259
39102040
39125648
39147621
39155143
39198616
39231832
39240572
39243483
39255036
39276943
39297735
39337082
39359241
39362243
39369587
39374179
39397094
39410289
39479048
39480855
39482913
39486865
39498303
39504905
39535400
39583157
39608793
39621372
39623249
39634426
39662668
39666126
39670270
39672592
39685847
39688519
39692612
39702608
39709609
39719010
39720820
39747463
39830960
39853044
39859222
39876830
39880797
39886708
39914632
39916136
39945082
39969276
40024934
40052369
40144312
40166978
40178038
40183722
40212040
40218556
40228776
40259481
40284234
40304685
40304817
40308083
40314144
40328496
40376269
40421756
40436877
40467667
40479611
40487267
40538385
40549483
40574364
40577916
40591541
40648256
40671917
40678592
40687639
40688911
40721308
40735688
40784818
40786301
40818502
40877485
40940986
40942886
40960544
40966396
40980073
40982320
41009807
41011363
41014521
41018492
41022086
41023720
41064695
41103846
41141990
41156259
41170699
41172101
41177330
41193047
41225405
41234612
41250206
41278847
41282414
41283546
41285607
41286100
41286185
41303431
41338107
41351953
41390495
41441868
41472540
41546018
41569682
41572814
41578923
41583566
41591751
41618615
41622579
41629366
41639851
41644195
41661858
41662829
41670795
41689901
41714741
41723789
41818793
41834161
41834390
41835338
41836843
41850586
41852014
41852820
41856164
41856341
41885060
41894592
41921515
41928997
41933350
41938308
41939084
42029653
42032081
42046778
42056861
42147819
42157258
42162600
42168267
42177082
42213061
42217701
42224139
42235008
42253909
42297858
42309775
42314463
42322173
42341279
42393610
42405041
42440304
42468526
42493854
42494588
42494820
42497020
42498965
42517159
42527675
42528841
42532721
42537305
42551688
42581711
42584673
42586385
42592435
42600013
42615572
42640321
42698273
42723564
42734274
42742458
42783865
42789606
42811248
42823038
42847742
42849987
42880064
42914761
42916666
42918616
42936594
42938445
42972430
42986642
42993963
43016837
43021651
43025309
43038019
43044654
43055075
43060808
43062718
43076820
43078019
43094990
43098007
43104337
43111418
43118809
43119832
43124964
43140368
43157388
43173313
43184223
43200571
43232487
43236174
43246279
43253587
43273366
43318525
43319601
43327386
43343945
43344965
43346119
43348474
43355279
43361093
43370462
43373445
43376737
43383305
43383880
43384617
43434146
43453841
43460079
43467781
43493677
43515466
43516332
43518101
43519671
43630015
43680919
43686943
43701102
43712100
43713734
43734740
43738672
43740077
43762390
43762870
43821616
43823170
43840381
43847832
43853811
43882475
43885995
43887655
43890481
43924687
43959437
43993170
43993483
44000426
44001163
44002493
44007420
44011098
44011125
44022426
44024000
44025989
44027486
44030022
44037357
44061602
44070277
44071528
44081214
44114714
44117474
44125296
44129259
44135617
44139241
44142107
44142157
44152046
44164955
44167080
44172784
44182338
44182551
44183131
44192326
44204975
44208313
44212515
44214452
44220531
44221070
44222116
44225465
44231662
44233189
44234974
44235508
44235663
44244381
44248815
44249121
44283738
44303564
44331207
44412070
44412078
44417902
44428078
44430385
44433601
44441296
44441525
44442114
44442169
44456717
44459233
44492436
44519246
44566088
44572569
44574477
44605086
44643062
44648586
44655605
44665016
44671877
44686439
44691217
44691311
44707918
44709165
44724275
44726439
44729966
44744620
44747240
44752682
44758691
44758835
44775968
44785303
44789299
44791011
44791361
44792157
44794289
44798093
44799628
44838342
44838960
44851114
44851715
44864163
44883119
44909512
44935421
44937028
44947368
44957853
44958500
44967214
44979510
44991993
45014787
45024188
45029742
45030226
45053353
45055113
45056159
45056568
45057736
45058601
45071937
45073492
45075598
45076763
45076853
45076958
45081168
45082986
45084328
45085069
45088817
45107432
45107850
45109725
45109843
45113964
45129061
45129219
45132026
45151235
45152827
45158155
45174958
45177713
45179345
45184352
45184976
45185374
45194173
45201716
45205992
45210371
45213117
45214309
45214657
45216534
45219585
45219755
45225367
45227474
45229380
45236322
45240861
45244068
45244552
45244743
45246820
45249031
45253219
45256221
45259581
45260770
45262319
45266183
45266261
45267657
45267999
45288716
45294286
45297853
45298303
45303065
45305081
45305266
45310884
45311409
45314966
45316213
45318521
45319907
45321352
45324904
45340437
45343032
45348917
45350472
45350707
45362476
45362797
45365492
45365930
45373191
45378072
45381621
45384326
45391268
45406038
45407162
45408979
45416472
45426599
45426859
45437577
45438101
45446263
45447015
45449664
45450183
45463721
45470483
45471556
45472678
45472699
45474068
45480497
45481747
45485012
45485304
45487444
45490374
45496545
45499435
45499763
45504517
45513062
45516007
45516540
45518740
45519214
45520084
45521473
45525248
45531017
45537743
45539370
45543273
45544036
45545345
45545669
45551869
45552245
45556528
45556865
45558296
45564429
45564515
45565857
45573792
45574745
45575711
45576194
45576214
45578492
45586088
45587233
45593089
45612210
45616400
45620777
45622192
45623194
45627411
45628346
45637318
45639746
45640833
45643839
45663081
45670254
45671028
45678891
45683082
45686551
45686990
45688392
45692734
45693603
45705354
45711720
45712160
45715796
45715971
45719488
45720045
45721209
45724109
45724937
45739812
45740493
45741227
45743978
45756987
45757149
45758780
45759484
45760437
45762505
45763219
45770796
45770929
45773593
45776325
45780702
45785289
45785482
45787273
45790854
45794456
45803732
45804182
45808421
45810375
45817008
45817836
45818068
45820839
45833782
45856997
45865577
45876116
45880061
45896058
45908079
45917637
45939372
45941848
45954188
45960537
45980047
45984961
45990846
45998494
46002168
46006290
46010833
46012061
46025386
46034804
46036754
46038115
46046013
46067854
46073472
46091660
46119721
46132779
46133173
46136499
46137944
46152039
46153013
46173759
46174820
46180939
46186765
46196797
46200998
46209499
46212896
46213120
46219823
46223657
46229532
46250307
46258121
46258510
46279408
46302587
46307743
46314871
46315435
46337786
46381591
46389289
46390048
46391359
46402932
46409715
46419476
46420212
46420683
46422064
46424470
46428952
46462044
46471114
46471799
46476068
46479947
46480341
46480577
46480862
46481249
46481250
46481292
46482869
46483659
46483909
46484424
46484862
46485295
46485788
46487117
46489362
46498588
46498627
46498660
46498688
46498711
46498761
46498865
46498885
46498950
46498974
46498994
46499017
46499043
46499067
46499087
46499104
46499169
46499197
46499308
46499344
46499426
46499921
46499955
46500005
46500028
46500125
46500147
46500180
46500222
46500289
46500335
46507888
46517772
46528879
46528893
46529073
46529093
46529247
46529310
46529377
46540812
46576248
46576641
46582098
46594008
46611537
46647708
46674708
46687273
46692857
46973424
47022912
47025427
47059930
47138892
47141319
47358620
47389416
47393046
47569242
47590413
47593355
47616452
47623937
47651446
47694511
47717548
47734735
47752135
47788452
47799520
47818496
47855539
47898686
47925338
47930026
47936937
47940543
47997114
