979013
795992
37096030
31826510
36523759
41753120
42333356
16187074
37560173
41737790
1990488
42507220
35322329
32000218
1013720
47675271
21303547
3065053
44011125
2782366
48016257
45132297
46381591
47997114
1381739
243019
46576248
47974083
47972301
3235303
30230492
47663542
34257553
46473934
47955173
43962181
41285607
37052500
1898930
378214
47940764
47940558
14382921
46592628
47177102
47925338
37873248
39466686
27896356
47913499
38957965
47646274
196726
47619920
43961557
39359241
43960829
46345088
31760940
354956
41593559
47102461
1495148
36413583
47651446
46441307
47646128
46328525
47619611
47389416
43348474
3119605
47491543
47874728
37962279
47809115
31370412
47865553
1318380
30348316
47861889
47799520
44239137
37750044
149574
41399936
7128081
30161279
47835931
42214974
47176019
1361467
42340592
38520122
23207
47795193
30866494
14026241
40678592
30692628
47596371
2790264
47767266
33596879
38218070
47726396
47734735
44766777
44298062
47719552
38065482
1571432
33567901
41963216
47717659
47717548
4109771
45505081
32846815
44519246
47566579
47566404
39410289
43952785
43952461
43952237
43951763
43951651
43950633
43950272
277833
1331412
47694511
864315
4371211
29027196
30453811
29221194
140075
38420098
15720647
37721249
29650066
44168639
37938734
47661529
47651430
47658982
47655207
47652854
47652747
47651703
16096781
571983
47583656
549119
47643432
47644540
46983516
44536810
40574364
47630757
31500860
43894753
1559355
126356
6002901
239964
47623449
47618663
47618463
39827109
500839
34268940
36288848
47593968
47606246
47593355
47588578
484918
47593059
47590413
42425580
42425397
1492302
47569242
47560062
38385633
737174
1701337
1420444
47358620
47477025
47411493
30000191
15684306
1450237
1329218
47565670
47368273
40168236
42286107
37963733
38508546
42425241
46505586
42425016
47527882
47458057
16805836
29584060
46659603
6264581
29634809
47520005
47519240
30679209
47508580
37124606
3115912
43953717
42373741
43954196
43954261
43954433
43954545
43960580
38103026
32276559
40202215
47206750
422530
597355
1378629
1034763
47482793
44545745
695500
1424931
46908782
43950123
40442860
41571423
41571299
41571180
41571092
41429435
44030221
47433838
47468131
32676884
2142626
36020360
1875638
47004401
47452882
47427344
1313728
47448912
44029858
44029717
44029561
44029300
44029151
47417343
37975890
34761914
2560106
40974655
1515190
33936364
47440760
47439729
47439872
47436666
2474458
47349661
15789805
1232953
16710268
790656
31050638
869561
38022316
40222092
39170812
36748465
36666664
37690739
47351895
31781162
39510587
47376659
31392608
41064061
47392486
41436722
47387143
41629366
38215952
47383882
32517696
957901
47378292
46025386
276141
1165533
20163121
42459225
36261291
30872897
19157362
47188647
37220460
34385049
42373549
42090951
1438458
1059294
1314013
765940
502093
47321097
47252478
39061573
1284048
38534051
45372549
47295548
37853585
33803439
47131837
38413069
47161437
3092941
20558962
30136276
37764972
47226796
47223195
33823064
47217989
43098007
47207979
36400299
47206111
33887023
46445891
47194379
35949017
47185291
47185038
16751152
47183125
895290
47144878
29532676
47178996
2945482
31176181
47178196
47177570
45692230
341756
35966676
32953133
1200306
37333491
3124052
1000103
34134004
46133173
47054439
32376022
1112602
45803840
47139913
47141319
2033960
47138892
37050730
47128302
14505171
2756024
36660760
16450480
47092466
946625
47101780
42737681
44442289
45446233
39702245
35327102
47061639
47059930
40183955
44218952
1842362
44062402
44062238
16652077
44231841
673134
43630015
43184223
12204791
47026973
47027454
31843159
47025427
964637
47020213
37149222
47018112
1464543
2849120
35959134
33667720
31660678
870203
37590878
37965600
44807056
36494876
35549764
614988
3406561
46991491
33403910
36701042
27715426
34664661
40158083
489945
1497959
36080478
36644610
46487027
43967843
32841880
40765587
46962220
1510276
46623395
42172914
32795197
32602742
162897
46946434
136170
42173059
46844955
34935669
602551
42218055
35106960
785703
46928913
3190499
32685060
39645605
40903138
301013
37183393
416974
1294598
156376
46907305
46907541
15558219
2871558
39725378
40388727
46889236
46893453
153989
10671381
46549382
46879905
39969551
3056924
35240960
31513454
41998150
1966870
29931219
885936
46847085
39422629
22800
6621691
40648907
41630304
14634791
36882626
35416090
1471513
44775968
368046
38504120
41007236
1523452
46803804
915846
46795141
763478
34243702
46689782
17962
38254966
16692985
833768
42136519
31063177
41656148
2408716
37051018
19065
37832826
46209499
33580409
855254
4644921
42299151
46760637
1026597
34481713
41913784
2316080
38678207
96012
44513121
41578923
31641561
38239400
46753716
46752163
42459643
42494235
40134499
46750391
29810412
46514375
45023377
33597645
46734922
32638739
31985691
39403372
34915591
37623069
38697157
1546069
38133407
30629094
27138115
43044654
39886727
45273880
44165505
11670
32960574
16311931
16089037
43060808
954506
1354597
2215016
251548
34853053
86720
45865577
37546190
27861880
35867886
337776
32135047
46671544
10424091
427248
44902260
1481942
2777454
316428
16028388
956295
1476238
14522191
1007550
35960960
37946195
213251
15758936
37497003
37049902
36954591
46210041
38081130
72849
27799810
31194810
38538968
31548792
46611352
39535400
45817609
43463868
15693240
46605831
866939
38203188
46600527
538472
16086007
32191288
40837826
330965
4371741
1168460
45820839
759839
36538189
1042038
757519
37748639
27417112
40038471
14769831
3226353
27927170
8431361
46153013
46513151
22659442
46533128
132013
41023811
46001613
45800673
16124324
46511001
16117522
565560
723052
39688519
31337029
31366253
45391268
38927846
40425323
37830402
37941413
2143152
44233189
36515770
34836648
46510004
36863105
33251267
42032081
46140584
15046851
46481292
950759
46479010
46504632
34984262
44238567
46488947
144735
16018763
46494637
50802
33298365
1201621
628860
43033878
38391762
39679313
494835
46477463
140644
794097
514070
161326
2268970
83777
75898
33364333
203473
42811248
45303065
30679721
32805579
10520
41250206
10044291
1244208
29777439
31870589
3024929
35021150
46460529
33182533
37361659
45113964
2376614
16050617
985567
46454010
46213120
44412070
45525248
39226111
2831258
48909
46448674
1735
46442946
46429479
44144004
41286185
33146438
52313
35418208
38024362
46437274
10144911
420401
46434861
46214338
242813
916754
34295100
681850
43227750
46437645
1562665
887116
46437028
38796319
45830718
338669
43376737
46429776
711894
617528
46425603
20551339
15972864
3020399
1149124
508398
38273490
37445882
1450341
539828
42537305
2573946
38579246
42632101
31943119
953910
40719322
29541566
8960031
45521473
35790928
1344046
46402932
35856961
357736
40242367
15837069
41282414
45802257
16119574
46389361
46383124
1597760
29162618
35817341
1116296
442618
947815
39471098
31654607
38862178
42441712
46269098
935495
42046778
40687976
40101476
45574977
950360
461027
1052687
45964355
35787021
2989342
45609863
41871077
852997
1320516
864952
43712100
455235
46275600
43172247
35124946
42673553
2992018
36753181
45424770
42297858
32874107
180604
15596585
42530528
1259941
36442947
1204656
43538236
46228924
260869
38300443
37433288
45433005
1209529
38262153
32513129
36079087
46219823
39150735
46258510
45574754
39925934
15724439
35017071
1155060
46314871
46006290
644060
38032583
15798631
45450183
46315435
36957144
46313870
37321660
8014631
37177606
191158
40144312
3088005
365557
42983434
37787221
36568691
7708711
3220506
38170666
30251532
43107685
32276555
42423462
30696473
15583108
16003530
45542671
952584
45078170
1531949
1373118
45574529
292216
37201219
36040285
7687271
46132779
41367194
310796
35654053
1398232
39140353
38421243
38907515
1583948
32534149
986733
11258641
27381634
35937599
1348093
35735993
33965445
44914018
46277257
776676
41507229
368495
35540438
401716
40149813
45817836
237544
44810989
2567778
1179613
4615471
46226352
33485651
44248822
34284185
987929
720861
663774
1546084
42033
32724057
45576633
32532415
36196703
42592435
34656089
35874337
45525753
33211844
31810997
41193047
33012343
1139187
46012061
792194
154333
921471
35024888
44909512
38957184
39623249
858025
46191075
901862
42494820
41591751
45448526
46212896
1035820
42734274
32433600
36092519
93640
30835196
816270
36132341
44851715
39880797
466500
489335
109672
39498303
879982
46223657
40467667
29653756
44027486
838425
42056861
36286132
46036754
46216789
46216072
38036381
37054012
35976496
6906571
43388245
40405701
46207347
14099171
5666771
44030022
43565942
33028865
37848864
5054
40703703
42699517
46196797
42314463
45025761
42494588
45082986
310368
42459818
113003
46194282
975628
42081635
45876116
40680602
32633857
46186765
1134642
39489443
37452015
1294260
35574552
1375404
46179903
6808301
7406441
976580
5216031
31923832
37991224
29053363
1315436
45576904
37698826
45524877
1326480
10375721
11049521
1127468
24655228
41101320
34963301
1130538
30152924
347700
31875275
721767
35941718
32035641
38186614
39382054
819604
3494271
34946339
33963547
35893508
36434583
31879493
40227824
78422
31536405
27364207
3120859
445550
37723536
1475448
36690035
45577590
39662668
41852820
46140870
34224765
46137025
40648256
45524439
29170535
35912758
825267
46093416
40688911
37873266
43232487
38019765
88824
46133800
46099288
10238631
34962537
41436636
45586785
318589
1031453
31995113
41086797
251442
896354
37619643
45085069
30010836
46120286
27913213
46119721
158963
31513049
1375382
44237642
1008866
37722725
44451964
30151239
136657
37893560
1022935
34945677
1603744
45187408
2710980
1801791
34149952
41961537
38541316
46067854
1696071
1410170
38976885
43386800
43347385
40935949
38474152
977729
43346119
43642690
35305339
43344139
36142896
1696371
45523925
37594761
46089001
914236
36437426
41072746
36405493
45818068
37446469
15984702
33478703
45313886
32441132
31172140
715883
9267
35502663
44331207
41850586
45939372
650034
330617
1021190
1308678
34815842
1683427
29191474
37146733
46073472
2394508
38447482
2170304
1368810
40682417
34633845
36394019
38252875
34960316
597881
2946350
41533789
1246984
709123
32761184
1433568
36058246
514841
20429890
1638457
36598186
35480995
34351998
37457331
45556029
45587754
32102981
761552
41611890
112629
1368322
4412651
993088
370225
358689
39476649
1674466
35366575
45589383
42581711
1169395
43797771
37416830
33825128
43460079
522072
34286744
1412537
1157476
35407403
37987137
36614252
34161684
31083879
1366361
36296257
146365
989007
8031081
2980538
32624381
473133
37638400
33741778
173274
29822237
208238
308176
39859222
569
38888877
35432457
38857844
42804788
15729279
14950211
37727268
38183281
41018492
2955500
26105
38701668
36286822
41156259
30135960
31049200
16575364
38206730
2188316
37665623
306622
2171934
32024954
1200324
585327
43119832
95502
165933
36637954
34281340
15543377
36481637
36359674
2450842
39007267
32373798
1734019
423468
36520210
1403021
41583566
1216709
1938174
283487
150185
210233
38768672
8697461
36009209
694041
1487435
39375506
16060886
348705
33796498
1054091
1339939
35283189
42719252
147035
1713548
37242148
29913494
40940986
39694044
43076820
774335
37451636
663461
29175841
45184976
237608
29143388
2947282
41559384
15797561
42582992
76934
32409459
833575
33046106
37951232
309398
514018
1163954
42600140
33160525
43104337
35155714
37138991
38564916
12197821
342128
32306756
1100217
31253909
1480870
16083568
39300926
40517135
36614161
31797942
45539370
45564831
2723410
764211
842380
39931678
2574908
1741979
35980682
3043392
45984961
23455
1604322
35180320
862599
1489399
38708605
45992230
1471893
1550028
35009219
31882301
45298303
35818409
1153054
35613147
652340
44382994
42168267
39702608
43158835
41742571
32625132
35915423
353634
39608793
45505607
12180721
3157764
30336712
1502356
37718132
469051
34407386
2894782
1029377
1103520
30369218
38763753
830065
641304
1143187
44459233
38910283
30229260
1729134
35114144
10487
2968688
35455301
45980047
37061663
32250354
38534055
1388397
758065
905447
42170579
38651345
555877
954639
44203347
37639320
31932731
2944724
32209267
188058
62523
32491420
37649718
37042909
325649
42430
43065978
36213874
38633087
2715148
32636782
35580368
29317550
41111279
33117158
34583011
45352806
14317671
16030160
32696309
38894847
37228149
2227096
15414
42849987
45463620
37112442
45451343
1508454
1853230
45435697
26625
40478260
30149526
390411
4787421
6455781
41577369
507929
154222
6299361
33953573
6801871
416683
89883
674578
45966236
43924687
427870
39039893
50293
32121342
31424767
30242089
36901530
10309931
435383
3505851
10148381
34232185
41641680
37435539
35417620
43246279
384629
38282354
1177047
45445068
1080527
43413129
1257678
1139725
915984
15996864
36766421
9134
45512591
37150861
2899692
33298750
43177666
234231
35241545
32883304
32004730
30444363
39895988
36359709
348802
44182338
38020149
36088512
38296369
417658
42116343
37850322
141491
490152
4768471
45035141
32133313
37117582
15726255
16666969
36576341
35448613
731740
2795
328626
38745652
38838215
31727017
40405242
757599
33076938
34931272
639822
2037306
31718060
45329506
43760220
45305266
45299010
12433931
11876
39819567
33842382
687191
780635
45274605
2339528
45169640
36200075
31026216
1192592
14341541
29233692
36791534
150943
920716
36485470
45470483
45518740
864262
34498386
41406399
39630604
44842014
1593617
33278514
30733303
37950532
45833528
39137427
877307
37550336
32819524
1381152
34042846
27765025
45415153
944337
1582216
128215
306442
45582555
477713
33864894
1117022
41663913
45132026
2614862
102354
3185808
43734740
333869
129131
3084278
37350959
15782280
36964358
15838692
328368
63856
865574
31881503
1589060
37425820
39818466
586895
33548178
40360764
1826429
35648534
588088
1516280
2785044
295776
41023720
72082
38287929
661509
35747647
315753
27799507
30140934
37937293
36167527
35455246
41994884
35821663
864853
20810700
33168918
45606012
36859
37055960
402688
233301
232353
1817377
34212395
35104523
886370
2981972
1332865
837162
34285713
45760437
182881
35551682
30457771
549311
710215
32747304
3148693
581989
38354906
2729330
43453841
29606448
41032823
37452480
40167219
45432505
11881381
1036937
37713901
44515368
347839
1129829
613087
1123144
996785
45917637
718047
45259240
42157258
37850681
31173901
45004044
1440338
1510906
3118740
446529
32217369
41073123
34161633
37871563
977598
2790348
35688115
15102371
20505799
892535
32430037
44238169
219392
13999431
1994680
1078084
33816330
39663
34721378
45908079
68262
975165
37649449
337687
15578934
119376
44800416
39249006
29561077
1051540
902929
1387033
228748
35491226
310165
16457329
31729428
44909801
285078
1546064
351166
34651665
44531047
32613627
34098622
1461293
35776862
595215
335288
11111411
34868094
117520
1871184
43680919
36419886
9983011
38218223
42880064
3172294
33541589
874726
908695
34912009
1132949
1461746
32802465
32311835
874505
1844576
40877485
42949389
465227
1539533
35182649
30551173
1334942
1110563
251217
132010
45449216
539692
269343
1096416
2371444
42970899
43925
38495580
16892
37290276
39908880
45789566
1571790
4132931
45898819
511876
740601
265732
37586501
40390485
39125569
11003241
32436565
43582570
587558
2831388
10887981
36177229
480783
1672546
129199
41569682
16126190
487840
38545678
11188981
32327353
34857022
35485540
38860322
38099266
39747463
30813280
1094077
38547419
352990
1308444
37413241
124891
43074092
45474046
216144
43566415
2303488
36582889
870479
954628
4873751
30816628
916233
633539
39923485
42030580
689838
2845120
40595838
33430228
1472628
34829884
37297552
43855044
39670270
41398277
2851182
27243754
651369
1419548
32779651
44022837
1265249
34903603
35656566
316016
34840508
27508093
954477
39255642
31759977
328846
27092449
44162363
36168038
20662
78139
41299272
16215672
45883866
16319284
4426601
8329381
862079
36934797
16002278
29640482
27319069
303699
34200672
15862074
33015800
1224902
31744
2319140
1171095
45276699
1564659
3049907
1207725
1525891
34390150
19412
1170875
17341
5731651
31297544
40140241
810427
30311062
5658921
37623667
1195626
39429740
34306039
38823095
310223
757123
17987896
43355279
30664623
45663081
42847742
29290600
34093276
1446315
36242324
38143254
35062631
1007746
1228236
58238
1932870
44142157
15587234
38917182
27246763
44235508
516765
719993
31974640
483945
29902611
842198
31301541
697526
40701193
83440
1385151
38766635
45163859
29572803
37094468
789336
45467455
479143
36145887
15671315
3039342
1336395
2044694
45415689
34526221
1025695
32703125
40189022
1549960
1510655
36386163
3065634
16198435
32911959
31991313
32647929
7074961
41643062
45671028
225618
9699051
36312349
155881
41104671
1082526
37603651
45812143
1561952
286780
35509071
763396
79724
1065391
749226
41141990
456957
31863732
757801
31172637
979085
1454595
34039531
32879850
29319200
1356774
30514259
2728334
16137460
41559050
250055
29074813
43602666
33266287
1093826
35793405
45299989
20271358
2798750
44585152
3168506
45250015
1201572
37567334
36181902
65062
34313704
2143966
413470
41363461
37404238
36583105
725453
35875426
541786
32512868
36496295
37048405
884061
36317553
43383305
39969276
907173
506498
151911
1223034
279922
30283038
1258291
37177773
8507811
1187734
596167
35191439
611709
331561
29785974
1090005
15559884
30426544
15386791
43094990
37265435
4045281
38499
35712082
38246632
1074794
472185
38186706
35567786
883089
36263417
31448101
2722854
15710218
39290158
16031116
36780730
44218
35310395
40569040
31866024
262763
806429
970814
36322529
1101788
914715
380141
3235457
454944
35290150
40818502
31394967
30518547
45109725
40116294
63647
34775282
31827756
569094
64864
1264966
214999
31696042
1183471
184938
37780436
625027
16445740
957030
663682
759601
499787
1324906
262979
36582847
356914
488833
27645211
1011340
1314451
1632393
31898212
45759484
43077186
44572569
36938953
39033410
40178038
1066611
8438
30754
41338107
1827236
39161111
39240572
36218651
31965767
36317062
45637318
37054638
33270605
36691814
44739795
41306593
45863435
1094090
38007616
34538235
36198175
33551478
44011887
36125755
43975430
11306161
1686524
998536
34623214
45576194
31312623
164577
889807
3931101
819872
1651545
43118809
3156019
37028700
39389456
44311010
29163642
35776140
41856164
42793749
45639746
15538457
45145072
10400551
15745592
36076792
22620945
39325124
7676931
33158552
43493677
792623
45515766
37881385
43667547
41082955
45145639
45122699
45039590
3397011
44977762
55188
37797944
39102040
39719010
33047655
2050286
31912962
4445221
39327860
1018173
39316498
32067831
34700783
41477852
20329657
31234166
37191019
34913960
1850036
37493677
31594832
45504517
35704433
396410
37868006
34950386
44724275
45670254
45852067
30497198
33034499
253770
752175
2324744
34032473
33711345
36705075
44957853
44901037
44486941
41582800
1207492
35008493
44447339
42129151
43507376
38565443
45565857
243750
464935
2037332
422025
31534848
34705505
37027429
37583643
39685847
32079756
1522808
16232743
825833
39937702
40797384
27789274
36709336
2245678
45122464
1127355
30177003
38181860
290745
34595388
39011023
45640833
40344160
44434001
40387810
33580073
41961853
16283896
45331438
34271915
36434146
40901447
43837163
1033468
37490479
2808072
39093302
35499754
744855
249796
43993483
38388818
1376967
10232471
43840381
41821551
30656932
44583068
14190
14596871
14028151
3885971
43197742
34617756
195008
42102
39721431
45216534
7134721
36558073
44007420
40708147
40638943
16373920
132137
35042584
32787535
29287180
45273572
45724937
45119792
3133376
40743384
45211301
36094392
32761555
37840647
378934
45278265
37782
889383
45485012
44987206
45416472
1250217
43289943
40566980
39479048
32554504
38931817
40549483
40436877
30008136
40758638
34223349
38108556
33853393
45457773
43959437
45484559
13446
39374179
42108194
45715971
37085244
45266261
45645420
38001692
2847182
45552245
240316
45482123
30483110
38136722
35995558
1959490
41547182
15582106
40245234
33028937
40201082
37005980
38087037
40137289
45108257
38071820
45406926
1085145
35621769
38580835
45543273
41622579
2151646
38000457
20374432
22647238
44802443
42789606
36203306
34981474
33332996
38572780
45149149
83166
38753165
38016812
40755081
41939084
12441941
35317334
38611319
40747841
611660
29503502
5889031
39423203
1070510
45626922
43701102
27959852
43618296
157020
44433601
9213121
1195523
33601770
29012946
36064291
44430385
1332975
39012655
36214250
6604351
41378777
45447015
313667
41464994
39830960
41064695
37182175
39853044
409155
32747470
27320473
40246466
15721664
39056349
1056519
35085395
37340658
42162600
27450523
38037858
34638196
81747
34523965
266915
39337082
31345135
45558296
38226981
38258171
16084020
207824
45007213
43016837
44070277
33900379
36956789
2773120
750643
45274314
31766278
41351953
29099846
826460
32145062
2783282
36838596
44947563
31847896
30630871
38300929
38098591
45582608
29127118
35097759
38127417
34854332
39808500
39946181
29622686
787957
7552111
38975205
37871739
33949096
45712160
39362243
32460313
39672592
2721996
40851512
45144374
33433912
1720014
1596987
40652263
35587625
44611754
2434206
39692612
1193922
41011363
33719054
170354
41040824
38305300
45244743
34884676
15694270
32119883
37522074
45730934
45622192
31560870
40286802
16499668
15839121
45288716
43872832
43133880
37947145
675521
38197268
38410704
30000535
35935521
37473305
35561457
39595272
2707220
35761113
41015918
29216657
1929884
36887514
2550436
1891506
31524327
1095055
36726098
40374767
36092879
36214597
350592
40308083
651530
29589003
31610722
38449349
359395
40479611
10912
40902096
31193547
39333685
16176366
37971788
31693733
39310677
41870536
34904085
33178978
41618615
832
8768181
15420311
250670
27784066
41515851
44159847
38299917
44279975
38188989
41572814
45259581
32761839
27953302
35743226
44169385
40259481
42322173
33363448
27831985
43784730
37204315
31471104
2864498
45346432
43740077
31922041
37885530
44245295
36190907
36471897
43038019
36818179
45404491
39110483
42742458
29153220
33620027
15748816
43285117
15727534
36804885
20508721
42150444
31205188
43762870
31848466
30262906
12111721
41172101
31677892
36449254
29809953
45030226
36339329
45202771
43940988
39584459
198897
15829823
43276504
42468526
40734766
45787273
42230726
33604010
45770929
45762505
44935421
45739812
45724109
45721209
42993963
45720045
2568744
45343032
32560799
19456
1895100
1352478
45136544
38390047
1460039
42586385
30905457
39243483
43373445
35367929
1398529
33740996
2186258
42600013
36737005
34288861
2269306
45516540
45189288
44970080
34176815
16072171
2721352
357778
42698273
15722471
2162396
44225465
34714895
34110308
43680484
37029436
33106804
41283546
44648586
1470788
45426599
44492436
45056159
38821843
36271156
45316213
44532432
34387564
11934341
35586471
15988020
39817498
14046131
32556320
39480855
33258697
45267394
36142566
31313419
41303431
31197848
33307262
44789299
38594007
3373881
43230027
42584673
20390872
31976226
44967214
112155
10559921
37775536
35710369
45236772
41730539
36808298
45306119
35300210
29004482
29887929
38579094
37314712
45184352
2238228
30736887
15231521
37078428
289548
8604821
35331078
34059576
14658981
35703455
2571472
36058595
5477351
2788098
31887466
336159
44798093
32288681
37300164
15596225
13825821
44838960
35757014
41834390
45242863
45225367
45177713
39022392
44442114
33292729
45109843
36076438
20328433
45184796
45107850
45158155
40735688
350737
45127947
33052341
1873720
45136485
45136165
45107432
41276605
44002493
36410518
43537823
40982320
45096098
339390
30856576
45080613
40328496
11798
262103
37788492
571964
16764574
34844519
15640419
38308557
37846792
45013007
36452476
44953686
33644001
38095687
35192754
44935790
44283738
15706969
1634403
44911373
2365508
15797480
771064
44129259
33650487
3105081
20172814
36660866
44869601
44877521
440114
39592726
8127411
44782404
408993
34810623
11967091
44862282
44856530
31525614
42279793
33461345
29638879
31901303
139279
34643835
33359260
41689901
13797691
1477035
31560489
559985
36050
43686943
1006048
917635
32561635
44779013
42177082
1110713
218373
37333123
44686463
34111594
37333259
37609810
37974411
44744360
44740341
37632196
33726771
36295327
1877530
31785692
2763488
44727878
147072
904061
36253880
42926608
44418143
44607142
44671640
44666056
36266626
31558433
39539062
29892359
43208417
44628658
43821616
37883001
44592281
44588860
44553660
2389568
42986642
44561865
15763159
34297224
35180848
35808325
44541181
32444603
5593911
34798706
44532763
32419639
36677698
1227675
44522715
915695
38107984
30291452
31880815
44117474
42413921
37422301
