4
10
11
14
20
34
35
36
38
45
47
48
49
50
54
57
59
62
63
70
71
85
99
106
163
193
260
315
317
470
481
556
569
570
595
627
688
790
799
823
877
905
931
965
992
999
1004
1011
1063
1074
1094
1111
1204
1208
1373
1417
1503
1668
1700
1721
1726
1783
1884
1957
1992
1997
2004
2010
2094
2125
2686
3146
3263
5844
6622
6679
6796
8135
8412
8438
8587
8877
9942
10004
10074
10094
10377
10500
10520
11439
11455
11474
11604
11670
11798
11977
12008
12097
12574
13085
14509
16189
16502
17632
17962
18128
18698
19065
19677
20420
21372
21441
22800
23851
24450
24978
25342
26105
26625
27806
27873
28137
28999
29287
29300
30857
30983
31315
31364
32798
33133
33258
34863
36050
36859
37102
38155
38566
39494
39743
40121
42280
42430
42629
42819
42825
43073
43925
44458
45639
46874
47244
47470
48114
48471
48946
50293
50422
50802
51607
51905
52313
54202
56267
56344
56798
56935
56965
57166
58535
58556
59790
62966
63378
63647
64043
67051
67214
67462
68806
70040
70488
71783
72064
72082
73181
75471
76044
76692
76773
76934
77185
77617
78139
78306
78433
79042
79361
80717
81658
84265
84822
84844
85307
85796
86014
86020
86985
88034
88206
89866
90796
90839
92181
92863
93171
95502
96591
97151
99117
99597
101634
105648
108944
108978
111347
111375
112135
112546
112629
112736
113863
113973
114164
115609
115791
115914
117520
118129
119376
121030
121936
122012
122801
123022
123579
123952
124519
125687
126356
127610
128215
128440
128693
128988
129329
130645
131501
132013
133570
133969
134376
134423
134768
135029
135613
136657
137883
138481
139585
139600
139709
140734
141747
142465
144215
144453
145769
145958
147854
149916
149941
150524
150792
152155
152280
152831
154333
155035
157020
157312
158963
159073
159240
159918
160161
161007
162897
164577
164707
165241
167138
167587
167705
169492
170772
171433
172387
173053
173684
179349
180315
180604
181052
181600
181802
182650
182908
182966
183485
183710
184740
185739
187340
187516
187552
188058
188777
189845
190954
191459
191693
193832
193858
194228
195691
197149
198918
200647
200690
201632
201811
202681
204536
205349
205639
206333
206461
206534
209357
212416
217096
218153
218373
218575
218821
224690
226846
228748
230737
232586
234231
235604
235720
236575
236838
237418
237901
239890
244697
245218
246282
248945
249693
250055
250807
252013
252305
252311
257286
257466
257690
257973
260812
264337
266098
266509
267310
267634
268431
269343
269474
270447
270578
271684
271698
273217
273422
273579
276167
277420
278077
280479
282534
283487
288179
288258
289186
292216
292488
295495
295966
297004
297460
298227
298776
299303
299430
300243
301225
301506
302774
302905
303026
303799
304713
305653
305744
306722
309048
309398
310183
310577
311214
311268
311546
311770
313141
313488
313936
314202
314317
315089
316333
316961
319615
321102
323315
323374
324208
325008
325273
325649
325973
326479
327160
327341
328279
328846
329596
332862
333423
333829
335223
335616
335671
336159
337687
337962
338738
341071
342596
342900
344857
347185
347700
348465
348681
351192
352990
354956
355980
356959
357736
357778
359395
360008
360198
360298
360392
360832
362780
362835
363845
365969
366595
368046
369130
370781
373381
373613
374221
376050
379478
379890
380012
380154
383404
383837
384906
386197
386241
386630
386899
388653
388845
390411
390497
396108
397187
397814
401743
405070
405486
405595
407319
407827
408445
411258
413199
413349
413805
414419
414862
414911
416118
418177
418756
418879
420695
420967
421889
422836
423574
425231
427721
427958
428754
429187
429212
430685
434343
436667
437572
437628
438202
439712
440153
441231
441415
442618
443667
446146
447444
449062
450607
450870
456480
457740
458204
458982
461027
463601
465129
466398
466974
469198
470053
470772
471141
472026
472185
473388
474493
475697
475774
475864
477643
480783
482095
483115
483159
485069
485079
485310
485335
490693
490826
491330
491815
491840
493975
495484
496660
496710
499036
501266
501277
501704
502799
503417
503709
503986
505185
508781
509775
510511
511876
511920
513504
514946
515777
515865
516765
518669
518755
520796
522830
524480
528570
528688
529334
529402
529445
530469
530926
531252
531655
534543
535550
536148
538472
538842
539937
540439
541246
543722
548994
549119
549311
549840
551776
552328
553822
555386
556622
558281
559985
560379
560703
562124
566585
568426
568975
569094
572230
572288
572412
573227
573349
580127
581469
581616
585327
585651
585769
586895
588174
589698
590798
591170
592937
593933
594405
594787
595874
596167
596390
597295
597355
598738
599377
599906
600753
600990
601020
601259
602298
602551
603312
604153
607814
609425
609560
613345
614376
617118
618637
624575
625027
625754
627356
628648
630399
633694
637781
637807
638544
641304
642648
642720
644274
646900
648833
649469
651530
652340
652432
653668
655533
657789
659560
659933
663682
664256
672965
673130
674538
676192
677574
679039
680434
687615
691004
693165
694041
696837
698209
698554
703836
707239
707486
708052
709123
709987
710911
711181
712962
713050
713883
713884
714745
715566
715756
716821
717020
717766
719715
721767
722185
725532
725834
725947
727183
728100
728756
729757
731466
737354
737978
740789
741231
747675
750766
754794
755052
755693
757599
758065
759112
759601
759839
762585
763417
763504
763747
764761
767650
775272
776634
779777
784699
785764
786296
788190
789222
790656
792726
793208
793309
793866
794354
795645
795859
800308
802735
806722
813805
814974
817669
819531
819604
819730
822523
823202
824923
825397
827847
829489
829690
831214
831670
831763
833009
833269
833575
837162
840597
840659
841611
841653
842663
842782
847595
850714
852015
852629
854738
855607
856287
857179
857423
858657
860924
866086
866939
872501
872667
872936
873495
874344
882096
882367
883089
885936
885984
886151
886292
887116
888652
893143
893743
894150
895632
895819
899089
901068
901141
901296
901691
903359
908146
910864
912871
912895
913728
914546
915984
916754
917547
917635
918454
922132
922371
923538
927687
929531
931954
934718
935085
935189
936844
937851
938226
939520
941387
943327
946065
947023
947142
948050
953422
953910
955051
957901
962207
963274
965739
966443
970301
971174
973621
974838
975165
975628
979085
984786
986804
986818
988912
989387
993088
994253
995968
996539
997154
997522
998536
998717
998957
999339
999609
1000510
1001945
1004268
1009547
1009692
1011340
1013046
1014544
1015394
1016428
1016824
1018945
1019880
1020055
1025367
1027616
1030937
1032457
1033268
1033468
1035356
1037158
1040026
1044072
1046219
1053790
1054091
1055997
1056585
1057810
1058366
1059466
1060662
1061540
1065363
1066654
1067922
1068008
1071516
1073301
1078511
1078918
1080527
1082018
1084005
1084717
1085669
1087673
1088210
1088353
1091210
1091222
1091953
1092530
1092632
1096068
1097688
1100383
1104809
1105010
1105365
1106136
1108551
1110713
1111425
1111525
1111799
1111936
1112793
1114050
1114560
1115011
1123898
1124446
1131788
1132024
1133145
1136444
1137666
1139570
1142275
1143749
1144754
1146459
1147277
1150104
1150366
1151695
1152606
1153054
1154875
1156223
1156452
1161063
1162173
1163160
1165533
1165998
1167248
1167927
1168911
1169153
1169333
1169386
1170258
1170875
1171095
1171789
1171925
1172857
1174061
1174125
1174344
1174608
1178049
1180174
1186700
1188055
1188891
1195626
1196522
1196767
1197315
1197990
1199465
1199899
1200306
1201572
1208243
1208410
1208622
1211773
1214763
1214792
1215237
1215755
1216298
1217594
1218733
1222998
1223382
1223928
1224091
1225063
1225119
1225331
1226740
1227675
1228511
1228929
1230444
1231476
1236224
1236459
1237320
1237564
1237662
1237986
1238509
1239425
1243127
1243368
1250217
1250749
1251541
1254215
1254280
1256153
1259941
1265249
1265587
1267378
1272353
1274606
1274945
1276297
1278320
1278357
1281687
1284048
1284178
1284249
1286235
1288634
1293750
1299557
1301533
1301561
1303469
1304843
1310439
1311235
1311940
1311968
1313965
1314686
1315952
1316340
1316883
1317259
1317632
1319168
1323715
1326029
1328352
1329482
1329963
1333561
1335045
1338570
1338857
1339787
1339939
1341742
1342318
1342563
1347657
1349803
1352249
1353239
1353365
1359409
1360859
1361467
1363195
1364050
1364938
1368322
1375285
1378676
1380738
1386880
1388397
1389071
1394586
1394707
1395339
1398529
1402570
1403021
1403792
1405154
1405299
1406056
1407722
1408559
1408819
1409349
1411228
1413120
1427109
1427500
1431699
1433568
1438458
1440338
1440595
1441196
1442700
1443088
1445036
1447542
1448147
1450237
1450341
1452812
1454595
1456136
1460367
1461746
1462416
1465210
1465844
1467337
1469049
1471340
1476924
1477035
1478550
1479881
1480611
1481369
1481502
1484195
1485108
1486208
1488056
1488527
1490937
1494985
1497959
1499623
1502973
1503654
1504814
1504998
1506304
1506629
1510276
1513483
1517084
1519617
1527523
1528527
1530743
1531033
1531685
1532979
1536026
1536227
1537034
1537298
1537601
1537768
1538203
1540578
1541895
1542744
1546064
1547170
1548289
1550612
1551173
1551751
1552162
1553869
1554523
1554649
1555676
1558235
1558692
1559810
1566188
1566428
1566809
1567930
1571432
1571867
1572996
1573474
1574834
1577870
1579038
1579133
1579424
1581076
1581117
1582216
1582573
1587161
1587865
1588691
1589060
1589279
1590077
1591673
1592207
1592236
1593676
1594631
1600007
1601190
1605053
1605100
1606126
1607765
1608398
1610948
1615431
1616149
1618439
1618750
1619907
1621018
1622637
1622742
1623166
1623319
1624302
1625440
1627919
1628908
1629235
1629472
1629978
1630592
1632482
1632672
1634403
1636247
1638377
1641889
1645539
1646256
1647870
1648253
1648406
1648582
1652473
1654454
1654517
1656484
1660986
1661762
1662887
1663250
1673149
1673568
1676519
1677111
1678453
1680354
1682811
1685434
1686524
1687321
1688035
1690914
1692227
1692677
1697611
1698106
1698253
1699660
1703162
1703589
1704972
1707598
1708423
1709978
1710893
1712469
1716357
1716621
1716742
1719692
1722101
1723820
1724053
1724565
1725275
1726798
1727020
1727401
1729671
1731419
1734259
1734719
1735397
1737273
1740785
1747743
1749855
1755507
1757207
1757989
1759009
1769633
1781743
1782607
1783585
1784641
1784927
1785505
1791465
1796693
1799475
1804523
1807325
1807735
1810665
1810793
1811011
1812889
1813061
1816419
1816685
1817377
1817665
1820663
1822945
1823053
1826429
1834812
1844576
1849402
1851914
1862924
1868126
1870124
1870460
1871210
1873114
1877530
1878180
1882768
1884156
1884938
1885870
1887570
1889774
1893296
1893312
1895100
1895438
1899134
1901316
1903292
1906826
1906994
1910430
1912686
1917286
1917900
1921050
1922180
1925332
1932870
1935268
1938234
1938856
1940432
1940452
1942238
1944208
1946104
1950762
1951866
1953050
1955610
1959490
1959860
1960372
1963648
1966026
1972562
1975098
1976590
1977790
1979410
1980422
1981882
1984828
1986032
1988604
1989186
1999310
2003786
2008142
2008264
2009826
2011504
2015776
2020130
2021908
2022364
2024144
2028700
2030236
2031212
2037332
2037516
2038076
2040090
2041258
2045684
2050286
2052682
2057894
2059828
2064342
2066444
2066790
2067492
2076982
2078778
2078928
2083334
2084372
2085060
2086932
2087794
2097756
2098140
2099736
2113594
2115420
2116326
2118782
2121622
2141954
2142170
2144614
2145458
2156100
2157656
2163416
2163636
2167124
2168788
2170802
2173224
2173506
2178078
2179056
2181108
2182600
2183366
2185112
2186258
2188316
2189056
2190890
2192392
2192956
2193280
2197124
2199674
2203362
2214822
2215016
2225754
2225780
2227096
2227824
2230652
2231576
2231698
2233070
2238660
2246488
2247548
2248002
2248718
2249352
2249980
2257724
2262056
2272162
2273994
2275292
2277186
2281866
2293014
2295264
2296424
2299196
2302052
2309004
2314338
2316080
2317946
2321536
2326146
2326578
2326728
2328734
2330372
2331438
2332348
2333358
2335308
2339528
2339608
2347464
2347786
2349916
2351330
2353958
2361654
2365186
2369676
2375258
2376614
2377656
2378650
2380600
2382918
2383356
2384362
2386220
2389568
2392294
2400158
2403062
2407802
2408716
2410042
2416334
2418850
2419752
2423500
2424274
2429328
2433312
2434286
2438036
2444046
2447356
2462694
2463294
2470504
2474340
2482814
2489186
2492540
2493878
2495956
2505296
2505654
2508696
2509454
2512262
2515120
2524044
2526536
2536466
2536600
2537712
2540084
2544816
2545138
2549110
2550754
2558392
2569192
2570456
2575896
2576978
2584540
2597636
2603098
2603466
2604736
2606240
2608802
2615420
2616396
2627170
2628508
2630504
2634462
2635572
2636336
2644374
2647908
2648196
2649064
2658038
2660376
2662056
2663722
2665530
2670462
2672288
2673582
2676226
2679824
2683368
2683536
2684172
2684290
2685080
2685180
2689326
2689610
2694846
2695734
2698598
2705480
2709996
2710130
2711072
2713774
2717698
2720708
2722462
2723410
2723622
2724872
2724876
2727156
2733252
2738540
2748820
2756024
2758276
2763062
2765616
2772598
2776806
2778198
2781454
2783028
2783282
2790264
2790516
2797226
2797498
2807040
2812272
2815434
2816076
2825164
2825932
2829630
2831258
2831816
2837090
2838124
2838498
2840398
2840548
2842242
2843812
2845120
2852112
2852596
2860182
2861564
2872164
2873444
2875476
2880174
2882826
2887096
2895590
2899692
2902212
2910288
2911804
2911824
2915040
2915886
2917168
2920950
2922358
2925300
2927112
2928098
2929180
2929814
2930034
2934356
2938576
2940538
2941358
2944724
2945202
2945842
2946014
2955500
2956808
2961278
2963802
2965078
2965398
2968418
2972890
2977690
2978638
2986410
2994048
2994956
2995484
2997872
3009006
3010000
3011196
3014848
3015284
3016297
3017685
3018075
3018715
3020399
3022598
3022691
3023869
3024310
3025051
3025749
3025796
3030417
3030994
3033131
3039134
3040956
3041097
3043392
3044312
3045589
3046204
3048671
3049018
3049907
3053227
3054285
3055894
3056675
3056911
3057703
3059054
3059199
3059360
3061684
3062417
3063314
3064390
3068238
3077324
3080878
3083783
3083818
3087768
3089814
3092299
3095324
3098306
3099186
3099356
3101490
3102327
3103933
3105081
3109509
3110598
3111846
3114118
3118113
3120140
3121560
3122373
3126274
3127034
3129450
3130062
3130800
3134202
3136011
3136293
3136898
3137097
3140811
3142539
3144433
3147586
3147999
3152970
3153572
3155236
3156712
3157764
3163170
3165516
3166364
3168231
3168506
3169177
3170375
3172958
3173826
3174736
3176083
3178120
3178636
3181303
3181488
3183621
3185736
3187773
3188854
3190401
3191234
3192038
3192165
3193338
3194491
3196185
3198468
3200546
3200581
3201563
3201994
3202154
3203404
3204121
3210452
3211824
3213471
3219251
3220145
3220506
3220842
3221343
3223025
3224614
3224841
3226204
3226353
3226725
3228829
3228871
3230868
3233965
3234155
3237516
3237581
3288959
3352771
3380781
3403681
3407761
3411401
3429571
3431801
3444521
3475211
3476631
3487221
3505851
3525381
3536441
3589451
3605411
3628181
3629341
3664281
3706211
3707691
3709571
3711511
3750251
3754691
3765911
3767831
3814771
3845721
3867101
3877671
3899521
3905901
3919271
3931101
3935931
3969431
3989451
3989901
3994821
4003951
4010331
4020761
4025901
4051221
4064611
4090501
4109771
4121241
4123741
4132931
4134501
4147401
4151171
4184801
4189291
4192791
4212781
4255031
4263611
4293691
4305031
4318641
4319251
4341061
4353061
4353131
4361201
4373781
4412081
4412651
4415621
4416791
4418751
4455891
4470851
4506291
4531221
4557621
4581761
4602081
4609721
4628221
4665421
4681261
4688211
4694251
4701281
4730761
4751971
4766061
4800701
4803701
4808241
4885231
4896751
4914971
4931811
4931861
4965731
4989631
5018051
5023171
5044931
5048441
5060171
5062931
5082351
5109141
5110291
5133701
5143021
5159061
5191521
5205601
5209351
5229051
5247791
5257371
5316611
5317671
5361961
5375381
5438181
5477351
5529861
5579211
5632591
5661171
5681331
5727141
5747801
5784441
5795821
5804531
5805511
5815311
5836331
5865131
5885041
5908921
5924481
5986721
5992151
6034411
6065611
6085781
6113091
6129401
6132221
6142091
6146751
6157681
6171201
6172191
6200801
6206841
6234671
6299361
6303991
6311801
6317141
6342431
6389881
6409481
6422281
6486991
6490561
6499981
6506101
6510321
6535071
6542691
6549491
6562701
6567141
6581871
6597891
6604351
6641401
6646161
6652481
6654481
6669881
6715211
6720231
6741331
6755211
6763021
6770371
6796441
6856511
6865391
6871461
6882711
6906571
6947111
6958411
6982121
7011261
7046071
7074961
7107771
7115281
7119721
7124161
7125281
7127891
7130251
7135781
7170221
7192801
7202711
7204581
7211661
7232251
7233441
7260461
7263681
7273571
7321611
7361851
7451101
7451961
7507931
7532751
7550111
7552111
7590571
7595571
7602851
7603691
7617411
7627121
7679861
7708711
7732581
7737531
7751701
7764571
7765611
7768841
7821731
7825691
7840911
7853331
7865611
7908231
7916571
7942951
7968261
7975181
7987711
8004601
8008791
8020801
8068871
8103391
8127411
8174081
8306441
8318551
8329381
8354811
8355201
8371671
8382291
8425811
8431361
8523711
8530541
8573931
8577901
8621101
8641831
8654851
8745501
8746911
8754411
8762691
8792831
8806041
8826881
8898841
8916771
8950331
8960031
8988411
8990851
9035721
9060841
9093931
9141791
9161371
9234011
9239191
9263961
9267011
9281911
9284671
9347051
9352481
9405091
9500511
9527361
9528801
9602621
9608951
9612251
9621891
9624671
9657391
9666021
9687641
9699051
9815671
9848761
9861051
9880001
9914641
9914771
9948181
9975991
10044141
10046691
10048451
10117291
10144911
10145821
10171741
10184491
10232471
10238631
10240001
10269041
10283621
10353521
10400551
10407041
10424091
10536261
10548151
10559921
10569401
10583241
10639401
10684671
10706091
10778991
10804911
10881021
10893681
10901211
10927651
10929261
10939721
10963251
10994851
11004781
11096711
11111411
11116361
11132401
11202981
11229861
11276701
11287201
11296961
11345741
11390321
11436821
11506971
11512711
11577541
11653791
11699751
11700051
11739771
11744331
11753871
11770851
11799491
11818931
11872701
11873861
11934341
11950821
11967091
12056021
12085161
12096961
12157381
12172461
12180721
12191031
12208501
12222701
12230341
12240531
12282581
12377541
12433931
12441941
12458411
12466571
12467511
12480171
12526101
12546361
12569421
12602551
12660061
12695431
12750851
12757701
12827871
12844151
13611701
13670891
13683841
13695351
13701591
13705321
13769551
13797691
13903711
13913261
13944751
13959421
13999431
14000441
14013101
14026241
14036451
14053481
14055611
14063761
14083941
14107781
14124181
14133911
14158371
14185931
14195741
14220091
14262751
14299821
14317671
14329481
14379241
14392951
14495451
14500611
14501151
14506931
14564581
14571771
14620651
14634791
14651811
14702871
14740681
14753261
14863451
14871071
14906911
14912141
14924221
14981211
15002431
15102371
15145281
15157821
15161581
15183641
15201991
15231521
15232881
15238601
15302821
15341481
15382181
15386791
15429291
15455541
15459021
15462331
15464431
15516261
15521721
15535401
15539481
15540805
15542713
15543377
15544789
15546849
15546891
15556027
15556831
15558219
15559015
15559656
15559967
15565387
15566927
15567923
15574869
15574964
15584009
15587234
15589168
15592393
15593498
15593523
15594766
15596225
15600969
15601278
15602093
15604552
15616339
15623470
15631017
15640848
15648305
15648872
15652350
15660477
15665385
15666284
15667131
15669424
15671698
15677319
15679694
15690818
15698544
15700661
15701888
15702016
15703605
15704222
15704931
15706564
15706969
15707110
15708935
15710218
15722107
15722827
15723721
15726255
15726649
15729482
15732836
15735168
15735477
15735990
15738598
15740219
15740932
15742311
15742939
15745451
15748391
15749877
15750046
15752414
15754928
15756421
15756467
15758936
15766574
15770778
15773897
15777277
15782254
15782284
15783943
15787859
15796153
15797480
15798631
15798919
15799628
15801812
15803163
15806190
15807445
15809477
15809890
15810968
15811108
15811933
15812146
15812295
15814942
15816217
15816442
15817284
15818400
15821725
15829932
15830848
15842297
15846439
15907190
15936338
15937174
15938450
15963179
15963680
15964709
15967976
15974211
15976578
15979668
15982001
15983397
15985222
15985379
15987907
15989005
15989122
15990382
15991012
15991878
15996583
15997048
15998500
16000254
16002278
16004390
16008429
16009353
16012710
16013458
16013867
16014429
16015908
16017989
16018956
16020567
16023074
16027022
16027468
16028388
16032828
16036036
16037209
16048343
16049071
16053266
16057224
16059618
16060131
16060412
16064837
16067006
16068181
16068248
16071796
16072544
16073206
16074133
16074236
16075566
16076600
16083568
16086616
16089037
16091343
16092723
16093972
16095401
16096515
16099893
16101208
16102520
16103826
16109397
16109884
16110120
16111260
16115449
16116864
16127364
16129464
16130666
16131444
16136206
16141495
16142066
16142715
16142767
16142925
16147791
16150545
16157483
16157589
16157959
16158225
16158934
16161699
16161882
16163023
16164539
16167029
16169645
16172431
16174394
16174613
16174654
16175126
16189200
16190347
16195604
16196076
16197900
16198106
16199139
16205739
16206838
16207429
16209570
16215419
16215782
16215981
16218297
16218745
16222905
16225156
16226389
16228329
16228715
16229132
16229224
16229715
16230874
16231491
16232757
16233757
16238206
16256350
16281916
16287451
16299535
16314793
16317475
16336573
16338631
16353691
16369510
16370251
16381924
16388371
16401658
16405705
16419787
16420069
16421164
16423951
16432171
16434682
16434997
16463851
16464154
16470088
16470121
16474324
16483048
16484155
16490560
16499668
16505773
16509607
16511104
16525237
16541740
16546438
16551967
16555327
16564987
16572235
16572334
16586746
16586800
16601836
16604965
16611424
16614274
16635064
16656325
16664539
16674442
16675072
16680160
16694692
16698322
16699573
16716982
16720387
16723420
16733167
16737214
16741120
16745713
16755259
16755361
16755601
16768387
16775089
16775599
16788367
16791529
16798735
16800325
16804231
16805836
16808263
16809148
17966551
18081883
18218587
18797656
19181833
19255159
20172814
20181019
20181448
20201428
20211067
20214982
20228458
20235025
20238334
20244205
20261599
20268232
20268868
20271772
20275204
20280037
20286373
20305594
20316166
20322700
20329657
20331820
20342905
20347216
20347942
20349604
20350522
20360218
20366986
20367325
20370151
20374468
20393629
20420809
20428624
20430223
20435416
20439295
20448532
20449939
20482519
20484526
20498374
20522050
20526190
20536720
20540962
20548858
20561788
20574376
20575849
20649227
20659839
20813367
20985255
21109845
21303547
21345248
21350677
21360474
21379956
21416043
21441365
21453563
21492508
21662272
21707480
22001659
22023121
22023789
22050285
22105823
22163926
22242426
22647238
22659442
22693006
22700504
22798071
22832585
22870373
22912471
23048773
23069412
23082636
23250535
23611534
23710485
23731171
23872034
24009682
24014907
24223227
24250561
24294931
24402492
24459798
24510306
24522829
24524806
24570302
24608811
24775206
24843641
24852478
24868847
24958609
24961186
25172549
25233752
27004822
27004852
27022774
27027388
27051811
27055720
27084274
27089110
27090682
27098080
27115000
27116008
27122866
27124420
27128602
27133129
27135565
27154162
27156667
27175597
27181375
27186715
27190087
27191155
27202855
27203671
27206116
27216100
27227014
27232852
27247480
27252334
27252973
27262936
27265747
27271030
27274060
27274246
27275434
27287887
27287932
27290266
27319069
27320443
27335281
27338806
27341548
27344248
27344572
27345616
27352255
27375778
27380221
27381634
27397285
27404740
27404749
27409573
27421045
27433246
27448792
27453217
27453715
27459190
27459913
27461689
27468427
27476125
27482509
27484801
27500353
27503869
27512401
27518329
27527125
27536077
27562855
27570205
27571120
27571615
27573061
27583219
27590932
27594022
27596494
27601147
27609346
27612961
27625771
27647089
27648037
27649561
27654283
27663361
27666109
27667387
27679393
27679636
27682357
27683320
27687337
27691327
27691714
27715066
27717268
27725989
27727222
27729574
27733513
27764263
27768811
27780985
27799468
27802972
27803644
27816115
27816358
27817105
27818857
27820849
27849424
27851275
27854782
27858376
27863125
27869484
27871006
27875240
27878605
27881041
27881816
27884465
27887242
27889350
27890078
27891432
27891592
27894707
27899305
27899895
27901078
27908898
27910842
27914357
27914683
27916531
27918756
27925770
27926816
27927095
27928495
27931727
27932926
27935593
27938126
27940527
27945074
27948010
27950664
27955542
27955876
27956656
27957405
27962264
27967110
27970846
28094275
28147092
29003392
29005669
29010172
29011923
29013725
29015182
29015623
29018221
29019235
29019936
29028401
29029432
29029999
29031788
29035347
29040935
29041019
29049381
29051972
29059465
29062650
29065923
29067805
29068855
29071926
29072050
29073876
29074516
29076186
29076414
29085130
29085609
29086918
29090541
29092658
29093406
29098329
29099199
29099432
29099846
29101730
29101944
29104630
29113569
29117363
29122948
29124064
29127714
29133729
29135535
29135728
29143388
29144682
29151465
29152274
29155729
29157047
29160937
29163203
29165180
29165634
29167124
29169169
29169516
29170535
29171668
29173895
29175206
29183498
29185215
29185926
29188654
29190246
29191474
29194948
29197936
29202284
29204924
29209379
29209971
29213624
29213684
29216480
29218201
29221041
29221194
29223449
29223785
29229027
29229115
29231377
29233324
29241559
29244291
29244345
29244483
29244544
29244914
29246458
29249174
29250206
29252948
29259413
29260917
29263308
29264552
29270550
29270988
29271677
29276716
29286547
29290600
29291633
29293282
29294033
29294699
29295503
29298037
29298324
29298835
29306649
29311179
29317352
29317550
29318698
29319482
29320901
29324312
29330355
29436884
29501421
29503502
29504037
29507417
29510385
29510976
29513377
29513431
29515380
29518689
29520899
29521086
29522105
29524406
29524706
29528979
29532581
29532676
29534247
29534878
29539863
29542861
29545437
29553834
29554791
29555612
29558569
29561077
29561725
29562754
29564986
29567200
29574555
29583165
29584289
29592786
29593418
29594526
29594787
29596609
29597065
29604344
29605452
29627411
29630442
29631282
29631361
29632553
29636833
29637740
29638879
29643251
29644381
29653756
29662179
29662295
29663232
29663894
29668604
29673051
29753687
29754549
29755202
29775999
29779682
29783402
29785974
29786941
29788550
29790336
29791769
29794300
29798731
29801290
29805982
29809953
29809978
29810412
29825006
29826051
29830632
29832069
29870936
29886704
29892957
29917150
29923884
29925569
29926640
29939797
29944187
29953275
29953708
29953725
29968725
29978410
29991367
29998724
30000535
30007752
30007773
30008136
30010782
30010836
30024406
30025610
30035407
30038224
30039336
30041408
30057132
30059327
30076307
30078820
30085165
30099570
30101195
30101682
30102959
30103261
30103315
30105822
30111361
30116789
30120315
30123282
30137650
30137910
30138982
30140750
30149526
30151239
30152636
30156683
30163175
30167634
30168925
30176218
30181291
30193524
30194730
30197943
30198174
30206340
30221364
30223610
30242089
30242708
30244527
30245241
30250183
30260065
30261169
30262906
30264783
30266845
30268370
30285921
30291452
30292427
30293873
30301747
30303690
30306142
30308744
30312262
30314130
30316748
30316883
30319030
30321527
30335172
30340125
30340909
30344192
30363743
30365927
30366532
30369218
30373069
30388577
30392498
30395222
30397811
30408425
30410782
30411891
30412402
30416368
30418192
30418299
30420041
30427395
30444363
30449213
30452741
30453811
30454690
30457771
30462576
30464041
30466459
30469944
30470693
30471596
30472971
30475422
30475787
30476681
30478150
30495123
30497198
30499567
30501881
30503994
30514259
30518547
30519868
30522165
30529730
30533152
30539457
30546500
30547038
30549617
30551173
30553957
30562295
30567215
30570738
30573229
30575433
30577613
30580853
30586215
30588367
30592746
30595443
30596458
30604576
30609771
30620221
30627852
30627949
30628138
30634854
30636151
30638225
30644775
30651773
30653674
30654719
30658117
30659890
30662387
30664787
30681090
30681156
30685462
30686054
30692888
30696473
30699685
30717800
30725403
30735707
30736330
30740043
30748911
30748919
30773889
30774669
30775543
30819324
30831209
30838026
30841191
30848818
30849241
30849955
30859644
30860071
30861356
30874341
30881176
30881881
30882266
30884525
30893372
30897704
30899600
30903420
30905457
30913441
30917191
30926260
30930100
30932394
30933306
30934214
30934617
30935180
30966632
30967317
30979199
30979618
30981732
30984703
30991327
30994227
30997213
31001411
31001992
31005008
31010195
31021532
31029938
31030137
31030722
31036852
31050638
31051023
31057586
31059380
31061475
31061516
31064997
31068606
31068752
31070973
31079851
31083387
31084491
31084605
31085593
31099037
31099118
31100692
31102050
31102366
31103449
31111395
31120081
31124805
31129663
31130349
31136234
31137134
31137836
31140147
31140559
31145911
31151337
31154878
31157061
31162617
31170425
31172140
31172637
31175175
31181772
31186911
31192081
31198284
31203858
31209980
31213066
31215547
31221962
31222714
31225367
31226535
31235642
31246602
31248189
31254865
31267786
31267989
31277672
31277678
31279736
31283816
31289584
31290992
31291323
31292850
31294184
31296732
31297544
31297803
31297966
31298004
31313419
31314472
31315712
31316635
31318660
31319252
31321106
31322608
31333260
31337029
31345135
31349875
31349994
31354612
31372784
31394020
31397776
31399185
31402780
31403486
31403492
31408170
31408319
31411618
31411742
31414862
31421106
31427030
31432212
31438964
31443615
31448101
31448506
31450028
31453205
31453502
31459891
31465467
31468298
31471104
31485258
31491001
31492339
31498417
31502078
31504894
31507554
31510240
31518494
31525614
31533906
31539424
31539488
31548792
31551532
31551559
31552201
31553944
31555594
31559289
31562403
31562511
31562775
31563620
31566295
31567162
31571871
31572525
31584556
31589386
31594774
31594832
31600124
31602595
31611527
31612623
31615487
31618315
31621486
31623338
31624762
31627450
31628855
31631768
31634204
31642465
31643000
31645012
31648235
31649667
31649923
31651113
31654607
31661638
31662621
31667817
31668659
31668760
31671098
31677262
31677892
31678113
31693635
31698941
31701248
31702146
31702880
31705405
31705635
31711411
31716966
31726532
31730324
31730802
31735191
31735240
31736313
31736506
31737314
31747727
31747800
31748575
31749229
31750988
31754250
31754724
31757306
31759977
31763713
31764229
31766278
31777555
31777908
31778409
31783633
31785692
31799682
31800169
31800904
31803307
31811025
31811855
31811984
31812135
31814665
31818335
31819430
31819515
31819967
31820084
31829217
31830023
31833200
31833551
31835410
31838224
31838856
31845531
31849548
31850361
31853128
31855228
31870589
31875275
31880815
31882118
31882301
31889343
31890037
31891367
31893630
31901303
31901308
31901665
31901852
31904490
31909789
31916219
31917210
31917424
31918801
31918971
31923832
31925172
31926526
31932042
31932731
31943841
31946016
31946908
31949355
31951967
31956211
31960182
31964758
31965164
31965767
31974640
31975954
31977748
31986394
31988181
31992247
31999191
32000218
32013038
32022578
32023717
32029613
32033770
32041070
32041576
32043628
32047423
32047524
32047582
32065696
32066927
32068955
32079756
32080040
32081524
32086811
32090460
32091592
32094030
32095003
32096052
32097024
32097641
32105609
32106112
32109996
32110680
32110773
32113963
32114287
32119948
32120119
32121230
32121342
32121418
32124944
32131141
32132818
32133313
32134747
32142572
32147339
32147548
32156644
32159848
32165022
32165445
32165917
32177226
32180261
32182070
32183773
32184655
32188807
32189903
32191232
32191662
32200742
32202291
32203261
32204548
32209267
32209304
32211627
32216635
32222425
32224897
32231904
32235194
32238822
32246575
32264682
32270343
32278143
32281100
32281974
32288681
32290532
32293892
32295289
32296114
32299566
32300282
32301917
32302017
32314646
32322000
32322020
32325098
32325385
32327510
32330024
32330453
32330905
32331653
32331782
32343740
32351171
32351827
32354526
32354751
32355563
32357332
32360516
32362460
32363017
32367435
32373868
32374250
32376022
32377001
32377196
32378108
32380640
32385698
32389649
32389844
32390084
32390437
32393997
32399339
32408090
32409173
32419639
32426484
32426694
32428275
32431191
32432021
32434809
32442317
32444603
32444903
32447050
32448033
32448260
32449886
32450424
32454322
32456437
32457057
32461768
32463381
32471395
32473050
32473478
32485668
32485852
32493978
32494372
32496812
32498448
32504427
32505739
32506232
32510395
32512868
32512935
32513496
32520892
32522574
32525947
32543229
32544777
32547408
32556030
32556320
32561872
32573341
32580326
32581287
32582743
32587191
32594680
32595421
32595442
32600886
32603445
32610389
32612141
32613627
32623323
32624709
32625326
32626769
32631402
32634084
32639035
32650782
32659721
32662280
32668882
32670286
32676883
32680162
32682830
32683316
32685864
32693201
32697764
32703125
32711777
32712974
32713577
32713634
32715823
32718402
32720177
32720617
32722484
32735175
32736059
32747101
32748419
32749470
32749694
32749829
32750181
32750914
32751758
32753314
32757769
32759068
32759979
32760407
32763892
32766058
32772438
32774357
32775856
32775926
32779566
32780469
32780609
32797559
32802009
32802689
32805579
32809758
32810675
32811880
32812142
32813171
32814026
32820588
32820854
32820903
32821830
32834558
32835009
32835141
32835722
32842835
32842938
32849169
32849808
32854013
32855008
32858193
32859159
32864192
32865280
32867430
32867874
32868065
32868485
32868740
32883304
32886237
32890697
32890809
32897167
32898188
32898491
32899076
32903270
32904667
32914526
32920238
32928180
32936118
32944793
32951603
32960574
32961416
32974461
32975679
32976040
32976222
32978286
32978433
32979253
32999111
33008335
33008968
33009466
33013018
33015800
33025392
33025815
33027931
33028732
33033130
33043160
33043161
33044052
33046106
33047022
33051337
33052035
33052289
33052341
33062685
33063760
33066032
33066466
33073499
33076419
33100324
33102510
33105848
33113932
33114290
33116909
33121561
33129874
33130606
33131540
33139415
33142648
33147986
33150806
33152741
33152906
33158406
33158552
33167708
33179635
33183672
33187551
33194995
33197899
33197986
33199164
33199181
33199230
33199448
33211844
33219460
33225021
33228745
33235641
33235967
33239512
33241195
33245845
33249361
33250285
33251512
33258697
33259798
33263363
33266826
33278304
33278352
33281917
33282948
33282985
33283510
33287797
33292222
33292495
33292729
33298552
33298750
33310022
33311924
33317521
33326505
33339543
33343777
33345276
33359260
33361690
33364333
33365734
33366706
33367656
33371643
33372429
33373454
33373555
33432979
33435398
33435437
33438471
33441332
33454874
33455219
33455400
33461345
33462460
33465986
33466041
33469491
33471284
33471300
33473006
33476393
33476794
33481426
33491264
33492019
33492284
33493428
33495562
33498183
33499398
33503998
33504708
33509198
33509595
33509712
33514407
33519700
33520429
33522190
33523782
33525613
33525745
33528412
33534182
33537227
33537616
33538253
33548178
33551183
33552771
33553623
33559419
33564612
33565521
33580073
33580409
33580509
33583028
33587266
33590741
33596280
33598806
33599119
33604010
33610593
33613496
33620027
33621062
33628356
33638613
33644748
33650487
33654267
33654851
33654963
33656516
33662789
33665043
33665890
33667421
33669799
33675435
33679974
33682137
33682299
33690920
33694407
33695876
33699635
33705198
33707301
33713244
33718067
33719282
33719411
33721921
33726339
33726771
33729226
33731469
33733730
33740996
33741882
33744045
33749219
33753405
33757921
33760308
33774083
33777521
33782542
33784855
33787435
33794146
33794697
33795418
33796498
33797422
33797837
33802332
33805934
33811255
33813044
33816330
33820495
33827049
33827204
33831125
33832446
33833596
33834300
33842382
33842448
33849889
33854080
33854884
33855815
33858079
33858410
33860377
33863572
33864857
33873266
33874947
33877527
33881532
33887124
33888748
33908192
33909240
33918994
33919126
33924275
33955960
33956963
33957505
33958611
33967482
33969915
33973277
33986918
33990723
33997713
34002836
34004373
34006945
34007727
34009753
34010297
34010521
34015956
34016792
34021836
34022172
34023226
34029451
34035385
34042846
34043044
34043578
34051340
34067315
34072513
34074480
34076365
34094382
34094748
34095272
34097958
34098622
34099270
34110308
34116230
34126443
34132804
34133791
34134309
34140772
34151490
34156036
34160064
34160315
34164316
34165800
34172458
34174905
34181720
34184277
34190691
34193274
34193900
34200013
34205969
34214736
34214988
34226381
34229447
34229931
34232185
34234467
34234730
34243531
34244102
34244107
34245765
34247340
34249126
34253782
34254434
34256148
34257553
34258566
34261097
34263407
34271915
34276313
34277316
34280193
34281074
34282381
34286744
34286873
34288839
34288849
34288861
34292832
34297033
34304549
34305057
34306039
34309369
34313704
34321591
34323577
34323652
34338824
34341892
34342278
34351925
34351998
34352584
34363749
34368493
34369994
34370273
34370331
34370805
34372135
34373189
34377951
34377953
34378850
34385049
34387076
34387551
34387564
34389310
34391027
34395270
34397644
34400041
34405659
34407899
34414201
34415881
34417082
34424475
34426405
34427379
34427918
34429133
34430318
34438410
34439613
34442237
34444822
34448564
34450686
34457060
34461973
34463070
34463642
34465456
34467390
34470821
34475518
34475932
34481284
34481713
34487570
34488307
34488776
34497435
34497639
34498386
34502735
34507751
34520163
34520336
34524385
34525586
34535678
34535844
34535906
34535980
34536389
34538235
34544438
34545443
34548976
34550896
34550986
34551922
34553853
34559208
34562368
34562915
34573480
34581100
34595388
34599327
34605170
34607989
34609633
34612997
34616551
34617200
34623214
34630035
34633210
34635637
34636875
34643218
34643835
34644135
34649292
34651371
34655221
34657092
34658317
34658632
34659333
34662928
34664661
34667444
34676086
34685226
34685648
34687678
34692249
34693630
34704798
34705505
34707691
34721815
34730369
34731033
34752346
34752386
34752860
34753706
34755886
34757573
34758540
34759238
34761440
34762480
34768668
34775697
34778154
34779719
34789542
34789947
34796661
34804432
34804853
34806743
34810223
34812448
34819366
34824427
34826246
34829884
34830285
34830692
34834788
34835345
34839033
34840440
34844024
34844235
34849393
34850744
34851303
34855714
34858547
34861494
34874442
34876548
34884676
34886224
34892118
34892131
34899099
34903603
34904612
34906550
34910464
34912009
34914963
34916899
34921172
34927050
34932181
34932319
34933950
34934517
34936371
34937707
34940039
34942244
34943638
34943721
34944386
34950410
34956472
34960316
34960809
34962766
34965594
34968380
34968620
34971269
34972305
34974948
34979354
34980572
34986528
34988587
34988903
34989645
35000179
35001559
35002578
35008493
35015432
35017071
35017558
35018478
35021018
35025382
35025826
35026748
35028763
35040969
35045345
35046363
35053611
35053630
35060820
35065707
35067291
35067411
35068227
35068515
35071559
35074587
35078317
35079820
35082686
35089195
35089575
35091254
35095863
35099233
35099581
35103124
35104103
35106960
35108622
35108768
35110008
35114144
35114356
35115174
35118158
35126697
35127560
35128113
35131904
35133182
35141024
35142089
35149276
35150691
35151802
35152782
35153088
35154196
35155714
35160006
35162790
35167512
35170367
35176738
35183253
35185953
35186472
35189100
35191439
35192754
35194606
35200072
35200183
35203942
35204811
35212777
35213088
35214473
35216959
35217878
35220401
35239750
35242446
35243680
35243862
35244434
35245714
35257031
35257421
35257937
35258424
35259475
35260095
35260708
35270877
35279376
35279720
35282250
35283189
35286054
35291579
35293744
35293985
35297357
35302185
35310144
35310219
35310337
35310395
35311860
35324749
35332515
35340499
35347656
35348707
35355878
35356466
35367279
35370640
35376078
35381915
35383845
35389588
35392157
35392453
35393150
35395610
35403254
35404855
35405757
35407403
35413271
35415201
35420305
35430600
35432457
35433875
35434157
35437219
35445722
35447882
35455301
35455309
35459098
35459183
35468714
35474367
35475810
35478329
35480513
35480995
35485226
35485357
35489382
35489411
35491226
35497249
35498291
35500847
35508105
35508117
35508849
35514614
35520100
35523886
35525075
35527284
35537506
35539632
35542288
35544166
35544443
35547039
35551825
35552136
35556629
35557339
35561457
35566901
35567993
35573286
35573388
35574300
35575209
35578369
35580368
35586471
35589065
35589685
35593526
35595498
35596486
35612794
35615031
35616222
35616326
35620926
35621769
35623498
35628514
35636702
35637398
35638176
35638249
35639479
35647059
35648534
35649204
35650980
35651855
35652721
35654272
35656016
35658308
35660436
35662284
35664782
35666591
35669157
35670126
35672472
35675053
35677096
35677310
35688115
35690861
35692099
35700761
35703274
35703455
35705336
35709810
35712082
35725748
35725968
35727945
35741367
35748555
35755127
35757014
35757287
35759892
35762380
35767259
35773220
35776862
35780906
35781052
35781165
35785027
35787021
35788867
35790394
35790468
35795124
35800034
35803239
35808325
35810371
35810531
35810769
35810800
35810817
35811379
35812686
35817341
35823986
35833406
35835668
35837424
35838324
35841731
35842818
35848169
35848990
35852827
35853735
35856786
35857990
35858375
35862908
35867083
35869017
35869112
35875426
35877837
35878216
35884107
35884650
35887028
35887145
35887344
35890234
35900979
35906387
35911395
35912003
35912829
35913877
35919638
35924636
35934751
35935982
35939285
35943662
35944663
35946847
35950726
35950803
35951333
35956760
35958307
35958367
35968428
35969575
35969597
35969916
35969936
35970620
35976020
35977630
35978821
35980682
35983367
35983531
35985809
35986100
35994676
35997913
35998940
36005251
36006149
36009209
36016344
36018095
36029431
36031852
36032658
36039746
36041486
36042986
36043241
36048518
36052231
36052651
36058246
36058595
36060602
36072362
36075581
36076642
36076853
36078619
36081321
36083111
36086321
36087710
36087953
36089493
36092838
36092879
36097210
36102353
36106650
36116301
