4
14
18
45
556
595
688
823
905
947
992
1094
1584
1783
1992
2142
2157
2385
2646
2686
2749
2806
2864
3103
3583
3867
4855
5216
5288
6031
6686
6719
6928
6951
7012
7052
7372
7627
8161
8242
8438
8684
8852
9134
9701
9939
10004
10081
10334
10483
10520
10912
11220
11295
11584
11604
11670
11798
11822
11830
12176
12730
13401
13552
14833
15414
15542
15901
16079
16623
16647
16892
17014
17341
17700
17962
18128
18635
18960
19107
19412
19456
20145
20852
21372
21452
21672
21685
22354
22614
23455
24392
25342
26105
26361
26625
29132
29844
30187
31063
31712
31744
33449
34857
35107
35709
36050
36502
36859
37480
37613
37712
37782
38242
38499
38866
39360
39510
40530
41889
42141
42619
42819
44017
44654
45026
45147
45364
46607
48278
48302
49623
50094
50293
50495
50824
51065
51547
53111
53471
54202
55971
56059
56437
56496
56751
56769
56863
56884
57288
57332
57376
58238
58386
58535
59273
59589
59860
60610
61155
61194
61360
63378
63936
63959
63980
64135
64864
65265
66103
66393
66493
66667
66819
67340
67491
67511
69020
69285
70404
70488
72057
72121
72256
74405
75665
76405
76719
76934
76998
77617
78119
78433
79361
80627
81151
81668
81685
85807
86715
87230
87357
89159
89346
89458
89508
90259
90312
91678
92181
92508
93105
93171
93237
93248
94649
94691
96012
96703
98892
99731
101634
102527
102766
104251
104574
105857
107218
108171
108478
108671
108804
108944
109261
109672
110561
111512
112030
112546
113240
113381
113851
113868
114918
115914
115986
116221
116633
117453
117762
117917
118330
118569
118688
118889
119376
120771
121030
121141
121936
122996
123638
123648
123709
124445
124786
124891
125946
126100
126299
126596
127716
127738
128606
128676
128693
129096
129304
129329
130236
131884
132010
132439
132480
132796
132890
133969
134427
135120
136170
136474
136943
136971
137073
137293
138169
138967
139713
140734
140740
141288
141491
141575
142306
142455
143318
143381
143590
143673
144102
144662
144735
145274
146348
146901
147355
148428
149070
149807
149826
149886
150479
150489
150751
150910
150928
151091
151228
151675
151718
152280
153044
153559
154448
154501
154961
155881
157250
157357
160339
160765
161303
161493
161554
161746
162714
163171
163421
163792
163953
164564
165426
166137
166653
166956
167312
167523
167705
168146
169492
170354
170427
170689
170816
171594
172609
172800
173389
173770
175727
176190
177030
177215
177483
177501
177735
178209
178291
180523
180881
180885
181052
182065
182439
182908
183485
184142
185222
185263
185778
185929
187379
187552
187750
187756
188016
188237
188329
188680
188777
188985
189442
189613
190390
190482
192002
193119
194365
195325
196534
196537
197670
198732
199250
199308
199319
200880
201632
202029
202410
202541
202993
203258
203473
203964
204906
205195
205717
206124
206435
206702
207047
208047
208245
209357
210025
210231
210649
210802
210920
210982
211034
213146
213156
213198
213252
213790
214175
214377
214942
215222
217096
217160
218153
218668
218906
219392
220263
221095
221138
223311
224228
224600
225989
227212
228436
228748
229746
229862
230661
231245
231890
232425
232586
232634
233341
233757
234219
234297
234354
234782
235400
235720
236838
237476
237544
237605
237608
238337
238576
239375
240132
241829
244137
244853
245634
245725
245884
246879
247118
247355
248111
249132
249137
249693
250306
250980
251442
253226
253940
254965
256048
257297
257589
259587
260549
262103
262121
262452
263351
263377
263414
264165
264199
265732
265807
267635
267811
268008
269061
269312
269592
270988
271165
271683
275825
275831
276917
277633
277833
278840
279514
280479
280522
280614
281466
281587
282159
282534
283547
283896
285078
285735
285840
285995
286325
287721
288258
289274
289339
289600
290514
292547
298282
308138
308564
308816
309205
309398
315219
318559
319009
321328
321592
325649
333869
335556
336159
347483
348582
349648
351192
354998
355698
355752
356041
357237
360832
371501
380154
381826
385476
385838
390566
409128
414234
429790
440071
446295
447681
451870
457740
463062
467699
469768
471078
473133
475864
477643
488518
490152
490693
497208
498617
522830
541270
548320
549311
549368
549603
552575
557118
559985
564812
567812
572944
573243
596167
600355
610329
611709
615445
617783
619151
620691
621502
627356
653620
656360
672965
692634
693986
695500
697526
706303
731740
743460
747310
749200
757801
774335
784244
785711
790299
790656
791025
795992
806167
811290
812739
828665
829690
832177
835228
842198
848280
848326
848560
849318
857423
859258
861785
864315
872501
873381
881021
882367
886367
887552
889383
897175
915984
916754
921500
935189
950759
958606
976580
977729
989836
992829
1006917
1051540
1055997
1068597
1077104
1080527
1092002
1102360
1115831
1126892
1134216
1137769
1141634
1142239
1145372
1146459
1167248
1179102
1187496
1200306
1204297
1204764
1213476
1223928
1228929
1243127
1247529
1260919
1265249
1266819
1281687
1282456
1284736
1290229
1301507
1301533
1305220
1305319
1308678
1313672
1314686
1322549
1326480
1327761
1329218
1331412
1331921
1344754
1347870
1375212
1383508
1397526
1397545
1400310
1400904
1402570
1427500
1430848
1443249
1451388
1464484
1468439
1476291
1478550
1480870
1481369
1481942
1483625
1487435
1488056
1492302
1497635
1505660
1519617
1538350
1557713
1562952
1598928
1605630
1608711
1610948
1612273
1612850
1622774
1625030
1628437
1628933
1648259
1659295
1683183
1684827
1685304
1688338
1690103
1695629
1699660
1716355
1718564
1730025
1730685
1739719
1753661
1765385
1777143
1779551
1781157
1787759
1795727
1818663
1820717
1849758
1850356
1861202
1871494
1875182
1877530
1895100
1899896
1906826
1927178
1938856
1945124
1965620
1993096
1993354
1995264
2000322
2009368
2013016
2030918
2051586
2058190
2064172
2064342
2092816
2105766
2136142
2140110
2149508
2160914
2189616
2220796
2227824
2234476
2246538
2267930
2283674
2288374
2295264
2311224
2313624
2356222
2361318
2371444
2386206
2409396
2418850
2424274
2429328
2462996
2467856
2472314
2474340
2496930
2514434
2533298
2550754
2587798
2604976
2618508
2621356
2626920
2629858
2651158
2679824
2688970
2698542
2705480
2705884
2722228
2728334
2735382
2736404
2743412
2744730
2758204
2773668
2781112
2783028
2785044
2785228
2787512
2787580
2787950
2792524
2811256
2812258
2815434
2821382
2840642
2852112
2874976
2889014
2930718
2933926
2946524
2980110
2981460
2987484
3010492
3030994
3050895
3053051
3057703
3064046
3065053
3072288
3076070
3078840
3084278
3105319
3108598
3126954
3131461
3146038
3168700
3170300
3172294
3187189
3197155
3231684
3309341
3565161
3628481
3817921
3860331
3969731
4006611
4064611
4181611
4201171
4360851
4404351
4412651
4419351
4436261
4445221
4466051
4485981
4522981
4551121
4602081
4615471
4694251
4776021
4831451
4993381
5058081
5109041
5119571
5129021
5275661
5377741
5438181
5502861
5543211
5643951
5981211
6029801
6243431
6318731
6422281
6514991
6530901
6646161
6747581
6772891
6906571
6937341
6947111
7011261
7115281
7130251
7158451
7212251
7216171
7221621
7321611
7395541
7654501
7679861
7709581
7784011
7876371
7951761
7975181
8014631
8124661
8329381
8343371
8347321
8425811
8458681
8486751
8540981
8799281
8814501
8897091
8923761
8990471
9088911
9117261
9182171
9189561
9333001
9347051
9527361
9716501
9833571
9961841
10019161
10105081
10171741
10258171
10493041
10534501
10585491
10729131
10800321
10887981
11229861
11501101
11535031
11577541
11699631
11743551
11744331
11752141
11780841
11814541
11967091
12056021
12197821
12427681
13386971
13638661
13797691
14002851
14177871
14436431
14702871
14769831
14788301
14870671
14962591
15035071
15079991
15102371
15459021
15549108
15559015
15559884
15563364
15568441
15581229
15596225
15615189
15619874
15623990
15626380
15626760
15665530
15667636
15669209
15690715
15700427
15711296
15725642
15727943
15729245
15753064
15768364
15770691
15772334
15775047
15792150
15797480
15806268
15824232
15828281
15969181
15972864
15982103
15996005
15997217
16023074
16031067
16036066
16040017
16060412
16060521
16079206
16091343
16101208
16103580
16105336
16107791
16119778
16123375
16128278
16130944
16154452
16156319
16167469
16169343
16183320
16186360
16195407
16198106
16198621
16215938
16217774
16226389
16266781
16328041
16384345
16433788
16445740
16490560
16507999
16523584
16655590
16666969
16681006
16695088
16713910
16733167
16768339
16794553
16794937
16798735
16802494
16805836
18875155
19819306
20166496
20261668
20269321
20272939
20351452
20391718
20400568
20418649
20428294
20855303
21419079
21457542
22333350
22410569
22457687
22696320
22826122
23163521
23602631
23611534
23906682
24026928
24037040
24064841
24281495
24451259
24471549
25081374
25219330
27122866
27123661
27128602
27138115
27139687
27166135
27239512
27254686
27267088
27275656
27305779
27453367
27503869
27524776
27527125
27538393
27581353
27695686
27729574
27733300
27799810
27882296
27889049
27897980
27914683
27924403
27926511
27940960
27944033
27946325
27970325
28094275
29009582
29014324
29031983
29033830
29043098
29049099
29049851
29071738
29072229
29078423
29089313
29095682
29099432
29120802
29122398
29124792
29126540
29131195
29132073
29134882
29145955
29173846
29179492
29216241
29229321
29231809
29238377
29251755
29262487
29266950
29271689
29276614
29280571
29296157
29300035
29305510
29307643
29309697
29310276
29310453
29407191
29516175
29521709
29526893
29541962
29542535
29542981
29546701
29551485
29582490
29592952
29596609
29599778
29603163
29606448
29610149
29616322
29620254
29624833
29634419
29640001
29640031
29640768
29645500
29652962
29663232
29751323
29785351
29787255
29787534
29790706
29804859
29810412
29827915
29871441
29889111
29902611
29916017
29930922
29941269
29956289
29960413
29965545
29965767
29968896
29984789
29986534
30006423
30064861
30079195
30100405
30104158
30117995
30123025
30123713
30144133
30161279
30164012
30204077
30223970
30239402
30242089
30243842
30250183
30261668
30307841
30332451
30351088
30398408
30411022
30425039
30425844
30430541
30434635
30447723
30452482
30470907
30475980
30490137
30490857
30497115
30498899
30500692
30508187
30519413
30520107
30524285
30527987
30547307
30551638
30567215
30593834
30633743
30634206
30659132
30659221
30659322
30662886
30663471
30672019
30679721
30686173
30718513
30726905
30729024
30736117
30739720
30752285
30766044
30766738
30772076
30822269
30831867
30833693
30839160
30848818
30855153
30876796
30901361
30903420
30904524
30930393
30933872
30953995
30985364
31008458
31022610
31032470
31057871
31057880
31081682
31096960
31101798
31110130
31112237
31115458
31122047
31128614
31135906
31160841
31163803
31183325
31188803
31191480
31225331
31227327
31228273
31233363
31238461
31239837
31261841
31285314
31285585
31303592
31319238
31328625
31349895
31353623
31365609
31365702
31370412
31402277
31422966
31423818
31429594
31435378
31448101
31448506
31452368
31453127
31460621
31460660
31467022
31469754
31484461
31484771
31491001
31497283
31516165
31548425
31562610
31573251
31573370
31573769
31591889
31632890
31649667
31656728
31657818
31670149
31670678
31673164
31684901
31686100
31705160
31716688
31728744
31762675
31763733
31765540
31773380
31810997
31826231
31829722
31835213
31841494
31845460
31849548
31856137
31856194
31856247
31856266
31856280
31868776
31881388
31886055
31919029
31920410
31922057
31933149
31947007
31984004
31985354
31985691
31991313
31993494
31993575
31995113
31999191
32004730
32024217
32025797
32039851
32044253
32045153
32055514
32065122
32068511
32071981
32080331
32091305
32092818
32093344
32094803
32104840
32107525
32109925
32113807
32115206
32118503
32122147
32123360
32130725
32159782
32166544
32175637
32176103
32183742
32185231
32190981
32192510
32194286
32198314
32198988
32201730
32210671
32210694
32212189
32225216
32225483
32225730
32225930
32227728
32233048
32236183
32250533
32252817
32257909
32270589
32276072
32300584
32300613
32302017
32305843
32306230
32314446
32322622
32327291
32330848
32347832
32353250
32353851
32355871
32362140
32364412
32377301
32382665
32384368
32422289
32426210
32430037
32441132
32442317
32469392
32469717
32469967
32471573
32482658
32494696
32495626
32496446
32496777
32504247
32511736
32521866
32522806
32541031
32541086
32543426
32552021
32554504
32585562
32595753
32603445
32606992
32618603
32623520
32630710
32654523
32658928
32662280
32669976
32671683
32695069
32698748
32699320
32714052
32718041
32718950
32743247
32757276
32775205
32775926
32789690
32791811
32824967
32867874
32873523
32883304
32889690
32890809
32898389
32935830
32946820
32961177
32996537
33016336
33027963
33032045
33034476
33046106
33064168
33073234
33073323
33080419
33108471
33108783
33117027
33147620
33152906
33158741
33161705
33165894
33181911
33198042
33198530
33199274
33245263
33259172
33284209
33288577
33295735
33306303
33307638
33358197
33368068
33368138
33373146
33388120
33419700
33421261
33423559
33428945
33429447
33430215
33434492
33438780
33446198
33450215
33473240
33475346
33478703
33480276
33490641
33498183
33505155
33513898
33519359
33521438
33533895
33596861
33596879
33599119
33603017
33608416
33615892
33617701
33618340
33623262
33643390
33643684
33645834
33647648
33653809
33657367
33687535
33711038
33713157
33720557
33727184
33729852
33735172
33735973
33738435
33746330
33750074
33753449
33756929
33765548
33774277
33785443
33786804
33789715
33791742
33801589
33811255
33819880
33848599
33849889
33869998
33880811
33881532
33881637
33906058
33909240
33931346
33948490
33951427
33965445
33967482
33979094
33983428
33990311
33990343
33998332
34016023
34022153
34029757
34031054
34032496
34042846
34043138
34044958
34051937
34064706
34067941
34068051
34068148
34068582
34068717
34068853
34068971
34085698
34089808
34090270
34097527
34098500
34098622
34111818
34112038
34115885
34116004
34116117
34116180
34116452
34116541
34121565
34121591
34121622
34121658
34121680
34121719
34121774
34121799
34121970
34122442
34125624
34144549
34152742
34157081
34184252
34186536
34194247
34202948
34212482
34215773
34218848
34226704
34231198
34232451
34234363
34240403
34243702
34244887
34255156
34257553
34257819
34259216
34268940
34281074
34295223
34303655
34306039
34329643
34351175
34351328
34352584
34360203
34363749
34384747
34385049
34390150
34394993
34418902
34429133
34429202
34442237
34449415
34449458
34449534
34449574
34449618
34449661
34450281
34450382
34450461
34450507
34460855
34514115
34522188
34524868
34531175
34531197
34536389
34539867
34567762
34578757
34593174
34594925
34595217
34595434
34598634
34604205
34605955
34612824
34649292
34676808
34689217
34699487
34701114
34711755
34749543
34753512
34753922
34759426
34768668
34770777
34774774
34777481
34787447
34802391
34809689
34818170
34820068
34821931
34833680
34845014
34855010
34870488
34870878
34874562
34932181
34934984
34954382
34963885
34987889
34999590
35005749
35019422
35034148
35040168
35053786
35058326
35071773
35099583
35106960
35126475
35133377
35134776
35141024
35193891
35206325
35208418
35216623
35234290
35240661
35241096
35246303
35260907
35295712
35304709
35310219
35326018
35329994
35346444
35347240
35347401
35356466
35388387
35390395
35396230
35403426
35406747
35407403
35428940
35437219
35455309
35457925
35467713
35467736
35468941
35469054
35480820
35481120
35482588
35489533
35491226
35493658
35502663
35511833
35531661
35533630
35534725
35542288
35552161
35572609
35575651
35580368
35581430
35581973
35583392
35585372
35585540
35587017
35588211
35589325
35590111
35599492
35623352
35629228
35640335
35640554
35643370
35652243
35663158
35700308
35701676
35708767
35710349
35712214
35727758
35735993
35737067
35757014
35791948
35815517
35823177
35863211
35864759
35884107
35884393
35884650
35886829
35887386
35912758
35930508
35933054
35944277
35948177
35956760
35967812
35976064
35976180
35983367
35997913
36002040
36040285
36045137
36049958
36068233
36090835
36098654
36102325
36111255
36125581
36136220
36136389
36142896
36151494
36159055
36159071
36159250
36159271
36161710
36165552
36168038
36174982
36195377
36196642
36206589
36208662
36215514
36222883
36239397
36239801
36244407
36261291
36264734
36274335
36292045
36295413
36297461
36298704
36300336
36303883
36305051
36306109
36317062
36318098
36318699
36318872
36327651
36327691
36328735
36328847
36332719
36335729
36342850
36362831
36368416
36370588
36372252
36376935
36377614
36378265
36429356
36444626
36445656
36448909
36452476
36453595
36457533
36457854
36458371
36458694
36470099
36480679
36481400
36483202
36483358
36484081
36484251
36491477
36507686
36510499
36525623
36538189
36543182
36556814
36559919
36566912
36572820
36573271
36580069
36581096
36583105
36586573
36593969
36600020
36605550
36607235
36623328
36623461
36651308
36654419
36656233
36661015
36663648
36668429
36676873
36680226
36680714
36693868
36696017
36719575
36742325
36748613
36749764
36766421
36767758
36777790
36802464
36812336
36812900
36826299
36832113
36864743
36865090
36878202
36886397
36905639
36974028
36979552
36986283
36990448
37024728
37043833
37049881
37050997
37054012
37069775
37089744
37090270
37103175
37103953
37108085
37112272
37123750
37135578
37136660
37144094
37150861
37160602
37162530
37177773
37178043
37182818
37198383
37198784
37212632
37217701
37221599
37222860
37228347
37230188
37234673
37235630
37235728
37248556
37250036
37251405
37254757
37257065
37262792
37271767
37282061
37288551
37295846
37295891
37296165
37299366
37301952
37322158
37332488
37337142
37344363
37346379
37379263
37390488
37424366
37424896
37425618
37430215
37433292
37433330
37435296
37435953
37449187
37473991
37483198
37488562
37488592
37499480
37501878
37506011
37513847
37513906
37513937
37514126
37514173
37516255
37516314
37516337
37524551
37524906
37529282
37542896
37543408
37546477
37551670
37556425
37563071
37576921
37577436
37578144
37583272
37593386
37604289
37606952
37620363
37623236
37624508
37627443
37628009
37631762
37635598
37638400
37665863
37684601
37687820
37688251
37694265
37700019
37701161
37715574
37722725
37722812
37724804
37725674
37728953
37734906
37775732
37779628
37780378
37783796
37794049
37804293
37804630
37823935
37827451
37845302
37848908
37850322
37880563
37892197
37928050
37928524
37937221
37941519
37946689
37950741
37953347
37958032
37962701
37962948
37970376
37991224
37992647
37999459
38014261
38017095
38018690
38025506
38030201
38030290
38058130
38061060
38061995
