2142
6086
11533
11798
13291
16331
22331
26105
36050
39743
46874
50495
66830
79948
80015
90306
102090
119376
122867
124519
124891
125888
128988
133813
147072
152280
152605
155035
160161
165631
169492
200639
200880
206143
209583
230410
235720
256652
259982
263348
287730
310577
312351
321940
326479
349145
349648
350737
377588
395362
398858
408445
408654
427958
487722
488597
497208
499036
514070
534251
556022
559985
561012
567233
596167
596275
609425
626686
629076
637781
690071
728782
750438
759512
779445
787957
789336
802735
803074
832370
833768
841065
858368
869561
882367
885616
885936
907697
935189
976952
977796
979013
1002557
1026259
1037158
1066710
1073431
1078400
1082965
1108113
1112260
1137408
1161063
1170258
1200306
1208410
1223928
1254215
1313728
1340905
1426717
1443249
1450237
1454276
1513220
1546317
1577135
1602757
1634403
1650752
1657780
1685576
1696844
1701337
1720120
1796693
1877330
1877530
2091054
2186258
2238228
2474458
2491948
2544714
2545138
2560106
2593272
2594466
2704510
2707220
2712994
3020399
3032908
3033005
3110716
3178120
3231918
3532221
3905701
4045281
4180231
4698831
5045391
6152371
6299361
6625911
7847431
7931291
8273921
9976211
11967091
12240291
12305441
13673701
13797691
13825821
14026241
14083941
14505171
15240651
15379291
15596225
15691977
15742829
16041936
16073157
16087421
16270549
16271077
16450480
16630303
16652077
16692985
20172814
20304808
27373033
27409009
27539227
27609922
27726163
27953313
27962017
28094275
29027196
29541495
29650066
29931219
30000535
30024990
30136276
30229260
30251532
30283038
30335172
30348316
30430820
30569308
30664623
30935981
31065007
31140147
31448506
31494838
31641561
31833200
31844414
31896784
31974640
32198828
32307509
32393997
32556320
32561562
32561872
32602679
32634084
32653535
32676884
32818793
32836860
33012343
33158741
33199164
33298365
33500349
33652552
33667720
33860932
33887023
34134004
34268940
34372926
34439726
34623214
34643835
34664661
34714895
34951373
35008493
35015432
35232232
35300210
35322329
35356466
35586471
35703455
35704433
35793405
35937748
35949017
35964482
36058595
36080478
36261291
36274227
36313856
36331681
36383677
36401953
36421773
36488471
36660866
36667947
36677803
36711470
36715320
36755323
36891591
37054012
37061663
37078428
37124606
37183393
37191019
37391952
37422961
37567215
37590878
37676249
37750044
37767908
37835801
37937240
38012361
38053993
38065482
38066031
38087037
38095687
38215952
38218070
38291064
38425027
38458859
38502299
38504120
38894593
39137042
39140353
39685847
39926997
40169955
40202215
40328496
40390485
40429570
40464318
40574364
40707352
40818502
40903138
40940761
40945157
41007236
41196633
41267296
41281733
41285607
41328634
41350039
41350753
41359295
41580539
41630304
41856164
41998150
42003675
42027587
42090784
42214974
42223633
42257708
42297858
42551688
42698273
42812137
42824132
42993963
43334219
43686943
43740077
43749699
43894753
43915907
43936362
44002156
44070277
44165505
44235508
44417902
44474780
44519246
44545745
44599867
44965526
45002913
45023377
45222572
45277505
45505081
45525248
45692230
46001613
46025386
46058368
46132779
46133173
46180939
46312370
46323667
46328212
46345088
46441158
46442156
46487027
46536476
46571011
46659603
46725536
46760637
46907305
46908782
46934592
46962220
46972263
46983516
47004168
47022912
47131837
47167119
47177102
47188647
47221767
47223195
47389416
47427344
47435147
47450159
47485729
47496356
47523972
47651430
47661756
47690171
47705046
47726396
47726522
47734735
47752079
47854978
47857021
47883444
47900761
47914269
