11798
28137
36050
95216
136170
143639
169492
190795
235720
237901
253770
313488
336159
337687
350524
351166
351192
380141
429212
443387
480783
511876
516765
559985
595215
596167
642091
663682
672965
719715
775272
789336
878179
907173
954639
975165
979013
997522
1029377
1051286
1077666
1093826
1100217
1255710
1277025
1285622
1291615
1335045
1351980
1373118
1397545
1460367
1492302
1634403
1651622
1725046
1857240
1862924
1877530
1895100
1906826
1934362
2009368
2050286
2230652
2394078
2418850
2593716
2616396
2618508
2630504
2645506
2689610
2724988
2785044
2815434
2831258
2864498
3014848
3025749
3055894
3063314
3846421
4023121
4416791
5815311
6796441
7540461
7708711
8660211
11967091
12128141
13797691
13999431
14046131
14674391
15210511
15420311
15623990
15671315
15689438
15754928
15758936
15795455
15843165
16027022
16031116
16035161
16611424
16678723
16692985
20314600
20411878
20724031
27057838
27138115
27450523
27645211
27646777
27757705
27884465
27889049
27940328
27966128
28094275
29131195
29226796
29311548
29318444
29327550
29534878
29755139
30004405
30152636
30348316
30369218
30567215
30696473
31020841
31172140
31225367
31367431
31448506
31622964
31766278
31785692
31887466
32182070
32241734
32376022
32390084
32444603
32510395
32603445
32713577
32716706
33015800
33046106
33228745
33232042
33235967
33292729
33432979
33471284
33521438
33525613
33548178
33565098
33596879
33780078
34094382
34121641
34202335
34257553
34261097
34268940
34297224
34313704
34372913
34387564
34390150
34460855
34707691
34804853
34844369
34844519
34850530
34886224
34934984
35008493
35191439
35283189
35293744
35310219
35322329
35497249
35586471
35652721
35769485
35787021
35959134
35976020
36093463
36145887
36186799
36261291
36282658
36292045
36295327
36317553
36413583
36497847
36660866
36722553
36753181
36808298
36855964
36991232
37043833
37070519
37094468
37098117
37140982
37179877
37191019
37234673
37375246
37413241
37452015
37522074
37545051
37594761
37609810
37610865
37638400
37675919
37781737
37794049
37809441
37842897
37850681
37855813
37871689
37921378
37938416
37944148
37962279
37987387
38020149
38095687
38181860
38206730
38233811
38538968
38564916
38594007
38742141
38823095
38858875
39128817
39247797
39459614
39480855
39608793
39662614
39683755
39692938
39728549
39969276
40009391
40157713
40287750
40328496
40344160
40374533
40398270
40648907
40865490
41128286
41170699
41583566
41591751
41689901
41856164
42584673
42993963
43158835
43477110
43698619
43923609
44011125
44070277
44225465
44233189
44459233
46487027
