975165
46743233
46860034
46576248
43686943
37124606
47389416
45800673
1564659
30692628
44070277
47717659
47717418
1701337
47627083
833768
46505586
37658138
35867886
40442860
2560106
36748465
38504120
47285154
37590878
34134004
35704433
33012343
2831258
33667720
30283038
34664661
40903138
16692985
29931219
45818068
46738063
253770
34853053
41286185
16060886
39880797
46519065
1085145
39688519
46315435
34714895
42297858
46006290
45830718
37321660
46308209
44851715
42734274
46067854
44430385
954639
39608793
40818502
43734740
43740077
40877485
42698273
8892541
41856164
42584673
2574908
29638879
34387564
13797691
45327598
43016837
36496295
32288681
198185
38239400
289548
36663285
34844519
31654607
193832
11967091
34176815
36726098
44129259
3140811
771064
35787021
44782697
42279793
31172637
36161663
15420311
37043833
16099995
11229861
41170699
44235508
1603363
12711881
33650487
39747150
33565098
20390872
33052341
44442114
12128141
34093276
41011363
2566714
35621769
44233189
37609810
38067335
32390084
41961537
33455400
36145887
43973375
43612058
36863105
31766278
34475518
44020514
37649718
480783
37061663
39592726
41514691
43956145
32444603
36177229
5815311
32352848
32133313
43698619
41963216
40465984
39853044
34094382
15754928
32703125
41730539
36787133
37642160
32244163
42986642
40287750
42993963
43097358
20201428
38531018
34313704
16033322
43138566
42235052
36295327
38087037
43036475
38182077
2268970
33804502
39969276
39480855
41587978
4255031
36845327
34202335
35597765
27175597
42699716
1020901
1477035
41547182
32183085
6299361
41688552
42592435
37045120
37859556
757599
37855813
16231491
29532581
2738540
7855331
42452426
47244
35857033
42447539
40577916
42329757
34804432
27222622
997522
1975098
16224716
33718512
1477155
41003588
36180558
35008493
41266356
36468700
29534878
842663
15671315
15165701
37071754
5658921
8068871
42286459
6796441
36920358
35586471
32779166
42213921
33188785
37096030
42180135
20366986
37094341
34021836
42107660
41973868
30664787
36879805
316016
41477852
41850586
39825738
37389267
41804421
41879250
39498303
16027022
32376022
775272
64689
33015800
35678574
41645642
41582800
649469
41399161
41600842
36722553
31974640
41398626
29131195
2944724
37545051
36427374
36409577
35658308
29099432
36168038
318699
38606502
41250206
36957144
37721141
33228745
41360562
27057838
35497249
7708711
39931678
2689610
41099350
20314600
36149090
41243522
1701381
251442
328024
28137
41102673
29090616
32764561
40719291
24328586
40328496
9942
102652
39212306
198228
36809558
40774354
35322329
1255710
40745520
30398408
40724820
40462184
38888464
35793405
34268940
33874947
37675919
40674857
85536
40398270
31887204
39224496
320765
36776160
40437157
40525796
24728183
37296920
40245234
102326
31421106
40466259
40347005
39606100
1373118
40157713
37794049
37610865
32387580
32854013
40398469
262955
3168506
14833
38866331
38622085
330400
43925
38826144
15814942
139673
2050286
40192089
30369218
39764835
36666664
38910283
35300985
129131
39362247
333493
33432979
219392
56181
37201836
164707
1291615
33232042
35640554
325049
311770
1080527
32513129
39890437
29311548
37492896
39892986
38312805
37054012
259587
39858752
33235967
19456
90057
11670
31372272
39848909
6486991
78433
312624
243019
39462986
34844
85599
31702880
39826347
39494
16775599
88824
64016
279935
264199
318589
170632
52313
140075
39761054
37288045
39760422
360298
112155
38141236
38141202
89490
39119108
38878926
328626
39691020
36859
78422
68262
303026
75898
36838004
27966128
129199
24510306
316350
36081321
37850681
16716982
39692938
319009
97997
31819967
48114
314293
295776
313096
36023775
207637
275127
38127643
104251
37809441
30457771
27873
210233
310368
36199759
39324081
17341
573227
11220
324178
8438
308176
16798735
35895277
27453715
48909
39109611
32325098
165933
29233692
33491738
37987387
325495
177215
36304422
35049693
36819500
181600
191158
34726732
23080255
814974
29320901
113003
36656233
95485
132010
36479606
44912
309205
31009306
124891
218232
65177
20347216
29271677
144735
4319251
192890
35752657
35297357
20561788
239375
1200324
31120081
60596
34934984
36515770
39360
32543229
237544
32430037
32669976
136170
37665863
332862
39161111
101070
12148
96743
15414
10094
108944
37934324
37203463
15707110
37970376
29621956
40530
95476
819604
505735
18698
50802
37178043
44218
333869
301013
16089037
38888877
16050617
53111
76934
306622
29300
132137
191777
37885598
50422
531655
32029613
34553853
203473
2679824
39139965
34369994
1510906
283565
34099270
384629
37115098
34390150
34373189
143381
120594
38219123
39663
6499981
58238
42033
1115831
283487
309398
10520
3288959
35875426
236068
19412
10487
152025
36660866
37355927
36317553
15543377
596167
33239512
262979
64864
1030937
102354
30444363
1893312
324292
265807
29991367
1584313
102527
41240
62697
42430
155881
37070519
232353
13446
316634
2230652
30567215
38130465
3192038
35890234
245725
14190
36554995
37094468
260869
33596879
62523
31548792
96012
39332699
285078
3118740
32079756
93640
34101783
37836622
33187551
33358104
32598212
34261097
1648406
38785029
311546
33194995
37076955
38990171
38858875
38689323
32512935
39044749
33263363
39137729
33811255
39166764
487840
927455
6490561
39094567
37873266
20172814
37282818
1200306
37021876
35082686
29244483
785703
38962779
38233811
38862178
1932870
31209204
38785498
16432171
33471284
32597240
253305
38204030
30161279
36991232
38424113
36292045
38669006
1634403
33292729
38631141
38594007
37580198
31213066
38594102
38246013
38421243
36148068
169492
32224897
540439
38209809
30007773
864853
30101195
38053993
1562989
35911395
35279376
31520449
35652721
38346605
3009006
36299528
34352584
37573495
38242740
31627450
34936371
3109509
15797480
27871006
32130725
347700
31313419
38141504
31866024
33877176
31930341
34385049
37868201
1322549
38061995
38121509
950759
3064594
672965
38034973
32043628
36719575
34854916
535550
37049881
33152906
33881532
36625764
32434075
31344042
6267451
1413120
27538498
38018690
29071738
1314686
35982027
36865090
2811256
27903371
552575
31995113
38017095
35128978
33832446
2550436
34418902
336159
31514033
35310219
35580368
9347051
37234673
37993205
1424931
35390395
181052
35106960
167705
2107654
15596225
14962591
37542896
35762757
36142896
30206340
3049905
31972541
31448506
32522806
9504571
36767758
29642097
3028530
37212632
31858505
8519
37953251
37722812
6586301
37962948
36305051
36376935
36586573
29616322
32855727
37962701
2098068
37953347
6906571
32004730
16301122
32603445
37807862
715925
1895100
27298831
2332282
13999431
30620838
20326693
37262792
2084692
30408425
12711541
35552002
34384747
37873561
34248062
34844369
37950741
34016023
31656728
829690
36528715
37931046
549368
33807494
1167248
1478550
37845302
1688338
33493428
35053611
36556814
28094275
32301946
31145374
1730685
37804630
37804293
37328700
31789456
1308444
15392821
29541962
1753661
35757014
37593386
1055997
35388257
1610948
30148203
29596609
35355781
36295363
16091343
33108783
34429202
37553338
37594505
31411482
119376
37725674
36696017
37728953
1899896
29659327
2815434
1877530
29309697
37613983
33046106
36583105
36050
37177773
27239512
34491798
37715574
892688
27380221
37187947
3061684
1935800
35356466
37626260
36626226
16158500
1269605
32276072
37488592
32889690
33750638
30944046
37701161
864262
1944874
37501878
774896
1171095
30634854
36467268
3050151
659560
33848599
611709
772230
2785044
32775926
16069970
16198621
499787
31202768
1948356
37208437
37530522
30558604
31843701
37683337
7474171
4341061
36990448
2531218
20261668
37108085
37551899
33738435
1569514
29066400
11295
32305843
273217
35586696
889383
4615471
1563749
33741778
32460313
8712201
1794175
154501
36342850
37299366
11798
1318353
30495123
29787255
559985
2183848
36865440
29956289
36766421
11287741
153215
83166
37601268
36538189
29204736
37624508
27122866
4456771
10887981
12197821
228748
30330786
20449939
133391
