4
20
35
36
38
45
57
59
65
66
68
69
72
73
74
114
136
141
159
162
163
164
165
169
171
193
267
270
272
287
294
297
298
315
316
345
346
347
349
358
366
368
377
378
389
397
404
405
406
423
431
439
443
449
459
465
466
470
481
508
526
537
540
549
550
553
556
564
569
570
572
581
591
595
601
610
611
619
627
635
686
688
692
698
699
737
738
743
769
773
776
779
787
791
799
810
817
823
824
827
832
852
854
864
870
872
877
885
886
894
897
905
906
912
916
920
927
929
940
941
947
965
975
992
996
999
1004
1011
1048
1057
1063
1067
1074
1082
1094
1096
1103
1121
1140
1157
1161
1163
1176
1180
1182
1186
1198
1204
1208
1220
1230
1234
1258
1262
1266
1270
1277
1292
1309
1341
1345
1359
1360
1366
1372
1373
1374
1380
1387
1396
1405
1415
1417
1422
1423
1446
1490
1491
1492
1503
1508
1516
1526
1534
1538
1541
1548
1564
1580
1583
1584
1599
1603
1605
1606
1608
1634
1636
1668
1680
1698
1700
1703
1711
1714
1724
1731
1735
1775
1777
1783
1784
1818
1827
1833
1835
1836
1850
1884
1911
1915
1929
1932
1941
1945
1946
1957
1969
1978
1983
1992
1994
1996
1997
2004
2007
2008
2052
2070
2072
2079
2090
2094
2098
2104
2108
2116
2119
2125
2134
2137
2142
2149
2157
2167
2179
2227
2230
2231
2234
2250
2252
2265
2271
2284
2291
2292
2294
2300
2303
2339
2348
2375
2378
2383
2385
2391
2399
2468
2472
2538
2548
2549
2577
2578
2597
2600
2601
2611
2616
2629
2646
2649
2686
2693
2702
2705
2740
2749
2759
2773
2775
2778
2779
2789
2795
2806
2817
2820
2833
2836
2851
2859
2864
2869
2870
2875
2906
2931
2956
2958
2964
2989
2999
3007
3015
3017
3020
3021
3024
3032
3036
3048
3055
3059
3074
3077
3078
3079
3103
3109
3117
3128
3131
3136
3139
3146
3162
3186
3214
3216
3219
3233
3240
3255
3263
3264
3311
3341
3343
3353
3356
3359
3372
3374
3376
3409
3435
3438
3440
3444
3452
3453
3463
3478
3483
3510
3517
3520
3543
3551
3583
3625
3640
3643
3657
3663
3789
3879
3915
3924
3942
3971
3995
4180
4301
4303
4374
4382
4385
4390
4406
4557
4651
4750
4970
5000
5003
5054
5073
5176
5216
5270
5288
5387
5396
5411
5485
5486
5618
5669
5793
5807
5809
5823
5825
5829
5834
5844
5867
5885
5893
5897
5902
5938
5952
5962
5964
5968
5974
5999
6015
6020
6030
6031
6033
6036
6039
6040
6062
6076
6083
6086
6091
6102
6121
6143
6149
6158
6180
6187
6227
6234
6282
6289
6331
6389
6401
6403
6405
6410
6435
6439
6513
6516
6542
6556
6557
6584
6588
6593
6606
6622
6640
6644
6675
6679
6686
6695
6698
6717
6719
6735
6750
6778
6796
6809
6833
6839
6840
6857
6859
6862
6864
6878
6898
6899
6913
6922
6926
6928
6930
6937
6942
6951
6981
6987
7021
7037
7049
7052
7059
7067
7100
7106
7111
7125
7133
7158
7176
7199
7234
7236
7251
7265
7330
7358
7364
7372
7375
7378
7383
7407
7425
7431
7464
7477
7480
7497
7507
7508
7515
7522
7554
7574
7584
7599
7604
7614
7627
7640
7661
7667
7696
7701
7707
7711
7716
7719
7726
7727
7744
7751
7775
7793
7802
7820
7832
7837
7852
7872
7877
7897
7913
7918
7921
7935
7942
7946
7948
7952
7966
7968
8041
8060
8068
8077
8079
8082
8095
8096
8097
8101
8121
8128
8131
8135
8145
8161
8166
8167
8203
8206
8216
8217
8222
8242
8249
8263
8267
8269
8270
8291
8300
8310
8313
8326
8337
8343
8371
8372
8387
8412
8433
8438
8454
8487
8492
8503
8509
8513
8514
8518
8519
8525
8526
8527
8537
8564
8588
8606
8626
8632
8633
8637
8648
8651
8652
8663
8667
8681
8684
8740
8777
8778
8877
9240
9611
9717
9875
9939
10074
10151
10370
10483
10500
10520
10881
11376
11533
11798
11977
12008
12148
12394
12590
13236
13291
13524
13552
13603
13924
14190
14514
14613
14709
15033
15525
15542
16006
16079
16892
17321
17700
18635
18729
19107
19456
19692
19800
19985
20660
20662
21025
21452
24458
24551
24978
25070
25598
26102
26105
26747
27346
28137
29420
29674
30187
30983
31254
31364
33133
34078
34530
35107
35709
36050
36757
36881
37057
37096
37516
37539
37851
38004
38084
39360
39743
39840
39993
40481
41403
41724
41773
42280
42430
42629
42819
43073
43300
43423
43850
44025
44088
44218
44767
45147
46441
46730
47380
47470
47477
47606
48302
48618
49577
49593
49600
49884
50083
50293
50495
50974
51043
51151
51607
52179
53111
53132
53375
54202
54541
56059
56935
57166
57755
59277
59860
59905
59961
60216
60627
60838
62911
63355
63378
63524
63634
63754
63856
63959
64135
64210
64858
65027
65626
66660
67905
68164
68186
68456
69020
69285
69350
70364
70488
71833
71947
72057
72256
72700
74778
74855
75665
75898
76445
76773
78184
78306
78412
79361
83112
83212
84404
85307
85330
86077
86171
86715
86728
86985
87873
88612
90158
91944
92243
92694
92863
93057
93248
94649
94979
96035
96848
97099
97149
97260
97287
97738
99731
101070
101634
102346
102652
103319
103604
104355
105470
105486
105841
107218
108792
108851
108944
109631
109672
110056
110561
110814
112546
113019
113381
113401
113498
115609
115946
116302
116659
117520
118569
119274
119376
120936
121030
121134
121141
121259
121653
122012
122197
122413
122581
122791
123793
123840
123952
123973
124356
124519
124891
125409
125888
126100
126299
126670
127079
127504
127614
128693
128838
128988
129000
129044
129096
130444
130840
130909
131501
131665
132010
132013
132439
133852
134043
134423
134494
134923
135527
135866
136156
136971
136987
137456
137883
139278
139425
140075
140561
140734
141332
141366
141491
141747
141780
142145
142465
142525
142527
142862
144006
144055
144102
145438
146000
146804
146866
146901
147072
147355
148428
148845
148914
149070
149731
149779
149886
150910
150928
151187
151718
152280
152510
152729
152968
153044
153163
153459
153512
154287
154708
154961
155364
155718
155881
156034
156859
157185
157250
157312
157357
158174
158370
158963
159217
159918
160161
161007
161303
161326
161947
162750
163228
163421
164577
165191
165193
165241
165747
166137
166648
167455
167705
168038
169169
169492
170269
170279
170354
170709
171342
171855
171887
171950
172387
172609
172800
173479
173678
173717
173770
173888
174542
175215
175863
176058
176156
177222
178583
179202
179614
180098
180163
180294
180604
181055
181072
181600
181882
182065
182439
182650
182772
182908
183072
183485
184053
185739
185928
186543
186718
187497
187552
187852
188224
188420
188453
188773
188985
189223
189459
189961
190482
190933
191459
191777
192267
192345
193097
193474
193846
194365
194708
196603
196989
197648
197845
198203
199061
200338
200880
200885
201632
201811
204091
204906
205099
205118
205349
205639
205717
206143
206435
206581
206671
206726
206886
207188
207833
208245
208793
209357
210025
210162
210802
211565
212205
212440
214196
214994
217047
217179
217284
217511
218373
218405
218821
219308
220091
220263
220714
221477
222023
222026
222786
223069
223483
223626
223733
224228
224600
224697
226050
226987
228748
228814
228867
229746
229963
230562
230732
230737
231281
231450
231725
232586
233664
233757
234004
234114
234231
234778
234782
235090
235400
235720
235892
236443
236672
236712
236838
237948
238538
239964
240316
241477
241782
242237
242696
243007
243869
245884
245959
246284
246629
248111
248117
248406
249308
249325
249693
249875
250513
251162
251548
251661
252305
252567
253165
253499
254666
254692
256401
256478
261079
261370
261437
262103
262121
262242
263348
263377
264165
264276
264943
265215
265732
265895
265968
266353
267876
268008
269312
269343
269592
269630
269740
269979
270447
273217
273579
273931
274935
275127
275316
275440
276167
276900
276917
277149
277607
277670
278378
278840
279004
279120
279576
280479
280614
280623
281411
281753
282193
282247
283834
283897
283898
284503
284932
285078
285237
286676
288258
289711
289924
290130
290140
290460
290563
291684
292310
292629
292732
292917
294786
294914
295149
295340
295966
296244
296761
296816
297004
297262
299105
300779
300946
301013
301087
301225
302410
303699
304040
304424
304985
305525
306743
306857
306954
307383
307850
308138
308564
309977
310183
310577
311279
311546
312351
312387
312596
313096
313218
314426
315013
315089
315219
315747
316078
316333
316466
316929
317032
317073
317431
317617
318204
318536
318843
319107
319829
320736
320867
321164
321328
322282
322359
322415
322536
322973
323554
324989
325049
325183
325273
325571
325649
325783
325973
327118
327798
328399
329074
329245
330448
330557
330757
331530
331598
333058
334261
334611
334628
334839
334936
334939
335576
335616
335709
335716
335933
336634
336911
337446
338190
338669
338738
338875
339128
339166
339390
339462
339627
340007
340551
340553
341954
342596
342613
342623
343027
343304
343344
343390
343449
344383
347606
347700
348107
348327
349068
349145
349648
349665
350348
350471
350859
351166
351192
352285
352610
352990
353038
353617
354105
355308
355418
355698
356181
357311
358913
360182
360298
360625
360716
360832
361151
361329
361339
361563
362108
362845
363333
364507
364707
365389
368878
370781
371490
372157
374301
374707
375430
375786
376050
376626
376833
377621
377655
377876
377951
378214
379890
379910
379920
380154
380409
380600
382004
382184
382396
382410
382520
383438
383466
383587
383614
383627
383837
383993
384510
384695
384906
385476
385752
386054
386820
387792
388896
390411
391757
392829
393065
393577
395854
396108
397691
398858
398915
398945
400258
401404
401566
401743
401982
402050
402220
403809
405077
405357
406857
407385
407827
407847
408353
408362
408391
408726
409638
410964
411214
411299
412454
413515
413805
413840
415075
415253
415400
415660
416023
416118
416629
416733
417079
417887
418004
418756
419190
419333
420918
421075
421127
421830
421992
422119
422550
422836
423065
423574
423657
424281
424930
427390
427494
427513
427629
427660
427812
427958
428494
429966
434713
437628
437677
437713
439712
441521
443583
443683
444878
445843
447284
447444
447792
447906
447945
449062
449263
452258
452567
453812
453899
454613
455082
455235
455730
457740
458204
458271
458607
458954
458982
459622
459893
459901
459973
461702
465227
465257
466500
467523
467773
467946
468412
469768
471378
471543
474363
474493
474744
475029
475124
475179
475458
476149
477039
477497
477728
478838
479287
479472
479700
480565
480654
481966
484738
485029
485069
485335
485918
486948
487413
487477
487722
488265
489051
489380
489618
489698
490152
491222
491660
491815
492651
492668
492858
492892
494253
494408
494743
495604
496177
496660
496838
498629
498657
499036
500030
501266
501520
502382
503069
503204
503215
503417
503442
503460
503802
504948
505474
505818
505856
508099
509851
510309
510511
510967
511922
515447
515865
517544
517653
518394
519422
521519
521683
523318
524256
524619
524718
524774
524823
526129
526495
526710
526739
527068
527129
528510
529736
530466
531300
531385
531655
532311
532582
533561
534251
534441
536087
537010
537061
538124
538948
540282
541786
545267
545793
545853
547442
548413
548994
550460
551326
553112
554813
555442
557187
557805
559392
559985
561012
562195
564128
564812
566335
567399
571758
572412
573099
574386
574638
576062
576480
576707
578679
578996
580779
582124
582356
584209
585327
585573
588891
588950
590212
591045
591170
591188
591264
591903
592937
593325
593933
594329
596167
597638
598189
599362
599377
601572
601643
601927
602298
603312
605043
606288
608191
609425
610656
610822
610984
611709
612323
612653
612944
612975
613056
614005
614376
614721
614792
615771
615860
617132
617614
617676
617819
618005
618374
618717
620045
620403
622183
623478
624050
626686
627509
629290
630802
631894
632353
632831
634050
637054
637781
637807
638731
642165
642720
643606
643900
644260
645283
646088
646371
647745
649041
649469
650445
652432
652797
653838
655588
657374
657885
658580
658890
659321
659560
659657
659933
660093
660465
661509
661579
662352
662377
664256
665246
667850
671187
672965
675261
675383
675566
676192
677679
678183
680395
682769
682883
682907
683999
687486
690180
691098
695060
695201
695673
696049
696313
696781
697526
697641
697912
698234
700102
700139
700931
701529
702319
703836
704414
704624
705664
706409
706517
708420
709731
710665
711243
711566
713339
713850
713883
713884
715974
716383
716695
716821
716912
716927
717032
717904
718434
720857
721309
721391
721978
722037
723387
724052
724312
725507
728756
732714
733906
734836
735240
735428
736954
739733
742009
743358
745456
748458
748677
748693
749226
750643
751677
752967
753086
753196
754642
754704
754761
755427
758376
759323
759700
760256
762699
763417
764170
765630
765746
766777
766798
773967
774335
774706
775272
778973
781268
784782
784909
784940
785156
785454
785764
785796
786242
787652
790328
790379
790412
790455
790656
792726
793841
793866
794354
794471
795116
795859
795992
796524
798356
798850
800308
800985
803974
804046
805685
805899
806029
806074
807884
808613
818255
818278
818871
819163
819531
819604
819730
820412
820838
821003
821231
822208
823136
825047
825385
828956
829489
830065
830494
830532
830669
830852
831162
831269
831670
832370
832729
832890
833288
833435
834067
837031
840305
841653
841859
841956
842663
846346
847485
849003
849785
850855
851545
851769
852015
854496
854738
855950
857423
857540
857992
858715
862650
864853
866334
870187
870852
871809
873495
874291
875677
876534
878121
878179
882367
882746
883059
885616
885936
886151
886292
888799
891403
892710
892874
893486
893743
894150
895038
895724
896060
896696
898524
901691
903032
903097
903359
904061
905554
905619
905682
905699
907515
908695
911700
913728
915695
915766
917547
917635
918454
918555
918560
918644
919644
920915
923409
923992
928584
929531
929942
930471
930670
932535
932693
934430
934841
935189
937015
941387
941885
943963
946578
949616
949760
950759
950985
951177
951579
952798
953277
953355
954488
954787
958099
958987
959143
959220
959579
960188
961055
964895
965070
965932
966549
968362
968465
969024
970200
971174
971621
974244
975165
975437
975467
976219
976263
976739
979013
979085
979102
982455
982561
985883
986148
986818
988553
989374
989391
990646
990863
990930
991634
991707
991920
992656
993409
994315
994973
996539
996700
997401
997522
998015
998717
1000510
1000931
1001047
1001535
1001713
1002557
1003034
1003579
1004213
1004268
1005614
1005914
1007963
1008005
1008910
1010244
1010972
1011108
1013108
1013671
1014768
1014819
1015017
1016093
1017218
1019396
1019627
1019880
1019976
1020315
1020359
1020756
1021471
1022885
1022937
1023831
1025963
1026478
1027965
1029345
1029781
1029981
1030227
1030720
1031349
1032181
1032558
1033377
1034021
1036616
1037158
1039394
1040426
1041405
1041732
1042038
1042121
1044324
1047222
1048936
1051004
1053231
1053903
1055861
1055997
1056519
1058130
1058244
1059294
1061471
1062670
1063973
1067211
1067922
1068123
1068500
1068597
1069388
1071964
1073005
1073008
1073062
1073301
1073304
1073431
1073831
1074163
1075290
1075565
1077000
1078309
1079635
1079692
1081171
1081591
1082314
1082526
1082599
1083512
1083830
1084005
1084014
1084369
1084717
1085181
1085669
1087351
1088531
1088701
1089180
1089477
1091222
1091619
1092512
1093361
1094581
1096179
1097629
1097688
1098385
1098443
1098569
1100383
1100390
1100845
1101025
1101828
1103915
1104809
1105387
1105422
1106074
1108016
1108159
1108160
1108458
1108977
1109937
1110713
1111367
1112327
1112754
1112793
1114032
1114866
1115219
1115932
1116543
1117124
1118490
1119273
1119990
1121169
1121754
1122540
1122731
1123045
1126490
1127451
1129040
1130537
1130594
1132130
1132169
1132342
1132623
1133145
1133693
1134752
1136444
1137937
1138020
1138652
1139570
1139584
1139725
1139962
1140045
1140348
1141645
1141669
1141814
1141979
1143320
1144754
1145957
1146169
1147917
1149460
1151118
1152636
1153323
1154309
1154875
1155641
1156223
1156645
1157476
1158922
1160576
1160745
1161063
1161817
1166027
1166339
1167603
1168100
1168484
1169895
1170082
1170258
1172857
1172928
1173203
1173859
1173977
1174608
1176597
1179102
1179238
1179613
1179758
1180806
1181249
1181538
1181577
1181993
1182778
1183427
1183849
1184858
1185481
1187165
1188202
1188681
1190874
1197990
1200306
1201332
1201572
1206401
1206834
1207492
1208243
1208410
1209179
1210730
1211009
1213219
1214763
1214792
1215755
1217476
1220265
1223749
1223928
1225252
1225301
1225514
1225891
1225943
1226100
1227675
1227708
1229395
1232588
1236702
1238200
1238261
1239161
1239972
1243937
1244231
1244380
1246792
1250217
1250801
1251092
1254215
1254662
1254796
1255710
1258255
1258563
1258884
1259010
1261195
1262215
1265015
1265760
1265975
1269916
1270560
1271172
1272667
1272694
1275340
1275357
1276468
1277656
1279345
1279945
1281900
1282335
1282456
1282570
1283308
1284048
1284259
1284736
1284807
1285184
1286235
1286303
1287692
1287829
1288030
1289194
1290145
1290260
1290538
1293552
1293750
1293925
1295513
1296680
1298648
1299383
1302988
1303168
1303937
1304843
1304986
1307225
1308099
1308514
1310439
1312183
1315121
1315143
1315984
1316340
1317061
1318319
1318353
1319802
1321843
1324262
1324440
1325769
1326636
1327367
1327369
1328339
1329019
1329963
1332879
1333128
1334924
1335623
1335777
1336114
1338391
1339335
1339672
1340531
1340597
1340925
1341611
1342980
1343591
1343620
1344093
1344972
1345364
1345903
1346099
1349047
1350516
1352323
1353365
1353634
1354157
1354245
1355803
1356579
1357526
1357546
1357710
1361662
1361984
1365184
1366256
1366257
1369502
1371503
1372155
1372992
1373118
1373471
1374245
1374636
1375377
1375816
1376506
1377355
1377612
1377693
1378666
1378863
1379241
1380427
1380942
1381715
1382883
1385199
1385702
1386408
1388397
1392089
1392621
1393088
1396855
1397526
1402949
1409265
1409453
1410416
1411228
1413811
1415787
1417532
1417831
1417994
1418260
1418622
1419097
1419825
1420569
1424153
1425574
1425818
1427066
1427075
1427505
1430703
1433886
1434029
1435788
1435856
1436456
1437475
1438458
1439980
1440102
1440131
1441225
1442726
1443249
1443679
1443854
1445384
1446315
1447571
1447782
1448312
1450230
1450330
1450387
1451680
1451741
1457574
1457806
1458283
1461746
1463172
1464067
1465367
1465844
1466369
1467912
1469340
1470683
1471908
1472420
1472628
1474010
1474132
1474173
1474352
1474942
1476238
1476734
1476997
1477035
1477698
1479224
1479231
1479389
1479881
1480870
1483888
1486343
1487435
1488056
1488559
1489228
1491951
1492302
1492780
1495661
1495812
1496767
1500314
1500558
1500885
1501985
1504998
1506304
1508480
1509512
1509537
1512592
1512850
1513220
1514695
1515683
1516280
1520866
1521853
1522358
1522647
1523467
1523809
1524288
1526192
1526503
1529481
1531685
1532238
1532547
1533693
1534367
1535413
1536721
1537434
1537768
1538870
1540311
1541960
1544512
1546064
1546229
1546518
1549534
1550107
1551890
1552602
1554610
1555049
1556995
1557471
1557823
1558911
1560005
1561815
1561981
1562952
1563652
1563917
1564740
1565190
1566428
1566657
1566836
1567467
1569900
1570976
1572110
1572986
1574152
1574174
1574264
1575169
1575956
1576715
1577135
1577185
1578525
1579069
1580089
1580205
1581135
1582784
1582872
1583528
1586619
1590257
1590758
1591673
1592472
1594197
1598615
1598894
1600290
1602757
1602965
1603318
1603529
1604158
1604322
1605053
1605329
1608630
1608810
1609191
1610033
1610564
1610637
1610959
1613318
1615915
1618338
1619464
1619907
1620364
1621483
1624643
1625145
1625697
1629512
1631158
1631819
1633943
1634112
1634403
1634512
1637538
1638624
1639492
1640447
1646002
1647870
1648406
1648582
1649622
1650752
1651057
1651256
1651395
1651732
1651877
1652663
1654454
1654547
1656484
1657062
1657865
1659192
1659993
1660986
1661101
1661333
1662374
1662881
1662887
1664910
1666069
1666770
1667137
1668521
1668811
1669546
1671603
1673146
1673973
1674625
1676061
1676771
1677348
1678035
1679010
1679259
1680316
1680354
1681897
1682682
1682996
1683608
1684577
1684797
1684998
1685748
1687294
1688035
1688338
1689530
1689639
1690282
1691180
1692185
1692227
1692289
1693740
1694792
1696284
1696606
1698106
1699660
1700063
1700203
1700577
1700778
1701090
1701381
1703589
1703788
1704869
1704908
1708359
1713240
1713290
1714800
1716562
1716872
1718216
1719643
1719738
1720014
1720131
1721405
1722101
1724565
1725244
1725275
1726569
1726576
1726798
1727221
1728548
1729967
1732897
1735561
1736349
1737201
1739707
1740201
1744219
1748193
1749569
1755325
1757207
1761847
1762693
1764329
1767733
1771647
1773193
1777143
1782159
1782947
1783585
1784641
1784735
1785505
1789821
1790205
1796693
1800077
1806907
1807801
1811271
1815829
1816311
1818013
1819459
1821757
1824303
1836090
1836268
1836452
1837382
1838326
1838704
1839620
1840774
1845438
1849758
1851968
1853906
1855016
1857030
1859250
1859566
1859736
1864750
1866654
1868800
1870124
1870266
1870460
1872130
1876306
1876730
1877530
1878180
1879078
1880650
1882624
1882768
1884156
1885822
1887148
1888348
1889132
1891500
1893312
1895100
1895894
1896716
1898930
1899318
1901646
1903244
1906826
1907930
1908726
1909300
1910376
1910430
1911214
1911506
1912404
1913150
1915158
1916666
1916940
1918564
1918856
1922094
1922222
1922446
1922568
1923154
1929186
1929526
1933230
1933484
1935062
1937528
1942920
1944874
1950940
1953738
1954844
1955084
1956250
1956612
1961580
1964868
1966026
1967740
1972562
1974370
1975064
1975098
1977790
1977820
1978684
1980544
1985088
1988100
1989150
1989186
1990508
1999990
2002220
2006664
2010750
2011504
2015776
2018524
2018636
2021908
2030236
2034018
2036542
2036626
2038016
2039302
2041152
2042302
2042972
2045684
2050286
2053462
2057230
2057716
2059200
2059874
2060514
2061508
2063016
2063230
2063336
2064502
2066790
2068894
2077150
2077692
2078114
2084372
2087794
2087980
2088346
2094016
2094512
2097084
2098242
2101614
2102522
2103482
2107694
2109696
2113594
2118548
2118782
2124882
2130152
2136142
2138222
2138658
2143152
2144646
2145926
2148386
2149848
2150690
2151270
2153714
2158500
2163068
2163636
2167124
2169900
2170546
2173506
2175706
2175900
2177016
2182076
2184550
2188502
2191470
2192392
2199674
2200830
2201776
2202650
2209690
2211032
2212216
2213210
2214650
2215264
2216770
2220620
2225104
2225472
2226730
2230652
2232972
2234476
2234638
2236518
2239422
2243670
2244380
2247052
2248002
2249918
2253036
2256172
2258512
2258662
2258744
2264248
2268970
2270350
2273250
2273796
2277186
2285764
2290156
2291134
2293014
2296424
2299196
2299492
2300642
2302038
2302052
2304922
2309346
2311256
2313196
2313270
2321070
2321536
2323444
2324224
2326728
2327506
2331438
2333600
2337040
2347786
2350982
2361360
2361654
2366540
2368364
2369446
2370588
2371366
2371744
2377656
2381976
2386008
2388066
2389568
2390956
2393674
2393868
2394508
2399734
2401678
2405058
2406792
2407802
2408800
2409128
2409490
2411380
2412222
2416334
2416472
2417708
2423046
2423500
2424274
2425422
2427178
2432562
2441472
2443118
2445704
2445980
2447104
2447122
2447960
2449772
2450842
2453314
2456150
2456824
2463280
2463294
2467394
2470504
2474340
2475634
2478080
2478730
2485478
2494588
2495956
2497704
2498532
2503470
2505296
2509144
2509300
2512402
2514434
2515082
2518846
2526608
2526966
2526990
2533436
2538938
2540878
2541170
2545138
2546420
2550214
2553122
2557300
2560350
2561896
2562500
2570378
2571472
2575896
2577988
2580248
2580892
2581328
2582326
2583120
2585126
2585142
2586148
2588464
2588546
2591998
2593050
2594098
2597172
2602890
2604736
2604832
2607482
2608618
2615420
2616086
2616396
2618390
2626196
2626464
2630504
2631092
2634934
2635494
2637594
2645446
2646656
2651158
2658496
2659532
2666352
2667472
2674244
2675834
2676582
2678964
2681536
2682520
2683606
2683970
2683992
2685180
2689610
2693432
2694714
2695476
2697402
2698598
2704314
2704510
2705480
2705776
2709952
2710664
2714200
2714846
2715148
2717132
2721352
2722246
2727030
2729112
2729186
2733096
2734642
2742822
2745946
2752828
2758268
2760106
2767060
2769986
2774674
2775278
2777032
2777294
2778396
2783282
2783780
2785044
2787108
2787950
2788996
2790454
2791404
2794712
2795598
2800344
2801088
2801544
2807824
2808072
2811256
2813870
2816076
2816338
2820624
2823416
2824094
2825260
2825932
2827422
2829444
2833210
2833560
2834332
2840634
2842242
2844362
2846876
2847182
2849684
2850612
2851074
2852112
2856396
2860518
2863750
2864980
2868466
2880174
2880350
2880574
2887096
2888416
2891938
2892686
2896862
2899008
2900806
2906834
2910778
2911824
2912042
2915076
2918234
2919942
2920406
2922358
2927112
2930556
2931090
2933814
2938902
2942492
2945202
2946350
2955724
2959622
2961252
2968076
2968242
2968688
2971124
2972246
2974234
2974988
2975370
2979970
2980110
2983182
2988970
2997624
3002366
3004332
3007532
3011196
3012066
3014848
3017434
3018715
3020506
3022598
3023486
3024157
3024545
3025588
3026272
3027568
3027804
3031767
3032535
3032945
3036789
3037090
3040074
3042542
3043357
3043899
3045972
3049236
3050260
3050459
3051575
3053087
3053558
3054327
3055894
3056654
3056924
3057107
3057238
3057703
3057783
3059851
3062946
3064384
3064390
3065898
3069813
3071062
3071446
3071604
3073518
3077022
3077971
3078840
3079152
3079426
3080562
3081278
3085304
3085362
3085559
3088331
3088400
3088929
3090772
3091089
3091284
3091970
3092638
3093680
3094381
3095978
3100753
3100791
3101166
3102279
3105081
3110121
3110392
3116927
3118113
3119709
3120110
3120297
3122360
3123233
3123708
3124087
3124904
3126274
3126778
3130387
3130800
3134929
3136950
3137336
3139293
3141028
3141298
3142289
3145846
3147773
3149640
3150934
3152977
3155656
3157764
3160021
3160329
3164091
3165584
3165996
3167553
3168162
3168506
3168700
3169177
3171655
3173241
3174008
3174123
3174494
3175401
3177013
3178120
3178623
3179117
3180335
3180453
3182556
3184129
3184522
3185201
3185736
3185834
3186770
3187241
3187403
3187795
3190253
3190499
3191404
3191863
3193338
3196256
3196426
3196658
3198388
3198933
3204069
3204121
3206749
3209808
3218357
3219753
3220474
3221142
3221343
3222013
3223939
3225205
3225671
3226114
3226204
3226535
3229370
3230332
3231064
3233029
3234626
3236811
3238834
3238910
3239154
3309341
3333061
3343171
3357211
3363131
3363381
3397011
3400771
3406561
3407761
3424491
3441641
3444521
3476631
3480971
3500351
3505851
3508971
3527121
3536441
3542151
3543401
3546021
3549931
3565161
3577061
3589451
3600671
3606021
3625391
3670151
3706211
3709571
3710411
3725221
3725761
3727891
3795641
3805061
3807701
3809271
3814481
3835411
3841581
3852401
3867101
3878371
3881891
3885751
3892911
3899521
3908201
3909281
3909961
3937651
3970211
3989451
3991201
4022351
4037551
4052111
4060931
4072381
4074121
4110341
4145841
4189291
4206701
4229681
4233201
4255031
4283371
4301141
4302731
4319391
4337251
4361201
4371161
4372941
4417261
4419301
4420691
4439261
4441571
4455891
4459201
4464111
4470851
4504091
4514141
4539131
4540181
4555211
4573961
4597981
4602081
4614161
4615471
4626021
4642811
4690571
4692001
4692961
4694251
4698831
4700611
4707971
4708081
4710311
4716961
4729861
4736451
4759281
4771421
4774061
4798571
4801071
4801201
4806481
4808241
4824211
4831451
4832111
4853351
4870471
4885231
4887941
4890111
4900341
4915111
4920321
4927411
4930611
4931861
4950751
4981411
4992101
4992291
5006611
5022721
5029291
5033861
5060171
5060711
5074891
5078701
5109041
5133701
5154081
5200591
5205601
5209351
5214191
5227241
5287711
5316611
5353901
5357891
5372121
5377501
5406161
5411891
5438181
5462511
5484291
5495731
5501121
5513811
5517731
5521391
5528561
5549081
5583701
5593911
5611461
5623901
5632591
5674851
5721501
5731651
5763581
5780181
5791261
5795821
5877831
5906761
5954181
5981621
6004111
6015741
6023261
6045211
6062641
6080831
6093321
6112341
6134101
6158651
6181461
6186441
6198221
6206841
6275881
6328771
6339741
6342431
6343831
6366081
6381191
6389881
6402881
6408191
6411641
6417311
6434291
6442451
6469291
6506101
6528861
6531061
6535071
6542691
6547051
6548541
6549491
6556121
6562701
6566691
6567401
6586301
6596391
6626151
6629791
6666191
6679321
6688501
6691411
6703671
6734471
6741971
6759981
6788091
6796441
6808341
6816441
6816651
6833881
6836291
6840671
6856831
6862131
6906571
6912421
6916801
6947111
6949091
6951591
6966911
6976951
6982121
7001311
7014691
7023931
7032161
7044621
7046071
7050671
7072271
7076881
7086231
7086611
7090751
7114701
7119721
7124161
7144301
7154061
7204581
7207331
7211261
7219231
7221621
7244521
7245941
7258201
7275631
7276851
7321611
7361851
7382981
7406441
7426551
7429471
7443131
7445301
7451811
7451961
7480431
7491151
7491231
7526371
7540461
7555631
7560291
7560841
7590571
7613191
7628201
7648841
7679861
7682791
7683481
7694071
7708711
7713931
7733001
7760431
7783211
7784011
7810081
7828131
7853871
7863041
7876371
7903491
7918741
7980651
7996471
8014631
8019001
8020801
8025951
8068871
8071211
8073491
8132711
8153821
8190691
8211131
8241591
8260281
8265301
8292911
8307341
8310561
8312111
8328151
8329381
8358201
8362101
8390941
8410891
8428551
8432151
8475691
8479051
8491241
8540981
8560151
8575911
8617341
8620191
8633051
8636971
8652911
8697601
8697881
8712201
8726671
8776581
8784821
8804651
8806041
8814501
8821451
8848211
8851091
8915701
8916771
9093931
9132001
9203521
9235011
9266381
9283441
9286441
9287161
9306301
9347051
9398181
9407971
9528631
9556671
9577951
9589311
9594431
9619471
9627621
9631601
9632211
9684461
9703311
9722831
9778691
9808231
9848761
9855111
9864381
9914381
9914771
9923281
9971331
9974501
9979811
9985511
10001611
10058821
10099641
10111761
10137871
10138721
10141231
10148381
10171741
10186131
10248941
10272511
10275191
10285171
10290291
10291681
10298341
10317801
10365051
10369471
10371131
10372621
10374481
10375721
10400591
10405811
10406001
10407041
10414911
10432531
10437071
10445171
10471141
10474111
10493041
10533921
10559921
10563091
10590531
10675681
10684671
10704511
10710191
10729131
10747191
10804911
10887981
10898901
10938831
10969621
11061681
11061891
11086291
11091761
11135931
11155901
11190361
11208191
11229861
11230761
11236971
11277471
11288291
11305791
11332721
11346241
11360141
11362041
11405881
11420141
11432631
11456331
11460371
11491041
11530681
11550081
11594911
11601241
11613981
11651811
11653791
11667611
11669351
11673271
11693601
11707601
11731351
11758911
11768291
11775661
11829551
11851971
11863611
11880381
11960841
12021051
12076861
12115761
12180721
12248351
12305441
12317931
12420121
12434171
12454871
12467511
12471661
12488191
12503281
12510501
12532471
12548421
12565291
12637891
12660841
12665571
12671211
12683941
12698401
12711541
12757701
12840821
12842591
13607031
13733681
13775221
13797691
13815361
13844151
13862751
13913261
13942311
13947131
13996741
14008011
14026241
14036451
14055101
14055611
14060681
14083941
14085291
14094211
14120841
14147091
14163631
14187041
14279721
14339531
14344611
14350631
14436431
14442441
14459641
14471931
14481481
14491811
14495351
14523801
14526081
14541441
14554721
14555981
14581161
14586301
14596871
14631421
14644441
14705631
14712661
14729481
14731311
14735461
14757411
14794521
14798711
14800661
14812991
14841271
14906911
14914581
14930541
14934251
14992991
15017091
15027071
15035071
15102371
15102751
15104971
15148411
15157821
15164261
15172971
15214781
15230791
15234751
15241721
15257331
15257741
15272441
15332421
15336371
15338511
15407291
15446981
15449131
15449921
15465021
15543787
15550136
15550691
15551100
15551143
15552912
15556027
15556528
15558067
15559201
15559967
15565992
15567923
15569486
15573441
15577685
15577966
15584009
15584269
15589792
15591147
15591700
15596225
15599611
15605939
15614537
15614587
15620030
15623470
15623992
15625945
15626760
15628783
15631478
15637627
15652765
15660865
15665530
15665668
15669916
15672329
15673496
15675530
15676931
15679682
15681594
15682035
15682988
15684279
15684676
15686122
15690818
15690846
15691977
15692500
15695397
15695904
15697449
15697737
15698602
15700661
15702236
15706969
15710218
15711810
15713624
15714776
15714814
15716481
15721664
15722471
15725632
15731884
15732510
15733201
15735159
15738598
15739288
15743758
15744607
15749386
15749877
15751396
15752816
15757317
15761813
15762267
15763159
15767070
15768681
15771701
15772890
15774810
15775874
15776650
15777277
15780246
15781165
15791898
15793183
15797190
15797480
15799445
15800804
15802822
15812146
15816217
15816514
15819173
15821040
15824572
15826900
15828296
15833386
15835203
15839410
15841653
15842772
15843483
15936338
15963179
15967653
15972982
15974090
15974211
15976303
15977606
15978260
15978556
15979369
15981941
15982979
15983397
15983945
15988655
15988737
15991012
16002278
16002345
16003056
16004390
16007039
16007716
16008772
16011999
16012128
16014152
16017233
16018286
16019870
16026008
16026781
16032828
16035161
16035778
16036036
16036066
16039001
16043273
16045800
16046124
16052713
16059081
16059618
16060412
16062837
16064253
16064425
16067099
16068181
16079220
16079905
16080559
16087421
16089513
16091488
16091867
16092384
16093601
16096845
16100254
16103773
16107040
16111928
16112346
16113717
16114164
16116864
16118806
16119220
16119574
16121376
16126764
16127809
16130944
16132662
16133196
16136185
16137364
16137405
16142730
16142744
16142813
16146077
16149247
16149643
16151259
16151565
16154362
16156561
16156599
16157877
16158667
16161723
16167309
16170727
16171479
16172900
16173320
16174357
16174613
16174654
16176352
16176366
16180541
16180782
16181030
16183355
16185345
16188527
16188901
16189588
16191678
16193950
16194149
16194856
16194940
16194941
16195539
16195589
16200121
16202778
16205797
16209274
16210657
16210770
16215672
16217181
16217642
16217947
16219164
16225158
16226389
16230362
16238206
16239415
16278031
16283146
16285750
16305874
16306477
16308253
16311931
16317454
16319284
16326979
16333216
16344991
16347181
16356817
16366282
16370251
16374145
16397269
16401658
16406362
16421164
16432120
16432171
16442371
16445740
16447003
16457299
16462930
16466809
16467574
16471003
16476583
16482718
16486000
16486615
16486999
16488646
16505773
16510468
16526629
16551967
16555285
16557244
16562743
16566562
16568680
16572334
16582933
16586800
16589305
16594825
16597402
16609861
16611424
16627846
16630303
16642834
16652785
16658386
16677667
16678723
16686505
16687039
16692544
16699261
16706791
16708873
16711189
16712209
16721272
16736059
16737433
16739872
16741198
16745713
16746274
16753198
16755361
16768387
16774927
16781593
16781608
16786726
16794937
16805836
20159275
20161054
20172814
20177212
20177806
20178121
20194981
20197087
20202919
20203210
20212429
20227810
20231953
20237788
20248183
20251390
20268232
20279782
20280037
20288896
20304808
20314600
20321974
20328433
20334034
20341255
20349973
20360218
20362474
20372767
20387374
20393116
20394814
20400568
20402389
20416126
20417728
20418454
20418649
20420107
20426752
20427718
20431486
20435416
20436964
20447317
20450740
20470729
20487490
20491981
20514361
20540596
20548858
20559649
20565712
20571085
20574655
20575483
20577727
21122355
21266455
22816888
24275497
24402492
24507988
24524806
24577572
24843641
24920900
27002617
27007537
27007762
27007996
27010579
27024556
27039532
27041710
27047929
27049513
27064195
27078529
27080734
27081853
27084082
27087508
27100270
27114820
27120670
27128584
27139126
27140497
27151678
27155071
27158923
27166921
27169909
27191155
27194944
27199756
27202855
27203725
27212407
27217720
27227014
27232723
27252334
27255592
27265747
27267088
27270439
27278635
27291406
27292660
27319069
27320443
27324130
27334921
27337591
27358912
27364117
27371170
27372484
27373033
27375106
27379447
27380221
27395302
27407305
27408523
27421543
27426610
27433246
27433342
27438169
27446179
27448576
27449482
27451060
27451612
27456658
27462250
27465118
27470785
27472819
27476074
27478180
27489172
27498544
27508540
27510868
27512086
27512614
27513193
27524776
27530434
27536950
27547765
27550213
27550297
27564673
27571198
27572128
27573061
27574849
27584854
27590812
27590920
27606421
27608992
27619819
27641200
27644647
27645211
27649054
27657235
27667387
27670996
27671011
27675661
27677149
27682888
27689188
27699121
27702649
27711346
27714541
27716623
27723259
27726163
27748072
27749746
27750352
27757705
27759622
27761767
27775138
27787354
27799810
27803815
27819940
27821089
27821704
27828664
27836563
27838744
27851380
27861292
27862018
27869700
27871006
27871576
27873594
27875260
27878923
27881178
27882157
27883805
27884465
27887242
27889898
27894707
27896244
27896356
27898797
27902716
27903003
27904642
27910341
27910686
27911850
27912267
27914284
27916741
27922586
27928484
27928645
27928730
27929039
27933062
27939234
27947921
27952079
27953313
27957405
27958300
27960433
27963261
27964521
27964707
27967462
29001612
29012837
29015921
29018380
29019153
29022646
29029999
29030429
29032383
29032439
29038176
29042504
29043600
29046066
29046251
29049851
29049903
29055640
29057469
29061263
29063377
29063973
29065116
29065313
29069772
29074516
29074955
29078551
29081020
29081561
29081607
29082531
29082564
29082914
29083128
29086918
29091894
29092476
29093406
29096994
29101730
29107899
29110861
29111085
29111558
29112168
29112231
29115679
29117671
29125617
29126540
29131195
29137371
29140436
29142343
29142909
29143388
29143528
29151255
29153459
29155526
29155567
29156188
29160316
29163034
29164507
29165634
29166949
29169080
29169169
29170535
29171776
29173076
29173723
29176397
29182695
29185215
29185926
29189027
29189777
29202612
29206275
29209386
29209440
29212184
29212729
29216527
29221249
29222994
29226569
29228190
29236584
29238821
29241879
29246062
29248277
29249442
29250206
29251185
29259413
29260829
29262487
29262925
29263172
29266515
29267027
29270628
29271148
29279360
29279818
29282242
29285708
29290129
29296988
29298258
29300296
29303696
29306649
29307882
29309697
29310307
29311548
29318698
29319074
29325062
29326128
29326449
29329910
29330355
29331714
29333654
29388434
29501114
29501187
29501421
29502606
29507760
29508053
29511530
29512837
29514546
29515818
29518689
29519529
29522024
29524682
29528006
29530745
29531471
29533469
29534878
