48027507
46345088
44803077
47857021
14382921
46473934
41286185
10590951
37413241
30692628
37962279
46328525
46827180
37750044
47491543
42214974
47176019
38296369
36353300
30348316
43376737
39672592
38087037
38894593
40168236
46554512
35532108
32676884
44545745
16710268
47569242
31974640
1430045
44599867
39139537
47470333
1072650
47411493
44070277
47508580
40442860
47433838
38215952
885936
38504120
30229260
30136276
47255409
1136495
47188647
37590878
46445891
47177570
2864498
47091437
33012343
16652077
2831258
34664661
40903138
37183393
29931219
5199211
833768
44165505
45818068
45023377
34656089
46676217
45113964
43044654
289548
15007081
9134
36614252
45525248
34623214
37951232
44412070
514070
45303065
40344160
38252875
46437028
46434741
38273490
2573946
40940986
29541566
2501972
42537305
29777439
46315435
45450183
45184976
46006290
41682562
46012061
35654053
37594761
40755081
46314871
37321660
46221991
33741778
20390872
46073472
41850586
13797691
33864894
1564659
37036907
502799
954639
34387564
45316213
2574908
193832
42584673
29638879
43882475
45210371
42200942
31432310
1146459
40735688
45107432
1873720
43686943
35192754
36496295
34271915
44129259
20329657
15583108
8892541
36161663
6742521
38181860
12711881
37609810
33565098
190795
44457516
44442114
1368322
34315187
38012361
44233189
32390084
33455400
43612058
36680035
30574224
43993170
29584654
37921378
38870132
34829884
32444603
36413583
37623667
5815311
43878019
39969276
43698619
31912962
31766278
35756611
37191019
39498303
38099266
31314215
36200075
42986642
43140368
41591751
1929708
42993963
40287750
42747208
20201428
34725190
41505538
42424264
41587978
42592435
2268970
38285285
36271156
4255031
32182070
35597765
41547182
3020399
90796
6796441
37855813
16231491
42504952
38803386
42447539
997522
2689610
29534878
39644011
42197749
37098117
37871689
37043833
36722553
42181381
37096030
42159302
35586471
37850681
33188785
36879805
34149973
36223368
35356466
41958961
36400299
37526528
41763343
422836
41905998
34021836
34427918
1331412
2724988
41477852
39825738
37061663
41879250
33015800
41868433
32406594
34736295
35497249
41645642
34202335
37545051
38606502
41420682
41250206
36753181
1619907
40273966
41368061
39703712
41329665
36274489
35857033
35793405
39683755
40613368
40245234
40005999
40996226
36607708
40714247
40328496
40779712
191777
35300985
39224496
27502099
5836331
31421106
37794049
38866331
2050286
30369218
39890437
40136399
30004405
1600243
29311548
33235967
37054012
39858752
31354982
2616396
39610258
27966128
39826347
31342381
32325098
38878926
36838004
35589842
38858875
39628819
37076955
16050617
34064706
39573295
39525009
37836622
311546
34261097
33194995
15578934
32353250
38053993
31780851
38594007
30567215
6490561
38233811
37873266
38733844
34855714
37452015
32328199
1281687
38962779
35082686
16432171
33471284
38204030
38862178
38209809
38841341
20172814
37516502
32389844
36991232
38669006
34004421
30444363
819604
38640178
1634403
38631141
37727399
38594102
33292729
38322629
38010354
37580198
30101195
34934984
36148068
4628221
31213066
35279376
30161279
36253880
38317762
37457391
37722812
540439
38424129
38259161
3132383
38059708
35654272
30007773
35652721
3226353
38278874
37573495
27884465
36242782
37885598
35455309
38246013
347700
37979101
34936371
29307307
32751758
3109509
27871006
672965
38202997
38141504
32406271
37041530
31313419
15797480
38017722
30930100
19456
33625111
35153245
37956374
169492
36625764
36719575
36812193
20150803
37991224
32663767
38061995
34397062
1314686
336159
37124090
2550754
35310219
38018690
37930916
34622597
596167
475697
38017095
167705
9347051
36742325
70477
37962948
37953251
35432457
27156520
6906571
37953347
37234673
37150861
2252198
14962591
351192
34385049
36865090
13446
37694265
4355571
37719703
36656233
37779628
37148431
31890082
31625109
1478550
35884107
34016023
1652679
32113886
7687271
37834289
37832826
37832790
14483571
36556814
37177773
37212632
37804630
1481369
1195922
37804293
2418850
34768668
35246303
1610948
1787759
32518543
35757014
34787347
31762932
37765017
27122866
37684601
29596609
36696017
37725674
37715574
31420062
36905639
1032946
32276072
34658317
36990448
37701161
4551121
34776809
36538189
37077123
776676
37683337
32305843
37681718
37251405
37289646
34224765
34306039
1339939
37577436
37108085
6264581
950759
36886397
154501
32299314
4023151
31930341
32174075
27799810
30425039
37096
1737273
32316666
2593808
32603445
37636150
31448506
29963880
35791948
30432721
37622880
37583386
4064611
34218848
2621356
36600020
37563071
2189616
31614888
36766421
1413120
20261668
512875
443387
228748
36295363
35561833
33848599
354956
2389568
715925
28094275
8600041
37542896
375443
37578813
32654523
33618340
590798
549368
34524868
33811255
37230188
33116657
5502861
1322549
27927944
27695686
35390395
1388397
2444046
33738435
9099451
35437677
2843402
35735993
35884650
14833
31283271
35215581
31751832
37198383
1204764
1055997
2850222
36142896
369986
447681
35956760
36452476
549311
36573271
467281
37488592
1424931
33347661
28040628
33596879
31731761
4416791
33046106
35655253
4787421
33108783
10238631
30944288
32351827
385476
370821
32135047
32625132
30732006
36261291
35580368
35227092
2980110
1895100
37049881
1295630
35363764
14763611
1480870
37069775
37444157
37483035
31854307
37222860
29832069
489335
76934
32522806
37501878
829690
1832530
34418902
34089808
34098622
32377024
29663232
34317415
2480860
33446198
15758936
628860
1487435
35712214
31248065
36386762
36305051
2630504
33150806
32775926
33368068
1374245
1124579
30527052
34042846
29956289
1729134
33575250
27925053
1492302
2424064
36050
31160841
15459021
27548944
29062726
16319284
20385562
219392
33473240
31644084
36292045
32669976
29049099
16158500
15862074
16031116
7474171
33187551
6918001
36583105
20326693
13999431
35997913
29309697
11744331
757420
1628933
30779728
7430491
587558
155881
15828281
789336
31030034
30607864
37257065
37311097
1688338
37370714
16798735
2811256
37409762
35727758
34257553
33849889
37363184
37123750
37449187
31649667
11798
559985
36834514
1877530
32302017
35412494
37178043
37334300
7212251
36342850
32473050
35648987
180604
37430215
36654419
16630303
37254757
37433330
31353623
37433292
