4
10
11
12
13
193
206
317
832
1608
5216
5288
5807
6036
7711
8438
8519
9240
9875
10094
10483
10520
10912
11341
11670
11798
11799
12213
12485
13255
13446
13817
14190
15901
16502
16623
16863
16892
17341
18442
18635
19412
20662
21672
22800
23139
23455
25342
27873
29300
31744
33449
34844
36050
37057
39360
39419
39663
41834
42033
42430
42819
45026
48114
50293
50422
51127
52313
53111
54202
57332
58007
58770
60596
63148
63378
63856
63946
63959
64016
65062
65177
66849
67736
67905
68262
69057
75898
76145
76764
76773
76934
78433
82151
83651
85319
85536
89866
89889
90201
90312
93640
95485
96848
101070
101884
102527
102650
103834
108478
108944
109672
112155
115914
119376
121722
122012
124891
126300
126356
128693
128988
129199
129858
130444
132010
132527
137796
139713
140476
141609
143381
144735
145546
145958
147854
150489
150910
152025
152280
153215
153989
155881
163953
164540
165241
165747
165933
167705
169346
170632
172609
174557
177215
180098
181052
181072
181600
182439
183485
185739
185778
187552
191777
198203
198732
199250
202810
204906
208238
210056
210233
213246
213251
214999
215222
216144
218232
219069
219392
223069
225989
228748
231470
232586
234297
235400
235720
242676
244417
245725
251442
253940
257297
262103
267648
269061
269592
270988
271242
273217
273422
276098
277957
278845
280475
282534
283896
284732
285078
286780
287282
287534
288258
289715
290563
290700
293374
296291
297101
301013
301225
301506
302477
303699
304920
305472
305834
305842
306743
307338
307943
308822
310165
313301
313987
314622
315203
316016
316634
316920
317057
318699
320158
320387
321485
322536
323637
325649
325714
326021
328024
328626
332862
333058
335556
336159
338524
342943
345061
345884
348107
349648
351192
352990
353197
353634
353810
354998
355685
356914
357272
360832
363811
374221
375193
380154
381826
381829
385146
385838
390411
403058
415743
420401
421901
427087
427127
427248
427958
429187
432029
433807
435383
436144
446295
446529
447444
449062
455235
460766
463062
464428
465227
466500
475864
477597
477643
479987
480654
482289
485069
487223
488833
490152
491825
495067
497208
499787
500126
501030
501524
509572
510511
511789
517072
521299
521858
531497
534543
536169
539692
539828
549311
549464
556495
559985
560252
561357
563388
564812
566613
572240
574415
584173
585573
595335
596167
597538
598149
598736
600355
601528
603292
608191
611709
612767
614005
614692
615562
619151
627356
628860
635944
652432
659560
660256
663461
668446
675521
676192
686173
689838
692087
700950
701066
707279
711157
718434
725453
732580
758046
759441
760817
762733
766997
774335
781268
782533
785917
790299
790656
790731
791025
792726
795859
798226
802735
804215
815918
816865
817308
819604
822008
830065
831279
831670
835228
835603
842380
842782
851003
851851
852015
854283
855254
856709
856849
858715
864262
866596
876357
881161
881604
884061
885936
886367
892688
893403
894177
894969
906568
907669
909004
912966
913302
914385
915984
916754
919153
928525
928632
929269
934708
935189
939492
943537
950759
962819
975165
977598
977729
979085
979713
987519
987705
992712
993088
995238
996224
996539
1006917
1011340
1019880
1025280
1035840
1036937
1037161
1047432
1052687
1062364
1067922
1069809
1071797
1079791
1085179
1085669
1088210
1089016
1093361
1096077
1097688
1115831
1123144
1123205
1124579
1126892
1130588
1131788
1136300
1153722
1155406
1156916
1167270
1170875
1172039
1177316
1179102
1183143
1185341
1187165
1188267
1190874
1192100
1195626
1197546
1201572
1210757
1214648
1227708
1229854
1232953
1234202
1250749
1268041
1270358
1274200
1276779
1281687
1295110
1300072
1307769
1314451
1314686
1329292
1329963
1332879
1340271
1349101
1380171
1381152
1388397
1392279
1397526
1397545
1398925
1404949
1419063
1426020
1430848
1433568
1436860
1449393
1464484
1472497
1477035
1477155
1479957
1483625
1492302
1497728
1509125
1512786
1517243
1531173
1541464
1546064
1549534
1551173
1556436
1561981
1572110
1572248
1578481
1583782
1587822
1603744
1605053
1607108
1610586
1610948
1620364
1620739
1622774
1625030
1627986
1630592
1638013
1639228
1644637
1655498
1662881
1684825
1684998
1685047
1685304
1685356
1688338
1688622
1697345
1699234
1715073
1725046
1728501
1740627
1748595
1749855
1781157
1795727
1803931
1816685
1857358
1864900
1870422
1871494
1877530
1895100
1895438
1899896
1906826
1906940
1917900
1920280
1929186
1932870
1939158
1963648
1979410
1993354
2008552
2011504
2021908
2045010
2056012
2064342
2067492
2068538
2084254
2084372
2087858
2088346
2088380
2095040
2099736
2101614
2103852
2138112
2160914
2163334
2163636
2173506
2182600
2203362
2215264
2220672
2227824
2240618
2257306
2267632
2295436
2323498
2332348
2337390
2337590
2350506
2381976
2393868
2402816
2407802
2418850
2433726
2444046
2450632
2450842
2458788
2503578
2514434
2532256
2550754
2562500
2571118
2582362
2601256
2616086
2629424
2634934
2651158
2679824
2702790
2703590
2709952
2716046
2760020
2769130
2769376
2784690
2787442
2788996
2797986
2811256
2840548
2852112
2859156
2880174
2941926
2953366
2954730
2974234
3003492
3010000
3014848
3025588
3044312
3045290
3052874
3057107
3057643
3057703
3065053
3069262
3080230
3091490
3098895
3118740
3123708
3125673
3126274
3126954
3129144
3133486
3145502
3162202
3178120
3185736
3193338
3198933
3200203
3202422
3208970
3232990
3288959
3309341
3535721
3549931
3565161
3718931
3741151
4150211
4317481
4341061
4371741
4412651
4416791
4464111
4918581
5119571
5316611
5329101
5331841
5372051
5438181
5502861
5517731
5643951
5668211
5852211
5956851
5981211
6004111
6049611
6060321
6062641
6241791
6292001
6342431
6422281
6486991
6636261
6695121
6880751
6906051
6906571
6934911
6947111
6982121
7011261
7115281
7263681
7376541
7443561
7743411
7784011
7828131
7876371
8014631
8079871
8329381
8458681
8697461
8725741
8777941
8801351
8814501
9189561
9274171
9347051
9494801
9504571
9918111
9921291
9961841
10154631
10169361
10428081
10529761
10706731
10887981
11229861
11272311
11320501
11347421
11388691
11395451
11395531
11397311
11699631
11744331
11839921
11927221
11967091
12056021
12180721
12215361
12471661
12659891
12684001
12711541
13645091
13797691
13996741
13999431
14164921
14251621
14299821
14702871
14788301
14962591
15157821
15449131
15497521
15538879
15546337
15550136
15552912
15580272
15596225
15610501
15610913
15631017
15662698
15665530
15681438
15683666
15693240
15693588
15728041
15729065
15743657
15752031
15763159
15768364
15770691
15777277
15780246
15781376
15784745
15785160
15785206
15786154
15795455
15806268
15806751
15810728
15811258
15812146
15816217
15929370
15936338
15963179
15963441
15972116
15983103
15996864
15997095
16011849
16013098
16023074
16029199
16030552
16037694
16060412
16063351
16065298
16110663
16123515
16133284
16133421
16133801
16141632
16146226
16155183
16156599
16164115
16167736
16184652
16186360
16194698
16198621
16201517
16202778
16211315
16215953
16314037
16350412
16370251
16486615
16486999
16490560
16494970
16504114
16546528
16551967
16593088
16689091
16695088
16704361
16733167
16765552
16796377
16802494
16805836
20164219
20174884
20269321
20315863
20328433
20420809
20429035
20495878
22410569
23179751
23611534
23626041
24132873
24252121
24451259
24492591
27022432
27087508
27122866
27128602
27138115
27162454
27175597
27191155
27243328
27254578
27254686
27262423
27347662
27364207
27371317
27373033
27433246
27497854
27610057
27629623
27654361
27657706
27667387
27691360
27707575
27777613
27780457
27871006
27871348
27874103
27875975
27878605
27895278
27918126
27924403
27957405
28077968
28094275
29004766
29004767
29018142
29023924
29024907
29027196
29027299
29040935
29049851
29051395
29065168
29071738
29083128
29085822
29099432
29102179
29104027
29113599
29126038
29126540
29143388
29172104
29172854
29185926
29187337
29189352
29200380
29216232
29231809
29233692
29266366
29266950
29272578
29301656
29310453
29310486
29311179
29318698
29324098
29414451
29507452
29540625
29541962
29555612
29568399
29568421
29572717
29580048
29591225
29596609
29610149
29616322
29634866
29640031
29665160
29673157
29676584
29753835
29776696
29781058
29785351
29786748
29787255
29805138
29808822
29809970
29809978
29810847
29827915
29876444
29889111
29944366
29965207
29965307
29968896
29976023
30002472
30005673
30031760
30031793
30054354
30054388
30064861
30078971
30099678
30099756
30109377
30122332
30128147
30145610
30145794
30175401
30201299
30204077
30206758
30221875
30226887
30227256
30227425
30229250
30236803
30242978
30244021
30248927
30253633
30260740
30260811
30261731
30262159
30264243
30266717
30266845
30272393
30280854
30282762
30283038
30283219
30283743
30284274
30284371
30284687
30285854
30286055
30286103
30286135
30286248
30286295
30302550
30307093
30307841
30308556
30313322
30328632
30333842
30363013
30367830
30367944
30369656
30375236
30387153
30391551
30394558
30396063
30398932
30407419
30411051
30412099
30415821
30416368
30417703
30426878
30431147
30437571
30454831
30470946
30475980
30493434
30495123
30503167
30509820
30527052
30527987
30551638
30567426
30568394
30570782
30587329
30594564
30599988
30601534
30608802
30616300
30627397
30631078
30634854
30659221
30664623
30671122
30681273
30690191
30697765
30711039
30725893
30727686
30729695
30765336
30766675
30766738
30768231
30801807
30805484
30809543
30822269
30840995
30848818
30848975
30866494
30866860
30873468
30882079
30891614
30898180
30904957
30905284
30913532
30917679
30919744
30922617
30922788
30922882
30922968
30930393
30949407
31009614
31014299
31037041
31060316
31068770
31086356
31095531
31097342
31154255
31155866
31157856
31209204
31224839
31261841
31275059
31296827
31311998
31318545
31324873
31337467
31337656
31339739
31341236
31350357
31351692
31353623
31359571
31367080
31369456
31379459
31399655
31414309
31426555
31431900
31448101
31448506
31466153
31484461
31491001
31493407
31495702
31505270
31508530
31509645
31515516
31534866
31541251
31545891
31548792
31554685
31566668
31625109
31656728
31730448
31740593
31831801
31837296
31847657
31849548
31877314
31912962
31929867
31951967
31957129
31972541
32004730
32011145
32047881
32096052
32120008
32123360
32125509
32130725
32151220
32176103
32184655
32201730
32233024
32246575
32276072
32289627
32293892
32294023
32299314
32301946
32302017
32313523
32326287
32333011
32349454
32351827
32352498
32355871
32367435
32387988
32404967
32421794
32426210
32473050
32513129
32515200
32522806
32547945
32556320
32561635
32581731
32587693
32603445
32614942
32619311
32631611
32638797
32650706
32654120
32662280
32669976
32680333
32695949
32698748
32699399
32714052
32722142
32722150
32722484
32724048
32724775
32728075
32737615
32739757
32755753
32764561
32775926
32789690
32791811
32791988
32796478
32804233
32808014
32836860
32853698
32865302
32869464
32874067
32874249
32880130
32890809
32919319
32928954
32932171
32933498
32943615
32949821
32957022
32975679
33000958
33002650
33002784
33013335
33044685
33046106
33051770
33063133
33063821
33068499
33073479
33076736
33097033
33105429
33108783
33109104
33115936
33131463
33141791
33147620
33152906
33156596
33158741
33166024
33167374
33168467
33169219
33178613
33186483
33196610
33213015
33236808
33245263
33245834
33273638
33284863
33313062
33322141
33325882
33342123
33343777
33363514
33367112
33419976
33421261
33432462
33438780
33450215
33470462
33474365
33490641
33493428
33509687
33519015
33522239
33574454
33588366
33596879
33599119
33605243
33621348
33623262
33652485
33652552
33656516
33663611
33673049
33705198
33707848
33713157
33718225
33719282
33722523
33726771
33738820
33748548
33750074
33778662
33781848
33787992
33811255
33825222
33830241
33830370
33841906
33848599
33849889
33891926
33907030
33909240
33910707
33965445
33988803
33990311
34010297
34015956
34020916
34020987
34038237
34042846
34051239
34054382
34085698
34085731
34085752
34085772
34085804
34090270
34093276
34097958
34098622
34111818
34114661
34126443
34130199
34135204
34144549
34165800
34183672
34186536
34194247
34212482
34232185
34232370
34232859
34244102
34249095
34252763
34270602
34276864
34286160
34287282
34303971
34315915
34340841
34351175
34352584
34356923
34381555
34384747
34385049
34395888
34441974
34448487
34448883
34457060
34460855
34497494
34498888
34508594
34512814
34514115
34535980
34549154
34552672
34608746
34622045
34644261
34667848
34715872
34753512
34764266
34768668
34776809
34777481
34793370
34798706
34810223
34818369
34820068
34844369
34881930
34947124
34953507
34969295
34989285
35017661
35045608
35053630
35095862
35095964
35099583
35106115
35106960
35128978
35141024
35174696
35241096
35251080
35255310
35260907
35282162
35310219
35340499
35344346
35356466
35390395
35396230
35454867
35455309
35480812
35480995
35482588
35495404
35502663
35552002
35567786
35580368
35581430
35582693
35596942
35643370
35652243
35727758
35735993
35755127
35791948
35912003
35912924
35913707
35947962
35958367
35976180
36019663
36036876
36049958
36075713
36076792
36115816
36116340
36116444
36120562
36142896
36153868
36159055
36159071
36159271
36215514
36218281
36238523
36253880
36261291
36263795
36277240
36292045
36295363
36298704
36299528
36305005
36306109
36323018
36328735
36333586
36335729
36368416
36370588
36406535
36429170
36432575
36455388
36521007
36525623
36536500
36538189
36556814
36559269
36559919
36562156
36583105
36635716
36637954
36654419
36656233
36660760
36661015
36666664
36681706
36693868
36696017
36742325
36760285
36766421
36777790
36832113
36865090
36886397
36902282
36905639
36933046
36985158
36995951
37008112
37043491
37043833
37050997
37069775
37077123
37096843
37103175
37104031
37111203
37115640
37123750
37127078
37127113
37127139
37127283
37148431
37149928
37150861
37157599
37162530
37177773
37178043
37182818
37201726
37212632
37222860
37230188
37230934
37234673
37235630
37241337
37248556
37251405
37262792
37265652
37282061
37282818
37295846
37295891
37295932
37296165
37305497
37316325
37328700
37339454
37344741
37347433
37347777
37353968
37363184
37379263
37382557
37383739
37418301
37426028
37430215
37444157
37488592
37501878
37513675
37513847
37513937
37514092
37514173
37516117
37516167
37516194
37516298
37516314
37516337
37516400
37541848
37542896
37551670
37603730
37613983
37617571
37620851
37631762
37638400
37649718
37652729
37662607
37673632
37680009
37685021
37686917
37688253
37690739
37694265
37701161
37708039
37715574
37719703
37722812
37748084
37779628
37789638
37794049
37804293
37811920
37817088
37825261
37841507
37845187
37853109
37853343
37855717
37860091
37862141
37864378
37866520
37868152
37868366
37891191
37925371
37928050
37928524
37941519
37944446
37946689
37950741
37953251
37953347
37956374
37962701
37962948
37965347
37970376
37979101
37979149
37992647
38003559
38017095
38018690
38025506
38033330
38042137
38047282
38048212
38054087
38322629
39208503
39461261
39894049
40628210
40628427
40628524
40629077
40629432
40629437
41771314
41775610
41775802
41886895
41888186
41895736
41918758
41921300
41923563
42854446
42855754
42860779
