30692628
46635654
43158835
1126892
359395
39011023
43236174
3119605
47799520
29777439
37546190
47176019
36353300
14634791
38215952
31500860
47628530
36270805
47368273
1430045
2560106
37183393
44070277
32561562
47478439
35703455
47468131
1313728
44169385
44270317
39362247
16652077
36748465
833768
31781162
47349661
34656089
47318977
32041576
47253962
41359295
30136276
885936
44599867
24655228
28137
14505171
47193351
47188455
45002913
41285607
596167
40903138
37590878
36080478
35959134
30283038
40388727
33012343
31797942
36614252
36464174
37296920
39140353
38504120
16692985
29931219
41856164
32436565
31759977
31140147
1354597
31641561
38538968
44165505
40168236
43565942
46001613
14522191
1022861
36954591
37350815
38181860
46613028
35857284
45802257
39688519
45391268
46153013
29541566
45830718
42297858
45303065
33015800
42811248
514070
44412070
42046778
954639
40344160
16050617
38579246
41871077
46006290
35024888
43712100
44909512
46001729
46315435
46046013
37321660
46258510
46025386
45184976
43413766
46216789
46036754
43686943
45521473
43078019
46149233
41852820
43104337
41286185
20390872
40818502
1029377
45531017
253770
30229260
37425820
45274605
44459233
336159
45917637
34161633
36783488
4132931
480783
42847742
44572569
39243483
45820839
37036907
45826523
502799
30664623
42468526
1564659
31560489
35241545
33738390
36614161
45787273
34595388
43885995
32915911
33292729
771064
35290150
42586385
30007773
31649667
9134
31887466
15988020
45184352
35586471
45574745
45575711
44758691
34176815
289548
40328496
15578934
31534848
40421756
37054012
37058800
41689901
32638739
32444603
45471359
29902611
42162600
1470788
44442114
36995972
36660866
45316213
37928042
26105
41283546
43021651
45343032
2050286
36808298
20328433
29638879
29317550
44007420
13797691
42698273
35322329
34387564
32133313
33052341
35356466
193832
35561457
31432310
29145300
42584673
15671315
36682596
31172140
6299361
15231521
37061663
36058595
15623990
34844519
33028937
31248009
41834161
30008136
39198616
39969276
44838960
45229380
35757014
2785044
10256221
38594007
31525614
38095687
39876830
1146459
34093276
35008493
39914632
41864342
1877530
35580368
119376
1634403
45216261
11798
350737
42213061
44002493
15706969
45195680
34867697
40735688
15596225
34268940
559985
44416777
20172814
37043833
36050
42988809
42845802
42102464
41984061
39748158
39406252
35497249
39063316
38766626
32820504
