20
45
346
470
570
941
947
965
992
1011
1094
1608
1932
1957
1992
2125
2134
2385
2686
2864
3583
6031
6289
6556
6622
10520
11798
26105
28548
36050
36757
42280
45711
47606
51268
56059
69350
74778
88612
88824
89159
90796
94979
109672
113401
113863
119376
130444
154501
166732
169492
184053
184848
185778
190265
190814
222566
228748
252305
283324
290616
304185
311546
316401
346551
347700
368046
420918
443972
486786
488295
507929
540439
549368
554813
559985
565791
585962
595215
596167
600355
622183
641304
780771
781268
790455
808613
813586
829690
842663
937098
997522
1034208
1106109
1146459
1167248
1171095
1183427
1242418
1260254
1293750
1357077
1369982
1388397
1437402
1476238
1497635
1520782
1539835
1577832
1589279
1613318
1634403
1688338
1816687
1843608
1877530
1912404
1944292
1993354
2003798
2050286
2053462
2157282
2322730
2350512
2406792
2630504
2698598
2719276
2738540
2790454
2811256
2814856
2932174
2951048
3055894
3085362
3093680
3165584
3219026
3899521
4832111
5331841
5815311
5981101
6490561
6796441
7708711
8079871
9504571
9961841
11384791
11609521
12827871
13999431
14559041
14962591
15538894
15557774
15596225
15623990
15716840
15761234
15797480
16026104
16639408
20172814
20402389
24451259
27239512
27291610
27453715
27646777
27889049
27935593
29063377
29071738
29134325
29154978
29263308
29534878
29541962
29596609
29752008
29956289
30007773
30098263
30101195
30161279
30369218
30444363
30849113
31068752
31172140
31246716
31279290
31296827
31313419
31394077
31448506
31525614
31649667
31654607
31656728
31766278
31785692
31789456
31820084
31922438
32073491
32080989
32182070
32276072
32300613
32318473
32353250
32522806
32547426
32560303
32625132
32726147
32764561
32775926
32949699
32976222
33015800
33108783
33152906
33194995
33292729
33334193
33444223
33455400
33471284
33596879
33618340
33718067
33718512
33729852
33738435
33750074
33792688
33811255
33877176
33881883
34020987
34021836
34093276
34099270
34202335
34218848
34261097
34261434
34268940
34277316
34306039
34313704
34339441
34352304
34460855
34466402
34548976
34562915
34658317
34725190
34726732
34768668
34854916
34855714
34905277
34936371
35008493
35040168
35158730
35191439
35279376
35322329
35356466
35455309
35495855
35520100
35580368
35597765
35640554
35652243
35652721
35658308
35727758
35735993
35841001
35956760
35971388
36148068
36253880
36292045
36313076
36347721
36495495
36556814
36559919
36623461
36656233
36660866
36696017
36719575
36722553
36776160
36834514
36838004
36863105
36865090
36905639
36990448
36991232
37023526
37023570
37047665
37049881
37076955
37096030
37098117
37108085
37140982
37162530
37191019
37212632
37221599
37234673
37262792
37296920
37299366
37313925
37413241
37452015
37513937
37514126
37580198
37619643
37624508
37636558
37638400
37650807
37663535
37672932
37684601
37722812
37725674
37734906
37751131
37758777
37773136
37852501
37855813
37870044
37871689
37873266
37910913
37921378
37931046
37946689
37950741
37979101
37987137
37987387
38003559
38029426
38029999
38030125
38030241
38030621
38030667
38030817
38030887
38030967
38031148
38058130
38059708
38067335
38087037
38099266
38161056
38204030
38209809
38277422
38339964
38353535
38421243
38424129
38501671
38546417
38594007
38669006
38862178
38894847
38958050
38962779
38987674
39007267
39144301
39164742
39166070
39166191
39480855
39900601
39969276
40284234
40287750
40328496
40525796
40627321
40648907
40738444
40774354
40801268
40865490
40908765
40995859
41060137
41096713
41145511
41197966
41268741
41280317
41399161
41477852
41505538
41552743
41552820
41571698
41587978
41591751
41622781
41641375
41645642
41657338
41683713
41686889
41711478
41714204
41763343
41992105
41992177
41992267
41992318
41992373
41992413
41992488
42116343
42127022
42177082
42213000
42235052
42266974
42267379
42448682
42527675
42592435
42634391
42747208
42925833
42993963
43097358
43140368
43612058
43840197
43923609
43973375
44007420
