9134
11798
28137
36050
90796
125409
147072
156376
185778
193832
204536
289548
321102
347700
356603
356914
422836
484918
514070
536723
559985
596167
711157
771064
833768
885936
954437
954639
997522
1029377
1038790
1335045
1345821
1368322
1430045
1436389
1460367
1470788
1488056
1564659
1589279
1634403
1648582
1701337
1738537
1814789
1873720
2050286
2211910
2389568
2630504
2811256
2944724
3039342
3049907
3055894
3119206
3148645
3153572
4255031
4569281
5048441
5292291
5666771
5815311
6299361
6495561
8329381
8773741
10241871
10255601
11967091
12128141
13797691
13999431
14220091
15102371
15231521
15386791
15596225
15640419
15671315
15689438
15706969
15720647
15797480
16028388
16050617
16073157
16091343
16099995
16488277
16575364
16692985
20201428
20314600
20390872
24655228
27175597
27896356
29083128
29153283
29534878
29584654
29638879
29650066
29931219
30007773
30205043
30348316
30537035
30664623
30696473
30735364
31070973
31082396
31186907
31248009
31316544
31409774
31421106
31432310
31448506
31525614
31562293
31654607
31766278
31773402
32133313
32182070
32244163
32376022
32390084
32406594
32444603
32454918
32556320
32572284
32638739
32713577
32976222
33012343
33015800
33052341
33078741
33106804
33152906
33211102
33292729
33298365
33455400
33471300
33565098
33567901
33726771
34021836
34110308
34176815
34202335
34243702
34460855
34595388
34623214
34705505
34738565
34804432
34834788
34884676
34931179
35008493
35008708
35024888
35031861
35132026
35134764
35155714
35191439
35192754
35241545
35279376
35284119
35289124
35300210
35309271
35322329
35356466
35429658
35497249
35580368
35586471
35869623
35906528
35959134
36092519
36132341
36149962
36161663
36223368
36292045
36313076
36370538
36410518
36413583
36538189
36573470
36663285
36722553
36808298
36845327
36879805
36887514
36991232
37043833
37045120
37048395
37054012
37061663
37071754
37094341
37096030
37098117
37183393
37191067
37282818
37296920
37298886
37313925
37321660
37355927
37426813
37439260
37474465
37590878
37592484
37609810
37619643
37623667
37638400
37850681
37855813
37859556
37871689
37921378
37937293
37987137
38012361
38022316
38034973
38067335
38086794
38087037
38088613
38095687
38099266
38182077
38215952
38236127
38254966
38410704
38414354
38500234
38502299
38504120
38531018
38535689
38564916
38579246
38594007
38651345
38718909
38873307
38894847
39243483
39410289
39444739
39480855
39498303
39666126
39688519
39718862
39747150
39822000
39895988
39914632
39969276
40168236
40287750
40328496
40344160
40397977
40465984
40502596
40627321
40648907
40730287
40735688
40749111
40765587
40818502
40892785
40903138
40940986
40982320
41041317
41079811
41128286
41250206
41286185
41300795
41305994
41359295
41398626
41420682
41429684
41441868
41477852
41547182
41548128
41583566
41591751
41641375
41645642
41648804
41689901
41711478
41735871
41752041
41801985
41852820
41856164
41871077
41879250
41886838
41899444
41905998
41933904
41987201
42056861
42116343
42197500
42213000
42257680
42279793
42297858
42329757
42393610
42584673
42586385
42592435
42698273
42726156
42734274
42744699
42986642
42993963
43031712
43104337
43114441
43184223
43209587
43334118
43358556
43477110
43519671
43535500
43601805
43686943
43712100
43740077
43773571
43821616
43869336
43882475
43916019
43933524
43956145
44007420
44011125
44022426
44026378
44070277
44081214
44129259
44145362
44165505
44203347
44225465
44229132
44233189
44235508
44412070
44442114
44519246
44522715
44599867
44716053
44729966
44851036
44876664
44978239
45002913
45023377
45150640
45184976
45303065
45318521
45419334
45437577
45521473
45531017
45542671
45671028
45760437
45818068
45830718
46012061
46025386
46067854
46132779
46208977
46213120
46219823
46279408
46314871
46315435
46393156
46483641
46487027
46500147
46500161
46500193
46500222
46500264
46500289
46500319
46500335
46528253
46528285
46528297
46528308
46528325
46528342
46528363
46528371
46528393
46528415
46528826
46528860
46529348
46529377
46529418
46529570
46529783
46537646
46546063
46576248
46659603
46969039
47167119
47176019
47177102
47206111
47427344
47484822
47520005
47559898
47628530
47663542
47749874
