26105
1395052
48026814
975165
46743233
48020007
41629366
47972301
24980431
834843
47971245
37078428
46576248
40574364
39466686
37124606
47799520
47389416
15988263
47880055
45800673
47874728
29813854
47818218
44412070
149574
47767266
47717659
1701337
37634426
47627083
47605745
46505586
32676884
47540850
47458057
47508580
44070277
44953642
37183393
14505171
46179917
40442860
44027628
2560106
47351895
38200355
47434003
47349661
30136276
33788293
34884676
2675052
35657092
568975
34339849
47273300
47273088
156376
37590878
45525248
46445891
47144878
47177570
15613541
29931219
33667720
44441789
44441475
44280475
44220684
16652077
44221262
2831258
34656089
16692985
30283038
34664661
40903138
41286185
37835801
34935669
3190499
46907541
36669841
38504120
33076938
34836653
3043392
46564196
46752163
45818068
33597645
46738063
35867886
44165505
39886727
34853053
833768
30813280
14522191
6109961
33012343
39880797
16050617
46519065
15724439
39688519
42236733
38579094
46501547
15707737
43376737
33182533
35704433
46448018
38273490
45521473
46315435
42157258
35703455
46219823
45830718
42734274
37177606
46006290
46213120
1085145
42297858
952584
46314871
588088
37321660
38001692
39243483
44459233
41507229
34714895
45531017
41193047
44851715
39623249
44909512
46191075
46174820
43413766
46221991
46036754
46186765
1683427
46067854
9134
46099288
35738886
1720935
46073472
33741778
45939372
1021190
40818502
480783
3038514
2568744
34008232
33548178
4132931
34039531
40304817
3081569
296092
3505851
34651665
1564659
37036907
4098391
44572569
41172101
2864498
35241545
502799
29279818
14162501
45770929
40877485
45747366
45739812
45622192
41569682
26361
954639
533140
1100421
45573792
29015623
44758691
77224
41856164
39608793
3095324
39155143
36887514
30696473
32209267
16072171
20505799
38071820
267633
34387564
45316213
33876325
36165552
44492436
40262073
11207981
43021651
37514152
29317550
44007420
41234612
42584673
309048
202810
36496295
45210371
45254536
15754853
43734740
3915191
43016837
36726098
34741193
44937585
45109843
45109725
42200942
33278514
40735688
45158155
45127947
45107432
45107850
1873720
35300210
43184223
34595388
15640419
38239400
29004482
1133691
36966048
44182551
34844519
44225465
1892260
5606661
15231521
14634791
193832
27399589
289548
43686943
34059576
35192754
41156259
36885256
11967091
34176815
44814809
34271915
440114
44129259
336159
37937293
44789299
44283738
39592726
29638879
771064
37180555
42913775
44798093
20329657
35787021
44782404
33061919
33461345
15587234
32288681
42279793
16700029
33650487
1473720
36132341
44235508
31172637
15420311
1146169
24655228
36161663
8892541
41170699
1603363
12711881
39747150
36845414
44233189
44502841
2798142
31826231
5488181
34297224
16099995
42056861
11229861
39517521
44440138
33565098
10533921
44081214
20390872
33052341
44445012
44442114
44443425
44441172
34093276
38012361
12128141
253770
31736313
1368322
351192
38095687
31880815
2995484
808197
44332583
41011363
37609810
42162600
9006571
32390084
42527675
41961537
44206841
33509687
33455400
36145887
43973375
1910430
44171961
43612058
37693563
36863105
38067335
44114714
43993170
1496146
44085570
32781955
44020514
43535978
36391331
43821616
32444603
715091
41514691
2141954
27898356
37718132
31525614
36177229
37623667
41963216
5815311
32352848
32320126
38870132
43803536
32133313
38564916
37935106
27583600
37191019
39853044
43698619
34094382
31766278
33741882
41505538
35756611
41533789
35039943
42468526
3141431
43610974
41730539
43500576
31561258
1763323
43463012
1589279
27324685
34288861
16700869
31314215
32351834
2482814
37642160
42993963
38099266
42184121
42235052
42986642
41591751
38531018
20201428
34725190
40374533
37933037
43195241
434713
34947124
43145135
16174613
43138566
42584554
42545381
42544380
38182077
30518547
41992373
41992318
41992267
41992105
43088536
699146
1479629
16553065
2268970
73744
3064594
37978482
39666126
34957130
37863626
15602093
41587978
34981605
40982320
36271156
39480855
2720886
31394077
39895988
42993327
3153572
42925833
42855817
3157764
32182070
34313704
41363461
37313925
42860779
35597765
42726156
42822494
38087037
39406531
34202335
3055894
37881385
37877331
35628604
37672932
37525628
42592435
32624381
42213000
757599
42569603
15652776
1084717
38873307
1301561
37855813
36582847
2738540
33618340
41570707
40397977
40577916
34048264
1975098
2630504
706517
39588639
36180558
487203
41003588
8804791
34281340
729693
6796441
15706969
27461689
42257680
39683755
37096030
37871689
34804432
1521589
15569913
37045120
757429
13954861
579403
36863247
42181381
41851900
28137
505735
42159302
30597845
30664787
42145099
42104489
34021836
102431
77617
37061663
35586471
27139744
36573470
7708711
39249006
3899521
30745723
36879805
31785086
41872833
8956761
1250567
40814534
1614093
41905998
590289
19065
41429378
41429193
30398408
41324465
41290321
31916219
41280317
37619643
41477852
515466
37217446
14194161
39825738
33476794
37389267
41804421
41888765
41879250
15677085
35193848
1592207
36371255
37887801
32406594
33015800
38494340
41775802
35759892
27733300
37322881
39255036
40629437
41398214
24920900
38975205
41763343
1338095
16124061
41689901
1826429
40287750
41739373
30175088
2790264
34875080
37114538
33609544
39498303
41645642
41582800
39969276
36400299
41399161
649469
31773402
31974640
40738444
41398626
39007267
40972689
40972755
2989342
37011633
507921
36722553
41430233
41461680
11277471
1749413
41445447
40972221
40970201
38606502
41435752
41314818
40405551
41426007
41250206
2944724
41411126
36168038
40274732
40274534
40272866
41291457
34034378
9608951
114164
36753181
39702198
39702650
39655339
32384815
39703825
41360562
569
41349954
27057838
39978571
32120980
39977913
39931678
41329665
130444
36274489
35497249
37111298
35857033
402275
29532676
41099350
2689610
2892794
20314600
36149090
417804
7910761
39926997
478879
41203402
40517135
41189286
41172440
40865490
56884
41157351
41153799
15671315
1112852
35542250
24577572
36449254
32949699
41093354
32217369
40613368
14912141
41062588
32764561
41047532
41031394
30714370
40719291
27917882
33228745
41030531
30905457
41006765
24328586
39829462
40005999
39720882
9942
40992969
40870085
30930100
36824816
40593603
916233
39701734
40719322
39701665
36607708
337687
40287194
37134045
5517731
40921365
15811933
40902727
6149781
34782708
16035161
37565953
40328496
40714247
16027022
954628
30956165
1780219
35322329
36809558
35824107
40774354
40771290
32491420
27005977
35640554
37579608
39702245
35361695
40724820
32543517
40462184
20345905
16025345
31879493
35793405
33654851
29596511
31001411
34394669
32235194
34268940
40678789
722660
552575
31887204
1058421
40280338
1371099
36776160
33878360
40596747
2574908
27502099
18128
33832446
36093463
2763518
37994324
39274982
102083
37585696
32520892
33481426
6826111
2797226
30042315
40245234
495486
37296920
1376904
40398270
2968688
2117428
35198202
40437157
2580918
39827986
1373118
38630457
40370993
1148266
40428152
40427020
2995690
34712675
37049968
31677098
490693
40347005
30243452
88966
24510306
36397
3168506
38622085
38866331
35732027
37103992
52764
27433246
145958
40333241
16198106
33796498
434321
31421106
3155332
35787348
8960031
729246
356080
16299535
3009006
1942238
2392886
4416791
464821
142996
2050286
39927686
2896550
35018478
40192952
40190689
40190658
16466512
29580048
40184958
1242418
16018763
37689966
36976255
38020149
472852
40116294
31760940
15726649
191777
6476481
37947145
1602445
1597557
33421504
38324124
38322377
30004405
30920567
31559451
35300985
33432979
40087793
39846735
40045020
40085293
40083143
3569811
29888565
372563
30718845
37987137
40051729
39890437
29091894
2827480
40042662
1434753
242676
40035731
30478591
36108322
224460
10728201
7303881
27565969
36044886
2372808
29942277
37451846
15459021
997154
27645211
1259826
34089808
35244434
37594761
27817105
16157959
227988
30369218
1600243
861785
36039277
1177764
36166399
657736
31131669
7341631
16163023
10601321
36468700
1394993
6769701
5123551
39919187
38910283
35001559
39909276
2725904
29311548
39894752
37629357
15462051
39787374
33580409
38312805
2268268
810606
1699234
35125821
27686377
34633210
33235967
27203671
39209504
2616396
39847854
29258213
12670131
1662332
6156841
2926168
39462986
39324081
31564229
16096781
158654
13770151
29619898
1844562
1349803
37516540
2816076
16498372
31975954
193843
37270717
27966128
366605
47329
5012501
39725864
2593716
38141236
32325098
39610258
4545951
37049902
520248
38142003
39708606
31819967
37850681
34726732
1883812
45230
39692938
4096911
34709684
35142010
38141279
37337142
4123741
39597363
39597590
39442196
1277025
38127331
38127643
11259611
38320672
38321544
39598982
11700051
29131195
996055
35537195
36314942
36199759
27502726
334628
39244887
39590162
39471098
35049693
34531470
38206730
36409309
20347216
38972521
39624203
38886722
75103
36957144
38852476
38852386
1725275
38852275
39220162
2248718
134760
534213
2945842
16511104
86171
1432982
31800904
39578280
39577479
32376022
412241
39493736
32405332
38972600
38972680
30869439
186421
39557910
38538968
1584313
15558219
168310
11839921
659677
1458748
1527523
2491948
627092
1675508
3065634
12148
11514541
1146459
489335
2706284
701360
552328
38141309
140075
16783213
15482841
33119240
32257183
323232
4609681
32234807
36474796
37752784
21345248
37023570
34560512
1047560
37781885
37836622
1289194
36275342
35810695
38852185
1770541
38055258
37224771
16590904
30253672
34099270
1394198
30473314
56798
32222684
1648406
39441605
2717050
31495702
36399164
38785029
34622045
328024
38161195
34261097
38196880
765940
73306
637726
30030852
16602835
36040285
36471914
30713927
922132
37854443
37854483
37855262
37855314
38858875
37855931
36779666
33194995
38962724
16150578
36110097
37076955
38056966
3765911
7568291
37224976
36313856
35935982
9036891
32444903
490713
31429093
15578934
15705396
15183641
33259172
549603
32147548
34903639
38990171
734394
36255414
5840751
32353250
39364147
34554569
2232520
38689323
5494541
775272
16158926
32512935
32974354
1610361
35807906
38128193
15543377
35321454
500839
35624129
2714706
39139965
1893312
7685751
36624752
29677397
1303218
30102959
8806041
31539632
795645
1250749
39293016
33292495
1397545
1898372
10888231
31239370
37793572
34584074
36408223
915846
37712564
29137284
1901316
150943
363845
36023775
311546
25172549
16066789
230737
1267378
38363426
37775244
316428
38591604
27457615
20558962
39226901
31128614
5054
35989479
39214997
2512262
2673582
39209707
39206715
31765907
39209236
337876
35131904
4992671
2002508
33263363
30387579
805517
39195051
33016336
33604174
36623461
31471217
39188220
35060820
35240225
38459305
29582735
36579027
31294184
39182066
3561131
39178611
39177401
15548064
362835
37730952
27878605
37898471
39166070
39164742
2800192
143639
5966451
10113621
20501818
31993494
2698542
38975800
31817700
33774590
37936092
106149
1064694
39151272
37762308
34942244
39144301
39111402
253274
39140479
30939722
147884
32347833
38128997
37570964
31654607
6490561
2163416
768294
20539633
1962364
34297033
33874947
32798
38233811
39121317
29644381
16070873
9289841
33613002
16206238
37886872
31831770
590798
6157681
30260065
34385671
34202620
35566901
14019521
15811046
34660881
21684426
34205120
8354811
16600822
39100158
30681090
503317
2781454
23082636
32018906
117520
1487330
16546528
37873266
37773542
37886717
11714771
31853128
329596
27470602
2895590
15669026
1967952
8684101
137713
1117475
39070466
2591804
31050638
35780906
38962779
16086007
29583165
1251399
16027468
5110291
15145281
39054627
35801983
960570
36043241
817336
2688664
39041561
34093729
174094
29018221
20193445
35046363
36751907
32301681
343789
561672
2028388
7011261
38045849
30314130
89490
383415
1784249
720861
324208
16131444
37801493
36890221
34622597
1723820
635944
35082686
33656768
34991471
7011431
1632672
37021876
802735
158963
38296915
3109944
7613211
30006423
16165777
38987674
1875638
34226381
32267702
324178
267599
11501101
1210236
32054549
33339543
1168460
37452015
1281687
2928098
12584181
2760574
125687
27448792
1932870
37772512
31955030
38838215
37712691
16158500
16165505
3147999
16065627
37637844
15907190
32597240
16068579
38277422
14673821
30816628
15161581
38021449
27669598
2298326
37270948
29053672
257931
30547038
16144293
1440595
36699798
1817377
38301951
38933960
904567
20169121
3867101
38885985
339044
37514138
3170300
16292833
29079936
318887
1162173
4495781
3174008
30144133
38733844
29170535
3235303
6621691
37526500
207260
9277461
3105319
15992724
136657
36042110
37562083
38144994
38034231
38862178
37395190
1488559
16381924
828956
13928181
31036852
33232042
1202211
37830285
5361961
1375404
31923832
1339939
34978805
16805836
901862
38881519
10583241
892535
15738802
3509431
37971093
27158524
32890697
36541325
34867986
32953133
32174075
33565521
700913
14002851
1112708
29053008
2040858
401881
2090310
38346605
30636151
29818857
31154878
34868094
33471284
38151428
38861356
38410490
37942784
1475448
15497521
1627919
3061830
33857331
3168969
31820084
585155
37085177
725532
35767259
6856511
29252948
15824591
538094
1598928
37967427
37963733
37963586
1581076
9701
36256782
16104208
30501881
33251267
37453050
30194730
38841341
27438169
29298835
29003392
16178516
325049
37049881
32197463
1572248
1080527
1690914
614988
27587389
4156991
2943424
35065707
37007765
2704054
487840
678998
964637
1696371
180294
27957405
764211
12038821
1790613
33887124
33121561
100250
6086891
16434682
37416220
2804870
32221486
3167625
864262
35970620
3212819
33538253
2757634
3690841
2826002
15775047
37566402
29673051
38204030
37616095
3018337
36142555
375193
38236337
31947763
36283240
29049150
747675
35985809
150479
2429328
11390321
1578159
7679931
35870051
38167995
38500646
38364239
2965078
29057411
29264552
36785539
1550612
1703162
679039
15444931
847595
38239180
38540340
37480297
38561756
38671921
1501410
36838004
617400
36403595
38671488
30476681
31478552
30567215
16157483
27756178
16230874
36801183
3431801
36092838
15783943
16425502
4531221
27232852
37636558
32030915
13840881
8993891
755693
36467709
12151561
76611
38265898
33116657
21317685
1950762
22979509
33372140
30850436
1114560
30534309
34960316
29816700
15675139
414188
1748193
29957110
35531936
35958680
48471
1859602
32820903
16091343
34573480
16753939
34933950
36642308
382119
7736001
36570022
34855714
29533295
1231917
2778198
29783402
997522
38732564
37692568
14420411
29059465
3044216
30855153
2590960
31645012
918679
38310282
20331820
37112442
23998
2639552
38677786
16694692
30580853
1157132
2717470
38292509
935985
35470973
3182429
34561206
32658636
16601521
30621117
15972864
4651201
34000244
29097157
15997048
31868776
259587
30919314
36295327
31443615
29066400
2082960
9948181
31136234
29276716
30459850
37558683
16062164
32833896
37027133
35489382
34416982
36834514
975631
2296424
203473
32022578
5593911
1228511
556622
35912829
31564535
38566645
32013038
37320079
37852589
37789993
2022364
11390761
30452741
2393070
37055960
31145374
36083111
11373711
293374
16004390
333423
328626
2311224
1293224
37432611
38181953
29589003
947142
1541623
2785044
1923794
2173224
4494581
1414265
32829796
302628
15769915
227859
27914357
2165670
16179026
502093
15760601
38160720
2121622
34631167
38083324
27290266
37701458
1449130
37050730
35326018
1371503
38216836
32585911
30653674
38590644
32623323
573227
38127167
29520899
30514259
38287978
30291452
7170221
37506362
6029801
29122948
30105822
35612794
31699369
38104144
36818413
38518732
2275292
32253191
34397062
38669006
32094030
780674
36203672
33865243
7603691
14981211
34981038
37979631
27181375
38067448
38547419
1061540
29173895
2609050
32147339
32513496
297101
38565443
37619885
10893681
27816358
12342411
145945
1043300
37561186
1719692
5908921
34286744
35664865
34840440
1709978
36479606
2434286
29198029
33245845
27154162
38246129
29794300
34333557
19255159
33596280
37817088
35279720
38293252
36620751
36545200
37838303
34110308
36118906
31833200
2245438
16049071
27945074
38659844
368234
16791529
34551922
38631436
16013458
38130465
37118395
35655253
1030937
1033468
370911
553357
37727399
33282948
29223785
35705718
22620945
16716982
36287210
986804
36660866
38159046
35121188
31838224
1223034
36927970
35459183
32023717
30736330
600753
3033131
29144682
34093896
37771988
32121418
14997731
35900979
37117433
30041408
1583948
32865280
6065611
38178619
30215884
32349131
35157834
2104524
30479474
32426694
36898592
38082098
38306583
33066466
27774424
2695734
2057194
34516476
30408425
35259475
29526991
34288849
32974461
27507784
38155
35053611
1450341
396068
36006149
2137374
7876371
30699685
31718060
1323715
1009692
24328290
235277
38640178
75471
16551967
1072650
33827049
30432721
36702880
5323281
12282581
29117363
1406766
32626769
2246488
38631141
34520895
27268957
38177683
34520336
459180
323374
1677531
1485108
36705075
32278143
36194683
35755127
15840919
11116361
995184
38155294
30221364
38225030
2249352
3403681
38046326
11508841
36451530
37203463
22700504
35474367
440153
27156520
37433288
15750046
37831475
150792
29632553
378214
29545437
29233324
38424113
31698941
3049907
442618
31568925
38322629
36632222
1500327
33475346
30444363
1276631
33465986
33221994
38287929
35128113
34932181
34130437
268637
38349419
29175206
38010354
34904612
37628854
12222701
31614888
38252256
31085593
29501421
34164316
33008968
35567865
30118060
1237320
2188316
33551183
2408716
2663722
38219123
32547408
38207003
31518078
38607775
1692227
10120261
1624302
38385577
38420317
29185215
35725748
31221962
16164000
38594007
33208845
36304668
31213066
914546
38506071
2057230
31552201
27431638
32780609
30176218
30317077
34903603
8355201
14013101
37499534
38132052
466974
27562855
8334821
34094748
38105919
35649204
37096843
29031788
35297357
1469049
29215143
2965588
33559604
2229452
20172814
4109771
38508546
2456150
16755601
6278501
38594102
397181
318589
2927112
2947282
2003786
37580198
31297915
33222995
333829
35875830
2698598
11429171
32115339
9099451
20558224
36388608
2424274
32586285
34539614
37545051
535550
38421243
30548747
33043160
1061777
1215237
2175706
21484664
4787421
1117559
287534
27967462
195907
29117010
32649855
37112103
35151802
12629701
37649718
33219460
7360151
9312491
1402057
1567930
3207653
27891641
25155050
36148068
31120081
9451291
1869134
37957065
35007052
44458
341440
35378818
460152
32430630
7038021
33707301
27349654
29889111
37618230
6763021
3061918
30308859
192890
2043944
31364
38570373
30992809
30884525
9919741
38572516
38250001
1689268
33320711
16205739
11752141
37541293
37850484
15752031
30471596
35917006
30085243
37104431
36770941
33239512
2404624
898541
31796644
30984703
16544506
31649951
11358691
1580705
38501671
30321588
1935268
27483856
36452411
33333932
35658308
32389844
29887024
29218499
2632766
1299557
37303601
29925569
385476
305653
16295650
262979
15652765
1634403
16681006
29003333
32161096
37041530
38305440
10487
32758931
20410096
35841616
14185931
30010782
11265541
34950087
37243766
15862074
30340909
2008142
32086811
37859556
36078619
16353031
38546417
31551532
348582
16033322
35401009
2020124
3143510
9195691
1066611
15832185
38244450
33625111
31875275
9500511
1699660
1234922
16048343
1292300
31660006
8829451
29194948
1254889
38049780
29218999
15963179
36182821
7778531
319009
27123661
3924361
15525451
27621592
1525891
1130538
32224897
15099071
31990598
33675435
817141
35128270
34927938
32854446
31469754
2747986
33738435
16563685
8014631
30593793
36298228
701066
15829596
6447741
35516148
37560173
34416599
34829307
2316842
35312547
34157603
16288024
338875
33953237
16284679
15080881
16205806
31724207
865574
15654495
27055720
29831504
34989097
12410691
33731680
34968380
1412757
31115458
35148653
20484526
16285309
20470759
32406271
36111255
30733303
16809148
10668171
10739721
27884465
27569611
31978024
30306142
1582132
15669209
14991941
30283743
864853
16228329
123022
2792654
29832069
31645918
27609346
29535493
36253880
1618439
31584556
24586616
27679414
908695
2281866
15407291
23080255
2951684
16052502
1381739
104251
31315712
35581430
32513129
1961384
34252666
31995113
37824362
32856134
37174539
1388397
313218
30150332
16012710
540439
29125610
23706801
31485258
29553834
2434834
5830531
511876
1111936
267648
2590652
38209809
30101682
819604
36276701
1510276
33087980
29189352
3146038
34237902
38141639
11351361
16107791
37298467
896354
15640848
1367208
37792921
32552947
38173000
3203404
29519541
35614066
36291717
35733059
2170304
35344054
1200324
16015908
18218587
2317946
251217
3047032
20114968
9915441
7075451
34064706
37573558
34340446
1245109
29177743
5965091
16798735
3165825
27806
36531425
135613
513193
2968076
2960912
37767512
456957
1966870
10787021
29897810
1298334
35973210
4873581
38313494
34232451
2252198
16073206
6586301
31858505
278193
32946820
38486718
1124668
1314013
37620996
710215
37516194
1825501
33368138
30570341
34897636
812739
4426601
297460
33859457
29019936
33551331
29637140
38384906
29157120
36244818
2493878
36477437
94091
1912452
2850222
10238631
3057703
23163521
3010000
2829110
970814
95485
1318380
2604976
2723410
33227839
806305
16468306
1883808
696776
36515770
15341481
787652
36189281
16658581
31520449
35810523
27783634
20551339
5891051
1072075
31226535
36261291
30806202
32739474
35433107
29911328
1809291
27371734
29065116
35441909
3156019
37881655
29233719
37457391
34407263
1342318
32841880
316407
2915886
33250285
15671698
4548751
34723761
2315016
30240854
470053
35291579
36880657
37333491
36780730
793208
829690
36069426
90057
78789
2647908
16110003
953910
31773883
16490560
16044785
32485852
31818335
12691261
38259161
30004095
16174394
34891402
34389018
30226784
36677698
34658317
34137546
30007773
30631459
3536441
38424129
1209529
31099118
2772598
36593100
27670735
107218
124786
1553869
33278352
10145821
31009306
32361220
30221875
34708009
30106313
3192507
23246593
1157476
1969520
37728953
30307683
30194805
2550754
37845187
460543
36825752
21078936
27060364
1912626
30903005
31370412
168233
27036139
38384868
12569421
11439
32903212
1519617
37023526
33671938
36814615
38053993
522072
2834332
1610857
4171421
32895407
30161279
2031212
35911395
34125476
35279376
30101195
36958431
31296732
34636875
36972622
31316635
31621486
37054012
27260620
5691491
31056901
29146359
1000205
57429
35141024
31705635
29018465
33147986
36911912
32669976
31088321
27291610
38298290
37843571
1630966
34668616
20510446
1575779
31222247
958606
1851914
35652721
30163175
213246
37118608
38273573
35966846
36198175
32238231
37651563
37000356
37563209
1749855
38170651
710787
35498139
37351462
35401695
37178612
33534182
36829395
31930341
27126532
29053363
32886237
34924217
35106960
38169367
36766421
31100692
1136444
987519
37017693
680321
29802461
4628221
29984789
27823021
36304422
369986
36219143
38315487
47244
34306039
36039746
29099432
31797942
36158040
1692690
23062501
4012781
255382
33305907
306722
3421821
27937681
29028401
32073992
16369510
4412651
36200075
33162704
712962
35956664
27888568
38115811
3053227
38052802
3851171
32184655
32534149
9141791
38275042
37885282
1468863
27854782
34384747
36931932
33328456
8310561
37910580
35455309
38139248
29649313
3064114
37049869
20571010
31623338
35812686
37143044
36048518
38222866
337776
4258721
2972890
37590552
32096735
29108233
29803674
16472947
335616
15713896
8173141
35260907
2846122
1065391
34352584
98548
33665043
34451070
1103520
272740
27683320
36580788
7694071
29896971
34796017
32238808
38273198
27729574
790656
188058
113973
899089
33080419
27263884
697526
1476238
32696309
33468749
813848
880919
10512181
1387033
31448101
674578
143410
38040112
31810771
38260126
1569514
33237249
30479845
35700761
3200546
32750181
2230652
15799268
1861202
36828046
36562156
33471300
842782
31326611
338669
6129851
37526980
34266608
36295363
134768
15556201
917635
2394078
7942951
11016051
35557339
34320769
1508454
15559015
39494
15745592
33719282
32842748
27662857
30035069
506498
27453715
930874
31068752
32248147
34013992
413470
3994821
34534224
290700
35085395
30995556
1170393
14833
31827756
34412743
306442
884061
23179751
1348093
15694270
34985721
32978286
27882296
384629
14192361
14178681
908865
3183705
1456136
38246013
36626226
2603098
35748555
37488592
220740
6299361
543722
36299528
7704701
36136652
19181833
37780378
7074961
30934214
10788931
37894527
36061019
2152462
1191316
27823636
29653756
33552771
713031
37124090
15989122
37817943
36960076
740601
27225058
35302185
32333011
34936371
36352887
31137586
37785110
35578369
32436261
842198
35376078
27629623
36242782
36086321
1565040
16010326
1007550
37421117
4634501
29307307
35586696
892688
20310952
35727758
37621218
715756
37930916
3014848
641304
1467337
33305632
531655
15812064
33800629
31545627
33168807
16119574
37633632
33800868
330617
8404891
8425811
1314451
34820068
32726147
31480691
34276395
31296827
2890414
1327761
277957
1091965
32757769
34818369
37958032
348802
13999431
37860533
277833
35578495
34360203
12827871
35878216
32626780
3226353
32045542
33551478
38027168
33247409
776676
20313391
33864485
15684306
1391335
37739941
1310728
737978
909273
1784155
16347181
29009582
27899895
2944646
31543500
16775599
115794
22735157
33820963
1058366
1532979
32347832
37317153
30966897
2683536
6918041
34602879
33728679
38010219
1952070
57376
37756593
315760
2785918
3012160
1153722
35983367
31567807
15996864
2339528
36690035
25255233
347700
827410
3239316
29047613
33848599
1424931
655533
2269736
35437422
1089016
37979149
32004730
806429
102354
37112117
827496
37282818
16202956
3233290
37838309
1388395
1246984
30654719
36299475
38202997
541846
32877949
35234290
3056911
35561833
13769551
37028526
37901054
3093147
29584289
31946908
35388899
36944456
34108609
32389649
29209971
9284671
33371643
27326950
15983363
22870373
35638176
29511895
1993354
29309697
32096052
33220855
38005231
923538
33150806
32572284
27889049
34934984
37650563
37855345
35260708
48746
1959860
36906618
36805279
621502
352498
2994480
2698706
342262
928584
36432575
485918
38099942
36486366
32510979
948301
29791769
33130606
395643
32725953
38073614
1105365
38144953
34098622
1539891
36068214
16054791
34196472
27965453
36315183
37257065
1461746
37862096
33311924
36327691
32130725
15985379
37885598
11854451
35000179
32079756
36017248
35118158
1541895
35817711
35910886
31866024
422530
792194
30811497
37873835
35390395
37746469
36494876
33357423
35457925
30524722
25233752
38119819
36655451
30477035
35067291
34244107
33785964
37063632
37897055
29917854
37093596
38128205
38125724
38067521
179614
38074183
10171791
37271146
357813
37786235
38169903
27216163
38005752
33292729
37971788
34224765
140644
3185736
35191597
1328352
36838596
7659891
989374
37962245
34247340
36956690
36991232
31498417
36142896
539507
36302671
1170875
29216657
37971407
29524682
15809890
37573495
36102482
30658117
2873444
11296961
36203514
37883330
710911
2707502
33076419
1538203
3059199
3039342
32601017
37529790
20326693
1092530
35943701
33537227
33500130
2383356
38065367
33559419
2722208
37061732
27116308
29663232
2332404
1781743
37171931
37833786
37921149
283592
16419787
95502
31627450
34502735
2629424
27958573
34554855
86720
3109509
38167220
78139
9054731
31112088
37077649
38160471
27590932
30000191
38030041
317413
38141504
31789456
38150141
36693032
83777
37578811
37868201
36648487
37638128
1582216
11220
37973509
1004720
37841360
37802587
34676086
2831816
37874013
1480870
29318698
33877176
42931
34581100
2366540
83651
38130449
29180438
37905871
610984
64135
38127708
816270
37765581
538043
24250561
199193
872936
33450215
191693
85599
3222731
27871006
33168078
139673
1254215
2812838
15560418
38115944
33342123
38115763
37836119
33767949
2302052
35245714
249132
37208437
16063351
6359991
38030967
310796
38030201
1546064
33881532
1534367
34333077
325126
34281074
38029968
276141
672965
20313526
31695290
38101418
464978
34262341
3098715
4134991
31313419
427248
31686376
50293
537838
63856
2171934
32409467
38034973
63378
37351851
38084081
37729135
1427500
35041363
549311
37516298
16867318
34854916
37271767
88824
43925
36812193
767105
16356817
169492
37540389
36719575
2293168
35755669
37516314
36265608
2849120
27821617
1668407
568884
36178740
1451298
38061995
729449
38069828
37497003
36625764
35062420
624175
95180
29241961
1314686
14688721
341756
37665863
35206536
98202
31277460
35313339
132013
37516255
38025974
37587358
3918431
38059708
858025
1584424
89883
37504246
16057537
52313
136170
38033330
208430
6317141
66849
37794049
38048212
153989
591264
35986100
38042137
37421389
1142275
29394249
36052295
29300
27514351
2389568
2748820
20150803
33245263
93640
33528243
8438
5807
3198091
36884355
132056
9560641
126356
30895060
429995
16286749
20321956
744687
782533
34084624
309205
4986401
32311466
239129
30388577
25342
33152906
34532010
83365
2722462
530280
33441579
615445
794097
34394993
3064390
38018690
1169333
37772164
16863
2246538
37864378
36922403
1502349
475697
17962
83440
38017095
145546
32897167
111979
7687271
370225
6583571
9097291
2679824
32301946
37516984
56181
36566912
254313
37008112
727236
30219239
36014370
37602193
37869500
115770
353810
24451259
2689326
2531218
32176103
29573752
718047
121722
16155183
31235642
38003559
15797480
2330372
1467802
37883603
37708164
2397956
3794141
709123
29918830
1959252
3261041
486948
36576341
2333808
27925053
18698
37613983
37631066
1026597
377670
64016
33141654
35580368
4052111
500126
37991224
4006611
29523622
1368496
37190648
352990
23455
37992647
17341
37710454
36637954
35861222
35310219
754199
31667243
37956374
37724804
15738598
20322700
37989779
132527
31738109
37725479
40530
15688239
752160
95476
37113745
498657
85536
16039596
252225
37577436
3288959
37560564
27863125
32868485
32238444
36583105
35174696
731466
124891
35143941
37920798
27873
265732
36022072
48946
494835
36445958
306622
826882
36635716
30032607
33791742
78422
12546361
188680
58238
37701161
8182321
37842680
443638
35994676
347839
663774
53111
1143187
15414
1716546
338776
2658158
735240
37902172
30854756
37061141
17321
34016023
35735993
37976909
134473
37976526
313096
31875823
37943392
37975471
30997028
30079548
50422
37823402
55478
1464805
20405299
32867874
508958
1322549
1502356
2407802
62523
237544
34043138
102326
613087
1025367
35396423
30548901
16060412
2496930
889383
37970376
5060171
36052231
15778514
63148
36323018
39360
37879663
37775950
37487130
37850759
2371444
37630944
37663682
37850855
37589374
37483035
37443632
37853343
37339454
37235728
318559
37866520
37881179
37424685
37421266
3118740
34940039
36859
139253
37363184
33680802
37353968
167705
37891191
16384345
490152
564812
37242148
417658
35045865
1704800
15797561
31550854
757123
44218
323249
5133701
36272651
1305319
5986721
42033
3120859
32546673
191158
31609102
129858
36385419
1295110
477643
34845556
773529
159073
34646422
1336114
32751493
8020801
1258291
37576455
37212632
9663681
36435891
32188171
1549534
37694250
34122440
37856222
36824790
35128978
1088210
763417
37953251
37963652
16123375
321477
27138025
30710232
37962948
129199
403535
141491
37962701
34407899
23139
113003
37703713
113238
30172278
35284762
13825831
333869
20662
62697
30533152
37371736
376938
584192
83166
303699
277351
33953207
27255592
483115
76044
37606952
35838324
548999
45026
37912021
695919
34232185
37209949
97997
18442
1593617
32357332
16124324
35100163
147854
31448506
35748379
1720131
102527
34844
37878784
715925
1497959
464083
36564900
787957
79724
36779909
140953
132137
121936
3173826
37234673
37604538
89866
14466541
32692179
31019806
29832644
628860
37418291
514018
29323526
36854858
104607
37111203
11601241
37501878
31090390
513504
147035
37956990
144453
2120536
37103953
5733021
34469278
38499
446146
50802
16256350
37788544
37490479
113897
63946
32816893
33888748
219392
68262
35367279
301491
113811
37872354
36467268
36974938
825267
15901
37027255
20244205
36826325
950759
887116
539692
36992322
310368
37953294
21672
31086356
37151337
36558642
35623352
19412
2468932
512035
98184
860924
34963300
37886871
141609
1727824
237608
416974
37673632
31677262
3133624
37183068
35998437
29233692
2274000
279922
37546190
2879148
20181019
612474
27446155
849971
37953347
37898889
24807638
34419574
16089037
6521491
1575777
273217
1047432
76934
35434157
16629034
20565712
1550028
2518968
731740
41240
32495956
2183848
32543229
37567544
27947179
37349915
314293
3198933
37157599
37251405
590634
34649292
37950741
232353
31491001
32021803
333493
42430
31209204
27851275
342128
30949407
2666930
37931889
3024310
9527361
78433
530143
24252121
58007
37516167
34323652
283487
37948974
789336
456881
37051437
35790394
171342
1561981
31951846
816865
36719945
599906
30620838
866596
9347051
27360502
37541334
2326146
4085871
254523
152025
1899540
35567786
31350064
36521007
29089700
331561
29165180
36336532
1467268
1481369
37532870
273422
35552002
37807862
32016906
32999632
760817
24132873
37935158
611709
3039134
37943596
32419639
178291
421889
33825222
14190
20223091
37305497
2859156
15795455
2845120
37522074
15936338
29786748
3353571
34874562
24223227
29965767
36905639
15785160
15681438
2550436
37094468
443387
333859
719993
749226
37857312
507929
477713
285078
348705
143381
132010
36511326
617132
32255189
13446
11300311
16002893
31668760
757801
31534178
587963
488833
151911
1175641
347483
35539734
37285533
180604
34385049
711157
984786
33352377
370285
37910913
239375
854283
683601
356914
572944
400923
4100541
37688253
20449939
153215
354956
155881
109672
4688211
37634041
1413120
108944
112155
65177
37782219
29263308
36213874
36588576
37942349
60596
2534908
37499649
32488535
37792706
36938686
3565161
37941519
31856196
3057643
35894506
32183678
39663
32043628
1115831
75898
37939662
37430647
184740
37496489
35508808
10309931
286780
37435539
2840548
36749107
37128772
37516117
1466341
37811920
2020768
37603730
37077123
36124522
37043491
29090616
37779519
7406441
20724031
31870589
36470049
2509454
358463
29505731
35904495
37593384
35853735
1001945
210233
36885446
14962591
37860091
33777521
34322578
34198542
829612
35547039
3126274
31890037
595215
31744
36181902
2811256
36049958
27338806
10706731
37850322
37904476
16301122
36693868
31060563
76099
182881
833575
34370331
37928050
1068500
37792904
36893526
36814156
30966632
37868152
37667091
37862141
9957921
1625030
37081430
37709754
36429170
32805579
33868748
10887981
568573
30625923
1691016
16092723
37502654
25255773
3122373
24586455
30878203
36619006
2431212
32487617
352285
33367656
22800
35970820
31785692
36925375
33490236
37420743
30593334
6486991
33738095
37590809
36344279
35652243
29185926
37512180
35757287
3021614
2011504
37541523
27944033
36016344
34430318
35677096
21372
37462868
35502663
37579431
33014500
35472687
16582933
31451167
8127411
29541962
33093114
35573388
30883618
33519015
31536405
37873561
36742325
34844369
34481284
36985158
36920810
32400370
35579537
15684676
4331421
37853109
31913241
32294965
31196486
150507
37931046
35752657
103834
7174671
11670
31656728
24026928
29616322
37150861
37903642
37514126
37282061
32561635
31070973
1094
859258
1840568
37262792
33909240
36098654
37694265
36886397
253940
15758936
34708704
29810412
36598186
8519
31538252
10520
37514092
37483505
36865090
10094
37908584
6906571
140734
37719703
34905277
30495123
2438804
37804293
37779628
31854307
36656233
35875426
33449
119376
48114
37891199
882367
6947111
596167
37805654
36026727
1250848
615562
42819
35927927
30058710
37514173
33908192
44912
33493428
549368
37880563
37756277
37243017
32421158
29051972
15816217
1783585
34536389
6342431
37235630
37222900
1899896
37346379
36243841
30167634
37871054
35019422
37148431
35997913
842380
29071738
1492667
34426987
101070
37487649
33199695
37688251
27122866
32246575
32302017
34535980
35935601
33273789
29187149
16002521
15594926
37245504
37444157
36864743
1167248
37433330
7679861
37069775
37026430
31297544
36832113
420401
37328700
36213196
37628550
33945504
27128602
36559269
32603445
37848908
1478550
1000712
31103449
34087062
390411
36616771
1227708
6982121
31548792
35967812
35912003
37789638
35841731
37790048
1274200
16036066
36292045
4023151
1688338
33596879
1787759
35884107
1055997
34218848
328399
20328433
37832790
36556814
239964
27564673
1070510
37611298
37804630
28094275
1730685
1163954
2570524
1025280
33108783
37783796
309398
16189613
29908946
34768668
30008080
27138115
15566628
1308444
37589821
2288902
16222551
2620560
37628066
31932660
16008273
20160124
31917234
8944551
35112732
31984004
29649900
20245216
16372579
35757014
12278231
30453811
338800
11798
37593386
14094211
36593969
1193922
32522806
34418902
37624508
29508053
467699
32185231
522830
27581353
19456
13797691
27799810
15623990
36305051
37177773
37112272
15631017
30416368
35356466
33046106
36666664
85307
4371741
16800910
2313644
34521755
32192510
35956760
34078104
37301013
772230
29596609
2236518
461128
8734731
34247152
15738986
11809591
29956289
7115281
460766
30242089
33490641
260869
243019
487413
27818857
228748
1515834
37725674
33105848
36696017
36654419
31799512
36777790
37222860
1344046
37626244
37686917
37720329
37566353
16022909
36536500
36719533
33750638
33113932
1794175
31913336
31649667
31644084
33197611
1477035
30598606
2418850
29787255
37322158
15844560
1895100
37729951
36538189
559671
33811255
35762757
35556675
12197821
5502861
31657505
659560
1610948
30835196
37178043
37631762
15102371
559985
34020987
37299366
37715574
16232743
35086026
32775926
170632
36263795
225989
9182171
33849889
2198512
32699320
6425061
2089630
36050
4182271
33142648
8458681
34487881
558281
16157877
29271966
1877530
945807
32276072
15596225
34877514
16649122
885936
32046062
27880359
37351371
102652
233204
307850
27010579
338803
1579038
31422966
33187551
36116131
1482263
30672019
36573271
37690739
36454365
1201572
12711541
