4
10
11
12
13
14
15
16
17
18
19
20
21
22
23
24
25
26
27
28
29
30
31
32
33
34
35
36
37
238
260
595
688
1094
1111
1208
1564
2646
2686
4855
5216
5793
5807
5844
7935
8242
8412
8438
8519
8587
8877
9279
10004
10074
10094
10377
10483
10487
10520
11220
11301
11670
11798
11999
12097
12146
12148
12574
13255
13446
13540
13779
14190
14509
14833
15414
15450
16006
16892
17341
17890
17962
18128
18487
18635
19412
19456
19677
20662
21372
21672
22728
23455
25007
26105
27873
28137
29300
30187
31744
31799
33133
34844
34863
36050
36859
37514
38120
38155
38499
39360
39663
39743
39765
41240
42033
42102
42430
42819
43176
43925
44218
44603
44912
46959
47244
47329
48114
48909
48946
49101
50293
50495
50608
50802
51607
51905
52313
54202
54442
55295
55478
56267
56965
58007
58238
59790
59940
60596
62966
63148
63378
63399
63647
63856
63946
63959
64043
64135
64689
64864
65062
65643
66849
67462
67707
68262
68316
68806
71334
72082
72849
73744
75103
75898
76044
76145
76161
76692
76773
76934
78139
78422
78433
79288
79361
80717
83166
83440
83777
84265
85307
85599
86720
88206
88588
88824
89866
89883
90839
93171
93248
93640
93981
95485
95502
96012
96743
97149
97997
98184
99117
100250
100599
100613
101070
101634
101891
102354
102652
104251
105164
105508
105864
108659
108944
110197
111060
112135
112629
113863
114164
115791
115794
115914
117520
119376
120594
120920
120936
121030
121285
121722
121924
122012
122059
123022
124891
125618
126100
126356
128215
128693
129131
129199
129329
129858
131501
131665
132137
133969
134423
136170
136657
136971
139673
139713
140075
140644
140734
141288
141659
141708
141747
142455
143410
143563
143639
144676
144735
147035
147294
149070
150507
150765
150943
152025
152280
153215
153329
153989
154222
154333
154448
154501
155035
155881
156376
157250
157357
158963
159240
161326
161554
163171
166144
166915
167705
168480
169492
170354
172471
172800
173554
175863
176638
177020
177294
180885
181052
181245
182439
182460
183485
183690
183710
184561
185739
187552
192714
193843
194365
196989
198203
198732
200773
204536
205118
206461
207898
210025
212416
214044
215587
217096
219504
221138
224460
227988
228748
231450
232586
235720
236838
242676
242874
243072
243344
245197
246282
247355
251217
251442
252013
253226
253305
253940
257286
257297
257466
262767
264199
265732
267326
273217
274805
275127
278840
282534
283565
283838
285078
288258
289548
290080
290563
296092
298227
298776
299162
301225
303699
304985
306622
307840
310183
310577
311268
311546
312351
313141
313218
313488
314202
314622
315089
315219
318023
319009
321102
325973
326479
328000
328846
331210
332417
333058
333493
333541
335223
335556
336129
336634
337687
338738
339370
339390
339627
341734
341756
344857
347700
348681
349145
349648
350737
354956
355698
356080
356189
357780
360832
361339
361367
362780
364507
364707
365418
367250
368046
369986
370285
370781
373381
374221
377670
377951
380154
380864
382256
382410
383404
386241
390411
395643
401426
401716
401743
406610
406857
408993
412679
413199
415253
415366
415638
418018
418756
421901
422836
423574
424930
427127
427958
428754
429867
437628
440114
449062
455793
458204
458271
458982
460766
463601
466398
466974
471141
479143
480783
481713
482095
484280
485069
489283
491222
491815
494835
496710
498657
500030
501266
501277
502497
502948
503215
503709
503986
505185
507929
508398
508781
510511
511876
511903
512875
513247
515865
520796
522830
529445
530469
534543
538842
539692
540925
541246
549119
549311
549368
551521
555877
559985
565560
568426
573227
583640
585327
585573
585769
596167
597295
599906
600355
602298
615854
627092
630399
632142
637781
652432
652501
657789
659933
665923
672965
687486
695500
700950
701771
703836
708420
713850
713883
715925
716927
718434
722185
728756
729757
731740
735298
742009
746167
755147
757599
760031
760817
764761
765630
766777
771064
772008
775272
781926
785703
785764
787652
790656
793866
795859
800308
806305
810427
814974
819604
825239
827847
829489
829690
831670
833009
833768
835959
837162
842663
843392
852015
857179
862079
862599
872936
873495
885936
888799
892535
893743
894150
894969
895604
896234
901691
905447
910864
913302
915695
917026
917547
927455
927925
930326
935189
935274
941387
941885
943327
947424
949466
953422
953602
967541
970676
971174
975885
976235
979815
984786
986733
994716
997522
999609
1004216
1004720
1015295
1019880
1022861
1026090
1030937
1037158
1039549
1041663
1042799
1046219
1061693
1067922
1073301
1076899
1079084
1080527
1085669
1088210
1091222
1091953
1097688
1098443
1100383
1101828
1108551
1116296
1133145
1137666
1144754
1154875
1161063
1167248
1169153
1169395
1170223
1170258
1171095
1172857
1178049
1183268
1196767
1199899
1202517
1208410
1211773
1214792
1215755
1219362
1222244
1223928
1226740
1231917
1236224
1237142
1254215
1254662
1255710
1259826
1269581
1272353
1277025
1284048
1291615
1295499
1303469
1310439
1311235
1313965
1320516
1324906
1326029
1329218
1331412
1342563
1349101
1349803
1356774
1363498
1364757
1364938
1366361
1367126
1368322
1373118
1374737
1378629
1394198
1398529
1402570
1403137
1404797
1407722
1410639
1411232
1413120
1430848
1440595
1445473
1451388
1452812
1456136
1460367
1465752
1468244
1469049
1472628
1477035
1478550
1480611
1481369
1488559
1494985
1500314
1502356
1508454
1514212
1532979
1537768
1541036
1544512
1546069
1552162
1554965
1558235
1562962
1572996
1574834
1577861
1578106
1582216
1584313
1589279
1593676
1600243
1604771
1605100
1605274
1606126
1609047
1610948
1619907
1623166
1624178
1624334
1624837
1625030
1625440
1629235
1634403
1638402
1646256
1648258
1648406
1654454
1656484
1657347
1659982
1661762
1672026
1673885
1677987
1680354
1691578
1699234
1704972
1712469
1720131
1723820
1730025
1743595
1745383
1747743
1753661
1783585
1784641
1790613
1798777
1812763
1815259
1816685
1836090
1838606
1844576
1844806
1862924
1870502
1871184
1873114
1877530
1884938
1885870
1892260
1893296
1893312
1895100
1895438
1899134
1903292
1906826
1910430
1914638
1917900
1922180
1923794
1925332
1932870
1942238
1951866
1960400
1963648
1964868
1975098
1977790
1989186
2011504
2015590
2015776
2018636
2021372
2021908
2023320
2033960
2040090
2050286
2052682
2055602
2057230
2064172
2083334
2084372
2084692
2087794
2091054
2095984
2098140
2099736
2100414
2113594
2116326
2136182
2140110
2141954
2143152
2145458
2149464
2163636
2165670
2168788
2175432
2178078
2183848
2188316
2189056
2192956
2196430
2203362
2211468
2215016
2227096
2230652
2231548
2245438
2257724
2268970
2273796
2277186
2285496
2293014
2309004
2316080
2317946
2330372
2333808
2337668
2339528
2349916
2373998
2389568
2394508
2408716
2410958
2418850
2434206
2462694
2462996
2478080
2482814
2489724
2496930
2501972
2524044
2536466
2537712
2538938
2550482
2587798
2588294
2591804
2593716
2598496
2603466
2616396
2622544
2630504
2631092
2634462
2636076
2649236
2660376
2679358
2682472
2684290
2689610
2694846
2698542
2698844
2703390
2704510
2709996
2717492
2721352
2722854
2723410
2723622
2730948
2738540
2748820
2756024
2758276
2763138
2778880
2783196
2785044
2787286
2787950
2797226
2799634
2804870
2805746
2807040
2816076
2816342
2825932
2837090
2851816
2852112
2880174
2887096
2899692
2914418
2926312
2943264
2944724
2945842
2963802
2969690
2994048
2997872
3014848
3018337
3020399
3025051
3025796
3030090
3032431
3032908
3033131
3043392
3045696
3048671
3049907
3055894
3056924
3057703
3065634
3066480
3073936
3085754
3087505
3089814
3092638
3094442
3095369
3099356
3109509
3113718
3113932
3116500
3118113
3120140
3122373
3130800
3134148
3140811
3141330
3147586
3157764
3160021
3163170
3168506
3169177
3172294
3178120
3182556
3183621
3186435
3190499
3192507
3193338
3194491
3198091
3198933
3204121
3208335
3210452
3217053
3222393
3224614
3225465
3226204
3505851
3508971
3706211
3709081
3851171
3931101
3935931
3986871
3989901
4061291
4085871
4212781
4255031
4273721
4297011
4416791
4455891
4506291
4557621
4628221
4651201
4873581
4873751
4918581
4945871
4965731
4993381
5012701
5023171
5048441
5109141
5143021
5154501
5275661
5279381
5316611
5375381
5438181
5448551
5484961
5538311
5593911
5658921
5661171
5685761
5784441
5804531
5815311
5836331
5885041
5908921
5937431
5958551
6029801
6053201
6215791
6286601
6295841
6329291
6342431
6455181
6490561
6492381
6502891
6506101
6510321
6549491
6597891
6641401
6647521
6699861
6720231
6796441
6816441
6882711
6894451
6906571
6935141
7011261
7143031
7184941
7286971
7376131
7388331
7451101
7537781
7555281
7560841
7613211
7617411
7679931
7704701
7708711
7711681
7737531
7784011
7876371
7916571
8008791
8020801
8068871
8127411
8161241
8176021
8182321
8318551
8364271
8518931
8604821
8621101
8641831
8697461
8729141
8746911
8806041
8916771
8946441
8988411
9036891
9132001
9158771
9232491
9263961
9268731
9274181
9312491
9385221
9405091
9417571
9540091
9612251
9632211
9693571
9803361
9815671
9848761
9907271
9975991
10101151
10148381
10171741
10196381
10256221
10269041
10338821
10512181
10684671
10728201
10764301
10804911
10816231
10834751
10881021
10927651
10963251
10991251
11096711
11171511
11229861
11277471
11304551
11415451
11506971
11578591
11653791
11775661
11799491
11839921
11967091
12191031
12204791
12279811
12297821
12339601
12458411
12471661
12480171
12520521
12547011
12665571
12711541
13695351
13701591
13797691
13999431
14003681
14055611
14177361
14194231
14195741
14299821
14317671
14379241
14466541
14496961
14506931
14571771
14620651
14624381
14656661
14702871
14740681
14778981
14863451
14938371
15046851
15102371
15157821
15201991
15238601
15257741
15299631
15386791
15420311
15459021
15516261
15529701
15539481
15542713
15543377
15545595
15546891
15556027
15556831
15558219
15578934
15582766
15585289
15589168
15593498
15596225
15610035
15623990
15626380
15640419
15640799
15652765
15660477
15667131
15671315
15672692
15675139
15695904
15701888
15703147
15704222
15705396
15706564
15706969
15708935
15710218
15715684
15720647
15721815
15726255
15733201
15735477
15740219
15745102
15745451
15754928
15756421
15758936
15775047
15782834
15787859
15789764
15796153
15797480
15810968
15816217
15827756
15829596
15829932
15831201
15839074
15840919
15842297
15846439
15937174
15963179
15968056
15972864
15972982
15974211
15975457
15979668
15980507
15985379
15987907
15989122
15991012
15991086
16002278
16013867
16023074
16027022
16027419
16028388
16031116
16044785
16049046
16064810
16074236
16089037
16091343
16092723
16095809
16099893
16103358
16103773
16112422
16115449
16116341
16130666
16133869
16134122
16136206
16137460
16147721
16153502
16158500
16164539
16172431
16174613
16174654
16191083
16207078
16215672
16224716
16228715
16229132
16229715
16233757
16274044
16303108
16306855
16354540
16394497
16401658
16430452
16432171
16445740
16469827
16470121
16500379
16518895
16522378
16579420
16659520
16664539
16668697
16674442
16675072
16678723
16687039
16697587
16698322
16699573
16700869
16702510
16716982
16720387
16755259
16775089
16775599
16780930
16800499
16808263
17358418
20013082
20172814
20201428
20210251
20244163
20250718
20268868
20271772
20310952
20314600
20328433
20329657
20339989
20347216
20349604
20368267
20420809
20479159
20484526
20505799
20538262
20649227
20659839
20985255
21277245
21345248
21350677
21360474
21416043
21441365
21453563
21492508
21707480
21915986
22001659
22023789
22050285
22693006
22912471
23048773
23069412
23611534
23710485
23731171
23872034
24009682
24250561
24294931
24404997
24459798
24507988
24510306
24522829
24570302
24577572
24655228
24728183
24843641
24958609
25020609
25155050
25255773
27080734
27098080
27124420
27133129
27140728
27141283
27243754
27252334
27252973
27253336
27262423
27274246
27289468
27320443
27344248
27371734
27373033
27380221
27421045
27431638
27432133
27433246
27453715
27461689
27502726
27510868
27527125
27564673
27585160
27596494
27629623
27633784
27645211
27649561
27662434
27663361
27667387
27679393
27705658
27753742
27799507
27799810
27803644
27817105
27845707
27875240
27884465
27889350
27900124
27916032
27916531
27924403
27932926
27937681
27942424
27944835
27947921
27949213
27966128
27970871
28006407
28094275
29004482
29014324
29015182
29019936
29046251
29046397
29049381
29051972
29062650
29062726
29083128
29085609
29091894
29100698
29102116
29124064
29124964
29127096
29131195
29133729
29133997
29135535
29135728
29137194
29137569
29138556
29143388
29145237
29170535
29173895
29177268
29182861
29185215
29191474
29195707
29197063
29199406
29202284
29212391
29216527
29221755
29233237
29241559
29244483
29254392
29256882
29260917
29266950
29290356
29293282
29295503
29301930
29304995
29311548
29317550
29320901
29323974
29330355
29451857
29501421
29507760
29509821
29518010
29519553
29523622
29541962
29555612
29567200
29570863
29584060
29612732
29614760
29620130
29638879
29649739
29655442
29663894
29666024
29669024
29753096
29784419
29790200
29794011
29794300
29812382
29818639
29820814
29825006
29832069
29889058
29889111
29889801
29891999
29931219
29954438
29956289
29968725
29968896
29974805
29998724
30004405
30006423
30007773
30041769
30064510
30064861
30081450
30101195
30108989
30122332
30136276
30143636
30149526
30151239
30167634
30206340
30221084
30236803
30240854
30242089
30249542
30265970
30266845
30268868
30279587
30289008
30291452
30293873
30312262
30314130
30317665
30336712
30366532
30369218
30396793
30398408
30427395
30444363
30444616
30452412
30458617
30459434
30470907
30471596
30476681
30478150
30481165
30491203
30495123
30501096
30505778
30514259
30518547
30551173
30556221
30593793
30598174
30617463
30628138
30653760
30664787
30679703
30687155
30696473
30717800
30727953
30732006
30736887
30741603
30748546
30770314
30784426
30786901
30796255
30810711
30813280
30819324
30831208
30840602
30849241
30850436
30866494
30873468
30881176
30897704
30913441
30919826
30919902
30944288
30958791
30960493
30980913
31007302
31009306
31020335
31024311
31030722
31040808
31042503
31061819
31066039
31070644
31070984
31079243
31100692
31102366
31119991
31120081
31131669
31150071
31157576
31172140
31172637
31200136
31203858
31207301
31209204
31213066
31222714
31225367
31248065
31255056
31287507
31297879
31301541
31313419
31319616
31321106
31322608
31353623
31354982
31365702
31372272
31419224
31421106
31427030
31448506
31458704
31468537
31497260
31511669
31518078
31525614
31533987
31535856
31546456
31548792
31558961
31562403
31572232
31575218
31614727
31621741
31649667
31651113
31654607
31663851
31677098
31679985
31682415
31687317
31693655
31701807
31705405
31705635
31715801
31722706
31724207
31726532
31730324
31743544
31754724
31759977
31762199
31763733
31766278
31777555
31785692
31789675
31791445
31797942
31800904
31805492
31805643
31811814
31819967
31831616
31834614
31837770
31840861
31841514
31842444
31842634
31842746
31842782
31842818
31842897
31843514
31843586
31843939
31844043
31844069
31844274
31844414
31844567
31844828
31845009
31845143
31845168
31845303
31845356
31845629
31845649
31845895
31846155
31846262
31846322
31846543
31846904
31846952
31846958
31847106
31847174
31847279
31847496
31847542
31847556
31847560
31847750
31847789
31847867
31848042
31848126
31848184
31848210
31848445
31848519
31848603
31848615
31848640
31848664
31849010
31849029
31849319
31849325
31849386
31849578
31849595
31849624
31849762
31849846
31849947
31850063
31850242
31850257
31850380
31850460
31851120
31851211
31851315
31852373
31852457
31852501
31852545
31852572
31852775
31852815
31852906
31852929
31852943
31852989
31853063
31853128
31853268
31853505
31853532
31853604
31853616
31853630
31853638
31853691
31853721
31853815
31853819
31853839
31853846
31853848
31853880
31853887
31853934
31853966
31854065
31854192
31854233
31854258
31854307
31854344
31854359
31854387
31854397
31854413
31854540
31854619
31854676
31854773
31854855
31855048
31855090
31855130
31855139
31855189
31855316
31855386
31855469
31855501
31855503
31855505
31855518
31855540
31855573
31855634
31855695
31855698
31855709
31855735
31855737
31855742
31855778
31855811
31855936
31856017
31856085
31856114
31856120
31856145
31856165
31856175
31856188
31856196
31856198
31856199
31856203
31861325
31863732
31876099
31876938
31877407
31879985
31882118
31882301
31887758
31893630
31898930
31900130
31901166
31915514
31916219
31919511
31926526
31933271
31934026
31948211
31952926
31956211
31960182
31962476
31976226
31980505
31995113
32015596
32047423
32080611
32093615
32101105
32106838
32111371
32113963
32121342
32133313
32137802
32142699
32159848
32181772
32182070
32183631
32193008
32222684
32225216
32231904
32235194
32246575
32250534
32252391
32253391
32257183
32276072
32278626
32299566
32302017
32306543
32325098
32326419
32328199
32329836
32330453
32335107
32336664
32347803
32350613
32353250
32354751
32370298
32376022
32377479
32389844
32405332
32406594
32419639
32421158
32422732
32426484
32426694
32430037
32433885
32438439
32441416
32447050
32450243
32451867
32488535
32489422
32495456
32512575
32512868
32512935
32520892
32522574
32522806
32537750
32542281
32556320
32561635
32561872
32573179
32581287
32587712
32592217
32601017
32602742
32603445
32613558
32613627
32623323
32625789
32639035
32647929
32648848
32659721
32684293
32696812
32703125
32716706
32736059
32739195
32761184
32764561
32765276
32775926
32779166
32784398
32794995
32804873
32813400
32823830
32831707
32842938
32846815
32854013
32865249
32874249
32880130
32883304
32898188
32898509
32915787
32921862
32924305
32925312
32926201
32931563
32948146
32960574
32966557
32976222
32976425
33004543
33008968
33012343
33013018
33015800
33046106
33051770
33066032
33066066
33080419
33108783
33118441
33141654
33150806
33151165
33181286
33185632
33187551
33188470
33194995
33211102
33211844
33212535
33228745
33232042
33235967
33239512
33263363
33265935
33279450
33281069
33283510
33292729
33298750
33326810
33359260
33377979
33432979
33435742
33455219
33455400
33467222
33471284
33471636
33476794
33481426
33484426
33486639
33490641
33491266
33491738
33494156
33504965
33506447
33525613
33530886
33548178
33553623
33556633
33564612
33579037
33580073
33580409
33583715
33596879
33654851
33682299
33705198
33718512
33719411
33723183
33724093
33732637
33738435
33754752
33777521
33784308
33786471
33787435
33795225
33796498
33798618
33807335
33807494
33807827
33809210
33811255
33816330
33824130
33863649
33865735
33877604
33891926
33902262
33904007
33909240
33910707
33945504
33986398
33992400
34003660
34020987
34021836
34022608
34035385
34037346
34040069
34064706
34074480
34089808
34093276
34093885
34094382
34098622
34099270
34110308
34118743
34130257
34135252
34140772
34144549
34148866
34162327
34164316
34168714
34176815
34186435
34186504
34191851
34200013
34203962
34212395
34224765
34230946
34249436
34261097
34268940
34281545
34288849
34288861
34297033
34306039
34308618
34325794
34351998
34369686
34369994
34370331
34370805
34426614
34426987
34427918
34439726
34445964
34459142
34460855
34470821
34472284
34491989
34495450
34511692
34514115
34527149
34535980
34536162
34539614
34545443
34550642
34552112
34552890
34562915
34563478
34572978
34580834
34583011
34602879
34625600
34633210
34664661
34676086
34676819
34680228
34709856
34714895
34722819
34723223
34723985
34725190
34726732
34731033
34756906
34758540
34763310
34764635
34768668
34778097
34779719
34787347
34798706
34804432
34804853
34810223
34819366
34829884
34840508
34844519
34850744
34854916
34855714
34858547
34867697
34874442
34884676
34887431
34892118
34903603
34911788
34932181
34934517
34936371
34943150
34962766
34974948
35008493
35020479
35021150
35027611
35028643
35029236
35039943
35067411
35068227
35082686
35105647
35114144
35120059
35128978
35141024
35150294
35160825
35162790
35163118
35180320
35190171
35191439
35192754
35194738
35206439
35210110
35218484
35225144
35228520
35229638
35244434
35271433
35279376
35283189
35284161
35294013
35300985
35302185
35304154
35311723
35322329
35329342
35356466
35363764
35376078
35385858
35388779
35390395
35395714
35404855
35407564
35438344
35454169
35485850
35490102
35491226
35495855
35497249
35499570
35502663
35511614
35514614
35520100
35528878
35531087
35541283
35542288
35546597
35561457
35566883
35573286
35575209
35580368
35586471
35595498
35596215
35614860
35640554
35648534
35652352
35658308
35662793
35701676
35705336
35735993
35741367
35757014
35759892
35762054
35773220
35783540
35794549
35811302
35816075
35817341
35835523
35836125
35852827
35857033
35875426
35909597
35909940
35911395
35913707
35913877
35917631
35927208
35935521
35937748
35939728
35956664
35980682
35983367
36004505
36015014
36015983
36027762
36029101
36051690
36058246
36058595
36075581
36092838
36094392
36097210
36098654
36107386
36109962
36115311
36135310
36142566
36142896
36145887
36149123
36149477
36168038
36170674
36177229
36180558
36183673
36194230
36197702
36199759
36200048
36200075
36223368
36225038
36228861
36233947
36242782
36244142
36244818
36257183
36262369
36266626
36268508
36274489
36275640
36288848
36292045
36295327
36299250
36299528
36304422
36314942
36317553
36322708
36327691
36330657
36334565
36337890
36344827
36347721
36351009
36356587
36366462
36385033
36388094
36388608
36400299
36400466
36401953
36403076
36405332
36405493
36407984
36408785
36409309
36420275
36425170
36433402
36438484
36448909
36449254
36452476
36454874
36459912
36464174
36468700
36478175
36479606
36495313
36503192
36512908
36538189
36544939
36551076
36554911
36566772
36566912
36568691
36573470
36582889
36583105
36583286
36589939
36607708
36610427
36612787
36620751
36623461
36625537
36630275
36635794
36635916
36642308
36644308
36644610
36645695
36654419
36656233
36660866
36664955
36665485
36682596
36683373
36690035
36693868
36695552
36696017
36718943
36722553
36725974
36726098
36730533
36743080
36743948
36747329
36749107
36753093
36753181
36759090
36762168
36766421
36774708
36791991
36809558
36824816
36829241
36832113
36834514
36838004
36838596
36839812
36849732
36853590
36863105
36865090
36870681
36880657
36886397
36905639
36931932
36934797
36937153
36944482
36954858
36966382
36991232
36992274
36999950
37000356
37001456
37006981
37026128
37041174
37043833
37045120
37047665
37048391
37049881
37049902
37050730
37054012
37061663
37070282
37071754
37076221
37076955
37091770
37094468
37096030
37103992
37111283
37111418
37121970
37123750
37133679
37140982
37141055
37149222
37151273
37162530
37178612
37180271
37183393
37191019
37192192
37199454
37201726
37201836
37203463
37204727
37210639
37212632
37216298
37222172
37224976
37225712
37229818
37234673
37235630
37251405
37254285
37262792
37268599
37272189
37282818
37291024
37295073
37296920
37297552
37297639
37313925
37315174
37318689
37325459
37326055
37327196
37341852
37349915
37350684
37351851
37354039
37355927
37361145
37370110
37374584
37379976
37391952
37413241
37413690
37424273
37426813
37433330
37436558
37442667
37446469
37457391
37459128
37471579
37474465
37477497
37497003
37506238
37516298
37516426
37516502
37516540
37520551
37522074
37545051
37546777
37560150
37560173
37564136
37564399
37567334
37573108
37573558
37580198
37586501
37586998
37593386
37602016
37605079
37608429
37618230
37619643
37619885
37623667
37627586
37632196
37642160
37642753
37649575
37649718
37667091
37673181
37675919
37677224
37690739
37697252
37708200
37709854
37710454
37712564
37722812
37724180
37730952
37739941
37745276
37772591
37779479
37779519
37779823
37781885
37788492
37794049
37797099
37799989
37802124
37803193
37809441
37816039
37824090
37831800
37835801
37836622
37839092
37843571
37845187
37850322
37850681
37854338
37854389
37854428
37854483
37855813
37856176
37859556
37864378
37866225
37867880
37867899
37870985
37873266
37877188
37877331
37879573
37879770
37880566
37881385
37885282
37887801
37916495
37921378
37931738
37933234
37937293
37938416
37943327
37943346
37944248
37956636
37957196
37962214
37963733
37970376
37971093
37971788
37978482
37987137
37987387
37991909
38001692
38003559
38010354
38012361
38013060
38018690
38021449
38024362
38034993
38053993
38055258
38056966
38057181
38060025
38060536
38063863
38067335
38069802
38085739
38095687
38099266
38122272
38123264
38127026
38127331
38127643
38141202
38141236
38141309
38142003
38145156
38147231
38151428
38155294
38156081
38159046
38164457
38170035
38172607
38174934
38182077
38186614
38196880
38202997
38204030
38214551
38222866
38233811
38244098
38276173
38277422
38296369
38297191
38305440
38310485
38312805
38320672
38321544
38322377
38322629
38323373
38324124
38325442
38330422
38332166
38341569
38352888
38354288
38368196
38369068
38388818
38389134
38400363
38409110
38417277
38421243
38424113
38424129
38439421
38458859
38459255
38486718
38488421
38494340
38495853
38498701
38508546
38509928
38510063
38531018
38533309
38538968
38539709
38546417
38564916
38565323
38566645
38570675
38572780
38591056
38594007
38594102
38595688
38606502
38607770
38613954
38621017
38621689
38630457
38640178
38646417
38659844
38663403
38664105
38669006
38671488
38671828
38671921
38676955
38677419
38680518
38689323
38724643
38733844
38742171
38746624
38752297
38758944
38765093
38777646
38785029
38785498
38800942
38823095
38838215
38852205
38852243
38852305
38852334
38852434
38854255
38858499
38858875
38860322
38861356
38862178
38866331
38873114
38873853
38875555
38878926
38885697
38885749
38885985
38886256
38886336
38886464
38886514
38886658
38888464
38894320
38894593
38910283
38917700
38924635
38930625
38933397
38933960
38945158
38951905
38962779
38967167
38972138
38972220
38972801
38972981
38975205
38975779
38975800
38986995
38987674
38990171
39007267
39009764
39022392
39040867
39043018
39051018
39054627
39070466
39072259
39074020
39081827
39083943
39092130
39094567
39098781
39111402
39116717
39118069
39130681
39139415
39139472
39153671
39153752
39161363
39166191
39172812
39178964
39195144
39198616
39208040
39208503
39209504
39214281
39214997
39227414
39229529
39237298
39244752
39245217
39247797
39249006
39261683
39277677
39293719
39332359
39339630
39349643
39370263
39378168
39379535
39380507
39394678
39398368
39402384
39403015
39431540
39441605
39442196
39453216
39454433
39466304
39471098
39471235
39492845
39493736
39496721
39498303
39512100
39513178
39517521
39522277
39539062
39546024
39547176
39553625
39571070
39573236
39573295
39584269
39584333
39590162
39597363
39597590
39598982
39599718
39604976
39606100
39607342
39610036
39610258
39610274
39613355
39624203
39625671
39627598
39627938
39641256
39644011
39645605
39652927
39657995
39660875
39662614
39670270
39673163
39683755
39691020
39692938
39702688
39708606
39715419
39716505
39720820
39720882
39721231
39722519
39722549
39724098
39724724
39725864
39727390
39728549
39732964
39733761
39738153
39744301
39745201
39745325
39753652
39757497
39759486
39759974
39760025
39760422
39761054
39764835
39767295
39775220
39776010
39777186
39780782
39783052
39787374
39791931
39804692
39807286
39819328
39819554
39819713
39819805
39820244
39821087
39821228
39821355
39822000
39823387
39824396
39824650
39826347
39826543
39826859
39827986
39828779
39847854
39848909
39850788
39858752
39861327
39861707
39865674
39868684
39876761
39876830
39877173
39878415
39880030
39880770
39884311
39887793
39890437
39892986
39893962
39894049
39894289
39894752
39896577
39901985
39903195
39904802
39905548
39907602
39909238
39916407
39922367
39925985
39926480
39926847
39926997
39927137
39927406
39927686
39931678
39932636
39934097
39934244
39936255
39937603
39938314
39943888
39945082
39951445
39969276
39970721
39971424
39982325
39992594
39995940
40005999
40009391
40012013
40035731
40042662
40051729
40078303
40100517
40111140
40115953
40135953
40136399
40149134
40150336
40152266
40152491
40157713
40160743
40183722
40183955
40184958
40192952
40199202
40232227
40239905
40245234
40258042
40264326
40272459
40273095
40280338
40284429
40304814
40304817
40306869
40328496
40339072
40339666
40339825
40342718
40347005
40362860
40369823
40370993
40374533
40375098
40376269
40398270
40406436
40437157
40448737
40450491
40451584
40454315
40456406
40463643
40477291
40478260
40558223
40574364
40577916
40582972
40593603
40593918
40613082
40613368
40628322
40629432
40629437
40630452
40663165
40682417
40703703
40714247
40720638
40722480
40724820
40724901
40751719
40772045
40780559
40784818
40801268
40809760
40818891
40856231
40903138
40908765
40910286
40961672
40969036
40982320
40990078
41001452
41007236
41022086
41031394
41038108
41041317
41051127
41062588
41096713
41098557
41099350
41101772
41108901
41113046
41116419
41128286
41141990
41145511
41194792
41197966
41202247
41229195
41234612
41240864
41244891
41245856
41247190
41247825
41250206
41251909
41266356
41268741
41278044
41278521
41278898
41278978
41280317
41285142
41287051
41290321
41290692
41291185
41303431
41324465
41325546
41325937
41326778
41327506
41328519
41328885
41329606
41331077
41337037
41349230
41350388
41356307
41359175
41379331
41386918
41398214
41398626
41399161
41404396
41418980
41420682
41435752
41440107
41444838
41461680
41477852
41489297
41508775
41514691
41547182
41548128
41552743
41552820
41582800
41583566
41587978
41589302
41591751
41593559
41599571
41614964
41618615
41622781
41642094
41645642
41647507
41660094
41663318
41665237
41683713
41688552
41690513
41691630
41692661
41714204
41723068
41730539
41752544
41752840
41758974
41775610
41783347
41801985
41803207
41824132
41826197
41850586
41852820
41855403
41870536
41879381
41884150
41886895
41894309
41895736
41905998
41918758
41963216
42116343
42127022
42156302
42157258
42160117
42170579
42181911
42235008
42266974
42267881
42278672
42279793
42321288
42329757
42331080
42424760
42424813
42473008
42504755
42507771
42530961
42533995
42568576
42584673
42592435
42622334
42624021
42633117
42642407
42642675
42672466
42723534
42726156
42753555
42814603
42827427
42834714
42845746
42846208
42914761
42952085
42986642
42993963
43014810
43027179
43039334
43071908
43115345
43129316
43148989
43158835
43172247
43208417
43218256
43246279
43273366
43288337
43293620
43332102
43348474
43361976
43367858
43383880
43477110
43493677
43502686
43515466
43519671
43535373
43535873
43609102
43610799
43680919
43686943
43734740
43760220
43797771
43803536
43821616
43878019
43907326
43972051
43974325
43977503
44007420
44022284
44022426
44032142
44081214
44114714
44129259
44167080
44208313
44229132
44249121
44296344
44417902
44648586
44744620
44745804
44758835
44785303
44798093
44799628
44838960
44937028
44947368
44967214
44979510
45053353
45055113
45056568
45076763
45076853
45076958
45107432
45107850
45109725
45123875
45129219
45151235
45152827
45158155
45205418
45213117
45214309
45229380
45240861
45267657
45267999
45316113
45316213
45362476
45365492
46623395
46698715
46844955
46855278
46934592
46934638
47221767
47427812
47726522
47799520
