48046516
48026814
48020007
45604117
48067330
40655382
34113385
31826510
43762390
46471018
41753120
42333356
35322329
674538
31833200
47675271
45616400
821660
47974602
48008794
48005747
47997114
46927069
47995217
39359241
47900761
47989090
46345088
47972301
31104255
589692
39944063
44189677
36814156
46473934
42027587
1579038
47949602
32185847
16283743
47940925
47940764
975165
47940543
44011125
47177102
35793405
4803181
30539384
36288848
47930026
40945157
39466686
1471893
47898686
47646274
47619920
43961648
43961049
40738444
37124606
47883444
1450237
354956
41593559
1495148
36413583
9347671
41086797
29579428
33052111
46411886
47646128
47619611
46302587
47389416
38024362
42432457
35721001
202451
47882106
47880055
46629904
1366361
47868102
46185226
41285607
46827180
1669502
41723853
2495956
149574
37750044
37962279
2694846
47491543
39124998
46537850
42214974
34253782
47799520
40529543
30787053
47663542
34859262
41100484
35243862
40626121
37847929
33567901
663774
47176019
47752079
47564957
40678592
47596371
2790264
47767266
15801882
30692628
33596879
44545745
37208712
31781162
29522105
43494458
47728664
15640799
39447256
37575793
47734735
44766777
47732363
47719552
33877604
41963216
47717659
47717548
35780906
15992904
47566579
47566404
47221767
43952949
47697321
277833
47694511
46635654
1994680
30205043
47651446
16075111
30348316
37938734
47661756
45981674
47656344
47655207
47652854
508120
33014500
47651703
47645071
47643432
2558872
46983516
869561
44536810
38065482
35906528
40574364
1508859
35943701
47630757
47628530
9385221
12386691
40158083
29292792
45505081
47621182
1571906
42425764
47618463
39827109
44014101
38385633
29775700
44474780
1021190
47593968
34276189
16675072
640522
484918
47590413
42425580
47588578
42425397
47569242
47368273
42286107
44519246
42803399
42425241
36421701
32434809
460152
42425016
29519541
874726
47458057
15789805
16431367
46659603
47529210
219392
47521374
47520005
1375382
30679209
47516881
47516299
260869
152155
6002901
30161279
43894753
47508580
2540084
29833472
42373741
37131544
47496356
34284185
32267702
47131837
47494045
218232
37817448
35755127
34487570
1701337
47482793
47427344
40442860
41571092
4696141
2560106
16285309
33165227
47004401
29797490
47458848
32676884
33114324
40202215
37984271
47450159
46848762
29914122
2835074
44270317
1313728
47452882
39923485
33304572
37736681
7410461
35630430
47417343
40974655
44110573
45345514
14811881
1727911
39362247
47414919
47439729
47439523
47436666
1482678
29501421
1567169
47428088
47349661
47427473
47426893
32482095
978911
45485012
38196585
42545353
44169307
579711
46292964
47408796
373149
7573251
15756177
36748465
39510587
40241860
47376659
32067831
47392486
30136276
35657092
41576793
47387143
2071540
47383882
42242756
1702302
804235
38850077
47179247
33810740
41655905
20163223
36576341
20163121
361367
35848891
32041070
31785086
42459225
1607765
47244423
16228379
39933061
865392
1239972
37220460
34385049
47325651
20220601
42373549
42090951
45343826
47049846
36276701
47334918
30553957
46272525
33075417
47252478
561672
29151505
15773897
33805934
46445891
38534051
36180595
47167119
33041614
29501552
38413069
36247416
47265284
46576248
47161437
33263768
27955208
1305319
16652077
45863635
34457060
1582540
12701951
33228745
9451291
242130
45656246
47230914
47188647
16147721
47226796
27332995
651369
47225036
41033212
34448564
47223195
44599867
47217989
23207
36593749
38246632
6772891
4079161
47206111
31777908
33887023
46323667
41629366
35474367
38898679
44715965
46180939
16301122
47192335
44022837
42574251
33285919
47188455
35949017
47185038
7595571
16751152
47183125
31686376
34198542
36525395
267648
47144878
33072769
39257639
47178996
1268431
47178196
47177570
2044694
3406561
33675435
33490376
16039068
39332699
229189
3124052
32696309
32820903
30254222
46687273
1510276
43022545
47054439
38385577
45803840
45499763
242676
30818693
402275
40235293
31819430
38215952
47139913
43246279
686173
1865854
302167
34554855
47141319
47140408
32823055
47138892
36109407
35608300
360050
46801135
5742861
34868094
31349895
16345036
14505171
24064841
47130750
2896550
36267057
37506362
1450341
2349216
690071
8371671
285078
32390437
1156417
47092466
37667091
16450480
29157047
994253
47101780
27664552
15834143
36115182
35375810
45495061
46245577
16545349
553822
36812336
6499981
1738997
46317366
40954605
43702244
20271358
612474
33825128
31177786
1842362
2057194
44442169
420401
30283038
46157750
29572773
20855303
47059930
2663082
35955830
16119574
47056102
45275730
15482841
36887548
44220531
16434682
46429254
16741120
975628
29047171
30852887
31975906
3088732
32780609
7075451
30580853
35956664
43630015
36521007
34029339
43184223
45774888
1311968
35889893
11367181
31083446
37551899
12204791
42071259
39606850
47026973
13954861
39747463
15611881
30123282
885936
34168671
47025427
12545151
29003392
35149276
37149222
251217
41306593
39354233
31671043
1430045
47018001
2725904
47018112
37619885
33434232
30656932
47015874
36494446
156376
37881655
1699660
40944188
36437360
30726248
2510104
2508696
30110538
3120406
31695290
35946847
34418980
32333116
36655068
35959134
33236653
8783961
1051286
35454432
43035505
16697587
38984394
38084248
1058258
46014012
30991327
987929
39150735
873902
35366575
33786471
29017155
149807
249789
46908782
37590878
7985671
43314416
2850222
35547039
31414309
3075986
31315712
27126532
1091965
1729134
39149585
27962264
835603
489945
32045542
951988
27649561
44965526
33337670
40388727
1068229
32119948
2382574
6734001
15832185
31170098
15809890
29145955
30740043
1725275
44059284
39069966
46239326
34090369
29172937
31546437
36473370
44279975
34679413
32365901
40744182
36476922
32966742
46989502
2383356
27881964
31965767
694041
40600923
36882626
44447339
37835801
46991491
46970212
39155143
930744
30527052
285500
40278458
34664661
39458854
7314191
45051373
39747505
35587625
9727671
29630927
11305791
1497959
37499351
31032137
33667720
31215041
953910
46487027
41904086
1932138
39054447
32787535
39685847
15652350
124784
32653535
30457771
46967402
36166399
29264552
4649081
46965872
46965691
43315201
46964809
12844151
249796
5840561
42852451
46962220
42537305
2811256
1720914
40521804
35869112
37440057
15751396
896354
46957122
46531170
35672472
377897
46954560
42172914
42192861
46228924
5109041
6495561
43985997
32434218
36353300
1638457
32602742
18032854
1051540
34243702
16198435
46278897
42173059
41868403
555877
563972
35600879
16165505
514744
46938667
2149464
45479614
43111418
15634959
34935669
38065060
16073157
46529783
35096518
43344
30850436
32258997
22870373
38945241
342128
42218055
10400551
44335156
46529681
46928913
1933250
7659891
625677
1341003
34963301
3200120
38274110
38933575
1834008
27802369
37404238
29561077
29223785
5658921
46844955
42309775
11614111
40140241
32859159
37674286
8310561
34111594
39489443
686361
16464154
37183393
33141654
36255414
46559119
35460965
31311518
36396839
9213121
46907305
358730
34835345
11429171
2993962
45543273
34021808
663682
2604976
40903138
40232211
183767
43185434
2364434
34829307
37924111
35049478
36080478
7179401
29307323
39310677
43119832
3153411
15762023
44169385
33528412
1550028
38763643
27465031
752175
8124661
44525776
710215
79212
3905901
3144433
2382918
33350682
37741202
35593526
355980
45227760
37237812
16047736
2661640
46889236
740601
45122699
36323018
30854756
34526221
41548895
40078341
33275209
44902260
39471098
2356556
3315701
43600428
45817721
46893272
2589348
30903420
16158926
44966012
35090321
15816514
33721921
1093826
14632051
195008
12342411
30815958
46885307
46549382
1123144
16692985
1443249
27705658
34306039
2395890
29266950
944555
35240960
1679010
16687039
31623338
4839711
1663103
5205601
41998150
42090563
42090784
32685060
45576754
29931219
1874028
36717026
33755892
957438
31901303
5862851
41578923
77617
46847085
41359295
27715426
14634791
46564196
22620945
46770543
368046
34466369
33076938
37820613
36143876
46803804
46794154
46792856
833768
38504120
42136519
3014848
44417642
38254966
41656148
16058164
46771496
6906571
1354597
46760637
46133173
41913784
35615409
1817377
30289612
44513121
40168236
880499
46755081
31641561
42459643
42494235
40134499
46750391
42993963
29810412
3192165
44233189
45023377
223069
954506
44265267
16045537
34656089
46689782
46734922
34853053
37374584
14405041
38959741
1766915
1179613
37623069
29524682
1024366
38697157
37027429
1066611
44165505
43044654
9976211
39645605
2277186
27669598
819264
39886727
44955861
184792
43060808
16095319
46692857
46674708
15596585
46340306
3085754
1795555
35755669
31925269
2263350
33606306
31875823
35867886
30430820
46576641
44556623
46529570
39688519
27901078
46529463
46393156
46529439
39325124
27861880
46279408
29027196
385476
35007791
956295
1310439
30819324
46582741
36954591
819839
14107781
15758936
1106833
30242089
2825932
40075373
40512821
29135728
4100271
38388818
38538968
39535400
46529418
46529404
46529386
46529377
46529364
35864069
46611537
46529348
45351341
35857284
35870138
42084939
43463868
38535689
35100975
37333834
3024929
46226352
32433600
31366253
1735
15725720
35315526
40654395
46600527
2272162
15834351
37478658
37748639
41286185
32055903
8431361
46153013
35652424
46513151
33278514
32924305
46540812
46539941
9634281
1004384
46519065
46533128
16117522
565560
38001224
723052
32553978
45391268
1284048
37314712
697526
34125476
16555909
40243446
2273796
12067481
43199861
39396803
273931
455235
36863105
41503642
46507888
950759
46504632
15724439
24022210
32384815
46494637
31140147
3025588
3020399
36859
33298365
2035512
43033878
46293810
44493573
46481292
496660
38146280
46476068
41125613
514070
75898
31186911
3039342
15583108
10520
41250206
41539468
43094990
31539632
250509
16490560
42811248
46460529
45113964
35654053
934718
33460352
10072771
45525248
44412070
46429479
31660678
33956771
46437274
44237642
242813
43227750
46437645
46437028
46424470
36951861
38678207
483115
36141184
46429776
46425603
34252763
1938174
35793852
379196
3027402
1380427
38273490
16050617
38579246
30813280
38957184
42632101
232727
32281984
46409715
29541566
40719322
45800673
30251532
37350815
46388705
46402932
40755081
38252875
42046778
44282300
16170336
46383124
35577790
31654607
3407761
42441712
43712100
234439
33538253
1153054
45830718
40101476
35827188
29232649
36458297
44739795
461027
262955
38535678
1685122
852997
3018337
1497030
29777439
31468240
2252198
42531162
46337786
45424770
42297858
3064384
180604
42530973
1085145
42530528
45817609
46315435
2558392
46012061
41040824
1517084
989007
35703455
35532108
46219823
45303065
46314871
40688911
34490550
37603651
20662
44285321
207180
72064
39140353
16113739
37736762
45450183
46006290
46313870
16055253
37321660
40144312
39305677
46197900
38170666
33548178
3061684
46307743
45132026
42184517
39889116
2219624
45479448
42423462
36226895
952584
15688112
45078170
30245241
33974599
1502356
31644998
38907515
45001984
32636782
208238
34960316
46277257
41507229
35024888
31966372
34502735
2567778
35397485
32814547
173684
44248822
46213120
44851715
36007427
33012343
30179356
46212896
20197342
39446734
8040491
46250307
40149813
35874337
41193047
31946795
38836103
772230
1697345
9830021
2175706
39623249
44909512
38296369
43603188
43603082
42734274
46209499
1011340
40595838
33820495
43601032
42494820
31889343
41791604
32065696
93640
32094030
33740996
9321931
39880797
10927651
43076820
43413766
39081297
46223657
45865577
40467667
41527614
37698826
35735376
42056861
36286132
10076641
46216789
43436443
31848466
43435557
35343687
46216072
1336423
43433822
43433637
43433557
34108609
1608224
44665234
43432295
43432200
43431818
43431717
43431596
43388877
1720131
35106960
37224976
479143
43389943
117520
43431513
31090390
725947
1030937
5666771
3352771
29015623
44030022
33028865
1325769
1651057
31585248
37158930
37094468
46132779
46196797
15706969
42314463
32374250
36889904
30735181
45025761
42494588
45082986
37313925
42493854
42459818
45521473
34836135
15929370
37487260
45876116
1480870
699146
32979253
46186765
37452015
30221364
41871077
617132
30439180
46179903
10684671
375786
3220748
1720935
31333260
2521114
35875426
7406441
33113932
135527
46173759
33597645
3229232
1861202
43343712
35245209
31923832
46171724
37397494
5216031
37550336
1388395
33292108
34013992
31932731
32603445
14030851
36687407
27569194
36515417
1334955
1156223
36094392
44245407
2078778
29511020
33449
2205364
16642348
40497953
36771902
42462899
1563881
37520186
29564986
1177047
31698941
39670270
32722142
347700
37546190
1477155
38833351
39012655
1000103
27927095
29572803
45007213
629076
826460
15745592
30650361
397181
16101243
30548901
1298334
31017565
2686198
41998402
3886941
36770941
35912758
41708123
38246129
15631017
43903985
29887929
33305907
16158111
36881448
31222247
39662668
831528
30149526
27547009
143486
35285210
1220701
33212535
17358418
27138115
35405757
8182321
27547765
29131195
1572110
31995113
18720697
37496489
31668659
1136495
27831985
3421821
571983
2618508
16394092
1695917
383453
46137025
46136499
29170535
46137154
46093416
46133800
46099288
1297994
46132983
1546064
45238987
45202771
15821271
251442
45085069
46120286
46119721
45535684
914936
1008866
46001613
32207901
27550213
45187408
35889331
1844576
43387109
38541316
46067854
43386932
43386647
43386800
46025386
43347208
42256677
43343138
46091660
37446469
45472678
46089001
3373881
29620409
38832414
36253880
31172140
1157476
34000170
650034
27233215
44608548
38071820
46073472
34913960
9983011
597881
33074013
41723789
40940986
29892359
45184976
84822
33741778
112629
31317582
42581711
31049200
37416830
36614252
32249085
2291928
4180231
3092638
221797
38441833
32109198
34397644
33250285
32879850
39672592
127610
31083879
36495495
44953686
40331625
29822237
46036754
41581844
32724057
41018492
38183281
761552
46034804
45539370
41156259
33609538
37665623
32024954
45817836
35761113
929531
1218945
3226353
39715419
37290276
37620755
1029377
40841626
33168800
1403021
283487
29009065
33796498
42719252
37075396
43104337
42662625
35499754
240917
37451636
38903722
2099736
43711967
37951232
34620397
37138991
43826560
31861007
44459233
45463620
45451343
45435697
43376737
43924687
27514801
45984961
35941718
579403
45487614
45298303
33117158
30229260
6342431
45119792
29051972
34415985
35152782
44382994
33864894
35292835
32625132
41742571
35915423
30794814
30167634
43383305
16030160
42926608
43762870
33873266
38931817
44585152
35613147
38910283
31747972
564257
8329381
42880064
45980047
36562699
31451167
29896971
44103432
45976137
38651345
43236174
32843787
29279818
45352806
14317671
3168506
2534908
36312349
588088
32409459
427870
29526947
37639320
41641680
35869871
44617248
38326298
43413129
44987206
45531017
43667547
41843337
8458681
45515766
43289943
43177666
971174
39895988
348802
37218492
45627411
32515167
16060886
266915
35448613
41818793
38745652
45244743
757599
45299010
45274605
37177606
33878360
36140039
36809558
967817
41014521
41406399
1582216
4873751
39137427
12865601
43872832
32262262
2614862
37425820
36964358
45934715
16080559
906380
37114482
16136626
2211910
38287929
295715
32512868
30140934
41023720
36295327
1072650
33168918
45760437
182881
1993354
32747304
27963076
30872897
15710218
590634
41643062
36419886
44070277
44515368
1836080
996785
45917637
44802443
32209267
45484559
43740077
31173901
38946650
38019765
31083387
41559050
45266261
16507309
42108194
34161633
42789606
44238169
142017
35969597
480955
38859302
2851182
16084020
45552245
45908079
14596871
43276385
902929
43077186
33066032
40901447
31729428
2061230
36783488
34651665
27902979
29127118
44245295
29508276
38098784
917635
32119883
43355279
40387810
37493677
7676931
40877485
29153220
42032081
41664456
31720491
1110563
32145062
45449216
39946181
33876325
43285117
45331438
31205188
310223
4132931
36190907
43038019
4716371
32560799
42793749
7134721
459808
44162363
331561
2831388
44947563
40721308
129199
1672546
42150444
12111721
16126190
45896058
41961853
44311010
16116864
9699051
45447015
41338107
198897
38860322
35290150
40137289
45482123
45565857
41282414
582124
37337975
31177019
45890152
43276504
2303488
1188922
30000535
35743226
45346432
2707220
33270605
1352478
36271156
39427169
8507811
42847742
250670
45856997
16166620
44142157
34796486
39141832
1485505
1025695
35509071
37638400
45847721
31922041
36938953
38108556
37048405
38251952
34638196
30426544
44611754
37265435
2960298
38037858
36263417
1403084
36291955
31394967
45671356
36064291
45759484
2722462
335288
40286802
8438
3183705
45558296
30754
3235457
1734019
37020281
7840911
36218651
31677892
39693476
39110483
1827236
45637318
37054638
243019
20329657
38007616
27959852
44011887
998536
1114560
38127417
42322173
9287161
2319140
842198
55188
36058634
31912962
41378777
127079
3505851
37191019
32614267
37868006
39853044
4045281
30630871
45834736
1453548
15727534
45715724
29970490
31345135
243750
34815842
1231917
1053903
4099001
36709336
34931179
29809953
27953302
45640833
30483110
40344160
43847832
39362243
35182649
43821616
36353935
20508721
27639841
41284605
744855
37452480
33132170
2457130
37016653
35733175
1510655
36093463
3664281
37885530
1275523
36558073
36495808
45838136
35042584
42970899
45838688
36818179
416683
1855760
42183532
36804885
37085244
42916666
30642284
35995558
42451931
38087037
34854332
45259581
1217957
43701102
715925
45149149
44430385
42528841
1583547
35249740
20374432
33863649
40751330
45626922
45820839
29233080
16331641
37036907
2864498
41172101
29562754
502799
268431
45819150
15420311
45818068
42615572
45812143
41577369
275127
34232185
31353623
34951828
505735
45678891
113973
1352224
45671028
293374
45796483
159240
39859222
45343032
40487267
1901648
569
1934362
26625
35355802
34295816
45787273
8014631
33197986
38036381
45785482
128215
32960574
509642
310368
40714247
31797942
681850
32419639
40784818
43959437
37003778
35417620
747675
11229861
45770929
1477035
1564659
8435681
32461768
1080527
35126582
41546018
1460367
41569682
2944724
5593911
33900379
36394019
33047655
237161
954639
45288716
45738376
32898263
162166
39007267
36785613
38181860
45030226
7876371
154333
188058
29611584
480783
16230332
909603
42165469
11600271
45724109
3190499
37102501
66066
45721209
45720045
31744
34796246
1071797
2905118
35208076
36488471
457058
45715971
1930960
43790799
405070
32458373
42170579
30733303
34032473
27889049
40648256
44470372
2491948
32775926
29317550
3120725
34297224
19456
375443
42849987
127793
32288681
3565161
2136142
2992796
34295100
2212216
3057703
147072
45663081
42347145
65062
37015251
29592786
21484664
360298
83433
42601556
1759995
1895100
2414070
35451149
33654851
12278231
328626
3032908
43869336
180294
45639247
316755
36125755
356041
33621348
4184801
841611
2050286
308176
35308251
165933
35346920
4096911
37134045
1324906
456957
325649
16123375
34039531
32004730
187603
16003530
2225780
34903603
31887697
511876
40736038
9134
39243483
15414
334611
137883
45623194
45622192
434343
2698706
36887514
40362860
42586385
33753405
2689610
268813
595215
155881
390497
16231491
4201171
857179
40596747
35367929
1065391
16666969
1215755
36165552
15674567
15102371
2188316
31471104
1975098
16031116
40436877
137713
27645211
32761184
1406545
1445832
5054
44603
317725
45362797
39694044
1667237
3583
2864
1537298
41547182
20201428
337776
738491
43460079
13825821
374779
45587233
99597
45573792
1146169
43885995
45551869
20478610
16892
36222729
37640451
45459052
45472699
34630035
37987137
188680
37005980
45576214
45574745
39608793
37555494
191158
3049907
2280808
36494876
31759977
32381615
41429684
43373445
40762006
27813769
90796
43931899
486948
35628321
42742458
44758691
370225
40771680
3043392
2227096
352990
35704433
33178978
31209204
40005999
40759007
359395
35332515
32302017
34257553
132137
356914
40024934
779777
149850
319171
6455781
27122866
348705
102527
326672
43837163
141366
32569432
1593617
36166468
37545704
41856164
41583566
44231662
3095324
40328496
39689350
27299365
8369371
101070
27836164
32315397
21526729
36917398
43448575
29058998
40479611
154222
15735168
33605464
653668
43822772
39282866
2269306
38188688
41141990
8885
37274141
301013
490152
76773
337687
43565942
38594007
43680919
237418
36385359
45519214
121936
31670543
15991012
41582800
37787672
36313076
37679141
226846
35787021
38572780
36677698
3598061
37620596
41852820
927376
1640564
39630604
31594832
45516540
39702688
16469824
11111411
1959490
42802315
32029613
42468526
229746
41210098
31534848
10171741
1254280
45316213
316134
16158500
16281223
34313704
40421756
37054012
36139558
2836434
41213338
1631853
1518211
32701763
34466402
347839
45249031
35971388
37058800
44558276
34497639
780674
41398277
45471556
37550456
16072171
44775968
2721352
38488313
41611890
157020
1661700
45481747
357778
38603441
38016812
37696208
487840
38185184
45426859
41689901
313936
278193
41299272
33052341
172609
15838692
39861585
38894847
39719010
427248
412971
33618340
43608312
31880815
39178718
37522074
39249006
38545678
45487444
33129874
39413874
34354588
50293
2831258
1627427
36901530
93825
44724275
11287201
39114303
35536603
42356176
1183892
32883304
39484472
12101241
2568432
34497503
36168038
1571432
40980073
1351537
13446
39950919
2162396
40681432
39702608
2142170
40245234
42393610
34775282
42815971
41572814
44125296
40577916
39931678
136864
24655228
2523534
31172637
904061
2646
41084166
35559388
30204857
36266626
13903
44694102
32703125
81747
36582847
13085
50422
31974640
32736059
41514691
36449254
42168267
34094382
1373118
29099846
15671315
1849364
30518547
34572978
39539062
11934341
38133407
35008493
45467915
158963
1803809
15665668
33028937
129131
14190
44655605
2186258
4615471
33430228
42280
42162600
6299361
295776
78139
63647
44574477
233204
124891
36405493
111375
108944
29798958
89883
48746
132010
41283546
386516
13797691
36442947
38630457
32589571
36424402
38874523
37756277
85796
72082
32747296
68262
315870
36995972
31009760
15578934
43925
30696473
397814
210233
119376
11967091
25220
34176815
401716
3931101
40131983
318589
31562293
997522
112155
2574908
396410
33106804
39060558
262979
136170
279202
310165
228748
388335
262763
44235508
44433601
150792
283565
58238
306442
26105
52313
42102
262103
62697
15776650
268274
245725
62523
37282818
58007
76245
79724
429966
140953
65177
170354
36200075
23455
33061919
23179751
3032431
446529
147854
44798093
41441868
83166
37102
29015921
44007420
31671909
113897
42592435
39663
162897
53111
44897
2899692
76934
34844
118123
151911
341071
144453
45365492
44283738
3047909
10256221
43293093
37881385
1082526
45373191
34374004
30765633
44605212
34850744
38001692
36808298
36635916
45225367
36177229
34884676
42914761
30551173
35648534
13999431
43172247
36573470
44648586
41128286
45383979
253770
43005528
43140368
1001713
32638739
39480855
41234612
33881883
33816330
43158835
32747470
2215016
36753181
39738930
45342638
516434
1510906
42221463
44404715
30151239
35021150
2103444
41591751
44531047
42127374
11304551
42584673
20390872
38099266
37424273
36783052
2339528
45317913
15587234
44558449
39072259
33220062
16174613
843392
36092519
16175163
42177082
37623667
35191439
33208975
33326226
35570648
37426813
34943141
37823157
43016837
27453715
35279376
1171095
37061663
45297853
30008136
42986642
36400299
37603730
39969276
30567215
35293985
3062417
1108551
42994924
31916219
34856429
570506
36042986
611709
40178038
45033057
37947145
32520456
2722854
29546835
36838596
36303628
33726771
37201219
30007773
30857
40765587
908146
36076994
331210
29323526
39022392
33880811
41618615
31248009
2571472
2262378
1899896
1458835
45184352
29290600
32354526
45267999
35335689
39198616
44537512
44838960
3062816
33438471
38708605
5375001
35757014
39876830
44214452
34093276
40205665
31727017
31525614
44588006
40348704
34723667
31007302
31631768
1397805
1331011
15752220
45246820
35296632
32762613
37459452
45210371
596167
7851051
38206730
193832
40304817
37860758
35541486
30532647
5606661
2785044
30736887
44572569
9410311
35617157
43841885
35356466
36934797
34538235
31102366
35670789
2143966
34261097
2715074
27504061
44402958
27246763
38630097
31766278
1599792
45214309
33051296
44508308
37649449
31432310
34867697
37971440
42213061
45205992
42157258
43113031
1332384
44225465
43807703
27128602
41939084
43021651
31962476
40735688
34315915
36286822
36796383
35510459
45185374
1683427
45183409
40463327
34268940
32165917
38242864
31887466
35935521
39493094
42698273
32659473
30169777
39889644
400322
32044124
34325371
37937293
2965132
35776140
353044
2631490
1727020
350737
1343436
34270736
31529449
31448101
37534738
42978456
38843411
40666041
45008270
37413241
1096416
1427130
674821
31330115
15596225
44790758
491751
8580301
43057309
27479134
31136234
1589060
44486941
350779
45107850
2323054
33015800
40982320
10441301
45107432
16610
39369587
14449321
44935421
44977762
44959195
44957853
44901037
14600371
16224097
31811826
44207385
11604601
44413246
44414451
8690351
2326578
40708147
32911959
44294515
40313424
43756177
14923481
44401793
44401152
122801
36660866
789336
43787553
5921361
1236224
35561457
40771544
1020055
36794375
40896759
1672735
24804214
771246
150943
43273366
27450523
2145458
44604986
38934359
1120639
34654025
38897483
38759943
44648671
44288882
29041566
35521013
16137460
35710369
43519671
33032038
44982262
36410518
34498386
41373622
44246553
35166066
1127355
34595388
44925732
38420098
3093114
37467782
43335863
40659011
44077883
44503863
2847918
44029036
39878705
43383723
290745
44002493
1413680
39479048
45025690
38664568
38177732
44249121
32133313
38633776
15652765
1873720
36728204
37594874
30549617
39180512
1535900
43870370
483226
35933887
34844519
38495580
43055636
44405277
35199195
37844394
11743421
483044
36145887
29324312
29889111
44577889
464935
44355894
44353373
347749
35181315
38197268
6864881
314317
43231597
44180414
1149124
33034499
38877455
33292729
43855044
8618261
34168547
36058595
3229852
2729330
3172664
39494336
44215481
44182551
39290158
44482714
16028388
44441310
44963273
36253430
42279793
5055491
33650487
40671917
44906111
37708655
44754418
27682357
7113861
35625977
1094090
35482120
33283510
537838
3119206
36370607
44789299
238558
2485478
38287187
32272739
1902060
44442114
44356983
44238567
43962411
34714895
34059576
27727222
43986975
45083179
29257842
33454874
44490524
37653038
38095687
45084328
258630
2967690
33025815
43887655
29599869
39685860
34266479
32043445
36517155
35586471
44699497
36839991
343310
34900284
35675914
31432090
3195097
44647769
409155
44511636
389059
559179
43956079
33604028
44962995
29965587
336159
39935851
656158
1452996
35580368
36383677
3140811
1169531
16308229
37654088
35425599
38258171
41730539
32517696
1906994
32493978
44293977
41099736
43137707
35944731
44726439
39255036
11798
32627368
37295817
37937240
43686943
754161
36249297
33433065
436913
44140777
38856816
40509681
39374179
43787919
44595254
37953907
32951603
40246466
33037255
8892541
34245168
40027184
44856875
44707764
32676016
37964412
44760707
33591923
30994912
2975270
29188310
29268144
36496295
7330061
36663285
38579094
40786301
40183722
39033410
33359260
44080668
45075417
44749873
6467761
326750
34709057
32586215
36481116
32628461
29610461
29577771
30884919
2137878
45009792
44153275
611702
2001590
43976631
37805078
36614161
39914632
37297552
31408319
1889862
44404929
8654851
20505799
35300210
930146
33433912
43101647
36053613
2089848
33938198
33708828
32453737
440114
31030137
31773402
27764383
38705201
27734290
44771015
810427
40640270
8604821
44499423
45006520
40321052
44839714
36131473
44885958
20487505
38352625
15231521
316568
38841780
1484501
31955639
1509704
43026219
8741881
36317846
36322529
2698030
40818502
2238490
34083253
39391346
1000408
166668
34757059
771064
31398394
36685101
37078428
35822911
13961201
43734740
33706731
16312741
35950726
32155331
41600761
31980505
44571152
38136270
457250
1877530
32143743
45072018
384629
43480018
41661858
44849404
44280700
862079
9035721
45006076
43319601
44769079
38471559
35183253
44726695
44606767
36322417
1470788
42024609
37423790
559985
33030462
35599985
278077
31197848
36726098
44530005
289548
569993
1789803
44996456
34387564
2451424
35964818
3814771
11753871
6085781
40052369
34548203
44194219
35079820
44204975
34524385
41830268
36566001
41512928
38500832
38032583
1623319
45008964
912871
33860932
32322000
30171681
898541
42200942
15640419
9897431
35192754
34947124
29004482
31932042
1662881
29638879
44117474
37609810
32390084
5815311
32444603
3025749
43191810
30664623
42744699
35840805
32556320
545793
33710647
31421106
20172814
41834965
35497249
31367431
40865490
1634403
36050
40746157
38141279
37516314
37514092
32325098
38671488
39442196
36482825
34098622
37873266
32512935
34110308
603969
189286
38179940
34288861
