41629366
36413583
47176019
43952638
32535105
35949017
833768
47575799
38215952
41576793
1713204
33012343
38504120
29931219
885936
34664661
3163587
34935669
46671544
36167527
46611352
46448674
38273490
45830718
37321660
42734274
9753721
43016837
29288257
45939372
1470788
33548178
45866096
36496295
45883866
34176815
502799
1564659
36925375
33132170
954639
36887514
12459501
42698273
29638879
193832
42200942
20390872
45343032
40786301
45242473
42213061
43686943
7540461
44225465
27022432
32288681
34844519
34271915
16158500
36466227
36161663
33565098
12711881
31879493
37609810
44442114
37299366
33580073
42157258
38095687
44233189
1368322
32390084
38001692
33455400
32295289
44020514
31342381
43974325
977729
27898356
38894847
36737005
16437094
27962282
43698619
16126486
41670506
42993963
36200075
2482814
43317791
31358901
38564916
34313704
41992893
41505538
4178041
36722553
374221
42592435
39666126
37313925
32182070
32854013
3055894
37933037
36925117
16281223
42634391
24920900
42213000
37855813
42549059
30653760
41570707
36115182
37096030
38803386
34445964
572288
34021836
29534878
42267379
35586471
37045120
41278898
36863247
37871689
42104489
41973868
37619643
3899521
35039943
36319288
41804421
1605053
33015800
3153572
41477852
37850681
41783347
41763343
41714204
6906571
41657338
31861325
41683713
41645642
39931678
41622781
41618715
41399161
35310144
41428693
415366
38777646
41552820
41552743
20487895
33168800
36753181
41452758
40970137
31131669
1619907
1505047
1812873
19456
1080527
41250206
38910283
41349230
27057838
33228745
2521274
39893020
39877574
6182451
39978284
35497249
36427374
35793405
20314600
37815761
31442507
41268741
41251909
41242464
37545051
33471284
41207821
8746911
41197966
40279483
41145511
33239512
41060137
40865490
38630457
41096713
30526732
11183001
30412252
39818466
40005999
40245234
40990078
40990236
337687
39701896
39701575
40921365
36696017
40908765
40818891
40328496
38872920
37867891
40801268
32840011
5278681
32080611
40369823
15596225
31649667
2630504
33432979
366415
4123741
40727333
16798735
20345905
2797498
35658308
2944724
31847739
1239972
39662614
10887981
37234673
34268940
33794697
16066034
40642553
1600243
36385033
40643854
40630452
3205050
39846735
32235194
40611069
37054012
40280338
40306830
40593918
3091284
39166191
40582972
33481426
31589386
30558185
40517135
31518078
36093463
1628908
2797226
30369218
32775856
35830900
31354982
788416
15558219
719993
31177786
30004405
40489018
38866331
35580368
388845
40370993
39209504
40184958
37963733
16073206
36479606
39826347
35455301
5012701
1942238
35141362
36494446
32041576
32451867
2230652
40398270
1291615
14317671
1584313
27645211
34168714
36168038
37049902
32713577
32603445
40304814
37987137
1472628
40205349
522830
40437157
32387580
37754298
1446315
40347005
27623134
3168506
2050286
37750133
38622085
33013377
37774519
16299535
40116294
37947145
30920567
31559451
30478591
27966128
39787374
1349803
2816076
37076955
39597363
39598059
39597855
38972428
38972322
38852434
33187551
1634403
1811125
38972874
32441416
35561457
30144006
37224976
32353250
311546
33292729
38661322
38663449
10113621
37873266
36838004
357736
38204030
36228861
4768471
16072544
37712691
38862178
34385049
38885985
36991232
29504037
20172814
9193331
36295327
36834514
38669006
3726791
5187781
38594102
36052651
38147377
12150041
38250001
38147479
11643231
33604174
2020124
29258213
32224897
35810371
30161279
36253880
38415497
33881532
14022001
36828046
38246013
36626226
35376078
33304216
33247409
38202997
16164132
32096735
35586696
31313419
35067291
3114118
35584892
38030125
38141504
1302690
35810800
3102327
7115281
38061995
16096781
34262341
30507216
1587327
11488961
37794049
33450215
352498
14688721
31277460
29592922
2728092
27763687
27468427
20246482
2811256
32016906
36515770
2860182
38017095
2872772
29649900
342253
29319167
2663082
38018690
33152906
16863
29621956
145546
3444521
4061291
29071738
2480540
16487341
16768339
37212632
37991224
35310219
27573859
37724804
251217
31738109
36583105
32276072
838749
65062
3211382
34016023
1178794
11854451
5060171
37487649
308822
37631762
559392
32333011
37962948
4156991
20288746
2267854
37962701
37593386
1645073
1127753
37953347
2397956
3110392
2003258
37516167
466500
4085871
948416
37857312
37434264
37634041
37850322
8580301
1336114
36730839
36566912
31843701
14843371
1115831
37928050
1017955
33886426
2382918
36435891
37844384
766330
34027112
30625923
1639540
446685
37673632
16095319
31660006
1167248
30854756
11798
15652350
2333808
3258603
1546064
15992904
37903642
20405299
37807862
37242148
31070973
255620
2953366
37594761
36977137
37319105
16164000
37804630
385607
27564673
33909240
33825222
29233692
20261668
37497003
16202778
27878605
1610948
9054731
33156596
1951618
30796255
37652071
6486991
15684676
34914963
16000206
35904495
315760
2254660
37150861
586452
1371099
866086
24586455
559985
7451421
33251267
36905639
37328700
29218024
34829307
21213599
279922
35752657
37789638
37289646
1959252
37094468
757123
37588455
27802369
36323018
31265061
34905277
37609560
16092780
37253745
33159288
16500814
90057
31166809
6982121
3047032
37282061
36050
32543229
27937681
30058710
37790048
3210855
2438804
33352377
34535980
34247152
1704800
36656233
33357514
31890082
140734
36559269
37480297
34430318
3122373
29307419
30887808
27936716
37148431
32522806
29072054
273217
37710454
15936338
37132112
20321956
30308657
7530151
31889907
30365805
596167
31754724
34877514
34087062
400610
33800868
1549534
35552002
32495956
2231698
1550028
35174696
31090390
36452411
37157599
37626244
842380
1058366
595215
34293534
31086356
4456771
35841731
36865090
33738095
37811920
930874
3082796
31548792
628131
16551967
31498417
15536480
33493428
76773
34186435
37305497
3039134
31649951
30004095
14190
34873497
37604538
37177773
9347051
3021614
2285330
2922358
37262792
10309931
20662
32043628
35356466
24608811
35019422
37779628
1877530
6285901
34536389
31785086
36292045
33233851
3212694
33738435
34222550
4565871
37725674
260869
937015
37684601
1730685
36556814
454944
37804293
30076307
538043
970814
351166
15681438
228748
36333406
1840568
35145246
20571010
