47177102
46473934
351192
27470602
34714895
46345088
47663542
47997114
43158835
44550556
47949602
35793405
429867
72849
47389416
36413583
40442860
37124606
47882106
33589298
35951610
2144976
43236174
43015770
44412070
47841377
38862178
42027587
251548
47815229
47715168
44545745
35322329
30692628
47777095
47004401
38385633
39410289
36353300
29027196
44519246
1430045
33548178
30348316
39922367
35134764
36957144
29579428
37191019
45956771
47613114
17987896
41350753
1701337
47619495
38087037
1450237
35281191
16457329
39672592
34268940
47606246
35949017
268274
45510587
40464318
29650066
34439726
2560106
46659603
484918
35703455
39139537
30397677
47427344
44070277
47496356
47122833
32653535
4492701
47473590
32676884
9321931
1313728
41286185
30136276
30430820
47349661
46477152
47131837
36748465
41856164
40168236
869561
36643797
41576793
2707220
6569771
47223195
37057697
47378292
38215952
20163121
38958050
45343826
47179247
47335870
37693079
30283038
2714846
45692230
3020399
47167119
2303488
47227341
2186258
16652077
37054012
45298303
47188647
47043167
44599867
47217989
3120354
45002913
37808009
46323667
38218070
14505171
41871077
47185291
10238631
46687273
45525248
37174539
47101780
32974354
20269321
47141319
36274227
31421106
43956641
37590878
41547182
31081682
46844955
33860932
33667720
2790348
819604
46025386
36753181
45391268
47027454
29621512
16333216
35485889
39255642
35485860
43453841
30551173
34313704
47026973
1818663
885936
43184223
2864498
11118001
46133173
45558296
15708635
1952448
46487027
35959134
13999431
15596225
39880797
37594761
34664661
46379939
46749877
46970212
45235954
39155143
35776862
906380
31140147
38535689
40765587
40388727
37922785
42537305
33012343
16089037
573227
46719510
45792994
3222797
35874337
16073157
38181860
10151231
37835801
46213120
46012061
45392282
34868094
44233189
39140353
156376
34198542
36200075
31548792
23491408
32775498
596167
2263350
45521473
32685060
36707096
177215
20449939
43931899
42847742
46907305
33298365
37183393
40903138
46803804
38997259
36080478
36665881
1458835
30558604
16050617
4873751
29252948
44182551
3397011
16692985
514070
37974305
35079820
46879905
42297858
2450842
42789606
699702
45227760
124891
37361325
1398529
33032038
6307411
32493978
36213874
44011738
46750391
10559921
41283546
36889904
29931219
26105
39803383
38000457
6798821
44556623
31660678
41003588
34451283
886151
46312370
1709978
4232141
34519834
37350815
46719341
45811143
29127118
31205188
43936362
522830
41359295
1474421
46751093
499787
32776513
44754418
31539488
998536
41630304
30161279
15615189
39886727
36887514
38218223
46818054
1354597
40982320
46564196
34815842
37321660
44279975
27119812
32703125
614316
34835345
29143388
166651
436913
2715074
38910283
46453821
14522191
31955639
40436877
31641561
14528311
35867886
14261141
30242089
36117710
4424141
2324744
571983
2967690
39012655
833768
38254966
45818068
128693
44293977
1265249
44736857
46132779
45479614
1509704
38252875
45479234
35585026
46794154
46771538
34853053
46814309
35351862
44536810
45479348
4615471
39969276
31030034
24655228
7373991
36954591
35704433
301506
34656089
27187243
46752747
46752967
4720381
41578923
1136020
40949357
1085145
862079
38273490
38302428
43276504
44265267
45479634
33885428
29918830
36477621
326035
40755081
31925269
39688519
45751808
34963301
38933575
44169385
1564659
38504120
46356931
27482023
44433601
46770543
36255481
27138115
44902260
32462492
42150444
46001613
44165505
45865577
954639
45817609
46153013
46513151
45830718
42811248
42032081
46481292
46460529
46437028
46383124
46313870
41507229
44248822
42494820
42256677
34595388
38183281
32409459
30229260
40818502
16072171
43734740
45908079
4132931
35241545
34176815
42586385
31887466
19456
42162600
36995972
193832
44007420
20328433
42584673
29317550
33258697
34387564
33052341
33028937
35561457
44967214
44838960
32747470
20390872
35757014
1146459
45242863
40304817
2238228
34867697
31070973
45109725
40735688
15623990
1873720
37061663
15231521
45107850
44414834
43021651
44077883
1200306
44002493
37114522
15640419
33292729
45025690
357778
32133313
38012361
41864342
45080613
40328496
2785044
37788492
41689901
36058595
38099266
16764574
39930901
34844519
45032157
2815434
45025557
43610478
43855044
38095687
9035721
44114714
45007706
45006365
15671315
44235508
43686943
44572569
289548
31654607
2365508
38410704
35787021
35703274
31172140
29004482
41961537
44902124
36132341
38894847
38594007
31766278
15797480
36538189
7784011
36663285
771064
44129259
31988181
38184493
31976226
33499398
37313925
4581761
33650487
32444603
43026219
336159
35864069
37928042
36660866
843392
44869601
408993
11967091
44862282
1171095
29015921
42279793
28137
37292467
33461345
6299361
30664623
1477035
37100183
33359260
33811255
31525614
35008493
1634403
36677698
33816330
13797691
43624441
34271915
15587234
44782872
11798
350737
20172814
1877530
35580368
559985
42177082
43208417
44442114
36253880
39683755
42213000
35586471
40149134
37851820
35584892
37999459
37516167
37934690
37919871
37915759
37906920
37903601
37903462
37903348
37887368
36050
32559966
37836089
37835844
3071062
