4
10
12
13
15
17
24
25
26
27
28
31
34
37
45
48
50
53
58
62
85
94
96
105
106
111
136
154
159
162
163
164
169
171
179
191
199
207
212
220
260
262
267
270
272
297
298
315
316
317
345
346
347
349
358
366
368
470
595
931
999
1063
1094
1204
1208
1358
1446
1564
1576
1608
1698
2686
2727
2749
2833
3103
3263
3583
3643
5216
5288
5304
5793
5844
6010
6289
6435
6508
6686
6719
6840
6910
7012
7052
7064
7185
7364
7372
7546
7627
7711
7877
7888
8068
8128
8161
8166
8184
8241
8242
8412
8438
8519
8557
8626
8782
9006
9422
9701
9875
10520
10575
10912
11220
11295
11455
11474
11604
11670
11780
11798
13255
13291
13335
13401
13535
13877
13941
14190
14833
14976
15414
15901
16079
16229
16465
16863
16892
17341
17632
18128
18287
18635
18698
20660
20662
21315
21372
21672
21673
22287
22354
22714
22800
25423
25872
26105
26620
26625
26664
26901
27873
28548
29300
29739
29844
31254
31364
31744
31799
33387
35709
36050
39494
45230
47862
48114
52313
54541
55411
56496
62523
63148
119376
126300
126662
140734
152280
166088
171234
185739
188532
213246
219308
224600
228748
229245
237608
242813
305373
308564
356041
356912
357736
359544
377795
401743
408102
414188
416907
418484
420918
422836
446529
465071
472220
485069
540546
548413
549311
549368
559985
593643
596167
602954
615562
716217
719993
731466
745974
812410
829690
842998
869966
883730
894150
976235
1095055
1144857
1165880
1200306
1208243
1229659
1261773
1300309
1390419
1467268
1478550
1483621
1492302
1503461
1652679
1659295
1684825
1688338
1730685
1775315
1784641
1787759
1877530
1878418
1893828
1895100
1899896
1958572
2011504
2064342
2175654
2238268
2534908
2572946
2689610
2720886
2724852
2815434
2847232
2920504
2972890
3031596
3039134
3075940
3077638
3118740
3165825
3670151
4292681
4533201
4717041
5502861
6422281
6856511
6906571
6947111
7090751
7778321
7996471
8040861
8458681
8799281
9077751
10950551
11395051
12339601
12715971
13797691
13820041
13928581
15468231
15596225
15738802
15815469
16074161
16384288
16630303
16798735
20181019
20261668
20331385
20539633
25162422
25444690
27083113
27122866
27365740
27462250
27554317
27915937
27936716
29010172
29057564
29083476
29126540
29245920
29333654
29388434
29556761
29591225
29787255
29802461
29889111
29902611
30138893
30321588
30396184
30570995
30600093
30738944
30745723
30766628
30896737
30922784
31186639
31367811
31448506
31548792
31587658
31742788
31749471
31789456
31890082
31979714
32011145
32043628
32047791
32130725
32238444
32246575
32276072
32302017
32397314
32457593
32554504
32560303
32669976
32698748
32775926
32889690
33307638
33490641
33493428
33596879
33642743
33653809
33656580
33726771
34042846
34043138
34064706
34100156
34111873
34180348
34218848
34244057
34257819
34315915
34470484
34514115
34524868
34534224
34612997
34768668
34844369
34857022
34888306
34968254
35019422
35020479
35106960
35246923
35294013
35299328
35356466
35378469
35394195
35516148
35573388
35618424
35640554
35710349
35757014
35927927
35950803
36026727
36044674
36074423
36142896
36159071
36190120
36197702
36288170
36298704
36299528
36315928
36319437
36328735
36328847
36335589
36342850
36347721
36350739
36360678
36364552
36378265
36394019
36437426
36444626
36479005
36503942
36518581
36525623
36534780
36543182
36556814
36559919
36575242
36581096
36654419
36666664
36696017
36702850
36713332
36737272
36758439
36761353
36762078
36764860
36777617
36777790
36811176
36842978
36856328
36864743
36865090
36908592
36920436
36922403
36933791
37017693
37043833
37111710
37112272
37112422
37115061
37121294
37148431
37150861
37178043
37209949
37212632
37222860
37222900
37230934
37243017
37245504
37248556
37250090
37259904
37274107
37274141
37282047
37289646
37295891
37299366
37316325
37321239
37328700
37332488
37346379
37347777
37379263
37405765
37418301
37424741
37430215
37436467
37456588
37473991
37483035
37485073
37488592
37496941
37506587
37513675
37513847
37514126
37514173
37567544
37578144
37580266
37589821
37590492
37593386
37613983
37623035
37625125
37628066
37631066
37631762
37637844
37638128
37638400
37649335
37651320
37652023
37654769
37663682
37666475
37670396
37671691
37672152
37676249
37683436
37686917
37688251
37689994
37690351
37692016
37692136
37692574
37695655
37700281
37700341
37700486
37701161
37701232
37703991
37708249
37710591
37710983
37716951
37720772
37722725
37722812
37723616
37725674
37729135
37729429
37731365
37732244
37734089
37734906
37735880
37736561
37736793
37739937
37741732
37741783
37742061
37742198
37742859
37744884
37751581
37754956
37754972
37756277
37758268
37762308
37762717
37764642
37767483
37768990
37772756
37779135
37779628
37783796
37785375
37789003
37794049
37800571
37804293
37804630
37805654
37806712
37810552
37814026
37815249
37815287
37816061
37819768
37822769
37823110
37823788
37823935
37827704
37829427
37831260
37831995
37836119
37842626
37842910
37844274
37844544
37845448
37847153
37847551
37847578
37850322
37850855
37850862
37850916
37852091
37852444
37858542
37862568
37867195
37873501
37874885
37874945
37878523
37880070
37884494
37886910
37889601
37891273
37891606
37893874
