19456
26105
39743
43073
103834
127079
135527
182460
218373
253940
276167
287534
290563
336159
339390
361367
378214
418756
420967
596167
650034
819730
853534
979013
986818
1077223
1171095
1298648
1433568
1604359
1608630
1683427
1695885
1708075
1796693
2078928
2170802
2270350
2326728
2426108
2683536
2707220
2771294
2988970
3012160
3157764
3750251
6906571
7050671
8158961
8182321
8768181
8988411
14099171
14180831
14220091
14962591
15794711
15816217
16113739
16134122
16586800
24232080
27138115
27202855
27304666
27373033
27527125
27962017
29112962
29232725
29325094
29777439
29833362
30251532
30696473
30919744
30948944
31507554
31540271
31578267
31785692
31816469
31887735
32210694
32242819
32444312
32677225
32794815
32976222
33108783
33275209
33644001
33862968
33881532
33980787
34278609
34306325
34686596
34800293
35019422
35114356
35200183
35347656
35459299
35613147
35652243
35703455
35998437
36016344
36185023
36266626
36344827
36347721
36448909
36586573
36614252
36693868
36735546
36865090
36922403
36991716
37024264
37043951
37077123
37094468
37112442
37148431
37150861
37164254
37182818
37285533
37321660
37513937
37514126
37516117
37545051
37688251
37694265
37778888
37779628
37784901
37857312
37870985
37880563
37903642
37910913
37928050
37928796
37931046
37938267
37939662
37946689
37950741
37958032
37962948
37962980
37963652
38037858
38539709
38869706
38957184
39195145
39252610
39683755
39880797
39901678
40212040
40597911
40682417
40723201
41018492
41193047
42297858
42423569
42734274
43104337
44027486
44192326
44282300
44851715
45082986
45132026
45303065
45531017
45787273
45802257
45939372
46006290
46012061
46036754
46067854
46080904
46196797
46219823
46277257
46314871
