46345088
47857021
33894301
47930026
1495148
952584
47368273
29777439
44412070
47176019
40678592
31781162
37847929
47628530
30229260
47569242
47358620
6002901
35703455
47516881
43894753
484918
1313728
47433838
37251405
32676884
14505171
47452605
30430820
47428088
30136276
47131837
2707220
47223195
38215952
47349661
38087037
16228379
36677803
45525248
47188647
45384104
47335870
33667720
41294897
13825821
16652077
47227341
43376737
35635520
33860932
37590878
2864498
885936
47101780
819604
47061639
36080478
46533121
46533046
46532857
47018521
46133173
45235954
35959134
42297858
38535689
29931219
46964809
46532273
46531466
46957122
46956787
46956493
46531170
46531118
46500918
33012343
596167
40903138
34935669
46530204
46529757
46529734
46818054
37183393
46814309
46529709
46529681
46529602
44285272
16692985
38071184
37350815
38504120
44182551
46879905
41856164
41359295
38566770
44782872
46823148
46821815
46820970
38065482
46817356
45479614
46771538
35704433
37820613
45023377
40755081
41578923
39688519
31759977
38254966
45184976
46795141
31140147
46794154
45521473
46791841
39458854
833768
46789401
46786377
46784461
2831258
43936362
44513121
44165505
46755081
32638739
46750391
46001613
46692857
45450183
46611537
46555977
46540812
46533128
954639
45391268
46507888
35309271
514070
43033878
46476068
42698273
35743322
41871077
46409715
46315435
46219823
40554302
37951232
46006290
36509586
43712100
45830718
46337786
30251532
37321660
46307743
44909512
35874337
46250307
42162600
42734274
46012061
38957184
46216072
31887466
42699517
44851715
46173759
31923832
16030160
44451964
588088
42405041
46136499
41018492
44724275
46091660
40479611
35613147
36614161
35182649
33741778
40818502
43734740
44459233
33132170
42586385
45787273
44775968
34268940
33292729
27889049
20478610
34161633
42742458
37058800
34176815
2574908
42584673
29638879
13797691
34387564
33726771
45297853
30008136
35561457
24655228
45267657
44838960
31287507
36496295
45253219
193832
34093276
36726098
32747470
42440304
31525614
15231521
45210371
843392
37100183
33152906
45109725
45184352
45179345
45107432
42213061
15640419
45107850
43253587
38910283
35300210
34595388
37413241
34844519
1873720
44225465
31988181
35586471
39255036
36663285
34947124
36058595
16764574
2238228
37937240
289548
45027825
44442114
45025557
36633842
27454525
771064
35192754
43686943
15583108
29004482
36538189
43021651
34297224
38630457
2365508
37054012
38095687
454122
44902124
32288681
11967091
30664623
3140811
12128141
37043833
11229861
36645695
37061663
12711881
43184223
33565098
42056861
44235508
33052341
35317334
37313925
480783
37609810
36660866
41514691
32390084
1634403
39480855
30567215
13999431
35520100
43334118
38012361
33455400
36863105
43158835
30696473
44114714
40421756
43612058
40648907
351192
33681928
36359674
39117598
43348474
44007420
39899470
33015800
29584654
41306593
34829884
3014848
38010354
43907326
2811256
5815311
35200183
42993273
36504922
38564916
43698619
31448506
32444603
41963216
40465984
38531018
42993963
36737005
33834879
347700
33004543
36313076
34288861
20201428
38447743
20314600
40328496
38099266
16126486
42592435
35495855
43140368
32244163
43313802
30026118
37234673
34725190
39956902
36035431
42986642
43097358
37121970
32854013
40374533
35580368
37620755
40274339
350737
16610110
16033322
42235052
33796498
42104489
16050617
6499981
42809492
41587978
30518547
38182077
42845262
40526551
33263363
39666126
37921378
1171095
27550213
37071754
38594007
36722553
6299361
15671315
32182070
2050286
26105
36845327
38873307
42872177
34202335
42593502
42846305
35322329
36991232
31020335
5658921
119376
1877530
35356466
3055894
2630504
35008493
42699716
11798
41441868
37881385
15596225
559985
35497249
42289107
20172814
36050
41647249
29215490
