46936911
31478552
24980431
47955092
42829736
40442860
38215952
31781162
46328525
47725721
30136276
47658877
14522191
47477154
40202215
2560106
44599867
902762
14505171
38420098
32561562
47468131
38850077
44002156
32676884
1313728
37183393
44270317
39362247
33114324
30430820
47349661
30283038
46687273
41359295
885936
47183125
33285919
41578923
46969039
2864498
35959134
46133173
46487027
34664661
38300443
480783
43740077
45730829
40903138
46549382
16692985
45227760
29931219
833768
37820613
44754418
43176830
46803804
42297858
46001613
38504120
42003330
1354597
31641561
38538968
34884676
43565942
43760470
2831258
44165505
39886727
32924305
46674708
45865577
596167
7840911
5666771
36954591
46529377
45818068
38181860
35864069
35857284
35870138
35100975
45802257
46529247
46529093
46529073
46528893
46528297
33012343
30281112
39688519
46153013
46500335
46500264
46546063
46500222
46500193
46500180
46537646
46513151
45830718
42046778
39423203
46500147
46500125
723052
46500028
46279408
46499986
46499955
46499921
46499426
46499398
46499344
46499197
46499169
46499138
46499104
46499087
46499067
46498974
46499017
46498994
46498950
46498885
46498865
46498820
46498788
40755081
42811248
46498761
41286185
46498733
46498711
41639851
46498688
46498660
46498627
46498588
46489362
46508778
46487117
46485295
46486148
46484862
42032081
46483909
46483659
46482869
46482828
46481250
46481249
46480577
46480341
46479947
46479010
35309271
514070
46481292
33548178
46465268
46425603
44412070
45184976
954639
38273490
29541566
16050617
40344160
41871077
40101476
46315435
46046013
37321660
46314871
40144312
43712100
336159
46001729
34281074
34714895
2567778
46213120
30408425
42734274
43413766
46216789
46025386
42314463
45521473
45876116
46149233
42581711
46095083
35182649
33741778
40818502
37027429
40479611
45531017
15729279
32681515
43104337
46002168
30229260
37425820
16030160
44724275
1582216
43734740
34161633
4132931
33132170
42847742
44572569
45244552
45757641
43821616
45820839
37036907
41172101
502799
30664623
45816942
1564659
35241545
43885995
36614161
34595388
31408319
45715796
42586385
41282414
45482123
36092519
9134
31887466
45316213
31209204
36359674
40328496
34176815
31534848
42177082
41689901
44628404
32638739
37928042
41283546
45471359
33832904
42162600
36995972
33106804
45411300
2186258
20328433
45343032
29638879
29317550
44007420
13797691
42698273
35322329
34387564
32133313
31432310
29145300
35586471
42584673
36682596
45314642
37054012
6299361
35935521
15102371
31562293
35561457
3032388
39914632
24655228
30008136
20390872
44838960
34867697
39969276
45229380
35757014
2785044
10256221
38594007
33363448
31525614
1146459
36934797
45242473
34093276
1877530
119376
33292729
45216261
1171095
15706969
40735688
15596225
45188944
29887929
34268940
15671315
15623990
36058595
37061663
44235508
15231521
42213061
45107850
1873720
41864342
1634403
43021651
2050286
44077883
44002493
44405486
15640419
44166824
45025690
44398790
31797942
43686943
350737
35580368
11798
289548
36050
35008493
35192754
771064
20172814
559985
41303431
37937293
44283738
34844519
15587234
16158500
44751279
43294448
36466227
34271915
39442196
193832
44621843
34297224
38095687
44442114
32855727
33565098
31489048
44081214
37043833
33052341
43882475
36292045
1284048
42407388
36808298
37313925
32444603
44114714
35727758
38067335
38012361
32390084
32976222
30574224
43612058
44056682
44036459
44016226
43385100
43300119
32556320
27222622
37968571
42326003
41977674
41347968
41173686
40991668
40739112
3063314
40703201
40507687
40293890
39887278
39370355
38412193
35359132
