11798
16892
18128
26105
28137
29420
31254
33449
36050
45147
47805
53111
62523
63016
63647
63959
68164
76245
78139
83166
105841
119376
125687
129131
155881
169492
178583
182881
182908
192998
210231
213296
233341
246282
251442
254590
305653
311546
338669
347700
353810
356041
359395
370821
370967
371501
407347
418020
423468
443709
443765
456579
477039
482095
487840
501520
515242
522830
531655
538043
555518
559985
560252
566585
567562
569950
573243
596167
618277
632196
645381
653024
660465
672965
673158
675247
707486
718097
727586
737978
775272
780674
785703
789336
804198
806183
813595
813805
816689
837162
838715
842663
843146
860436
885936
889054
897175
908865
927455
935188
937694
959324
979013
993252
997522
1033820
1055997
1080527
1112602
1117022
1124446
1141626
1146169
1167248
1169386
1171095
1195626
1196522
1200306
1236224
1236459
1249292
1250749
1255710
1262636
1310332
1310439
1322549
1324240
1324906
1336395
1350436
1362383
1365886
1372174
1373118
1382548
1388397
1393147
1394493
1397686
1398925
1400499
1455538
1476291
1482263
1510906
1536721
1537768
1545666
1578128
1584313
1585238
1587353
1610948
1616884
1619907
1634403
1638840
1648406
1660199
1679010
1702865
1703162
1723820
1735453
1738383
1751121
1778533
1807177
1810793
1851702
1857240
1877530
1893312
1895100
1901316
1932870
1950762
2002880
2045134
2050286
2050402
2081806
2098570
2113434
2160914
2166222
2210544
2230652
2245218
2247548
2260982
2297842
2333808
2384130
2400158
2450842
2534114
2574794
2616396
2618508
2630504
2644732
2698598
2713774
2715148
2771696
2794730
2815434
2840066
2840548
2878362
2886924
2944724
3014848
3020399
3055894
3102847
3109509
3117847
3124835
3137386
3158603
3168506
3171820
3181103
3193955
3234898
3347471
3492191
3493841
3608531
3766571
3867101
3899521
3938491
3961461
4041271
4154811
4160301
4182101
4255031
4258721
4271511
4464111
4624411
4720381
4808241
4860701
5045391
5377501
5617371
5658921
5731651
5733021
5798171
5822501
6299361
6490561
6526071
6586301
6676371
6796441
7110191
7184771
7550161
7552111
7708711
8004601
8020801
8230371
8241591
8617341
8806041
9063801
9161371
9786431
9864751
9948181
10529761
10529851
10569401
11053931
11229861
11268191
11322661
11351521
11427841
12102551
12313291
12413401
12588771
13566561
13999431
14002571
14095591
14665321
14702871
15012421
15371121
15385911
15543377
15543449
15559844
15579577
15589484
15596225
15600969
15604249
15652765
15663195
15664157
15671315
15675191
15694270
15707353
15729482
15738598
15741138
15762790
15814942
15842297
15843165
15996864
16018956
16020671
16025993
16031116
16032672
16091343
16094538
16116864
16130666
16136626
16158500
16163058
16177036
16206838
16241110
16256140
16407166
16681006
16716982
20172814
20201428
20314600
20326693
20347216
20364772
20366986
20428621
20439295
20523502
20536720
20574337
23179751
23962505
24294931
24522829
25172549
27080734
27175597
27225205
27300640
27371503
27453715
27523450
27544591
27646777
27799468
27799810
27813691
27817105
27890078
27935593
27956656
27962477
27966128
29028234
29062726
29072788
29131195
29131494
29171776
29191384
29216480
29229321
29231809
29259413
29292672
29304793
29311548
29323571
29325792
29511895
29512247
29517468
29545569
29549168
29564986
29617957
29638208
29639372
29642097
29663232
29776993
29802929
29817991
29826051
29830324
29840650
29899928
29939099
29967659
29968896
30011520
30024406
30054308
30063434
30125528
30161279
30204141
30205172
30221875
30226474
30239402
30244965
30296959
30307912
30369192
30369218
30410782
30425039
30444363
30520436
30529092
30551638
30567215
30574224
30642217
30664787
30679721
30696473
30748557
30782255
30811026
30819324
30924010
30950068
31057880
31058865
31099147
31126690
31128614
31172140
31207301
31213066
31225367
31259860
31314215
31317658
31367431
31405882
31496819
31512952
31525614
31533201
31541043
31559648
31612623
31622964
31634230
31644084
31672979
31677098
31725424
31761914
31777340
31819967
31821114
31824895
31875275
31916219
31923832
31933111
31943456
31948211
32001591
32001709
32023436
32046105
32109996
32110086
32139012
32142066
32196581
32202594
32235194
32250354
32261772
32265285
32293981
32296114
32325098
32326177
32354751
32355871
32361419
32371107
32377196
32406594
32426694
32467339
32512935
32513129
32522806
32543426
32547426
32561635
32582705
32603445
32611308
32628422
32651444
32657857
32696309
32726147
32757769
32761555
32764561
32775926
32825687
32836010
32854013
32867874
32912998
32914832
32949699
33015800
33046106
33085537
33085578
33178885
33187551
33194995
33232042
33235967
33239512
33263363
33276126
33282985
33292729
33327116
33432979
33467222
33471284
33471636
33479991
33481426
33510685
33522190
33557256
33579364
33580409
33583028
33596879
33602007
33606106
33655253
33673073
33679777
33718512
33729226
33744045
33750074
33791742
33811255
33834559
33855761
33868145
33919978
33950460
33959717
34021836
34030792
34031253
34064706
34094382
34099270
34120045
34164316
34164704
34191713
34202335
34261097
34268940
34276313
34297033
34310914
34313704
34317415
34323516
34355903
34373189
34384260
34385049
34427379
34440335
34441974
34460855
34470821
34491726
34515775
34527665
34548976
34554813
34562915
34617756
34628768
34654764
34677430
34701630
34715872
34726732
34734659
34795439
34822366
34829307
34844369
34855207
34855714
34896999
34903372
34903603
34911788
34924289
34925717
34947858
34968380
35008448
35008493
35025826
35045608
35062420
35082686
35083444
35118198
35162790
35243862
35248371
35300985
35322329
35356466
35388257
35388899
35420305
35485494
35497249
35501629
35520100
35561457
35580368
35586471
35614979
35640554
35643665
35652721
35658308
35782682
35793405
35848891
35853735
35880714
35884107
35911395
36035070
36076994
36093463
36158040
36168038
36175652
36183673
36218844
36223368
36295327
36402740
36409309
36429170
36460143
36468700
36479606
36525395
36538189
36573470
36583105
36620751
36625764
36644610
36722553
36742325
36753181
36776160
36787133
36791991
36792555
36822996
36834514
36838004
36848906
36853055
36853187
36865090
36879805
36893155
36912954
36991232
36992274
36994750
37003893
37012259
37021876
37028700
37054012
37055960
37061663
37066247
37066292
37069798
37076955
37094468
37096030
37115071
37115098
37117433
37154807
37154834
37162530
37177644
37204146
37234673
37278396
37278548
37282818
37296920
37341352
37375246
37389267
37445882
37452015
37461354
37496941
37545051
37550336
37579722
37594761
37619643
37636558
37639198
37675919
37712691
37721141
37730952
37756277
37781885
37804293
37812643
37836622
37843534
37843571
37850681
37855376
37855813
37856176
37864378
37871689
37872354
37873266
37883330
37885598
37887801
37890627
37921378
37931738
37934324
37936505
37955348
37955365
37955462
37955484
37955602
37963111
37963733
37968571
37987387
37999126
38053993
38056542
38067448
38082507
38082553
38127290
38141309
38155918
38156081
38172391
38182077
38188987
38204030
38206730
38209809
38233380
38233811
38236337
38246013
38254372
38277422
38285678
38332566
38353535
38359112
38400363
38421243
38456651
38483979
38501671
38546529
38564916
38566645
38577467
38591222
38594007
38594846
38607775
38614688
38622085
38630457
38640178
38661057
38661958
38663170
38663587
38669006
38676794
38676955
38733844
38739374
38742141
38785029
38785498
38823095
38838215
38858875
38866331
38878926
38894760
38910283
38962779
38963248
38967019
38974305
38975205
38975800
38987674
38990171
39007267
39020401
39044749
39050973
39086198
39089547
39096458
39100158
39103915
39109611
39114949
39120946
39128817
39130979
39166191
39166810
39182157
39193972
39198238
39206715
39208503
39209707
39223226
39249006
39284739
39306968
39324081
39362247
39375423
39394678
39414509
39442196
39480855
39498303
39573295
39604976
39609852
39618522
39618562
39618619
39618698
39618889
39623911
39662614
39669382
39692607
39692938
39708990
39713373
39826347
39835662
39840376
39894049
39895988
39898749
39922367
39931678
39956902
39978182
40005999
40017543
40062836
40071010
40157713
40184958
40199202
40287194
40328496
40347005
40374533
40398270
40525796
40594139
40749111
40837826
40865490
40969376
41003588
41099350
41207821
41250206
41278898
41280317
41315721
41315789
41398626
41399161
41420682
41429084
41430233
41477852
41505538
41547182
41570707
41582800
41587978
41618405
41645642
41655329
41763343
41879162
41886838
41905998
41992105
42116343
42170732
42235052
42251486
42406930
42536044
42592435
42726156
42729759
42827427
42993327
42993963
43097358
43487716
