47857021
46226352
38296369
29777439
38504120
43894753
47496356
1313728
47433838
16027429
41856164
32653535
47349661
885936
38215952
47335870
41359295
35712328
46969039
37590878
43184223
37183393
46487027
45558296
37594761
34664661
38535689
16692985
33012343
40903138
596167
29931219
45227760
32685060
38566770
34656089
833768
34853053
31759977
42297858
38254966
954639
571983
38538968
31641561
46129756
45818068
44165505
2831258
38181860
39645605
31140147
514070
43686943
1842362
33298365
44782872
34306039
16050617
46001613
15724439
46495104
46478972
44412070
40755081
35743322
40344160
38579246
42046778
45391268
35703455
36509586
43712100
35787021
37951232
46315435
37321660
3088005
1008866
36887514
42468526
31887466
30008136
35586471
37987137
13797691
33052341
42162600
2574908
33106804
45316213
44775968
38095687
29638879
30580853
14046131
42584673
36808298
15231521
44214452
36660866
193832
289548
45246820
44225465
39290158
43021651
44991240
44980568
44840226
13999431
42022374
12128141
16666969
42279793
44736514
32390084
44640077
38845853
42056861
34297224
44125296
36161663
33565098
44503128
38099266
20390872
253770
2566714
38594007
33455400
39480855
41591751
35971388
43949148
5815311
20314600
43763761
32444603
31766278
42993963
34313704
43492226
42986642
24524806
35542573
43404337
43366341
43335571
40374533
33152906
37642160
38182077
43045033
4255031
32182070
3055894
1460367
7708711
42592435
37855813
2738540
42447539
41884150
997522
2689610
34021836
34804432
35773220
37098117
37045120
37850681
28137
37871689
37619643
37061663
3899521
33618340
35008493
41477852
41905998
2630504
33015800
37054012
41763343
41645642
37545051
34470821
41398626
39174653
41576232
35640554
35322329
41250206
1080527
35497249
41331425
34268940
41298037
31367431
40328496
38297191
15671315
37794049
38630457
34202335
40374793
40343671
2050286
31421106
1942238
347700
38858875
30004405
40036150
30369218
1408559
1895100
39908670
33235967
33471284
37076955
39852324
39826347
27966128
39805624
2815434
32354873
39662184
36409309
39109611
38823095
36583105
34261097
35561457
39430039
33046106
39306110
33194995
1877530
33292729
33596879
38962779
36838004
311546
35356466
15543988
37873266
33187551
3020399
33811255
39181904
36865090
39154292
39121877
36991232
20172814
1634403
35580368
30161279
15596225
37282818
37712691
29185215
1200306
38924635
11798
37487245
559985
38966847
38911520
38868719
32961432
38785512
38695783
38677225
38676234
38651038
36050
30308657
38611859
38562490
38389662
38379740
38167728
27290266
