5054
9134
14190
30857
36050
38309
38687
49695
79759
88824
93640
102527
109567
113897
115280
117520
129131
135527
144453
149574
153215
156376
156958
157910
191083
193832
195008
205115
207824
209124
218112
219392
232727
237544
251442
262979
269592
278077
289548
310033
310368
318589
325058
325495
326750
331561
347700
350737
357778
359395
375443
377670
385476
393592
397181
408993
413470
438423
439813
440071
440114
459808
466500
484918
491751
497208
514070
516765
522830
529402
537838
559985
563430
596167
602538
645195
645654
650034
650445
663682
690071
699146
735157
740601
740929
749226
757599
757801
761552
772947
774335
777519
789336
802244
819604
830056
831528
833768
837162
843392
846413
857423
869561
870226
873902
885936
922681
930146
944555
954437
954639
968015
1008866
1031453
1051540
1059461
1092136
1097728
1134642
1149124
1175641
1181507
1254889
1313728
1354597
1368810
1375382
1392545
1430045
1450237
1461746
1502973
1504814
1516280
1546064
1555852
1563881
1564659
1575466
1582540
1619907
1621375
1656182
1664251
1672276
1686155
1687227
1701337
1720014
1753661
1795591
1820663
1844576
1846432
1857240
1877530
1892260
1895246
1898930
1932138
1975098
2001324
2057894
2078778
2084692
2151646
2186258
2190572
2238228
2251844
2269306
2350506
2431950
2491948
2600676
2602410
2618508
2715074
2722208
2724988
2795598
2815434
2923560
2992796
2993962
3020399
3064686
3081832
3084278
3091284
3092941
3103601
3119605
3124052
3140811
3220748
3494271
3537741
3969731
4109771
4184801
4232141
4644921
5577831
5617901
5685471
5731651
6002901
6328601
6647601
6906571
7179401
7540461
7573251
7876371
7906591
8132561
8188801
8599771
8892541
8896231
9172831
9361461
9669531
9699051
9714781
9965971
10493041
10941671
11296961
11345741
11367181
11662231
11881381
11924551
11967091
12242591
12441941
12546361
13797691
14030851
14287841
14496021
14505171
15102371
15238601
15349881
15583108
15594926
15652776
15654415
15674567
15729279
15749141
15782834
15789805
15818758
15844560
15938450
15962880
15988263
16030160
16060886
16084020
16105336
16105854
16118909
16214943
16215672
16241365
16370005
16373920
16389685
16652077
20166991
20261668
20271358
20390872
20426323
20478610
21457148
21915986
22632150
23163521
27123661
27139687
27354496
27362566
27459913
27562855
27573859
27629623
27699097
27764383
27788122
27902979
27933505
28094275
29051972
29055069
29072050
29127118
29129925
29188310
29192125
29323571
29324312
29622686
29632585
29638879
29650066
29755139
29777439
29810412
29832069
29833362
29900950
29931219
30094911
30136276
30161279
30168925
30205043
30221364
30229260
30283038
30348316
30351088
30410782
30426544
30430820
30479845
30539384
30574224
30593334
30620838
30692628
30835196
30997213
31010995
31047852
31082396
31173901
31197848
31366253
31394077
31429594
31448101
31478315
31500860
31513049
31539488
31641561
31649667
31660678
31670543
31759977
31781162
31805492
31849635
31875275
31879493
31880815
31913241
31923832
31974640
32044124
32046340
32198828
32253017
32268420
32300368
32388040
32409459
32455809
32461152
32517696
32529962
32544777
32595977
32602742
32636782
32653535
32669976
32676016
32676884
32689351
32747470
32775926
32814477
32819478
32823830
32844436
32979253
33012343
33025815
33028865
33061919
33072830
33132170
33150410
33167125
33228745
33298365
33312225
33321723
33419363
33433912
33445727
33460049
33559419
33567901
33589298
33667720
33740996
33880811
33925978
33936364
34051690
34087036
34093276
34134004
34149952
34176815
34198542
34251417
34257982
34297224
34306039
34336286
34385049
34387564
34389310
34418980
34439726
34452527
34491726
34495402
34542559
34595388
34607339
34625011
34630035
34656089
34664661
34700783
34761914
34828999
34829884
34844519
34857022
34859262
34886224
34931272
34963301
34970169
34977221
35021150
35042584
35069610
35089787
35125821
35182649
35186315
35192754
35196349
35294013
35301602
35343687
35356466
35390395
35417620
35520100
35532108
35537195
35551110
35574552
35645513
35646939
35703455
35704433
35755127
35757014
35867886
35874337
35889331
35912758
35949017
35951610
35959134
35968725
36020360
36035431
36056172
36261291
36270805
36282658
36353300
36403327
36419886
36465805
36474256
36495902
36509586
36523232
36538189
36565393
36566001
36578450
36650218
36696017
36748465
36772578
36775060
36780730
36851315
36879718
36882626
36884663
36886397
36887514
36957144
36960076
36980246
37027429
37036907
37075133
37124606
37183393
37191019
37274107
37296122
37337975
37340658
37349049
37350959
37457331
37473305
37546190
37555283
37590878
37698826
37721491
37723536
37748639
37787672
37804630
37820613
37835801
37842897
37847929
37937293
38032583
38036381
38136270
38146280
38181860
38189330
38197268
38215952
38218223
38230936
38258171
38300929
38385633
38413069
38420098
38493267
38504120
38535689
38538968
38541316
38566852
38667277
38759943
38879248
38887000
38907515
38957184
38982060
39054108
39093302
39139537
39155143
39193270
39202478
39209504
39237693
39410289
39504905
39623249
39645605
39648620
39662668
39688519
39880797
39886727
39889486
39892594
39923485
39958060
40023910
40144312
40168236
40183722
40189022
40202215
40304817
40344160
40404223
40436877
40463327
40479611
40523916
40653131
40671917
40678592
40680602
40721308
40735688
40755081
40800957
40902096
40903138
40960544
40982067
41014521
41022086
41023720
41220844
41237851
41286185
41338107
41350753
41359295
41363461
41386918
41436722
41474719
41527614
41576793
41578923
41645370
41661858
41669770
41834390
41856164
41871077
41998402
42027587
42057895
42162600
42297858
42314463
42341279
42375500
42405041
42494588
42581711
42586385
42600441
42653951
42673553
42698273
42734274
42775176
42804788
42859337
42970899
43001894
43008201
43021651
43232487
43233463
43236174
43376737
43389109
43389560
43390038
43432769
43432917
43434518
43435194
43494458
43537360
43547493
43603315
43684853
43701102
43734740
43762390
43780643
43788704
43847832
43853811
43894753
43952237
43952785
43985997
44002156
44011125
44022837
44027486
44030022
44070277
44087121
44165505
44169385
44192326
44204975
44225465
44270317
44279551
44293977
44298062
44324824
44382235
44412070
44433601
44474780
44513121
44519246
44536810
44545745
44599867
44724275
44769079
44795147
44819382
44849404
44851715
44913371
44967214
45002913
45007213
45025557
45025761
45043488
45082986
45084328
45084714
45109725
45110757
45119792
45176306
45184976
45223202
45273880
45274314
45303065
45305176
45343826
45448526
45505081
45521473
45524439
45524877
45525248
45535684
45555468
45558296
45576194
45576904
45577590
45586785
45656246
45692230
45760437
45761075
45800673
45820839
45876116
45880061
45981674
46001613
46012061
46025386
46036754
46046013
46067854
46099706
46119721
46121289
46122048
46129480
46132779
46133173
46133800
46137025
46137154
46139438
46152039
46166965
46167348
46174820
46178713
46179903
46186765
46194282
46196797
46209499
46221991
46301981
46302587
46312370
46314871
46315435
46323667
46345088
46411886
46429254
46466528
46477152
46486145
46487027
46490987
46578483
46632286
46635654
46659603
46671544
46714517
46719510
46734922
46795141
46797106
46809507
46899817
46907541
46928913
46969039
47004401
47022912
47101780
47131837
47134088
47154270
47167119
47176019
47177102
47177570
47179247
47187825
47188647
47192335
47221767
47223195
47225036
47280632
47289001
47305556
47334918
47335552
47349661
47358620
47377349
47389416
47401530
47409655
47427344
47428088
47436666
47439872
47448912
47468131
47494045
47516881
47520005
47521374
47523972
47527882
47532853
47532862
47546901
47559898
47564957
47566404
47566579
47569242
47590413
47612349
47623937
47643432
47644540
47651703
47652747
47653635
47685771
47713622
47715814
47717548
47717659
47718479
47719552
47729792
47732363
47752135
47799520
47814088
47824140
47857021
47865553
47868102
47880055
