3263
5270
5288
6031
6686
6840
7627
8242
8626
8684
9240
9875
9924
10483
10520
11220
11474
11488
11798
12485
13401
13414
13977
13979
14507
15418
15704
16623
17790
17875
18128
18635
19021
19023
19160
19308
19572
20510
21025
21228
21985
22287
22614
23154
23307
23612
24518
24978
26105
26374
28548
29132
29300
30265
30749
31744
32004
32421
33219
33449
33937
34151
34221
36045
36050
36983
37047
37186
37203
37210
37431
37712
40530
40640
41344
41834
41889
42494
42616
42819
43655
44218
44464
44804
44886
45521
45582
45711
46248
47520
47606
48746
50974
51041
51268
51293
52504
53111
53471
54286
54442
54618
54691
54970
55295
55478
55555
56216
56437
56496
56594
58535
60019
60292
60734
61175
62635
62817
63075
63314
63959
63980
64016
64316
66025
66490
66655
67032
67111
67330
67813
68262
69213
69285
71328
71783
72057
72959
73083
73284
73744
73800
74747
74778
75247
75798
75806
76145
76564
76719
76934
77185
77831
77901
78433
78807
79361
79408
81519
81658
82962
83403
83856
84836
85126
85620
86549
87230
87455
88416
88612
89143
89346
90312
90472
91205
91626
91837
92181
92863
93071
94691
95850
96086
96306
96743
97326
97669
98284
99754
100612
100613
101891
102354
102527
103046
103242
103588
103734
104251
105244
105841
105857
106382
108023
108069
108096
108290
108478
108804
109008
109041
109049
109567
109672
110267
110561
110586
111177
111421
112030
112066
112167
113401
114747
114969
115595
115914
115986
115987
116633
117153
117609
117762
118569
118630
118688
118773
119376
119619
119843
120594
121030
121141
121907
121908
122012
122547
123044
124445
125946
125998
126299
126300
126534
126662
127089
128440
128693
128794
129131
129199
129858
130005
130444
130558
130898
131014
131357
131457
131508
131604
131833
132743
133231
134328
134473
134524
134608
135121
136170
136827
136943
137796
138169
138350
138756
138967
139124
139494
139603
139713
140539
142145
142455
143381
143410
143582
146100
149807
150059
150282
150489
150943
151503
151911
153215
153298
153485
154501
154751
154995
155601
155881
155886
156203
156597
156789
157250
157671
158470
158654
158963
163171
163252
165042
165155
165933
166144
166539
166653
166732
166879
167458
167587
168006
168310
168480
169492
169552
170632
171129
171596
173643
174673
175259
176073
176365
176402
176419
177030
177222
177501
177736
178291
179349
179876
180294
181052
181815
182419
182439
183893
184034
184065
184340
184938
185778
185876
185929
187370
187379
187552
188116
188532
188955
189020
189170
189372
190265
190508
190690
190970
191158
191777
192345
192513
192551
193119
193525
194219
194278
194357
194975
196279
198732
198830
198918
199193
199308
200032
200625
201301
201336
202029
203048
203163
203838
204951
205195
207738
208047
208050
209344
209402
210025
210287
210649
212199
212245
213321
213322
213443
215222
215790
215890
217125
218232
218415
218854
219069
219277
219320
219500
219610
219912
220111
220263
222392
222682
222733
222754
223069
223118
223138
224817
224884
225528
226288
226755
227113
227533
227986
228216
228271
228748
230192
230688
231095
231450
231574
231725
232425
232603
232924
234297
234507
235724
236575
237363
237544
238013
238337
239179
239187
239439
241238
242076
242813
242914
243019
243072
244164
245220
246629
247508
248179
248483
248916
249948
250260
250960
251064
251095
251182
251442
251661
252305
252560
252676
253055
253497
253947
254313
254965
255911
256114
256346
256478
256595
257148
257497
259529
259650
259897
260973
261146
262103
263377
264539
265567
265927
265968
266360
266539
266549
267634
267811
268836
269061
269592
270968
270988
271375
271683
271698
272907
273217
275648
277287
277833
278840
279410
279680
279922
280582
281383
281753
282534
283782
283963
284226
284379
284732
285382
285680
285840
285910
285990
287731
290616
290776
292917
292996
293060
293707
293737
294675
294913
295151
295560
295706
295776
296291
298514
298617
299271
299776
301013
301373
301389
301506
302292
302358
302404
303456
303584
303699
303799
303895
304185
304294
304920
304985
305373
305870
305915
306191
306802
306904
307122
307143
307459
307707
307738
307850
307961
307987
308006
308564
310215
310368
310649
311546
311616
311741
312067
312199
313141
313377
313472
313617
313987
314360
314718
315219
315231
315233
315358
315460
315897
316069
316134
316564
316693
316708
316736
317185
317431
317705
317717
318658
318752
318767
318816
318890
319486
319590
319681
320201
320270
320856
321063
321485
322222
322320
322389
322504
322534
322926
323125
323249
323275
323485
323546
323960
324113
324365
324824
325047
325590
325974
326021
326383
326419
326662
327055
327234
327984
328009
328384
328399
328904
329008
329267
329374
329453
331580
331900
332278
332348
333277
333446
333462
333859
334373
334603
334916
335226
335428
335440
335556
335933
336159
337024
337504
337713
337768
340056
340571
341531
341587
342128
342132
342318
343482
344788
344931
345496
345634
345920
346426
346569
346782
347094
347299
347839
348152
348582
348600
348705
349136
349648
349799
350072
350348
350709
351243
351545
352624
353810
354723
354840
354998
355685
355698
355993
356041
356075
356080
356904
356920
357237
357682
357828
358318
358888
359544
359614
360078
360182
360832
361022
361329
361418
363106
363811
364507
364562
364821
365086
365530
365639
366719
367708
368354
368446
369017
369962
370435
371675
371899
372052
372677
373040
373095
373864
374102
374515
374897
376862
377249
377817
378152
378204
378909
378915
379400
379511
380141
380154
380600
380828
381662
381826
381968
383427
384036
384172
384419
384510
385838
386318
386516
386625
386630
387039
387122
388057
388653
389231
389326
389378
390972
391566
392197
392363
392665
392738
393263
393292
393701
393942
396927
398111
398498
398915
399175
399240
399564
400923
404853
405328
405378
405588
406170
406857
407071
407847
408008
408362
409404
409481
410330
411060
411328
412982
414951
416002
416060
416377
416496
416974
417053
417906
418080
420768
420918
421719
421828
422517
422995
424487
426347
427127
429267
429561
429772
429919
431858
432029
432325
433807
434085
434321
435308
436103
436144
438202
438356
438543
439781
439958
441254
441450
441621
441903
443288
443387
443469
443520
443971
444128
444517
444759
445171
445717
446295
447913
449418
449669
450157
452510
452701
453078
453652
453691
453810
453899
454122
455608
455809
461151
461292
461717
462700
462859
462940
464180
464574
464706
465071
465303
465701
467523
468122
469449
469710
470053
470122
472739
472852
473050
474478
474493
475029
475697
475864
476821
477026
477643
477650
477678
477713
478879
478941
480654
481215
482289
483945
484230
485069
485467
486148
486196
486492
486601
487223
487694
487735
487840
489540
489945
490152
490713
492682
494011
494253
494402
495604
496780
496789
497051
497208
497724
497939
498006
498257
499951
500695
501460
501524
501711
501947
501954
502382
502744
503400
504181
505858
507308
508194
509516
509572
510075
510311
510444
510731
511876
513206
513307
513418
513753
514966
515865
518012
518096
518503
518539
518628
518646
519945
520156
521259
521743
521858
521987
522670
522830
523690
523945
523974
524480
525592
527710
528321
528678
529690
531168
531385
531485
531664
531986
532189
532983
533299
533320
533946
534234
534977
535451
535595
537934
538043
538124
540206
540306
540590
541112
541867
543379
547994
547999
548396
548559
548994
549311
549368
549859
551054
551227
551326
552388
556917
558070
558422
559080
559670
559671
559985
560257
560527
560659
561369
562211
562537
563150
564018
565637
566613
566771
567018
567111
567535
568884
570985
572656
573227
573243
573349
574098
574367
574548
576137
577264
577340
578550
579257
580314
581300
581523
581936
582526
583108
585547
585573
585694
587861
588950
590289
590634
591188
591264
592173
593278
594681
595335
595874
596167
600355
601054
601271
602006
604712
605070
608566
610327
611715
613087
613638
613700
614442
615698
617031
618664
619151
620306
621427
621867
622449
623251
625523
625682
627089
627356
627916
628258
628724
628893
629215
629928
630081
631746
632142
632196
632795
633434
635833
635944
636971
637571
640198
641017
642253
642296
642891
643371
647577
648759
649896
653982
655533
656074
656158
656360
657362
658348
659596
660465
661509
661829
662111
662715
663124
663140
667247
669223
669604
671243
671471
672505
672965
674668
675023
675247
675309
675521
675856
676192
679744
682986
684637
684732
686888
687522
692070
692501
693346
693986
695123
695754
695975
697526
698568
699649
700501
700570
700950
700972
702545
703164
703977
704804
708420
708943
709564
710215
710349
710787
711835
715925
716129
716768
716805
717267
718434
718734
718798
719514
719993
720274
720515
722025
724910
733545
734447
734912
737978
738584
740302
741879
745967
745974
746895
749060
750041
750225
751022
751068
751677
752331
752559
754642
754837
756621
758046
758771
760031
761451
761552
762733
763061
764211
765940
768849
774896
776676
776919
778470
779067
781121
786242
787465
788381
789594
790299
790455
790656
790815
791295
792194
794354
794828
795603
800556
801473
801564
802679
802735
804400
805130
805213
805840
805899
806183
806305
807271
808613
812380
812768
813419
817712
819531
820867
822983
825938
826534
827035
827087
827496
827847
828665
828750
828956
829641
829690
831670
831740
834173
834693
835085
835228
838598
838802
839400
839960
840654
841653
842198
842998
847275
848326
849516
849785
849971
851541
851632
852015
853591
853620
856192
857101
857109
857322
857876
857920
858299
858598
858715
862798
863527
864631
864853
864952
865482
865545
867101
868969
869471
871736
872941
876934
877307
877312
878631
879169
879264
879668
879861
884061
884779
885178
886367
887226
887427
887471
887579
887650
888613
891696
892240
892471
892502
894310
894969
895724
897165
897175
897511
897701
898378
898395
898752
899355
900003
901856
907424
909382
910341
910800
911405
912644
912751
913581
914236
914385
915591
917132
918679
920521
920558
920752
921471
921524
922122
922253
922332
922891
923050
927837
928525
929244
930563
932411
933310
934052
934054
934390
934550
934708
935008
935100
935189
935615
935968
936382
936528
936587
937024
937367
938711
939565
939999
940263
941126
941275
941387
943501
943794
945737
948247
950203
950759
950829
952722
954628
954799
955613
956295
956686
957821
958125
959417
959549
966613
966707
966931
969495
969614
969892
970530
970814
972080
972260
973456
973893
974234
974407
975443
975631
977153
977348
977729
981466
981564
981605
981712
987218
987475
987519
989543
989764
991189
991634
991828
992282
992432
992633
992829
995184
996224
996744
996785
997104
998568
999147
1000368
1000977
1001535
1003034
1004085
1004466
1005262
1005614
1006917
1008866
1010975
1012016
1012997
1014366
1018040
1018160
1020117
1021103
1021212
1022769
1023283
1024793
1025083
1025280
1026194
1027101
1028595
1029494
1030099
1030424
1034208
1035103
1036367
1037301
1039649
1041140
1041538
1041605
1042490
1043462
1044580
1044643
1047474
1047560
1048226
1050657
1050989
1051004
1053903
1054168
1055958
1055997
1056038
1056519
1056908
1058369
1058835
1061144
1063057
1063229
1064181
1064987
1065391
1065986
1067537
1067896
1067922
1073127
1077000
1077084
1077097
1078333
1078858
1079541
1080527
1080846
1081504
1082364
1085436
1085669
1087434
1087714
1088531
1088573
1088701
1088783
1090341
1092961
1095055
1097223
1097444
1097688
1098436
1100217
1100421
1102115
1102304
1102345
1103279
1103369
1104975
1107068
1108032
1109473
1109525
1110320
1110624
1112327
1112602
1113246
1115734
1116300
1116821
1117022
1117256
1118960
1119191
1120740
1121369
1121611
1121751
1123144
1123205
1124579
1125480
1127753
1129277
1129480
1129624
1131640
1131758
1132342
1133171
1133461
1135097
1135668
1135710
1136217
1136276
1136620
1138583
1139155
1139254
1141548
1142779
1143039
1143990
1146459
1147196
1147520
1151751
1151867
1153220
1153682
1153722
1155406
1155653
1159266
1159391
1159676
1159979
1161085
1161717
1162120
1162945
1163319
1163639
1164383
1165974
1166958
1167248
1168347
1168460
1169153
1169354
1170258
1172830
1176300
1179102
1179715
1179765
1182639
1183471
1185536
1187511
1189077
1189545
1193922
1195809
1196128
1197566
1198102
1198813
1199320
1199465
1200306
1204656
1205213
1208346
1208441
1210030
1210459
1210757
1211732
1213476
1214505
1214648
1215089
1215369
1217229
1217594
1219664
1221009
1222163
1223073
1223980
1225219
1225514
1225877
1229530
1230663
1231898
1233685
1234354
1234565
1235689
1236224
1236753
1238713
1240893
1241959
1242418
1244384
1244765
1246866
1247973
1250801
1251075
1252910
1253172
1253412
1253856
1254550
1255404
1256055
1256255
1258030
1258884
1258958
1260254
1260659
1261651
1263923
1265975
1266819
1266829
1267788
1267839
1268431
1268465
1268997
1272563
1272594
1273385
1275523
1277099
1277643
1278381
1279499
1280363
1281687
1281898
1282449
1282489
1282894
1284736
1285200
1285410
1285446
1286696
1286966
1287025
1287874
1289056
1289855
1290479
1292881
1294572
1297016
1298514
1298668
1299207
1299297
1300086
1300899
1301010
1301215
1301508
1301981
1304245
1304577
1304970
1305479
1306115
1306733
1308444
1310237
1310251
1311210
1311790
1314013
1314862
1318319
1322549
1323473
1323981
1324521
1324742
1325769
1327978
1330187
1331895
1332487
1334798
1337335
1337617
1338857
1340482
1340984
1342595
1348388
1349101
1350272
1351036
1353390
1353397
1356108
1358493
1358915
1359033
1359382
1361502
1361544
1362080
1363195
1363999
1364757
1365172
1369502
1372660
1372907
1372992
1373342
1375877
1379122
1379152
1380208
1380392
1381152
1381739
1382142
1382566
1384119
1387071
1388397
1388681
1389204
1390419
1390885
1392378
1392839
1393780
1394198
1394701
1394993
1395378
1396478
1397218
1397526
1397545
1398105
1398633
1398925
1399098
1400310
1400410
1400648
1401145
1402156
1402570
1403881
1405528
1406306
1407906
1409722
1411547
1412522
1413120
1414219
1414557
1415702
1415949
1417092
1418566
1419082
1420066
1420549
1420627
1420777
1420965
1424319
1424421
1424732
1426898
1426905
1426911
1430678
1431452
1432982
1436080
1436860
1437412
1437474
1437512
1438502
1439364
1440547
1443249
1443724
1444656
1444827
1445384
1446315
1448502
1448626
1449256
1450143
1450341
1453927
1454359
1454474
1454612
1455538
1455575
1457882
1459936
1459987
1460058
1460077
1461452
1462931
1464344
1464484
1464793
1465075
1465100
1465282
1466062
1467243
1467815
1468123
1468432
1468439
1468984
1469565
1471057
1471523
1473328
1474518
1475440
1476291
1477155
1477168
1478550
1479491
1480611
1480622
1480870
1483625
1485692
1485971
1487384
1488186
1489353
1489729
1490167
1492493
1494610
1494688
1494762
1497161
1497581
1497635
1497959
1500183
1501254
1501410
1503461
1503510
1503654
1504969
1505047
1505481
1508454
1508780
1510628
1511624
1512423
1512734
1512786
1513432
1514888
1516280
1519143
1519156
1519441
1521087
1521264
1521314
1521699
1521730
1523666
1524483
1524960
1525805
1529261
1531791
1532497
1534405
1534633
1535560
1536946
1537325
1537864
1538535
1538659
1538870
1540078
1542223
1545481
1546483
1547170
1549373
1549712
1551173
1551241
1551745
1551890
1552503
1554829
1555122
1555171
1555322
1556471
1556552
1556764
1557321
1557713
1557811
1558142
1558209
1558476
1559845
1559850
1560920
1561145
1562388
1562575
1562952
1564740
1565284
1565318
1571124
1571989
1572539
1573866
1575207
1576751
1577368
1578664
1579047
1579069
1582216
1582761
1582886
1582949
1583948
1587740
1589277
1589364
1590774
1592161
1592472
1593129
1593404
1593617
1593847
1594854
1594935
1596496
1596591
1597208
1597390
1598700
1598927
1598965
1599445
1600787
1600953
1602214
1604883
1604987
1605053
1605532
1605699
1606178
1607320
1607768
1607797
1608618
1608745
1610262
1610908
1611938
1612850
1614721
1615619
1618662
1620364
1620623
1620854
1623374
1624178
1626602
1628157
1628317
1628437
1628604
1630185
1630592
1631158
1633746
1633902
1634403
1635011
1635976
1636716
1638165
1638727
1639228
1639251
1639256
1639492
1639794
1639811
1640190
1642496
1643497
1643612
1643640
1644743
1647659
1650812
1651057
1652583
1652596
1652679
1654194
1655722
1656182
1657347
1657384
1658920
1659314
1660199
1660452
1660544
1661127
1662332
1663852
1664407
1667257
1670747
1671530
1672505
1673453
1673885
1676384
1677348
1677531
1680956
1681501
1684998
1685076
1685304
1687734
1687799
1688360
1688477
1688609
1688622
1688669
1688807
1690494
1690574
1691220
1692653
1695623
1695917
1695952
1697514
1697935
1698144
1698292
1700828
1701337
1701930
1702556
1703260
1703788
1704500
1705074
1706585
1708591
1708959
1709628
1710173
1711130
1712001
1712290
1712469
1712484
1714273
1714428
1715073
1716742
1717108
1718697
1722476
1723486
1724485
1724827
1725244
1728061
1730111
1730685
1733051
1733787
1734327
1735723
1740261
1740607
1743343
1744711
1746979
1748595
1748957
1752823
1753365
1755163
1758693
1759009
1766075
1766409
1768955
1769859
1772595
1774571
1776119
1776759
1779551
1781105
1784441
1785525
1787331
1788875
1792767
1793173
1795727
1797707
1799219
1799265
1800895
1803125
1806057
1807759
1809737
1812765
1813061
1813499
1815139
1816287
1816685
1816687
1816993
1817377
1818493
1818647
1828630
1831164
1832738
1834008
1834996
1835352
1837822
1838622
1839796
1839962
1840568
1841930
1842362
1842916
1843932
1846956
1847074
1847648
1850110
1852710
1853926
1854034
1854898
1855470
1855976
1856166
1856608
1858028
1859646
1861120
1862442
1864770
1864900
1865806
1867490
1868484
1869134
1871494
1871964
1875182
1875638
1877530
1881318
1881390
1881408
1882624
1883656
1883808
1883812
1885208
1885742
1885884
1887482
1890396
1890414
1890788
1892126
1892566
1893828
1894328
1895100
1897460
1898766
1898970
1899896
1902972
1903056
1904944
1906020
1906736
1906826
1906940
1907476
1907628
1908082
1912246
1912404
1913122
1916396
1917754
1918856
1923854
1930576
1930820
1932438
1933610
1935118
1935282
1937354
1938668
1938856
1939360
1940188
1940432
1942132
1944436
1944874
1945124
1945786
1949770
1951644
1952804
1952838
1953054
1959282
1961384
1962198
1962856
1963696
1964158
1966870
1969520
1976590
1978100
1979168
1979410
1980228
1980630
1981812
1981948
1982284
1982464
1983200
1987070
1993354
1995338
1996026
1997868
1999068
2000322
2002268
2002298
2002880
2003752
2003798
2005224
2007604
2008164
2009368
2009434
2013016
2013064
2015776
2018700
2021770
2022582
2026298
2026752
2027944
2031526
2031672
2034460
2034580
2035202
2036154
2036466
2038786
2039694
2040858
2042026
2045010
2045192
2048518
2056004
2062708
2066512
2070830
2073736
2075548
2077182
2082488
2085418
2085536
2086814
2087478
2088022
2091070
2092962
2095300
2096172
2097970
2098570
2105674
2107654
2108314
2108326
2113542
2119122
2120624
2123156
2124010
2126944
2132106
2134764
2137272
2140194
2141462
2144050
2146424
2148500
2148818
2149378
2150396
2153714
2154010
2154218
2155908
2157282
2158442
2160386
2160712
2160714
2160914
2162420
2162960
2163636
2164214
2166674
2170186
2170802
2174664
2175706
2180486
2180776
2181244
2182240
2182550
2183142
2184822
2186828
2189616
2190302
2190890
2194822
2194976
2195642
2196504
2197322
2197476
2197774
2199012
2201206
2203362
2203990
2205112
2205364
2209654
2210394
2211468
2213686
2213810
2215264
2218134
2224466
2226650
2227824
2227980
2229438
2229692
2230306
2230652
2231550
2231864
2234476
2242656
2243330
2243896
2247584
2248718
2251142
2257184
2257306
2261034
2261366
2262870
2264860
2265576
2266754
2267930
2271330
2274748
2278498
2281648
2282050
2282090
2282130
2283238
2283674
2286046
2286800
2290292
2292278
2292988
2293014
2293648
2293758
2296416
2298368
2299144
2299196
2300932
2301188
2301878
2301908
2305944
2309692
2312728
2313066
2314032
2314096
2314198
2317446
2320318
2321498
2322018
2323444
2323498
2326980
2330202
2333654
2335220
2335852
2338438
2338966
2342878
2344122
2347908
2349216
2349336
2349858
2350512
2350592
2354404
2354946
2357186
2361870
2363250
2365212
2367398
2369486
2370982
2373152
2374278
2375256
2375698
2377606
2377874
2379620
2380576
2381740
2382836
2382918
2384436
2384818
2386474
2387300
2389642
2393000
2393350
2393868
2394078
2399734
2400158
2405292
2409058
2409396
2419708
2431556
2433726
2435430
2441298
2442074
2443540
2444046
2446434
2448154
2450554
2450842
2451266
2451348
2451710
2455150
2456338
2456426
2457754
2458470
2458788
2464246
2465008
2465366
2466042
2469620
2470386
2470524
2472314
2473502
2474078
2474860
2475574
2475598
2481564
2482742
2484856
2486642
2489292
2492628
2493058
2495344
2500294
2501470
2504058
2505222
2505306
2508474
2509638
2510794
2511138
2512062
2513172
2514434
2514886
2515608
2521120
2522470
2523174
2523954
2524974
2526276
2531326
2532570
2533298
2533856
2534842
2545704
2547542
2548420
2549110
2549302
2550446
2550754
2556060
2556418
2558114
2560258
2562500
2563212
2564074
2564482
2565116
2565794
2566538
2566908
2568432
2569542
2571118
2571472
2578936
2579758
2580308
2585450
2585826
2586996
2587958
2589572
2590118
2590652
2593808
2595656
2600676
2601408
2602524
2604636
2604976
2606240
2607962
2611930
2618508
2620560
2620706
2625410
2625470
2627662
2628062
2628092
2630504
2631292
2631976
2633188
2641968
2645818
2647078
2649988
2650552
2653472
2654188
2655838
2656204
2657904
2658048
2661092
2664440
2665530
2666068
2673174
2679238
2679824
2680522
2683992
2684098
2684868
2688676
2688970
2689610
2690582
2694784
2695532
2698840
2698984
2700012
2702790
2702908
2705536
2705776
2707710
2709764
2709920
2710248
2713502
2713760
2715000
2716046
2717132
2719760
2723622
2725096
2726772
2726852
2726868
2728334
2728952
2729678
2730512
2732214
2734124
2737336
2739574
2740530
2741770
2743358
2753752
2756024
2756042
2758276
2760106
2764496
2765500
2766986
2768132
2768620
2769718
2770388
2770548
2770630
2779476
2786528
2787442
2790792
2791174
2791788
2793114
2794948
2796626
2796840
2797724
2799252
2801410
2809252
2810584
2811256
2811376
2811790
2815940
2817124
2818412
2818694
2819352
2820674
2822734
2823084
2823086
2823956
2824532
2825166
2826652
2828256
2830278
2830360
2834332
2835074
2844128
2844334
2844716
2845192
2846122
2847232
2847986
2854290
2858124
2858616
2859992
2860746
2871300
2871918
2872772
2876388
2876446
2880174
2880574
2881164
2883456
2884528
2885530
2892414
2898600
2902062
2907506
2912666
2912964
2917760
2919978
2920036
2923204
2925332
2927728
2928374
2928584
2930718
2935306
2944096
2953366
2955106
2956648
2960442
2960656
2965056
2969450
2976950
2977178
2980110
2984366
2985000
2987484
2993398
2996220
3002476
3003492
3007474
3010162
3014848
3015284
3015898
3016836
3018133
3019181
3019715
3020856
3024955
3025195
3028530
3030902
3031767
3033941
3034065
3034564
3037193
3038277
3041685
3041762
3043357
3044004
3044661
3047452
3048073
3048280
3048383
3049615
3051176
3054360
3055974
3056700
3057643
3057783
3059299
3062262
3063897
3065499
3065904
3067517
3067682
3067917
3068535
3069241
3069358
3070868
3071403
3072864
3073463
3073518
3075940
3076070
3076134
3076216
3077183
3079152
3079735
3080995
3081677
3084744
3092987
3097046
3099643
3101894
3104556
3105209
3106514
3107560
3108016
3108864
3109885
3115912
3117644
3119517
3119605
3119902
3121543
3121903
3122433
3123708
3124487
3127249
3129144
3129214
3129293
3129414
3129443
3130800
3133700
3136343
3136443
3136644
3136674
3138606
3138907
3139235
3143114
3143278
3143536
3144151
3145747
3146202
3147149
3148811
3149103
3150128
3150180
3150243
3150399
3151098
3152745
3156512
3158048
3158603
3158740
3158956
3159254
3159377
3161485
3164346
3165120
3165584
3165825
3166470
3166742
3167086
3168158
3171136
3171656
3171820
3172241
3172294
3172424
3172526
3173826
3174052
3175812
3181076
3181098
3181260
3181822
3182056
3184101
3184987
3185104
3186448
3186544
3186660
3187936
3188770
3189060
3191865
3193338
3193945
3194091
3195828
3196856
3196943
3196962
3198933
3200203
3201497
3202263
3203116
3203498
3204907
3205427
3206749
3209160
3211585
3212317
3212819
3214255
3214407
3216842
3218900
3219455
3221332
3221586
3222653
3225539
3226152
3226204
3226353
3227034
3231139
3232367
3232975
3233965
3234086
3234654
3235158
3236947
3238471
3267826
3279744
3306439
3309341
3367241
3375711
3387621
3392961
3398471
3420161
3423991
3431921
3455101
3458651
3477441
3480401
3481531
3487221
3487791
3501751
3508431
3528481
3535951
3536441
3538101
3544781
3557591
3557951
3558051
3562481
3566931
3583001
3597141
3606021
3628311
3636521
3643101
3650091
3670151
3692491
3694341
3704851
3705401
3712451
3718931
3725221
3726201
3734021
3744321
3749901
3760681
3764191
3765671
3799491
3805061
3831181
3846421
3847161
3860331
3882031
3891251
3899421
3935931
3936401
3942021
3947441
3961461
3969621
3996961
3999801
4017761
4018161
4031791
4054301
4058591
4064581
4064611
4084431
4097931
4099001
4111741
4129631
4140531
4153401
4155881
4170371
4190211
4223511
4257021
4263361
4283371
4304981
4308771
4313681
4324831
4339531
4347171
4355571
4364741
4365761
4371381
4371741
4386451
4412651
4418371
4455891
4459511
4479231
4504091
4513151
4522301
4523791
4526851
4539901
4543431
4554291
4565261
4589471
4592791
4602081
4614271
4615471
4625291
4637851
4648471
4651201
4661141
4665111
4668441
4673681
4690811
4692961
4694251
4743521
4776021
4786471
4787421
4787981
4801071
4803181
4810801
4830821
4872131
4880951
4896661
4899331
4914271
4917461
4920321
4925931
4981181
4981361
4983091
4984491
4989121
5012701
5013551
5021801
5055301
5088041
5119571
5198761
5200071
5201071
5204071
5227661
5294031
5315101
5329101
5372121
5390711
5425131
5437081
5451461
5502861
5527631
5546781
5562951
5577391
5577541
5608931
5613341
5617371
5622221
5625821
5643951
5681331
5689301
5709121
5731651
5749011
5768381
5788381
5795821
5827701
5848371
5856431
5859781
5870231
5895661
5901641
5918601
5920331
5934151
5934871
5962251
5968701
5983521
6004921
6047061
6049611
6062641
6062681
6064931
6065611
6096361
6097101
6101791
6114501
6141341
6158391
6158751
6165411
6180441
6202381
6210931
6260691
6294791
6307411
6326291
6337121
6337721
6338451
6343421
6356501
6409561
6414291
6422281
6433201
6434791
6442121
6454571
6457631
6490561
6505471
6506871
6534461
6538411
6541621
6555571
6581201
6585811
6606571
6614251
6637591
6641621
6641851
6644511
6653781
6655691
6667561
6668091
6672071
6681691
6685121
6692861
6736001
6737001
6742521
6743421
6747581
6759281
6763311
6764781
6768411
6777881
6781141
6840081
6855201
6893681
6894451
6898461
6905241
6909911
6929131
6934091
6934911
6947111
6947361
6950581
6956671
6981961
7000901
7005411
7007671
7014341
7036781
7038021
7043831
7049661
7056201
7076881
7090751
7094481
7101701
7109071
7133671
7134041
7165381
7171551
7174671
7182181
7205231
7221621
7223951
7262281
7266301
7270391
7271571
7273571
7281691
7296861
7334751
7342661
7366841
7395541
7406471
7410461
7430491
7441671
7451811
7455081
7459551
7486621
7504261
7504581
7538931
7551551
7592561
7598251
7600471
7602851
7608141
7654501
7670831
7671121
7691601
7694071
7712101
7725041
7744471
7765731
7770291
7778321
7820021
7835511
7851051
7872021
7876371
7891481
7897031
7900081
7902341
7920981
7956891
7956951
7958071
7967651
7974821
7993911
8002661
8014301
8029461
8040471
8067011
8089021
8118271
8134641
8150351
8165731
8190971
8201661
8239991
8246981
8260431
8263501
8267151
8280851
8289721
8292671
8312251
8329981
8334881
8347321
8350811
8357791
8400221
8406831
8409381
8410561
8418821
8458681
8540981
8553211
8554311
8567651
8583781
8587201
8593571
8599771
8610061
8610091
8618261
8629091
8644461
8660211
8664091
8684091
8697461
8728291
8745501
8799281
8813031
8820791
8829451
8897091
8901851
8906631
8909771
8923201
8946141
8948571
8958631
8994211
8997681
9001381
9024731
9068311
9081641
9153831
9171281
9172241
9214791
9224331
9241381
9264931
9274171
9274181
9283761
9289841
9306141
9316301
9321931
9335311
9344671
9363521
9378181
9387281
9399641
9425281
9434011
9444411
9478791
9490431
9493001
9493681
9497261
9512511
9524281
9532111
9554941
9557721
9609071
9617391
9627621
9646241
9650641
9692071
9724131
9740801
9758911
9762811
9766061
9773001
9817421
9819041
9827891
9849921
9876181
9880691
9888711
9931031
9961841
9965971
9968201
9972791
9998761
10009821
10021581
10025961
10040011
10068931
10092801
10099641
10122411
10139761
10182991
10186131
10248271
10273471
10300631
10333571
10351381
10363141
10369471
10400561
10464081
10493041
10502421
10529761
10544911
10570681
10585491
10610091
10610781
10659691
10692961
10694991
10696501
10709761
10728201
10733671
10754731
10769051
10783351
10791171
10834031
10852711
10864081
10887981
10898831
10933491
10943711
10950841
11016601
11022591
11029421
11035731
11045651
11049521
11059211
11060131
11088051
11090011
11104041
11117881
11132401
11135651
11177381
11178991
11188021
11197251
11201391
11229861
11272311
11298921
11320501
11356951
11360141
11388691
11432221
11433091
11486081
11486481
11508841
11533741
11536871
11537151
11559951
11590171
11603401
11629611
11644591
11689981
11699631
11703781
11726681
11744331
11752741
11756231
11756481
11757761
11780841
11809591
11827081
11829551
11843201
11895831
11962621
11984311
12034841
12040051
12055111
12056021
12076861
12102441
12129191
12133581
12136311
12140821
12146511
12157861
12165751
12179801
12188031
12211061
12214281
12221931
12222141
12226011
12230341
12273951
12277451
12297181
12304161
12404061
12420791
12446681
12458591
12527371
12537621
12552821
12567481
12597161
12611361
12626721
12627461
12654551
12703961
12711881
12724091
12731031
12733501
12745111
12764951
12775991
12786721
12800321
12806611
12835271
12835331
13479141
13694101
13709421
13733561
13775221
13784901
13797691
13829531
13839351
13865061
13913441
13919671
13921381
13927701
13943411
13944931
13946071
13950591
13968161
13997981
13999431
14021441
14030851
14055611
14075231
14087051
14094211
14095681
14101641
14113571
14117881
14122271
14132791
14146111
14156261
14164921
14177871
14182091
14185771
14229211
14268441
14271601
14299821
14305111
14310071
14340391
14363691
14378181
14379401
14388431
14413111
14431411
14432181
14472391
14483571
14503411
14509091
14520041
14526551
14589231
14590881
14612791
14615481
14629661
14629751
14675901
14683681
14706871
14763611
14783121
14784591
14788301
14816351
14840081
14864301
14865811
14870671
14883251
14887391
14893731
14902381
14962591
14975631
14994181
15002101
15049491
15083471
15091461
15100691
15128461
15157821
15205211
15225041
15225431
15268751
15269891
15336371
15375691
15449131
15449671
15455541
15467691
15525451
15538894
15541452
15543988
15546849
15548593
15557423
15558067
15558156
15559884
15560780
15566658
15567661
15569913
15570015
15571227
15575238
15581771
15582118
15582250
15584456
15588441
15590396
15592264
15594926
15596225
15597551
15597660
15599611
15601689
15601971
15606692
15608768
15610501
15613081
15616159
15616191
15618729
15619874
15623990
15628287
15631161
15635693
15636552
15641934
15642047
15642363
15644605
15646909
15652765
15654675
15655017
15657259
15660849
15662689
15665530
15669861
15674748
15677434
15678022
15682776
15683660
15684306
15685351
15687335
15687947
15688239
15692556
15692694
15693240
15696129
15698073
15699763
15699853
15700651
15700661
15702236
15709744
15710232
15710468
15713612
15715948
15717100
15720252
15720267
15720455
15721556
15722843
15723098
15726178
15726560
15729283
15734304
15734450
15734754
15735052
15735990
15737170
15737376
15738598
15742641
15742829
15745261
15745414
15745592
15745807
15746830
15747342
15749970
15751393
15752031
15753064
15753688
15754746
15756105
15756113
15756134
15762596
15765565
15767754
15768364
15770397
15770778
15772025
15772963
15773811
15774881
15777277
15777598
15778105
15781165
15782454
15783566
15787998
15789726
15790859
15793039
15795469
15797190
15797381
15798167
15799268
15799677
15801285
15801385
15801882
15804177
15804566
15806751
15810268
15811258
15812146
15813415
15814942
15816217
15818921
15820525
15821626
15826263
15827923
15828710
15829913
15839293
15840538
15842188
15842667
15862074
15958744
15963112
15963179
15963212
15966718
15967730
15969315
15977065
15978927
15980530
15981218
15982454
15982981
15984031
15993643
15993673
15994335
15994524
15996476
15997095
15997217
15997767
15997812
16000197
16000972
16001156
16003305
16005681
16009668
16013098
16018763
16020022
16020271
16022927
16023074
16023106
16025504
16026763
16026873
16027046
16027468
16029186
16029199
16034549
16037400
16039001
16039659
16040392
16040778
16041185
16044221
16044785
16046208
16046626
16047015
16049130
16049262
16049837
16050617
16050724
16051313
16053832
16054132
16054169
16060412
16060435
16062096
16062115
16063378
16064589
16066789
16067694
16069970
16072012
16074161
16075091
16077317
16077962
16078404
16078793
16078974
16079184
16080071
16082482
16086997
16087696
16087980
16089666
16091343
16091715
16093121
16094134
16094955
16095280
16096781
16096845
16099031
16099508
16099539
16100018
16101208
16103358
16104208
16106366
16106547
16108825
16109171
16111069
16111367
16113819
16114074
16115303
16115821
16116485
16118206
16119778
16120999
16121208
16121399
16122640
16122725
16122840
16123375
16123515
16124488
16126600
16126617
16126754
16127743
16127809
16128899
16129744
16129817
16130330
16130369
16131003
16133445
16134832
16135194
16135229
16135839
16136501
16136830
16137364
16140649
16140688
16141632
16142260
16142744
16142937
16143705
16144483
16145729
16146552
16146640
16146850
16148605
16149303
16150692
16151565
16151940
16152746
16158500
16158658
16162612
16163002
16165278
16165940
16166004
16167290
16168581
16168861
16169343
16169880
16170391
16172587
16173492
16173659
16174569
16176263
16183355
16183382
16183592
16186360
16190815
16191798
16191833
16193885
16198007
16198164
16198435
16202778
16203384
16206581
16206785
16207802
16209335
16210770
16211315
16215018
16216326
16217176
16218703
16219650
16220441
16223642
16232743
16233700
16237057
16237171
16238206
16239709
16252177
16252720
16253047
16267264
16268017
16276933
16277929
16278415
16286749
16293211
16295650
16313830
16314037
16314376
16315861
16321279
16321435
16323457
16333246
16336123
16337185
16338187
16352275
16353031
16353058
16356187
16362922
16366936
16368247
16370251
16373629
16376452
16378150
16385530
16386670
16389979
16390627
16395232
16395331
16396714
16397800
16400095
16412620
16414399
16422190
16426819
16427494
16429207
16431331
16432171
16433095
16446199
16467175
16478908
16480720
16514038
16516510
16519522
16529884
16531729
16535986
16540867
16544194
16546528
16550443
16552876
16553065
16563685
16568452
16568680
16569076
16569283
16569526
16578496
16592425
16600096
16611424
16615642
16626508
16626775
16628989
16633996
16635064
16645093
16649929
16653979
16656367
16658581
16661188
16663495
16663975
16664539
16664773
16670320
16676209
16677205
16682296
16687510
16690933
16695088
16698391
16699483
16706551
16711189
16712242
16721872
16727470
16727800
16729423
16733167
16734988
16738036
16741075
16745455
16747243
16749982
16758676
16772167
16772899
16773343
16775626
16777285
16778548
16778578
16780420
16783213
16787365
16788175
16795576
16798735
16800499
16802494
16805836
16806370
17202235
17987896
19859968
20152669
20172814
20174125
20174593
20183965
20193637
20200609
20203801
20204725
20210251
20211433
20211712
20214982
20239186
20242633
20244763
20245606
20252011
20261569
20269321
20276632
20286091
20291152
20292259
20293237
20309494
20313391
20313553
20319652
20326693
20328433
20331757
20344381
20347216
20349976
20355271
20357767
20365123
20373052
20385562
20387101
20390059
20399122
20399413
20404915
20409214
20411356
20413144
20429035
20429473
20429656
20434852
20435485
20439349
20443471
20445604
20449939
20450740
20453944
20459554
20463793
20470228
20474512
20492716
20493232
20493583
20494513
20495833
20496418
20497357
20501794
20502004
20523682
20533228
20541715
20541958
20543473
20544274
20550430
20552056
20553949
20573389
20573704
20576794
20577826
20724031
21175567
21531890
21534419
21558645
21865708
21915986
22410569
22696320
23611534
23657171
23734625
23761476
23870604
24105190
24165790
24207256
24226109
24294931
24321760
24336730
24492178
24510306
24529148
24594001
24958915
24978357
25002804
25081374
25255233
25275192
27001219
27005473
27005977
27020875
27021130
27022774
27022906
27023707
27025456
27027436
27027868
27040729
27042613
27048316
27050719
27056317
27058951
27059137
27062383
27064480
27076363
27078529
27080734
27084460
27087409
27088375
27096712
27099232
27103060
27103804
27105946
27106657
27110518
27111454
27115000
27115486
27122518
27122866
27125821
27127603
27128602
27131233
27133015
27138115
27138820
27157543
27164008
27167863
27191155
27192094
27203341
27207484
27207754
27208915
27213088
27226657
27235720
27241843
27243328
27243517
27245545
27254686
27259183
27264247
27268324
27269110
27270925
27273163
27273994
27278098
27279361
27285241
27297463
27298831
27301639
27304594
27305779
27310486
27328195
27332131
27337411
27344008
27347962
27354547
27354829
27362566
27374443
27377044
27385606
27387847
27389386
27401980
27407305
27434374
27439009
27448576
27459844
27460072
27460381
27469168
27469399
27470785
27472819
27473320
27474241
27476566
27477766
27478384
27480649
27485044
27491407
27492169
27498394
27502681
27503503
27504823
27512983
27513292
27514159
27518968
27520975
27525391
27526126
27536221
27538498
27544591
27547765
27548935
27550063
27551803
27553954
27558526
27559630
27564667
27569611
27570661
27586777
27587071
27590380
27592492
27599647
27609064
27615730
27616618
27620752
27623134
27624247
27630118
27637186
27645772
27646570
27653287
27653803
27654172
27656719
27657706
27662149
27664942
27669598
27685951
27690784
27691102
27695374
27696127
27698428
27706942
27713590
27719479
27728611
27739882
27741940
27756094
27758719
27759541
27759592
27786034
27790357
27792145
27794503
27796744
27798445
27799810
27807823
27809242
27813958
27814975
27821149
27828736
27835687
27837052
27843079
27844609
27850387
27854623
27862825
27866518
27869603
27871006
27871195
27871262
27872799
27873380
27873549
27874103
27876262
27878105
27879771
27879986
27880359
27882663
27884465
27886034
27886621
27886834
27887788
27888590
27889045
27889103
27889615
27895551
27898576
27899415
27899917
27903936
27904977
27905208
27906678
27908241
27908659
27909002
27910484
27914178
27917633
27918317
27919012
27919070
27919520
27919631
27920058
27924403
27927170
27927930
27932478
27932926
27933761
27934556
27935788
27936443
27937040
27937085
27937493
27940314
27941350
27943802
27946325
27949854
27952265
27952487
27957874
27957917
27958300
27958875
27958884
27959659
27960423
27960480
27962270
27962401
27966128
27968095
27969782
27970566
28040628
28077968
28094275
28142122
29001253
29004767
29005126
29006259
29006300
29006419
29006521
29010613
29011151
29015836
29017352
29018074
29018241
29019153
29021532
29027196
29027711
29030326
29033134
29033830
29036470
29041924
29041930
29042850
29042938
29043858
29046151
29046459
29048773
29048803
29049851
29051493
29055846
29058578
29059178
29059224
29059988
29064728
29065313
29066076
29066950
29067304
29068699
29074869
29075030
29077028
29077039
29078643
29085505
29085586
29085620
29089328
29095023
29096663
29099225
29099432
29099868
29100869
29102767
29103278
29103748
29103764
29104865
29106201
29113599
29114818
29114945
29115617
29117640
29118573
29118827
29119374
29121183
29122789
29124792
29126540
29127242
29128738
29130162
29131494
29131931
29133432
29134029
29134850
29140387
29140719
29147235
29148485
29151145
29153482
29154667
29155366
29159806
29160316
29160804
29160937
29162487
29164309
29165738
29169169
29170483
29172854
29176589
29179492
29180306
29180312
29182594
29182794
29183811
29185157
29187337
29189352
29189898
29191392
29191930
29191937
29192031
29194068
29195583
29195882
29197737
29198072
29198258
29199100
29206275
29206951
29207597
29209699
29209742
29215378
29215737
29216241
29216320
29218693
29218999
29219456
29219563
29219649
29220508
29226123
29227949
29229321
29231809
29233080
29234526
29242504
29242821
29243681
29244516
29245920
29246914
29249185
29251755
29252267
29253996
29254825
29255713
29256251
29258113
29262487
29266950
29267027
29268417
