29739
29844
73744
75898
77617
94979
120594
126300
132137
135120
151503
155881
158933
161326
195040
200319
204422
228748
228911
235277
235720
237544
243072
268390
283487
286418
316401
325649
331561
336159
347700
354998
357237
367071
375329
378174
378939
401743
417658
420967
452203
479472
480139
487094
490713
503688
572329
578177
595874
596167
625112
641304
671243
700950
728758
752414
754642
773529
812026
820931
842380
853111
886367
941387
942250
943107
950759
968552
1010350
1055997
1061540
1077427
1118960
1166538
1172282
1200306
1260254
1286083
1330928
1342318
1369502
1397545
1443249
1453395
1467091
1475968
1480870
1492302
1502301
1540075
1549960
1564241
1574027
1575466
1612046
1612850
1628437
1642839
1673453
1688338
1810157
1811125
1816311
1857240
1895100
1898930
1899896
1942646
2001136
2005320
2033708
2044570
2057282
2057438
2074004
2110082
2162468
2170206
2175432
2234476
2238660
2257306
2317890
2346744
2478080
2485910
2491948
2530152
2532894
2573946
2623052
2632766
2670044
2713918
2716742
2729678
2811256
2863302
2987484
3044312
3049018
3057643
3058892
3065675
3115380
3158048
3160979
3220506
3231996
3234381
3332891
3389441
3942441
4236651
4331291
4504091
4694251
4766521
4824471
5058081
5287711
5377741
5804381
6094301
6166441
6422281
6435581
6826111
7221621
7736001
7784011
7810321
7943351
7951761
8393041
8593571
8799281
8994211
9347051
9680991
10285171
10298341
10626021
10729131
10755511
11183001
11744331
12064081
12089911
12755601
13825351
13825821
13989101
13999431
14022001
14126761
14788301
15245111
15551143
15559884
15596225
15617318
15623990
15624151
15669458
15702236
15732510
15797480
15814942
16060412
16074236
16106547
16121546
16134728
16155565
16173659
16183214
16187282
16194650
16490560
16588261
16596358
16749982
17264020
20188504
20269321
20313391
20326693
20505028
20900073
21021628
21175567
21448822
22023023
22023121
22053987
23266435
23611534
24026928
24223227
24375854
24387080
24694309
24928110
25099661
25601947
27080734
27116308
27122866
27193546
27448576
27453715
27498544
27515083
27667633
27799810
27894707
27908659
27922414
27959120
28094275
29010172
29044296
29048773
29137284
29143388
29229027
29308906
29333654
29506966
29529900
29546835
29581080
29584060
29596609
29616322
29630442
29640031
29649316
29663232
29781680
29817991
29832069
29845179
29889111
29892716
29902611
29925408
30280692
30280713
30411022
30556089
30570058
30642015
30654576
30727953
30766628
30807395
30884061
30910169
30958551
30959857
31024889
31027722
31058513
31145374
31186639
31235710
31313419
31319128
31365702
31440933
31484534
31484958
31511037
31546456
31549124
31554685
31670149
31673853
31690509
31694133
31725934
31796644
31917628
31965354
31974684
31985691
31986870
32004730
32044945
32045327
32053110
32080989
32083445
32112671
32130725
32135047
32142385
32166471
32178169
32190727
32230264
32301917
32306602
32316567
32349131
32351827
32373099
32418194
32430037
32488276
32502584
32504440
32511293
32522806
32554504
32577062
32618603
32660915
32684293
32693201
32698748
32748419
32757769
32775205
32775926
32784666
32806254
32820417
32868485
32872521
32873523
32935138
32935830
33003093
33015359
33018396
33046106
33051758
33053666
33098794
33105198
33108783
33116909
33142604
33142648
33146438
33172786
33248157
33305632
33307638
33338372
33358197
33419708
33446198
33454546
33470028
33519359
33521438
33551478
33570411
33596861
33596879
33608416
33672786
33774277
33888773
33999597
34029178
34042846
34077065
34085666
34085698
34085752
34111873
34212482
34224765
34240403
34306039
34315915
34344312
34352584
34384747
34395806
34403689
34404079
34404138
34423214
34460855
34467857
34517918
34533920
34535892
34546934
34590128
34606773
34607069
34616153
34673491
34749794
34770777
34774774
34787575
34842004
34844369
34853384
34870466
34911384
34934984
34947124
34959264
34961608
34963000
34988835
35059806
35120195
35126052
35126178
35126316
35126382
35126475
35188494
35196470
35197255
35225646
35240225
35246303
35266541
35300879
35303216
35310219
35314358
35318643
35326018
35344373
35345360
35345788
35347656
35348590
35356466
35359815
35362263
35375011
35381471
35390395
35395714
35396230
35400072
35426936
35444250
35453597
35457977
35459183
35462175
35467713
35467736
35467759
35467800
35467875
35467924
35468502
35468549
35468582
35468631
35468709
35468756
35468845
35468897
35468941
35468983
35469105
35469299
35472280
35472328
35472386
35472453
35472527
35472623
35472771
35472877
35472970
35473033
35480674
35482588
35482646
35495229
35500748
35501335
35519293
35556629
35559805
35569413
35572609
35577858
35578064
35580368
35581973
35583392
35583421
35584285
35584710
35584892
35585020
35585111
35585251
35585297
35585372
35585540
35589842
35595669
35615031
35623844
35629115
35631378
35634555
35640554
35643298
35643605
35652721
35686663
35690568
35700031
35700236
35700308
35700340
35700419
35700964
35701013
35701054
35701108
35703203
35705406
35708359
35708386
35708442
35708474
35708528
35708550
35708564
35708608
35708643
35708664
35708677
35708696
35708739
35708767
35708789
35708812
35708830
35708853
35709368
35712328
35737051
35744668
35757014
35780849
35786217
35791948
35793405
35801567
35810371
35810398
35810452
35810523
35810579
35810835
35811157
35811233
35811254
35811302
35811379
35811581
35812322
35814616
35814628
35814703
35821680
35822441
35841402
35877966
35882826
35883137
35886829
35891490
35891498
35896834
35897255
35902329
35907515
35919109
35919258
35919359
35919522
35919666
35919819
35920078
35920238
35922610
35922899
35932332
35947046
35948177
35950803
35976180
35976201
35983367
35988329
35992602
36006684
36010457
36012774
36013777
36018909
36019061
36019193
36026865
36026927
36026957
36045432
36045497
36045582
36045604
36045708
36045739
36052575
36052597
36052624
36052651
36057011
36061359
36064531
36072492
36088964
36090835
36099967
36115889
36116340
36136220
36142896
36158095
36159055
36168433
36174269
36174317
36191725
36222185
36244909
36252020
36253880
36259341
36290947
36292045
36297461
36298883
36299528
36305051
36305575
36309414
36321629
36327691
36329528
36335589
36335729
36336044
36342850
36355037
36375907
36381852
36400892
36424610
36432575
36452476
36493629
36503942
36512827
36517895
36521890
36525623
36538189
36555786
36556467
36559269
36576668
36583105
36593969
36600020
36637954
36654419
36655420
36693787
36693868
36696017
36762829
36865090
36886397
36905639
36908592
36949020
37040949
37043833
37047324
37050997
37079112
37094468
37111710
37119379
37123750
37178043
37198383
37257065
37261197
37262792
37289646
37298467
37309418
37404048
37418301
37425133
37501878
37542896
37556425
37593386
37694265
37699375
37709226
37711545
37713901
37715574
37719703
37722812
37783440
37791648
37797929
37816590
37817928
37931552
37935508
37950741
37957092
37978759
38013360
38037233
38083698
38141504
38185909
38241969
38242740
38255127
38258155
38263560
38274752
38311019
38313831
39595747
39662711
