31478552
44549923
40678592
44070277
336159
46301843
833768
39139537
30161279
47466546
32561562
16281223
35949017
31781162
2560106
30136276
30283038
38032583
28137
29931219
590634
885936
36080478
33667720
46487027
37590878
13825821
34664661
46133173
596167
42993963
38535689
40903138
33012343
37183393
46312370
38504120
16692985
34656089
38254966
34288861
46623612
34884676
35867886
44165505
39645605
46001613
29027196
34306039
46006290
35704433
45391268
33298365
514070
34623214
44412070
954639
46454010
40344160
45303065
37951232
16050617
42046778
31766278
43712100
45830718
46315435
45184976
37321660
35703455
40688911
45450183
42297858
46012061
45379431
43936362
39747463
952584
45789120
42162600
33015800
43104337
1029377
480783
45789566
34595388
39137427
44459233
4132931
42847742
39243483
33738390
42586385
43885995
30007773
44775968
9134
32638739
29638879
31248009
36442947
44007420
36995972
45316213
41283546
45362476
1470788
45343032
42584673
33258697
33052341
35586471
43976631
36682596
3032388
24655228
42855390
38095687
44838960
44572569
40735688
20390872
32747470
33292729
16099995
45109725
43021651
45107850
40328496
36410518
44002493
32133313
15640419
36370607
45084328
41864342
39255036
2785044
37788492
36058595
11893211
32177469
44235508
771064
44225465
41583566
36663285
43686943
35192754
29004482
36538189
7784011
31988181
34176815
34354588
44760707
15231521
35757014
36660866
39592726
440114
8127411
289548
36726098
41170699
35648534
11967091
29015921
44819382
31525614
31172637
41689901
13797691
30664623
37937240
41591751
33461345
34844519
42279793
1473720
35787021
37054012
16158500
15587234
42581711
32288681
6490561
37061663
36466227
1460367
12711881
37043833
1146169
33495562
37114522
11229861
42200942
32390084
36132341
1634403
15671315
39747150
20172814
193832
350737
44442114
42056861
37313925
35008493
41550007
2815434
44331410
41961537
38594007
42595006
38012361
31172140
44114714
38181860
42913775
41300795
32444603
119376
1877530
34297224
6299361
44513121
33650487
36351009
38067335
37609810
15623990
11798
559985
44125296
29824808
35807962
35580368
35497249
35826694
36050
39347237
