11798
36050
113863
125409
193832
289548
341734
351192
395362
480783
499787
514070
559985
595215
596167
649469
833768
843392
954639
976952
997522
1171095
1291095
1335045
1350436
1435856
1450237
1460367
1470788
1550051
1589279
1634403
1676741
1701337
1820663
1877530
1895100
2050286
2616396
2630504
2639552
2724988
2756024
2815434
3020399
3049907
3124052
5815311
8896231
11229861
11967091
12128141
13797691
14026241
15231521
15587234
15596225
15652765
15671315
15706969
16050617
16099995
16126486
16158500
16652077
16692985
20150803
20172814
20201428
20314600
20390872
23179751
27453715
27799810
29027196
29311548
29534878
29584654
29638879
29931219
30026118
30136276
30229260
30369218
30692628
31082396
31140124
31225367
31248009
31367431
31448506
31773402
31781162
31887466
31926526
31974640
31976226
32182070
32235531
32296114
32302017
32325098
32390084
32444603
32676884
32718041
32883304
32976222
33012343
33015800
33052341
33188785
33235967
33292729
33298365
33432979
33455400
33461345
33471284
33499398
33548612
33565098
33580409
33596879
33748078
34021836
34149973
34202335
34268940
34313704
34460855
34562915
34607339
34664661
34794488
34804432
34804853
34844519
34886224
35008493
35322329
35495855
35497249
35580368
35586471
35608300
35640554
35652721
35704433
35727758
35766796
35793405
35949017
35971388
36124425
36167527
36200075
36223368
36233947
36261291
36295327
36313076
36370607
36402740
36449254
36479606
36722553
36748465
36808298
36838596
36863105
36991232
37036907
37043833
37045120
37075133
37076955
37096030
37183393
37191019
37253745
37313925
37321660
37545051
37609810
37619643
37638400
37754298
37815761
37850681
37855813
37871689
37921378
37928042
37962279
37978482
37987387
38012361
38067335
38095687
38099266
38182077
38215952
38218070
38236337
38254966
38343291
38502299
38504120
38535689
38538968
38553073
38564916
38594007
38647675
38677419
38858875
38870132
38894847
38990171
39139537
39140353
39155143
39362247
39406531
39410289
39423203
39480855
39489443
39498303
39604976
39610258
39645605
39661772
39688519
39691020
39692938
39835662
39853044
39914632
40157713
40168236
40287750
40328496
40374533
40376269
40421756
40903138
41110482
41170699
41196633
41250206
41398626
41514691
41558803
41591751
41645642
41689901
41763343
41791843
41834390
41856164
41905998
42027587
42056861
42116343
42197749
42279793
42297858
42538580
42584673
42586385
42592435
42809699
42993963
43021651
43097358
43140368
43200487
43208417
43376737
43477110
43547971
43612058
43686943
43698619
43712100
43717203
43956145
43974325
44007420
44070277
44081214
44125296
44182551
44225465
44270317
44442114
44459233
44536810
44599867
45032157
45575711
46006290
46345088
46477152
46481292
46487027
46513151
46659603
47177102
47188647
47223195
47335870
47349661
47752079
