48020007
48068440
1200306
31826510
43762390
41629366
1684219
34935669
16187074
15760788
37560173
47997114
46345088
47925338
47663542
47940764
44011125
45505081
47930026
47925116
1495148
47491543
41593559
36413583
697847
3119605
2317926
4458951
917745
38296369
29777439
47389416
40529543
47835931
149574
47176019
41286185
40678592
30692628
975165
47004401
31668576
30205043
47717548
47523972
43494458
47698924
39410289
27175597
47685771
47658340
47669373
30348316
47652854
47652747
47651703
38385633
47643432
47627083
47623937
46659603
47606246
47588578
47590413
36270805
47584482
47567430
47569242
35949017
595215
484918
47541037
47521374
47519240
39139537
44070277
6002901
43953617
869561
40202215
44545745
40442860
47433838
9608161
31781162
30430820
31623338
1313728
47427344
47417343
47436666
339390
36748465
30229260
41436722
38215952
3020399
30872897
34385049
47335870
39061573
42774853
46025386
1515190
30136276
47223195
42223633
47178996
47177570
41285607
33860932
723052
402275
32259493
14505171
41578923
2756024
47049846
44442289
12222121
47059930
29621512
44218952
44062402
16652077
44231841
987929
1129624
47018112
45558296
35959134
36957144
37835801
46991491
34664661
46487027
43702244
36080478
33667720
30283038
46972263
40551252
885936
35869112
46954560
42379159
156376
46928913
44285272
1901316
39645605
40903138
37183393
16692985
27465031
38566770
29931219
42297858
529334
8431361
41007236
35963802
45023377
915846
46795141
46001613
38254966
833768
38504120
31005008
42003330
33580409
571983
31641561
41359295
35776862
45818068
46132779
46514375
954506
33597645
46738063
46734922
35867886
6906571
27138115
46671544
44165505
39886727
1354597
2215016
37546190
858657
14522191
34853053
29531463
16050617
46611537
38538968
33012343
16117522
45627411
46196797
46541795
8620191
3039342
29541566
1458875
46519065
36253880
42089141
36167527
38087037
33194995
46504632
15046851
45521473
15724439
35309271
45303065
45830718
45525248
33298365
43506693
37451636
46487089
39026863
46481292
43376737
46476068
514070
41871077
1085145
44412070
30251532
10520
41250206
3024929
42811248
45113964
46448674
46437274
46437028
338669
46429479
21367992
42046778
808703
38273490
508398
46219823
38579246
40940986
46388705
45450183
42527675
40755081
9006571
44909512
16170336
35024888
43712100
45820839
46213120
30075524
46006290
35505555
40344160
46315435
588088
46314871
40688911
37321660
35654053
45531017
45132026
6679321
952584
45574529
35704433
1502356
32636782
44433601
41507229
27774424
16045537
46067854
46212896
43547218
41193047
43344
42734274
37741665
1681999
44030022
44536810
43924687
33028865
46099706
2707220
45025761
33984868
35372757
16030160
31923832
31193909
78422
31785086
39662668
650034
597881
39369587
35941718
46091660
30745723
3726791
45939372
44238567
41018492
33740996
1683427
2716774
44523374
33741778
36614252
36296257
1029377
36637954
37290276
1734019
37075133
43762870
33548178
44459233
36887514
45184976
43104337
30991327
45564831
33957505
33864894
10887981
758065
29887929
14690121
42430
3235457
21859725
44014101
39895988
1663194
30819324
35212389
35616475
30140934
45917637
39257639
37718638
917635
10493381
45896058
1672546
34487570
45856997
16215672
1485505
43383305
37456975
36938953
8438
16980046
32132818
44519246
45462678
34610234
43076820
43740077
45626922
37036907
42165045
35241545
36468700
27727222
34257005
1183713
16396624
4933141
44011098
34232185
31248009
29894000
45770796
31765476
45794456
40784818
39608793
569
36614161
45555458
45785289
44393601
7985671
6840351
39672592
36687407
42586385
45259581
34370273
29519828
43767882
10195431
20508721
31671098
302905
36785613
33132170
45739812
31468537
45622192
1564659
24202798
33663295
34039531
36891275
811513
1930960
45543273
41578115
36749107
43885995
31887466
8519
1780219
41282414
19456
2724988
41569682
15752220
848844
35889331
30007773
29826051
36703081
37178045
1895100
39504905
15972138
35182649
954639
9134
165933
1149124
555836
36094392
27901854
41023720
268813
39243483
502093
1975098
45447015
3115912
31966372
45459052
34857022
24328290
1398529
30008136
36092519
35703455
27901078
40772045
1348603
36753181
43460079
36142896
658145
36434583
42739940
40651700
102527
36088512
170632
41856164
511920
3095324
36451530
43019077
39666126
1648582
29099432
8885
1352478
32775498
33584961
76773
32451867
31833551
754161
29144151
1470788
237418
29512837
37787672
39300926
36677698
31819430
37700230
45516540
44775968
40118531
31534848
14500611
45471556
16072171
2721352
357778
38845853
32638739
784244
32712974
37848058
40523916
15722471
32883304
16353691
29503023
38143254
42815971
2945202
41398277
36139558
48909
38185184
45474068
16525237
45472699
34094382
37679141
42162600
39057966
33028937
40242367
30766864
15839635
35025801
1636038
36419886
39621372
124891
36579394
132010
30336712
41283546
41548895
37341234
40116294
43290981
801328
30861356
20197342
34450292
35810978
39178718
41503642
32166941
31029021
1657358
41582800
37491819
36165552
44180065
336743
40682440
31448101
464935
2831258
40228776
11934341
45422707
40331536
2660376
29675389
38860322
39747463
38572780
7602851
33824515
43185434
43780643
30220183
31313419
37001434
2457130
144735
45316213
36166468
1235208
614021
43057309
41830268
37078428
34836135
38001692
1060662
76934
686361
33381154
41390495
8604821
29159283
37818317
6370871
31869643
20810700
31856030
32561635
1002532
38037858
1674466
33150483
2651942
35733175
27304948
32029613
44087121
1695917
53111
35645513
1110497
1891506
44059284
38753165
32300368
589698
34110308
42493097
34535844
37800615
36353300
36771902
33721921
42356176
42775176
2026504
44083124
33326226
1001713
41547182
31622964
15938450
41177783
831528
136170
29902611
516765
16169343
27645211
37316388
43829295
33258697
43293093
34098622
29585315
8425811
13797691
36912670
62523
32008337
33329099
1179613
25255773
16168205
698395
29638879
206534
34387564
2521274
45356503
34630035
45343032
44794289
37590878
32805579
35021150
43643105
29145300
36370607
29191474
42584673
33232042
2293556
39720820
42936594
36682596
44967214
42958881
39072259
6604351
40704817
2186258
3119206
1256153
5054
29570863
45297853
36400299
2059828
16002278
5477351
36093463
37201219
42468526
29163642
44838960
36303628
45275129
310368
31432310
32711777
24655228
20390872
29777604
2219624
42517159
36964504
16031116
2501972
34059576
570506
43734740
33281892
530143
37119843
35481943
36838596
45253219
39876830
31879493
36947166
31727017
40786301
27629623
1737201
45235566
950360
485335
32430037
42592435
6801871
44572569
43973375
43680919
41834161
35141362
29810412
31065768
1346677
41834390
32747470
45109725
33152906
39209504
45205992
43253587
39914632
45206030
39249006
39033410
40205349
77617
45202337
34867697
29561077
149807
31614727
40735688
37049902
34714895
32301917
45185374
37125344
45158155
44114714
35935521
32761184
33621348
34466402
37102501
44214452
2909126
32561043
31797942
45107432
33236217
16003233
3025749
44245407
15804175
31468240
1247034
44897
45140431
42213061
45142387
39117598
40982320
33067824
32703125
30496966
45107850
41689901
627092
45127947
122801
36410518
253770
1688622
2145458
41133334
34595388
5082351
810427
36520210
2854614
29572803
487840
15640419
3899521
4575811
29089697
1873720
36561605
43791882
35246303
45097785
1324906
37978482
39007267
7540461
38239400
40005999
29889111
16028388
1370381
43273366
35425599
35495855
565560
30549617
38032583
35491893
1096416
2714846
34741193
29178413
36058595
37199454
43566415
10441301
45068149
32626780
31301197
1006048
34947124
37603651
40182447
16054127
27717268
779777
37654088
36863247
596167
45055193
37117582
44789299
406610
16764574
2944724
16137460
1579038
1239972
43016837
27799810
36383677
16283743
16035161
33150410
29004482
39738930
45041699
44182551
30899600
45039162
42872167
36862953
5375001
538842
34856429
38197268
32041576
27243754
34168714
2815434
3168506
31140124
44686439
2274000
14658981
33208975
45024167
37672932
1605053
33580073
3143510
32133313
36842649
34612997
30004405
39853044
3111846
31866610
36241707
27470365
37619643
37947145
36351009
20574376
306262
31675925
3049907
34083253
32272739
43583238
37555494
39255036
337687
29821442
37023570
29094601
43975199
32161916
39861585
10711851
30595443
41128286
35455246
33599119
401716
31128614
41429684
38910283
32377365
40287750
45007394
278193
1565285
37781234
16096781
45006365
13446
1120639
31498417
37355927
511876
32121342
36656233
33908192
16010326
31250638
31319252
37964412
35793405
39969276
40273095
14309311
36726098
262763
8987171
42729759
36266626
29191617
31562293
356080
8458681
40245234
37649449
35593526
30518547
36900036
43853811
34884676
569094
43861425
16231491
35841731
35648534
36177229
33158552
35186315
39685860
41939084
30551620
31177786
36582847
41730539
29233080
1124668
43608312
34065019
1472628
131074
36168038
35310395
5815311
38766635
32573737
1859874
41464994
1390081
3096085
9035721
1146169
37623667
22947237
37839092
29630927
40708147
32206597
36449254
40517135
33162704
44223052
35587017
31155103
30369218
33430228
2350152
32811366
31686376
34306039
44754418
2534114
30411115
43976631
33211102
41032639
14634791
34962537
1068008
39634041
16167469
37141018
1143187
440114
15990622
38678207
2942492
34623214
236628
43519671
36696017
20329657
44953974
35290150
2871618
6864881
44225465
41583566
38856816
42698273
31372272
38233811
2713502
590561
32672389
35417620
15349881
36583105
42986642
34158054
37873266
30161279
41622579
13825821
35300210
30484191
40183722
39494336
34475518
43686943
36496295
38917852
27122866
33292729
35315526
27453715
44129259
42135097
30425039
37946424
35192754
42196207
16131003
44902124
822983
558873
30949407
32495956
39354233
16035918
33263363
43021651
144453
27128602
32176103
2574908
289548
2894782
29099846
8329381
31177019
33650487
37674286
29281426
41441868
37758960
31976226
663461
33490376
41819191
843392
44877521
408993
44782404
43586399
30630871
33499398
43882475
31484816
13999431
39498303
38708605
43684555
40871742
30855153
41011363
33359260
771064
14938371
328846
33279450
20505799
4554401
34271915
43332102
39125648
32262262
40304817
35586471
15979933
42279793
3140811
15652765
33461345
34176815
15583108
2365508
44283738
35787021
34844519
39404266
1079490
36633842
35976020
37928042
11967091
15587234
31525614
32288681
15420311
9503481
29966206
33726771
39442196
34738565
43601805
44717279
44566600
409155
37043833
38630457
16545169
15596225
37096030
44708102
44707710
44707404
43492226
37114522
42581711
11229861
35322329
2785044
42200942
42440304
38218223
40479611
31172637
38751106
8892541
1090473
38566979
15231521
44621843
7764571
358689
12711881
43535978
1335045
36132341
40765587
42056861
39747150
370225
1007746
842663
43869336
41300795
42177082
35191439
16099995
44563047
44513121
44248822
332862
36538189
2995484
41170699
44502841
15623990
193832
36808298
36161663
38181860
36392766
40498342
44442114
44125296
28137
31338676
36145887
37932013
34297224
31766278
44517878
42913775
36313076
316016
1473720
33565098
2581328
38095687
44464732
44461741
33052341
29291258
29015921
4206701
775272
12128141
3931101
2846122
38547419
37937240
37937293
40638943
34315187
26105
31513049
37592484
36766421
34093276
34243702
41514691
44233189
36149962
42321288
37609810
32390084
36625537
35964482
30567215
44229132
16158500
37313925
43334118
33829013
34313704
40328496
44218348
44022426
38012361
34268940
43855044
1080527
44203347
32444603
44097297
33455400
38594007
41961537
40818502
15706969
43612058
38067335
1564688
36663285
10267521
31974640
33748078
44145862
41303431
1634403
36863105
36660866
37513111
40041746
38894847
37191019
40648907
37061663
37054012
35580368
336159
35520100
36042986
480783
44007420
41270125
62697
35971388
39480855
42993963
29505731
1171095
2050286
1877530
31172140
119376
30790382
36562156
36605420
15671315
37921378
33873266
38099266
35986072
40421756
36233947
43956145
40284234
31654607
1228529
37748639
36295327
34924353
43956401
33816330
350737
37718132
522830
6299361
36695229
30664623
5658921
20314600
2038076
33015800
41328521
43060808
34829884
43916019
20201428
35008493
11798
559985
31448506
20172814
35356466
33731680
757599
1502349
36050
2889014
32976222
37413241
1180900
41591751
36261291
2777970
2811256
1201332
4603321
1938174
372916
1510906
143486
39892594
