27896356
40818502
43236174
35793405
36413583
38296369
43015770
30161279
44412070
47815229
47176019
256652
33567901
41867272
46210041
37748639
549368
47628530
47567430
1430045
35703455
47511115
33860932
37183393
47122833
36660866
869561
47452605
1313728
46001613
38504120
38850077
47349661
46487027
34656089
33794697
32041576
16652077
1136495
47188647
47223195
28137
40903138
35949017
47198584
33667720
44715994
44189226
16030160
29931219
1842362
35959134
34664661
596167
16692985
885936
954639
13825821
46237024
45835400
45707409
13797691
42162600
35021150
44214452
31562293
35586471
34937707
45001158
34176815
35192754
44960599
34271915
39498303
44810834
12128141
32390084
41170699
32133313
34297224
33565098
37609810
38594007
36149962
43974325
33455400
37061663
41514691
44007420
38104917
42116343
40287750
29584654
40284234
33015800
38677419
37075133
37426813
38870132
37921378
34829884
31654607
43535978
43956145
37121970
3014848
36313076
32352848
37623667
43821616
41963216
43878019
5815311
37754298
38564916
40421756
38531018
39969276
43747554
6796441
20201428
38410704
41591751
42993963
38099266
37140982
31089854
42986642
38001692
16174613
42235052
34725190
842663
39956902
33467222
36957144
2268970
37642160
42772995
42845180
38182077
42505019
34202335
39666126
33150806
34886224
36722553
41587978
2098570
34947124
4255031
37474465
32182070
37391952
1460367
30551173
3055894
41905998
40720638
2899692
31316544
42726156
42213000
2811256
32299566
39895988
35008493
35322329
40328496
825239
41547182
41477852
35640554
40761017
42592435
42371634
42166681
3899521
41645642
2630504
6906571
34470821
35497249
34268940
20314600
31367431
39489443
40600904
40775397
15671315
20235985
31677098
2050286
1200306
1242418
38858875
33432979
37054012
39958511
37076955
39835662
33235967
1895100
2616396
33471284
11229861
38468814
37850681
12148
34726732
27966128
36538189
39596864
347700
2815434
38141309
36583105
39442196
33194995
39464382
37781885
35561457
32598212
15596225
34261097
20172814
35356466
37282818
36991232
3020399
36865090
35580368
36644610
1877530
38975205
1634403
33046106
35162790
11798
559985
36050
39233308
38723167
