11798
28137
36050
125409
128988
193832
289548
321102
347700
440114
514070
559985
596167
660093
819730
833768
885936
954639
987929
997522
1082965
1335045
1393684
1460367
1555317
1634403
1676741
1679259
1877530
2050286
2630504
2689610
2756024
2811256
2944724
3023486
3055894
3153572
3899521
4255031
5048441
5815311
6299361
7451961
11839921
11967091
12128141
12180721
13797691
13825821
13999431
15671315
15797480
16032828
16115955
16652077
16692985
20172814
20201428
20314600
24522829
27175597
29093406
29532581
29534878
29584654
29638879
29931219
30790382
31082396
31316544
31448506
31525614
32006956
32182070
32244163
32390084
32406594
32444603
32561872
33004543
33012343
33015800
33052341
33152906
33188785
33292729
33455400
33565098
33596879
33667720
33760108
33796498
33816330
34021836
34202335
34297224
34460855
34595388
34664661
34705505
34725190
34772865
35008493
35192754
35289124
35322329
35356466
35497249
35531087
35580368
35586471
35662793
35773220
35793405
35810817
35884107
35959134
36058595
36092519
36223368
36292045
36295363
36370538
36413583
36663285
36722553
36804885
36809558
36845327
36863247
36879805
36991232
37043833
37045120
37054012
37061663
37071754
37094341
37096030
37098117
37100049
37183393
37282818
37313925
37321660
37474465
37545051
37590878
37609810
37619643
37850681
37855813
37859556
37871689
37881385
37921378
37962279
37978482
37987387
38067335
38088613
38095687
38099266
38182077
38254966
38285285
38535689
38538968
38594007
38606502
38708605
38870132
39007267
39249006
39255036
39480855
39592726
39666126
39683755
39747150
39822000
39895988
39969276
40274339
40328496
40344160
40388727
40410943
40465984
40526910
40587167
40648907
40903138
40982320
41250206
41283546
41300795
41398626
41399161
41441868
41477852
41511205
41547182
41548128
41591751
41645642
41648804
41655329
41689901
41735871
41752041
41763343
41791843
41852820
41856164
41879250
41899444
41905998
42056861
42116343
42173059
42184348
42213000
42223633
42586385
42592435
42726156
42734274
42945774
42986642
42993963
43016837
43032483
43172247
43477110
43712100
43821616
43855044
43882475
43973375
43974325
44070277
44081214
44165505
44189226
44203347
44233189
44412070
44442114
44492436
44775968
44819382
44838960
45107432
45343032
45426599
45818068
46219823
46393156
46437028
46487027
46542374
47223195
47628530
