35704433
46834358
46442278
35549764
48048722
44165505
46473934
46576248
47177102
46582741
3119605
35951610
29777439
47052924
38296369
47752079
39410289
14634791
44519246
44070277
45996525
37191019
45956771
45931867
36660826
44536810
38065482
35485916
31500860
35883998
37864784
1701337
36270805
42600441
4917821
39139537
36748465
35703455
1313728
47427344
14505171
47452605
47417343
45343619
47438632
15706969
29650066
16652077
47349661
45002913
44599867
31781162
35949017
38215952
43868759
34656089
39007267
30136276
47188647
885936
28137
33887023
45457773
30242089
47171837
34407289
38933575
45525248
46969039
20316166
46323667
37590878
38910283
41359295
45495061
596167
29931219
35959134
34664661
30283038
46962390
40903138
4993381
37183393
29027196
833768
33012343
36080478
38504120
38538968
46001613
36954591
16050617
39688519
45391268
46153013
514070
33182533
46454010
44412070
1085145
954639
37951232
31654607
42046778
29541566
46409262
44909512
37350815
37775536
41871077
42297858
31766278
35024888
43712100
40101476
45830718
37177606
45184976
46315435
35293985
46219823
45521473
46006290
37451636
45303065
40344160
46025386
46213120
39880797
46012061
43565942
33015800
43413766
38420098
46216789
46149233
41852820
14317671
1683427
46089001
16030160
33548178
15729279
44430385
45531017
33741778
37290276
8697461
30229260
37425820
36485470
336159
41283546
34161633
40818502
36783488
4132931
480783
44459233
42847742
34651665
44572569
43078019
39243483
37036907
502799
30664623
42468526
1564659
31560489
35241545
43885995
36614161
34595388
32915911
289548
33292729
2238228
42415995
39573295
45288716
35290150
41569682
45715796
43021651
42586385
45343032
36660866
30007773
31649667
31887466
45639208
42213061
45184352
35586471
41856164
40328496
42162600
16072171
31534848
37058800
41689901
32638739
43686943
45471359
32444603
34176815
43887655
36995972
44752682
15578934
20172814
32133313
2186258
2050286
42698273
36808298
20328433
29638879
45383979
15587234
45383269
29317550
44007420
13797691
34387564
35322329
33052341
35356466
193832
1470788
35021150
35561457
31432310
34093276
42584673
15671315
36682596
31172140
45312843
37054012
6299361
15231521
37061663
30008136
36058595
15623990
34844519
41834161
44838960
34867697
39969276
2785044
10256221
38594007
31525614
38095687
43680919
1146459
35008493
41864342
1877530
35580368
1634403
45216261
11798
350737
45195680
34268940
44416777
559985
44269315
44779445
36050
44770877
44747869
44004334
43491877
42942427
42882223
