11798
26105
28137
36050
135120
193832
289548
480783
514070
559985
596167
833768
885936
954639
997522
1029377
1171095
1242418
1313728
1470788
1619907
1634403
1674665
1691620
1842362
1877530
1942238
2050286
2141954
2630504
2723410
2756024
2815434
2831258
2944724
3153572
3163170
5658921
5815311
6002901
7128081
7708711
8507811
11229861
12128141
13797691
14317671
14505171
15596225
15623990
15671315
16050617
16117522
16450480
16575364
16652077
16692985
20172814
20314600
27057838
27175597
27453715
27887242
27896356
27966128
29638879
29931219
30136276
30369218
30574224
31140147
31367431
31394077
31525614
31781162
31887466
31923832
31988181
32244163
32390084
32409459
32444603
32747470
32764561
32949699
33015800
33046106
33052341
33152906
33232042
33565098
33596879
33741778
33811255
34021836
34176815
34202335
34268940
34276158
34286584
34297224
34306039
34313704
34460855
34562915
34595388
34651665
34656089
34804432
34844519
34884676
35008493
35017071
35192754
35293985
35322329
35356466
35385858
35497249
35575209
35580368
35586471
35640554
35848169
36058595
36092519
36149962
36183673
36223368
36295327
36331681
36353300
36400299
36495495
36614161
36660866
36804885
36879805
36980246
36991232
37098117
37114522
37165220
37183393
37191019
37234673
37296920
37313925
37425820
37451636
37545051
37609810
37721141
37850681
37855813
37871689
37871976
37928042
37951232
38012361
38067335
38095687
38099266
38181860
38215952
38376291
38413069
38420098
38504120
38538968
38594007
38800942
38823095
38858875
39007267
39645605
39683755
40101476
40144312
40280338
40328496
40344160
40421756
40464318
40593603
40755081
40865490
40903138
41170699
41283546
41514691
41591751
41618405
41645642
41763343
41791843
41856164
41886838
42027587
42032081
42056861
42172308
42297858
42447539
42581711
42584673
42592435
42699517
42726156
42811248
42913775
43104337
43158835
43184223
43376737
43612058
43686943
43712100
43740077
43762870
43853811
43882475
44007420
44070277
44114714
44129259
44298062
44442114
44451964
44459233
44520174
44729966
44851715
44953686
45109725
45184976
45298303
45303065
45343032
45531017
45787273
45818068
45830718
45921150
46001613
46002168
46006290
46089001
46210041
46213120
46219823
46315435
46328525
46345088
46487027
46501547
47004401
47188647
47335870
47349661
47368273
47734735
47777095
