37124606
40818502
46936911
31478552
35599492
46635654
35300210
47663542
45176306
24980431
43236174
38413069
35657092
47871442
46185226
47799520
40678592
47052924
38564339
31781162
39777498
31287507
34951373
47611921
38420098
37191019
47643432
34714895
30229260
1701337
47541037
31963927
46659603
35703455
44070277
41632851
47411493
47448131
47468825
40202215
47457041
47448912
47435147
42223633
47408424
30136276
44599867
40168236
47351929
46908782
38215952
28094275
46312370
38504120
46391960
41110482
47188647
47223195
37942090
37808009
47161414
16652077
47183125
45760437
34134004
33874947
885936
47004168
37590878
2864498
35959134
31660678
46487027
33609580
13825821
34664661
35586471
33298365
38535689
42537305
46012061
34935669
46529783
37183393
37350815
40903138
46901479
16692985
29931219
596167
833768
34656089
35286589
46803804
46805596
33012343
46001613
38254966
46646543
46794154
46792856
45830718
34288861
30336008
44513121
38538968
46734922
42297858
44165505
41928997
44955861
36954591
16050617
46529377
46529310
46529290
46529247
46529093
46529073
46528879
2142170
39672592
31995113
39688519
8431361
31090390
34306039
46500335
46500289
46500222
46500193
46500180
46500147
35106960
40755081
954639
46500125
723052
46500028
46279408
46499955
38927846
46499426
46499921
46499169
46499344
46499308
46499197
46499138
46499104
46499087
46499043
46499067
46498994
46499017
46498974
46498950
46498885
46498865
46498820
42811248
46498761
46498711
41639851
46498660
46498627
46489362
46508778
46485295
46486148
46484862
46483909
46484424
42032081
46483659
46482869
46481250
46482828
46480862
46481249
46480577
46479947
46480341
46478755
46422064
46420212
46420683
37951232
46419811
46419476
46391359
46390048
46389289
35309271
514070
46481292
34623214
44412070
35293985
38878809
40344160
38579246
36143876
42046778
35024888
43712100
46315435
36167527
46046013
46213120
46314871
37321660
29094584
41286185
46025386
36496295
43413766
35889893
42162600
38898679
42734274
13999431
44851715
38252875
42338345
45184976
45521473
46137944
31923832
16030160
30147283
33741778
43104337
1029377
40735688
15729279
38495580
253770
33864894
35292835
37370982
34884676
34595388
34367432
39243483
43740077
34042846
44459233
41023720
39573937
4132931
45774800
43295881
37036907
30664623
42938445
16457329
16735069
35241545
44428078
35366575
45756987
33292729
29792497
33132170
42508219
43361093
43734740
2721352
42586385
27272083
42104830
30007773
11406731
43519671
36092519
9134
843392
38390047
16211694
45447015
31727017
41856164
16072171
31797942
42789606
1470788
36887514
41689901
32638739
45472699
15640419
34176815
2186258
33430228
44080668
2574908
33106804
41283546
43021651
45343032
13797691
38391762
29638879
34387564
45319124
34281074
37551899
35021150
45341403
45338099
43335863
42584673
44861775
15231521
16031116
39969276
36058595
34856429
32277614
24655228
20390872
45253219
44838960
32747470
45218678
45109725
16099995
44937585
42213061
43731372
15596225
45107850
44002493
2238228
40328496
2785044
42698273
29004482
34451070
44182551
45032157
41846285
45007706
289548
35192754
44902124
35675113
39354233
36538189
44919928
44880372
44912477
34769114
44907679
31988181
34896993
11967091
37292467
39498303
33359260
34844519
31525614
34271915
336159
3140811
43686943
33461345
15583108
35787021
44283738
34234731
16158500
31766278
37928042
42177082
32288681
44754418
6490561
36466227
771064
43601805
32133313
38630457
37096030
1146169
35754544
42581711
11229861
32021803
41170699
32745703
44331410
42056861
42595006
43869336
44248822
33650487
35580368
193832
38181860
44442114
15623990
28137
40498342
15102371
40595838
33565098
36313076
38845853
38143598
15543988
44081214
37043833
35401790
29015921
12128141
36292045
29291258
33052341
35128270
38095687
43811088
3931101
30201822
44379434
37937240
30672019
37937293
34315187
37609810
32803024
35322329
2566714
42473008
41946144
29204736
20206645
36972047
31513049
15996864
37592484
37573558
30696473
35788757
36479049
38141639
31799512
698395
44273996
34488307
30167634
38784116
32274112
35594084
27915065
36747329
34243702
41514691
1200306
36663285
44233189
32390084
33015800
15542713
35520100
38012361
35869112
44229132
44022426
36660866
43334118
33829013
36645695
39853044
2995484
44218348
32444603
34268940
43855044
119376
37355927
43293093
35356466
44114714
44097297
33455400
40648907
38594007
41961537
37426813
37313925
15706969
480783
43612058
38067335
27634048
42993963
44154564
37282818
37054012
1877530
36042986
1284048
31448506
38894847
39117598
1634403
41303431
37061663
20172814
15671315
36863105
31172140
44059715
11798
350737
35008493
43956145
44007420
559985
6299361
2145458
36050
43420491
37921378
32976222
38104917
41306593
36233947
31654607
7011261
20201428
41591751
36295327
34829884
38099266
31208597
37177773
43682953
6796441
35971388
39604976
34313704
31453422
32814547
27254881
34571044
42256369
29755139
30342989
34038754
35542573
42599251
40004312
