47925338
40574364
36413583
46226352
47833310
40678592
42027587
149574
23207
47176019
30348316
36353300
30136276
47698924
44070277
44536810
29650066
47628530
30161279
6002901
46659603
40464318
47427344
761552
32676884
14505171
44270317
30430820
37422961
47351895
38215952
47349661
36677803
38209265
34385049
47179247
43376737
32041576
34815842
38001692
47223195
46908782
47188647
16652077
45002913
45525248
46752967
45692230
885936
47167119
38504120
41578923
30283038
38609195
46969039
47141319
46323667
46752747
37590878
3032431
46245577
47022912
43184223
35959134
1952448
34664661
41856164
30664623
40765587
37835801
33012343
40903138
38181860
156376
37350815
596167
37183393
37788492
30736887
29266950
16692985
29931219
15610035
41003588
32685060
41359295
46773243
833768
34656089
31759977
37941413
1354597
31641561
45818068
44165505
46734922
32638739
39645605
43060808
46674708
31140147
45865577
954639
44902260
31994148
33298365
33106804
36954591
30242089
38538968
46001613
34884676
39688519
34306039
46153013
36342408
46219823
45830718
514070
5580171
33816330
29777439
39969276
46437274
46437645
39950919
45303065
35743322
789336
46213120
16050617
38579246
37775536
41871077
46046013
15706969
42046778
42297858
37951232
36509586
40101476
34039531
37177606
45450183
45820839
38300443
15724439
46315435
46006290
37321660
40344160
46012061
35941718
46025386
37938734
36458297
42162600
38957184
46191075
44433601
43413766
39880797
44851715
38420098
38252875
46216789
45184976
31887466
45521473
42699517
711157
42213061
45082986
45876116
45132026
38541316
40940986
31923832
45622192
43078019
36496295
33132170
2707220
44451964
34149952
46067854
35182649
36614161
1368322
38441833
40479611
37987137
34161684
38390047
36495495
44953686
41018492
15729279
26105
16575364
33548178
13797691
33864894
45760437
36938953
9134
30229260
45980047
29638879
8507811
29317550
588088
16030160
44459233
42849987
37425820
6299361
42698273
37027429
336159
3235457
289548
35561457
43734740
45531017
41023720
36058595
43924687
34161633
45908079
119376
16457329
4268081
350737
4132931
36310347
480783
40818502
1470788
34595388
1877530
36783488
42584673
1564659
31766278
2162396
193832
44967214
20390872
45253219
34340446
15231521
45107850
20505799
35586471
43986975
35192754
35300210
35350930
31988181
37928042
408993
1171095
33129061
35008493
37217535
35787021
37117433
38753615
43686943
34176815
34844519
11967091
15587234
43601805
37114522
39480855
44513121
36161663
42913775
44007420
31976226
1006048
43208417
44433327
42056861
37609810
29145300
33565098
44442114
37043833
44081214
39517521
38095687
12128141
33052341
38012361
38067335
37313925
36132341
32444603
36660866
33455400
43612058
36863105
44152944
36313076
5815311
38870132
38564916
38531018
42993963
42986642
34725190
38182077
41587978
4255031
32182070
16068579
1460367
37096030
125409
42699716
37855813
7708711
42592435
40397977
997522
34202335
37146733
31070973
37098117
37045120
28137
24522829
37061663
37850681
37619643
34021836
33015800
32406594
36400299
41763343
41645642
27453715
35773220
41399161
36583105
37545051
35640554
33046106
35497249
33470462
35322329
31367431
35376078
40328496
15671315
34268940
32096052
39692938
2630504
31677098
38866331
3168506
38622085
2050286
33432979
29616322
35580368
33232042
37054012
30369218
33471284
2815434
347700
37076955
34099270
33194995
34261097
39044749
37873266
33596879
36838004
6490561
20172814
34297033
37282818
37712691
29185215
1200306
38233811
38963248
33811255
38594007
29596609
35356466
36991232
38631141
4581761
15596225
29663232
38671921
11798
559985
1634403
36050
1691620
