11798
19456
36050
66849
73744
75103
75798
76934
78433
93640
95025
124786
126300
126356
127716
132931
139253
141288
143410
161670
165191
169492
185263
205398
217019
224959
228748
257466
279202
283565
300923
316407
322504
328399
334939
336159
342132
357237
360050
362835
373095
378939
388135
417143
429790
440153
444245
454122
456957
460152
462940
473810
474852
491046
491904
503534
513730
514018
514275
521438
549368
552575
559985
582835
584320
589941
596167
600355
613087
617783
628860
637796
645654
653620
663682
673134
696776
715883
715925
754642
755052
757801
765692
806305
812380
816270
829690
836021
844785
855993
856287
864262
870203
871391
871736
885171
894969
901560
922891
946283
954477
969226
985567
996167
1066611
1068500
1096416
1117022
1137769
1164446
1179102
1207725
1209446
1231476
1244765
1245109
1250399
1256257
1294539
1294598
1310728
1322549
1324482
1332384
1342595
1348093
1361544
1362766
1388397
1397545
1424931
1451388
1457048
1471893
1480870
1483621
1504814
1507355
1508454
1521589
1540075
1546069
1562989
1572988
1592014
1625030
1628437
1628933
1648259
1688338
1723486
1726297
1797635
1815139
1851678
1875638
1877530
1895100
1923794
1932870
1935800
1938856
2022582
2081806
2098068
2152462
2234476
2247390
2381558
2406592
2444046
2460756
2461868
2480078
2483738
2491940
2521274
2531024
2550436
2572866
2587798
2616592
2693398
2698542
2700198
2700614
2706284
2747108
2785918
2811256
2880574
2938438
3015284
3056320
3098431
3113519
3115912
3160322
3160979
3179915
3182568
3394371
3773111
3851171
3860331
4064611
4426601
4548751
4895061
5064771
5287711
5981211
6182451
6267451
6422281
6586301
6829511
6937341
7338381
7341631
7410461
8343371
9895571
9997101
10258171
10495771
10747821
10991251
11059771
11229861
11570341
11744331
12092351
12278231
12291061
13797691
13999431
14788301
15341481
15548064
15555630
15594760
15596225
15623990
15652765
15657732
15709420
15716635
15741138
15742829
15752016
15756177
15764362
15823252
15907190
15973438
16010326
16034584
16045537
16060025
16060521
16070873
16080071
16150578
16164132
16196641
16217947
16257781
16295650
16407166
16472122
16540867
16552876
16563685
16642348
16709335
18705514
20163334
20168530
20172814
20174884
20261668
20326693
20351452
20410096
21637369
27049549
27078529
27103804
27138115
27222079
27233788
27253336
27298831
27520450
27573859
27757705
27786148
27891641
27908659
27940960
27942424
28094275
29038069
29066950
29117010
29143388
29200380
29229367
29263585
29268144
29286489
29293282
29307307
29319200
29333654
29407191
29533295
29573752
29574359
29596609
29616322
29621956
29639652
29777884
29781680
29783148
29818639
29889111
29896971
29900950
30056874
30101195
30118060
30144006
30240854
30321588
30335172
30466459
30587329
30654251
30708051
30814711
31015555
31061819
31103983
31145374
31156266
31234772
31313419
31363889
31448506
31469754
31554685
31559451
31568925
31601768
31630323
31649667
31695290
31718914
31789456
31864999
31888274
31995113
32004730
32007731
32080989
32091592
32105189
32115339
32129707
32135047
32149365
32201963
32202440
32225706
32353250
32377604
32429455
32434353
32511406
32511677
32546673
32554504
32624381
32669976
32717564
32761555
32775926
32818418
32846553
32937126
33003093
33119240
33133846
33159288
33170600
33187551
33243396
33280203
33292729
33307638
33320711
33333932
33342699
33358197
33430215
33450215
33471284
33505377
33511050
33559604
33596879
33599119
33618340
33718512
33721407
33722186
33800629
33811255
33818755
33832904
33857331
33873243
33879063
33953573
33998362
34016792
34039364
34085666
34085698
34085752
34166196
34240403
34266439
34292360
34351175
34385049
34385182
34388172
34431177
34444822
34460855
34468485
34550986
34562952
34582179
34630748
34768668
34777660
34799932
34800783
34829449
34858966
34859321
34885027
34950087
34961608
35039943
35071559
35106960
35128978
35155098
35204701
35247527
35326018
35347656
35360059
35390395
35404855
35482588
35580368
35643370
35652721
35700340
35710349
35757014
35790394
35865338
35866254
35876827
35883137
35886829
35906304
35948177
35951882
35976180
35991164
35997913
36072492
36090835
36098654
36120498
36125581
36137424
36139539
36142896
36159271
36168433
36256814
36292045
36298704
36305051
36342850
36432575
36479005
36559919
36625764
36637954
36696017
36791991
36865090
36991232
37043833
37047665
37111418
37123750
37198383
37212632
37221599
37254757
37295846
37452015
37573495
37620363
37701161
37873266
37928050
37962948
37991224
38061995
38141504
38204030
38275042
38661057
38852434
38858875
39441605
