4
2686
2789
5064
9134
10545
11798
11972
12394
13535
14641
15418
15487
15520
16102
16876
19408
21673
22287
22714
24031
26105
26730
26814
28137
30187
30983
33449
33955
34221
35823
36050
37389
37712
38963
41305
42616
43171
43642
44282
44804
44897
45676
50071
50582
50824
50988
51268
54253
54691
54844
55696
56769
56933
57815
58535
59306
62457
63647
63959
64285
64287
64807
65122
66377
66497
66558
67651
68562
71530
73744
74433
76138
76719
77736
77786
78246
78382
79923
80419
85536
88965
89346
91837
93503
94962
95548
96306
97669
102975
103242
110256
112167
113025
113322
115345
115946
115986
116060
117519
117762
118302
118414
119376
121141
122012
122140
122453
122567
123579
124445
125262
125946
125998
126300
127079
130558
130743
130898
131604
131705
132958
133727
133843
137796
139524
139603
145969
146421
149574
150769
151220
151964
154501
156133
156376
157036
158654
158684
159981
162185
163171
163223
163421
166648
166653
167650
168480
169492
170269
170656
171234
175420
176402
180373
181052
181316
181686
185876
187340
188116
189613
190265
190566
190795
192551
193832
194278
194293
194975
195488
196324
202809
205757
206353
206534
209118
210025
213509
215450
216531
219392
220111
220599
221748
223138
225313
227986
228271
228748
230018
231095
231890
234297
235593
235720
238225
238977
239009
240936
243072
243290
247508
248678
249486
251442
253770
256478
258841
262313
264199
265567
267354
267634
270968
272391
279576
284226
285680
287687
289548
290856
291688
292945
294775
303456
304188
305373
306795
309205
309285
311616
311741
312351
314865
315219
316134
316564
316755
317705
320387
321102
322004
326419
328275
328308
329008
329762
331519
333776
333869
334993
335440
336030
336159
337376
337982
338236
340982
341531
344788
345639
347094
349648
350737
350913
351192
352905
354226
356080
357656
358230
359020
359308
360146
360832
363327
365086
365762
366443
366719
368492
369198
370712
374557
375644
378010
379024
381662
381826
382119
386485
386516
386899
390123
393942
396640
398945
399542
401346
401716
402688
405111
407847
408993
411500
417666
425870
431858
433838
434713
435024
436103
436144
437611
440114
443387
445717
446529
453899
454122
458331
460103
463497
463582
465701
470279
474852
475697
475762
480783
481966
482095
484719
484918
485069
485465
487694
492745
494489
497208
497986
498629
502799
502948
503862
504244
504582
505580
509033
509492
514070
521683
521743
522733
524718
525548
525592
527068
528321
530880
533320
534766
534946
537934
539692
548792
548884
552212
553907
555877
556726
557343
559985
563150
563270
565324
565520
566613
568884
570541
570985
576495
577369
578504
583496
584674
585962
587861
590289
590561
591264
592740
593278
595215
596167
598562
600895
604484
605070
607975
615698
616376
619418
622196
622449
627356
627916
628893
632082
637571
641017
643240
643636
647674
650034
662668
663124
666600
669604
672965
676065
677037
681624
682986
684803
698395
716805
717244
718434
719993
720515
720598
723387
724910
736036
740897
741879
742113
745494
748487
751022
757801
761552
761960
765940
771064
773716
780485
782122
785513
786242
789262
790656
791127
795603
796195
801328
808214
810427
811271
813735
814771
819531
820970
825096
830852
833768
834129
835228
848135
849684
852015
853815
856734
859042
860136
861235
877307
879668
883516
883568
885936
887427
887471
888116
891647
892240
897165
897701
906393
915041
920229
920896
921906
935968
937024
937747
941830
945737
949598
950126
950759
952584
954437
956625
960345
976219
977729
978385
979013
981368
986733
997522
1000368
1006387
1008866
1010350
1016597
1017955
1018859
1019260
1019786
1021033
1023645
1027232
1028712
1036859
1037696
1043394
1044324
1048226
1048504
1050962
1054168
1055861
1055958
1056908
1060055
1061760
1071070
1072552
1078333
1078858
1083680
1085145
1091222
1092136
1092961
1100421
1102550
1106074
1108040
1109536
1110320
1110624
1112602
1114861
1123205
1123912
1126892
1127787
1135010
1136495
1138583
1139402
1142779
1146169
1146459
1152603
1152935
1153722
1158974
1161085
1164108
1170875
1171095
1173977
1176534
1179613
1182639
1183471
1195776
1197566
1200290
1200306
1203579
1210030
1210757
1211728
1215755
1215841
1222244
1222641
1224128
1226294
1228236
1236224
1237204
1241959
1243937
1249257
1262449
1262469
1267163
1268455
1272981
1277444
1277643
1280800
1284048
1284782
1286354
1287166
1287554
1298149
1298514
1300309
1300899
1305024
1306066
1313728
1314204
1314762
1318662
1323296
1324260
1327627
1327978
1332487
1339295
1340482
1342972
1344384
1346677
1347993
1348657
1352522
1354597
1360538
1369097
1371609
1373131
1383087
1385541
1393827
1394723
1398925
1400410
1402570
1403881
1405528
1406545
1409768
1414078
1414219
1418260
1420549
1427500
1430045
1433323
1435305
1436080
1440547
1446504
1453745
1453927
1454612
1455652
1457882
1466062
1468549
1469340
1469565
1470788
1477035
1478469
1478550
1480870
1480897
1482974
1492302
1492780
1503461
1507511
1508454
1511624
1512999
1520212
1522358
1533544
1536124
1537708
1542223
1546518
1551890
1555171
1556995
1562952
1563749
1564659
1568112
1574843
1576944
1577598
1579639
1585753
1586447
1586567
1589219
1593129
1604168
1607765
1618561
1620432
1627506
1633585
1634403
1634532
1640190
1650080
1650820
1652121
1654198
1661064
1661822
1661830
1667140
1678005
1680956
1681018
1683761
1685576
1687437
1690494
1697614
1697726
1702713
1703260
1703342
1703788
1708142
1712001
1715347
1716621
1720163
1723844
1725378
1732305
1734019
1737201
1740785
1759009
1762301
1778901
1795727
1800895
1804465
1807759
1817377
1823043
1824281
1831164
1832738
1834942
1836746
1842916
1849008
1864770
1866416
1866592
1869134
1873720
1877330
1877478
1877530
1879708
1888084
1888188
1893828
1895100
1895286
1896010
1899824
1907628
1912038
1913022
1914934
1917640
1923154
1932870
1933810
1934140
1934362
1937022
1945786
1946566
1953738
1953856
1957262
1962754
1972946
1980996
1988100
1991926
1996334
1997772
2000322
2005340
2009434
2016906
2025212
2045010
2045588
2050286
2061274
2066512
2072402
2072778
2079804
2088130
2089882
2090184
2095300
2101284
2113668
2123094
2124920
2133996
2143090
2143958
2153714
2171612
2177968
2178788
2181336
2186258
2191432
2202326
2204776
2205112
2205364
2223610
2233604
2236052
2240784
2242532
2249864
2251142
2265710
2266862
2268970
2269016
2269306
2276960
2280078
2280814
2282130
2285330
2286046
2301822
2308170
2326980
2352892
2356320
2362990
2363152
2372900
2384018
2386474
2395074
2401256
2404416
2406032
2408800
2441738
2443306
2447960
2450812
2457754
2458788
2462576
2464276
2465038
2469620
2469914
2491940
2517094
2534908
2538938
2542158
2547234
2550754
2552092
2560106
2565794
2566714
2568052
2568432
2572094
2572946
2573058
2573946
2574908
2575348
2576798
2579758
2589702
2604636
2618508
2621508
2630504
2635494
2636380
2651158
2653826
2655634
2658048
2673364
2685080
2688970
2689222
2702790
2703012
2708056
2721352
2722854
2745372
2749344
2753752
2756024
2768132
2768716
2769222
2770388
2785044
2790692
2799252
2806560
2822734
2824086
2825166
2825434
2829346
2831258
2858164
2860116
2864498
2876388
2883016
2884528
2892414
2894118
2897400
2903692
2907506
2909222
2909640
2915460
2920504
2924010
2929466
2930342
2944424
2955086
2962020
2968076
2985330
2995484
3002558
3018133
3020399
3022003
3022507
3024393
3024595
3024955
3027156
3035645
3039134
3040100
3042575
3043007
3044661
3049082
3051756
3056568
3056924
3057651
3064390
3068815
3071160
3074327
3075940
3076134
3077324
3087062
3088342
3091951
3092166
3092647
3093095
3098989
3099643
3099705
3099777
3101894
3103100
3103746
3104417
3105426
3108016
3110392
3110500
3117442
3119206
3119362
3120110
3121685
3125947
3126150
3126954
3129214
3129334
3132548
3133700
3135975
3136007
3139545
3140811
3145747
3150399
3151072
3153572
3156254
3157820
3158462
3158603
3159860
3163583
3165724
3168506
3173580
3173826
3173934
3173998
3175770
3182208
3182556
3182953
3187936
3188240
3191276
3191865
3200633
3204473
3209618
3212942
3212948
3215176
3217585
3217799
3219329
3220427
3222311
3223856
3225205
3226204
3228259
3231548
3232258
3233120
3233606
3234654
3235084
3238471
3293061
3309341
3314961
3353981
3359121
3363801
3373881
3397701
3414521
3420161
3428371
3431921
3469991
3477001
3478701
3510221
3529261
3554011
3575571
3583001
3643101
3664371
3705401
3711381
3744321
3770741
3792461
3824201
3844521
3931101
4012401
4023721
4058631
4090661
4095101
4100661
4132931
4151861
4190211
4201361
4284761
4304981
4305881
4306441
4312681
4327671
4328541
4329311
4335481
4357401
4360461
4363191
4396131
4430421
4459221
4526851
4565261
4598051
4615471
4646141
4651201
4659231
4667851
4692961
4697801
4709151
4776021
4791771
4797441
4803181
4896211
4897651
4920771
4933301
4956931
4961101
4992291
4997351
5021801
5021961
5029831
5082481
5148401
5156361
5177151
5183471
5187031
5201901
5216911
5222441
5229051
5266381
5289071
5292431
5332681
5340921
5344611
5346081
5355621
5405841
5481561
5488181
5489291
5515041
5530891
5533841
5589921
5617371
5720211
5796151
5801151
5839441
5856431
5865331
5872611
5914961
5990691
5998621
6062641
6082391
6098111
6101131
6123671
6186691
6190801
6193111
6201721
6202381
6221961
6266571
6299361
6359001
6386721
6436361
6447571
6447931
6511011
6522631
6555571
6607651
6619601
6636261
6644511
6652341
6683381
6692861
6707861
6731681
6774211
6796441
6799091
6829001
6864881
6878041
6906571
6913731
6940511
6947111
7011261
7030331
7036991
7043831
7057771
7058721
7094481
7149561
7218661
7221031
7326711
7327241
7364231
7410461
7435651
7443371
7467551
7694291
7712101
7787421
8156421
8165731
8250811
8305361
8479451
8530541
8540981
8587201
8604821
8629091
8664091
8684091
8754881
8799281
8877791
8882231
8956051
9006571
9174661
9374681
9411751
9526291
9620281
9626981
9706611
9882391
9976211
10281981
10330141
10369681
10372011
10464081
10529761
10625741
10844111
10887981
10894211
11007731
11035731
11229861
11285291
11304551
11390761
11429171
11466201
11575141
11594911
11699631
11744331
11778301
11893211
11942951
11967091
12076861
12110401
12128141
12238651
12420121
12454351
12469951
12471661
12567221
12587511
12703961
12711881
12743081
12806611
13479141
13694101
13797691
13810891
13814011
13825351
13825821
13919671
13970091
13999431
14046131
14084871
14113571
14146111
14313591
14380361
14382921
14387921
14501901
14505171
14506401
14522191
14658981
14883251
14958731
14978901
14992991
15002091
15074391
15131451
15194391
15231521
15238601
15336371
15341481
15342561
15543897
15558219
15560785
15566502
15578934
15579452
15583108
15587234
15596225
15610035
15610501
15615283
15623990
15629825
15636618
15640419
15652765
15671016
15671315
15691977
15706969
15717851
15722037
15724439
15746830
15746852
15764062
15780741
15786025
15804137
15810258
15816217
15862074
15963179
15978927
15999717
16002367
16009668
16010212
16011458
16018057
16020638
16022909
16024895
16025504
16029199
16030160
16031116
16036066
16042442
16050617
16072171
16075091
16077597
16080229
16087421
16098982
16099158
16099995
16100254
16103358
16107040
16121433
16123515
16128874
16135194
16139548
16156775
16167290
16174613
16180541
16203610
16219755
16220441
16281223
16283392
16313830
16333432
16344409
16368247
16384288
16407166
16414270
16430239
16444675
16538737
16569283
16652077
16692544
16692985
16695088
16702843
16780420
20172814
20181019
20204083
20262040
20274460
20305384
20328433
20329657
20353843
20357767
20390872
20434852
20478610
20496694
20505799
20556586
20572858
21175567
22410569
24226109
24281495
24655228
24694309
27021130
27031165
27087652
27099571
27128602
27133804
27165274
27191593
27194323
27229048
27232054
27241072
27243328
27243637
27259819
27270925
27273127
27277606
27288661
27293038
27296341
27301003
27305779
27310867
27316999
27319069
27354547
27358792
27364744
27368497
27375778
27451060
27478384
27558526
27570661
27592492
27653803
27654172
27670630
27672985
27673969
27698428
27700678
27702829
27711346
27786034
27803605
27828997
27836164
27844825
27871195
27871542
27891979
27903026
27910929
27912267
27918126
27927224
27927793
27933505
27934138
27937040
27946325
27951230
27957010
27958875
27962017
27962270
28193753
29002903
29004482
29005126
29015921
29030326
29034404
29055640
29056103
29087194
29099432
29120258
29124792
29135203
29143388
29145300
29153220
29163642
29182739
29217465
29249185
29258113
29268630
29272738
29277025
29284356
29291258
29317550
29327615
29331714
29333654
29531446
29539863
29542535
29547749
29548142
29569441
29570980
29584654
29588034
29590594
29610461
29626209
29638879
29656319
29666026
29777439
29778759
29810412
29811414
29819655
29874146
29918659
29926398
29926821
29929454
29931219
29968196
30006540
30007773
30025540
30052620
30079195
30100405
30136276
30138818
30161279
30202664
30229260
30240854
30241655
30253633
30272465
30283038
30307841
30357880
30408567
30411022
30418201
30421968
30430820
30445940
30495123
30498621
30500551
30527987
30530106
30554986
30567215
30570738
30587329
30596876
30627694
30630359
30655505
30664623
30671446
30688457
30692628
30696473
30747386
30755652
30787131
30810552
30870210
30872812
30873833
30874987
30882266
30896737
30914159
30921935
30932943
30934058
30942304
30955709
30975169
30975673
30977520
31007302
31063177
31065755
31067485
31082396
31086356
31098282
31124986
31132910
31140147
31172140
31172637
31225367
31226817
31248009
31254865
31255373
31297502
31301922
31307055
31328625
31337339
31339788
31353623
31364658
31367811
31404463
31422604
31431779
31431900
31432310
31432693
31448506
31450542
31460780
31463958
31484816
31513049
31516104
31525614
31547571
31562293
31587658
31623338
31642395
31644084
31654607
31684917
31693025
31712251
31720491
31727017
31738973
31750514
31759977
31766053
31766278
31769878
31771653
31773402
31776936
31777061
31781162
31797942
31849548
31869643
31870553
31876099
31901852
31906531
31916219
31923832
31964523
31972748
31972896
31980551
32005325
32029613
32097607
32102550
32110537
32121342
32124275
32130716
32130725
32133385
32135736
32138457
32165608
32182070
32210671
32217369
32268128
32272787
32288681
32295289
32299739
32300613
32304660
32313523
32331653
32362140
32388172
32390084
32426346
32426694
32444603
32468744
32478036
32479035
32528498
32529864
32590923
32597240
32601882
32620327
32638739
32653535
32657843
32662280
32676883
32676884
32685060
32709291
32720226
32747470
32761184
32783234
32784715
32813171
32820417
32822762
32834151
32834702
32840141
32874249
32886520
32931304
32948146
32960574
32979014
32999111
33012343
33015800
33028937
33052341
33079986
33085391
33088600
33102530
33117158
33118467
33139275
33152906
33178978
33181059
33195151
33199410
33209150
33228745
33251512
33279450
33292729
33326823
33374640
33421261
33430228
33433575
33434994
33455400
33461345
33470946
33471284
33526400
33534950
33537616
33548178
33564612
33565098
33580073
33596879
33614426
33636791
33650487
33654851
33654963
33667720
33719411
33738435
33749751
33753259
33796792
33829013
33832825
33847770
33848508
33849032
33864894
33868748
33887023
33900379
33945617
33946487
33946798
33946870
34010793
34014023
34032473
34059219
34059576
34083253
34087956
34093276
34097527
34112575
34116230
34116541
34120175
34134763
34148413
34165458
34176815
34177533
34186536
34194247
34243702
34254434
34261097
34268940
34271915
34272270
34288861
34295100
34297224
34305158
34306039
34313704
34314795
34315187
34317415
34360031
34387564
34403257
34403368
34427729
34438410
34448766
34454429
34460855
34463408
34466402
34509514
34510251
34555834
34559713
34595388
34606906
34607069
34656089
34660026
34664661
34714895
34730260
34738565
34760563
34794561
34796246
34810454
34816185
34829884
34839033
34844369
34844519
34853053
34867697
34878773
34884676
34890039
34922580
34926939
35003565
35008493
35021150
35050582
35052576
35083129
35110826
35119512
35119871
35126475
35126945
35191439
35192754
35229590
35241545
35246303
35276844
35279376
35281191
35300210
35309271
35315357
35322329
35344812
35356466
35362460
35365833
35377624
35378469
35428940
35438485
35468386
35468582
35469068
35469299
35472970
35473033
35495855
35520100
35532076
35536353
35554815
35555374
35556372
35567786
35569905
35580368
35581973
35583392
35584341
35585020
35585251
35585297
35586471
35587625
35617157
35627122
35638176
35648534
35650095
35654053
35658308
35692308
35700340
35700964
35704433
35708359
35708550
35708739
35708830
35709368
35738459
35757014
35787021
35791132
35791948
35810416
35814628
35852827
35864721
35867886
35869112
35872747
35874337
35885962
35889893
35896834
35919109
35920078
35933861
35948177
35959134
35961959
35971388
35976020
35986958
36013777
36018978
36021273
36030964
36042986
36045525
36052295
36052651
36053416
36058595
36073914
36077410
36080478
36092519
36109407
36116131
36131226
36132341
36145887
36161663
36169631
36177229
36191428
36213979
36233947
36247842
36286822
36292045
36294070
36295327
36299528
36304422
36313076
36328973
36351009
36353300
36356715
36359709
36370607
36385033
36394019
36405493
36413583
36432530
36452864
36466227
36485470
36496295
36509586
36536500
36538189
36566912
36591724
36605170
36614252
36654419
36660866
36663285
36675191
36681193
36682596
36693868
36694044
36696017
36712159
36719172
36726098
36737005
36753181
36766421
36775570
36777617
36785613
36808298
36838596
36863105
36879805
36887514
36889238
36902258
36934797
36941179
36954160
36954591
37005980
37007568
37036907
37043833
37054012
37058800
37061663
37076955
37096030
37101239
37111569
37121970
37147506
37150861
37177606
37183393
37191019
37251111
37282818
37288689
37309272
37313925
37321660
37332488
37341234
37355927
37413241
37425820
37426813
37459399
37520186
37546190
37563141
37590878
37593386
37608429
37609810
37632996
37638400
37639320
37654088
37662607
37672932
37742365
37748639
37750044
37756277
37779628
37788492
37835801
37850681
37854483
37854802
37855262
37855706
37859556
37864378
37921378
37933037
37937240
37937293
37946689
37962279
37966820
37973134
37978482
37987137
37987387
38001692
38008288
38012361
38027953
38034909
38053116
38067335
38090256
38095687
38099266
38128193
38130465
38141202
38141504
38174510
38181860
38182077
38215952
38226973
38254966
38262153
38291064
38300443
38305300
38313701
38356347
38391762
38441833
38502299
38504120
38517709
38535689
38538968
38541316
38564916
38565443
38579246
38594007
38607770
38630457
38663170
38663403
38676794
38708605
38783148
38796319
38800115
38850077
38873114
38874523
38894847
38910283
38917852
38924145
38927689
38930625
38946118
39088528
39117617
39140353
39166191
39170041
39187763
39219898
39243483
39275899
39324081
39354233
39373806
39389964
39410289
39432003
39475153
39480855
39498303
39537432
39623249
39672592
39710864
39731782
39747150
39793410
39820487
39826543
39829257
39829679
39834705
39850035
39855203
39867364
39886727
39890015
39918794
39921391
39925080
39935789
39950919
39969276
39971489
39982286
40004378
40022717
40024934
40048441
40089410
40101476
40140241
40150593
40156119
40160049
40168236
40173273
40212040
40285093
40287750
40304814
40304817
40306869
40328496
40344160
40362860
40369823
40375098
40375763
40376269
40396427
40404613
40442860
40453256
40460446
40464318
40498342
40524445
40524547
40648256
40648907
40678592
40688911
40735688
40765587
40786301
40806490
40806894
40815101
40818502
40831684
40837826
40859135
40903138
40912395
40934906
40979655
40982067
40982320
41018492
41022086
41023720
41056220
41062588
41078205
41079596
41084166
41143967
41170699
41234612
41245856
41247190
41250206
41269201
41278521
41280317
41282414
41283546
41284427
41285607
41300795
41303431
41324465
41350753
41388309
41412995
41477852
41514691
41548979
41569682
41571698
41583566
41587978
41591751
41645642
41665729
41669770
41670506
41689901
41763343
41834161
41834390
41855996
41856164
41905998
41961537
41992755
41992796
41992893
42006399
42022374
42039569
42046778
42056861
42156302
42157258
42162600
42181381
42188885
42200942
42213000
42213133
42214974
42223633
42279793
42297858
42353942
42360764
42440304
42444874
42451931
42471378
42527675
42538580
42549506
42576727
42584673
42586385
42592435
42593502
42613687
42639700
42698273
42717401
42734274
42747059
42798702
42817514
42823289
42846305
42849733
42913775
42914761
42915250
42925195
42954376
42986642
42993963
42994924
43000756
43016837
43021651
43036475
43062096
43110190
43136397
43140368
43196230
43221649
43246975
43250567
43250749
43310846
43334118
43364884
43376737
43383305
43384617
43400133
43414937
43415545
43435362
43458483
43471475
43477110
43494458
43498183
43538236
43599406
43610450
43610974
43612058
43686943
43701102
43712100
43713167
43734740
43736659
43740077
43803536
43819557
43822772
43823359
43844340
43846657
43846690
43852311
43855044
43868517
43869632
43872651
43885540
43885995
43894753
43903216
43915907
43924687
43934212
43939062
43939538
43949780
43950042
43956145
43957219
43959618
43960195
43960729
43961188
43967843
43974325
44002156
44006062
44007420
44011125
44011751
44020514
44022426
44024000
44024490
44027392
44027773
44028603
44059715
44070277
44097297
44114714
44120757
44152988
44165505
44166113
44169385
44171637
44203347
44205146
44208313
44212515
44214452
44225465
44228690
44233189
44235508
44248822
44257444
44276587
44279502
44283738
44332766
44365613
44399363
44412070
44433601
44435999
44442114
44459233
44478633
44502841
44513121
44536810
44545745
44549923
44562177
44572569
44599867
44617441
44621843
44646782
44648586
44671877
44700934
44732541
44743197
44767100
44789299
44795624
44807247
44810461
44824969
44838960
44851114
44877521
44902260
44909512
44944091
44967214
45007706
45024188
45025557
45084328
45107850
45109725
45127947
45158155
45184976
45205992
45210371
45227760
45253219
45267999
45303065
45316213
45343032
45391268
45447015
45450183
45472678
45513062
45516540
45525248
45558296
45573792
45665270
45692230
45724109
45738376
45756987
45770929
45817836
45818068
45865577
45917637
45984961
46001613
46006290
46012061
46012759
46067854
46098995
46132364
46132779
46133173
46179917
46186765
46196797
46209499
46213120
46238314
46278897
46314871
46315435
46323667
46345088
46424470
46425603
46471799
46487027
46494637
46529602
46529681
46529709
46529734
46529757
46531026
46531118
46531170
46531466
46532128
46532233
46532273
46532857
46533046
46533121
46548139
46635654
46647708
46659603
46731399
46734922
46775677
46875060
46907541
46954560
46956493
46956787
46957122
47018521
47027454
47054439
47061639
47131837
47172168
47176019
47177102
47183125
47188647
47207979
47374574
47376659
47407802
47411493
47427344
47452605
47477154
47491543
47496356
47554219
47569242
47593968
47616452
47628530
47633239
47635619
47663542
47726522
47734735
47738025
47752135
47799520
47824140
47847854
47857021
47883444
47933656
47997114
48005451
