8593
9134
11798
20040
26105
28137
36050
109070
119376
130614
150345
204906
253770
296832
301659
336159
350046
350737
352130
480783
484918
490216
514070
518930
538621
557236
559985
566842
585962
596167
609650
610856
695580
789336
793309
800758
805425
833768
885936
954639
1029377
1085145
1171095
1180575
1200306
1253071
1313728
1335910
1354597
1404156
1419461
1430045
1492549
1542223
1605167
1634403
1720935
1756895
1798675
1812799
1839384
1877530
1900268
2050286
2105274
2107174
2219092
2462032
2535042
2567778
2675966
2707220
2831258
2864498
3024110
3032431
3049917
3081351
3099356
3113997
3126099
3168506
3174736
3185801
3203281
3209719
3239316
3261747
3505641
3567841
3595041
3702641
4179271
4196411
4280011
4582271
4644221
4858991
5101341
5183751
5321741
5486811
6133801
6258671
6299361
6844681
7128081
7188551
7296861
7325191
7641561
7654201
7877411
8018921
8431361
8515301
8629491
8878971
8964971
9107451
9209301
9301141
9503921
10090461
10212861
10789161
11258421
11383191
11399901
11522751
11635731
12100821
12107951
12129481
12177421
12278231
12596761
12641681
13548911
13574621
13664371
13797691
13999431
14179151
14380791
14483401
14485371
14505171
15231521
15335981
15539008
15543988
15564381
15571126
15596225
15643412
15651232
15652866
15665834
15668079
15679149
15682149
15686171
15706969
15724439
15729279
15729790
15732987
15740789
15745866
15773226
15775082
15793964
15796904
15798598
15807612
15820849
15830257
15838855
15840468
15849712
15885225
15898293
15921431
15948370
15963355
15964948
15984702
16014613
16023595
16030160
16037149
16042425
16050617
16069225
16072562
16082172
16092453
16092831
16093654
16099110
16117522
16123945
16148835
16183214
16186003
16192279
16198933
16199530
16207471
16210289
16217226
16224278
16224281
16231206
16256863
16289479
16315933
16397164
16397707
16412584
16418911
16444159
16457329
16466509
16523512
16542085
16643557
16652077
16666837
16670224
16671343
16672222
16692985
16731796
16733380
16757968
17327026
17589175
17718238
17830189
18548893
18582721
18675091
18751873
20150131
20167135
20167189
20172487
20172814
20180236
20214982
20241778
20247385
20251792
20295010
20339278
20364658
20374498
20378974
20391841
20393398
20393812
20396269
20412217
20421424
20445766
20446591
20450977
20477017
20488540
20498101
20522305
20549524
20565718
20566834
20576974
20605837
20675412
20688201
20747278
20753729
20804390
20852968
20863465
20881294
20887490
20897646
20914159
20921565
20930278
20959026
20965641
20977302
20995234
21003973
21013380
21034973
21086991
21097541
21106385
21131762
21142828
21169529
21206899
21216644
21228123
21321087
21341825
21344248
21364179
21402992
21426734
21445714
21455528
21464988
21473900
21556312
21559796
21562026
21569643
21628813
21769619
21859770
21887816
21896952
21902485
21922236
21927918
21954773
21971612
21978442
22084314
22122143
22122877
22155285
22162734
22178834
22221884
22289036
22289393
22291702
22351029
22375974
22472639
22500645
22509514
22595306
22678469
22711344
22721524
22725586
22767677
22777129
22803346
22823142
22838493
22896933
22928509
22986153
23001655
23031500
23139441
23169975
23232317
23365161
23431119
23443156
23463065
23471180
23502432
23585367
23590901
23607328
23617359
23636639
23647225
23660443
23996250
24034411
24055309
24057590
24108655
24135501
24136713
24153213
24163200
24406113
24461081
24580139
24655228
24833193
25137140
25181344
25251789
25382390
27044128
27076219
27081649
27108697
27121009
27131233
27138115
27143143
27154804
27194332
27222346
27238510
27246550
27271669
27272083
27279832
27300193
27308512
27338800
27344248
27359653
27387337
27420490
27453217
27462394
27475159
27476272
27482074
27505366
27520771
27532117
27538462
27541078
27545314
27554626
27567040
27567061
27567724
27580840
27586873
27623632
27633151
27638341
27638413
27678379
27688864
27723103
27759853
27766666
27778402
27780496
27794818
27798646
27815938
27833914
27836173
27857845
27901164
27905212
27932982
27933340
27939131
27946804
27965986
28060976
28094275
29020845
29023441
29027196
29047360
29053752
29053968
29059263
29068186
29089482
29092290
29092343
29094584
29095162
29096929
29110167
29110506
29122076
29137284
29146330
29152931
29154943
29161347
29161592
29163014
29163642
29173895
29176341
29188841
29189624
29190754
29191751
29204736
29206028
29209379
29218138
29229144
29237472
29243610
29243669
29255717
29256958
29258404
29264123
29272079
29286340
29294085
29297636
29309095
29316817
29317550
29322816
29323526
29323655
29325563
29329278
29507555
29511219
29511922
29520899
29531979
29532495
29571316
29572067
29580101
29586089
29602231
29609227
29623701
29632778
29634535
29638879
29642023
29642661
29669113
29753961
29783073
29791788
29795659
29810592
29815046
29816829
29874040
29890235
29914891
29920193
29928128
29929314
29931219
29946275
29968356
30014059
30024662
30032040
30032540
30040382
30055536
30099431
30116084
30118736
30136276
30138519
30149014
30161279
30167634
30198212
30199257
30201822
30223585
30225644
30229260
30229703
30249880
30283038
30308334
30308846
30314713
30342857
30342989
30348316
30364727
30397677
30436573
30446878
30447866
30450833
30475422
30493103
30501589
30514259
30529567
30537884
30539715
30555359
30589859
30612957
30615600
30619820
30632042
30641381
30664623
30672019
30696473
30697417
30714402
30719798
30738118
30738920
30748015
30750907
30755973
30756114
30772326
30796554
30797404
30856680
30875510
30875959
30888881
30908831
30909560
30910169
30910837
30956489
31006690
31008709
31018576
31027170
31027380
31031234
31063177
31080061
31083446
31086571
31090390
31100355
31102930
31105569
31127509
31138802
31140147
31145662
31162550
31162617
31172140
31173901
31180501
31188848
31188928
31208581
31208597
31225658
31232279
31236499
31236797
31244623
31248009
31259400
31275198
31287753
31290316
31339546
31346879
31353321
31358779
31363917
31372642
31394077
31399812
31409774
31412324
31434864
31434986
31450648
31452160
31453422
31461227
31462954
31464393
31469783
31479105
31486270
31495479
31495522
31496043
31498116
31502252
31506450
31542115
31546568
31552319
31561269
31562132
31578101
31581010
31608103
31618315
31627214
31629997
31649969
31662621
31677098
31685648
31698048
31718809
31725473
31727017
31734234
31744229
31751400
31765319
31766278
31767480
31785354
31785611
31797942
31816223
31835677
31839418
31868776
31881161
31890532
31894253
31901254
31901852
31911828
31917513
31923832
31932916
31964478
31978982
31981859
31992986
31993004
31999116
32001783
32003013
32007162
32017855
32021803
32023936
32026548
32028941
32044945
32044967
32045153
32048498
32071005
32076044
32086446
32095305
32103504
32105486
32107292
32126568
32169136
32193813
32210293
32219185
32220279
32235693
32248430
32255743
32256936
32262220
32265722
32274112
32277614
32279754
32290350
32297177
32311841
32318929
32334358
32342774
32352078
32375547
32382959
32383007
32385534
32389904
32390227
32398210
32399670
32405998
32417188
32421158
32430037
32434430
32436737
32444603
32444626
32446236
32450928
32468488
32512935
32513129
32514580
32515534
32555545
32597724
32600182
32600917
32610653
32617761
32621300
32622786
32635241
32638739
32660162
32676753
32695861
32697634
32699666
32699795
32704677
32722150
32745147
32745703
32750914
32764407
32772040
32775975
32784666
32809446
32809978
32814547
32819947
32820444
32820954
32827584
32864457
32866805
32879794
32884765
32892038
32930425
32930762
32938145
32951567
32952715
32959728
32960255
32970400
32997954
33003947
33012343
33028866
33033687
33037856
33043550
33044291
33044964
33048856
33052341
33052538
33055805
33065423
33068186
33097253
33102396
33105336
33107847
33132119
33139206
33139420
33143651
33152013
33196653
33202624
33206935
33207703
33208310
33208982
33210383
33212772
33219390
33222444
33228362
33232194
33239773
33248937
33274532
33277375
33288756
33298365
33302933
33305735
33306201
33307994
33324070
33337504
33340154
33351848
33352377
33356091
33356327
33363703
33365725
33367843
33371914
33390952
33417824
33429661
33450732
33453911
33454630
33467222
33470066
33475052
33476153
33476534
33486553
33540611
33568310
33570049
33580855
33585723
33604451
33605067
33609580
33618593
33639744
33645737
33653735
33655667
33661998
33667720
33670553
33680448
33681826
33686432
33693145
33707338
33720237
33738210
33739595
33741778
33750525
33770016
33782520
33785151
33813928
33849720
33853573
33856927
33862228
33865243
33873809
33874947
33876218
33879793
33886445
33904732
33907546
33978558
33992782
34001782
34003241
34010048
34030780
34038754
34042846
34053444
34062358
34066688
34078104
34085309
34097233
34097268
34098573
34102371
34104099
34110938
34116720
34126877
34132885
34149720
34149952
34155034
34155332
34156036
34161633
34161684
34177095
34178425
34185621
34197163
34207298
34232272
34234731
34240876
34269320
34271857
34284940
34296751
34306039
34309872
34317191
34327978
34328467
34339975
34367892
34373342
34395478
34398834
34401779
34404691
34430318
34438116
34451070
34458053
34460584
34488307
34497767
34499952
34534911
34541245
34545013
34549937
34553280
34558867
34571044
34576685
34581416
34584295
34595388
34598993
34608027
34611108
34622500
34622855
34630514
34630998
34637754
34656089
34664661
34668038
34670688
34671472
34692241
34720079
34720200
34729124
34729328
34737170
34752860
34772248
34783380
34789831
34807071
34811121
34842004
34865577
34868625
34870170
34884676
34889479
34891590
34891672
34896993
34933046
34933761
34935669
34938920
34946429
34947579
34951373
34963255
34978511
34980960
35008493
35017678
35017820
35018911
35026508
35044288
35053104
35083810
35091277
35096881
35102616
35104586
35109889
35110739
35115875
35128270
35156707
35164149
35165069
35173049
35173828
35182649
35183695
35214082
35230278
35233938
35238457
35257573
35262809
35276003
35285133
35296556
35304005
35312235
35319347
35340305
35387946
35401790
35403919
35410972
35414813
35416727
35446026
35449336
35451702
35462175
35464816
35479539
35496745
35499082
35541625
35548011
35555374
35565412
35577790
35579491
35580368
35582614
35586471
35588016
35594084
35597163
35620598
35637782
35640901
35677225
35693562
35700748
35703455
35712328
35716836
35720363
35733175
35743322
35747886
35762299
35763279
35776904
35793095
35797666
35799053
35815791
35818109
35834022
35852732
35853357
35867886
35868685
35876802
35879839
35886041
35886112
35888688
35889783
35914521
35920512
35945400
35949017
35950726
35969936
35973458
35977002
35980595
35981292
36002248
36009182
36018095
36018259
36026029
36057032
36058595
36067910
36123497
36139620
36143876
36146415
36164263
36180192
36194624
36239345
36255647
36277060
36304371
36330119
36332619
36342408
36385640
36389013
36400094
36405333
36407429
36410237
36426498
36479049
36484369
36485470
36490695
36496295
36509586
36515695
36520832
36589764
36605775
36660866
36687346
36695897
36733867
36742453
36745623
36749764
36769863
36773427
36777073
36782414
36786887
36793822
36813298
36834013
36856636
36876460
36879771
36880141
36887514
36890655
36897030
36902151
36927404
36946195
36952407
36966646
36972047
36992049
36994278
37007228
37009350
37017142
37036393
37039112
37048273
37054012
37061663
37108085
37149416
37155473
37165220
37177606
37183393
37191019
37196248
37199232
37201948
37231549
37249438
37290276
37311987
37317124
37333539
37334137
37344103
37351371
37351491
37360202
37370357
37371100
37396277
37425820
37441025
37460562
37471124
37477497
37492766
37500527
37523460
37524355
37531282
37551899
37572146
37573558
37585503
37590878
37598905
37600478
37603826
37625823
37633118
37645404
37678729
37714920
37719299
37729856
37730618
37731013
37749740
37788492
37800615
37817928
37818735
37824714
37825261
37848280
37853395
37853882
37854231
37867981
37871712
37877068
37878311
37879311
37911859
37941413
37945418
37949576
37951232
37958401
37970079
37973496
37978101
37985384
37988804
37990609
38021647
38033923
38037923
38047022
38054491
38065482
38077039
38095687
38105726
38124290
38128055
38141639
38152713
38153087
38153176
38170237
38181860
38187090
38215952
38216890
38218223
38233270
38254372
38254966
38260968
38273727
38275809
38284073
38287018
38288921
38300443
38303324
38354302
38357554
38372020
38385633
38390047
38391292
38409187
38418183
38420098
38422821
38463367
38474151
38500948
38502299
38504120
38535689
38537925
38538968
38541316
38560097
38564339
38579246
38593781
38594007
38611411
38611506
38612218
38613737
38621950
38628840
38651345
38686231
38692764
38699720
38721103
38753165
38784559
38788361
38799061
38823095
38845853
38871737
38877663
38904273
38908352
38923533
38926688
38927846
38937135
38937788
38944799
38961169
38965823
38967976
38971148
38986422
39009514
39014538
39019992
39023379
39026364
39032861
39037055
39066620
39070513
39071074
39074931
39087539
39106647
39119096
39119822
39133556
39145269
39170812
39209612
39237274
39244901
39256101
39257420
39257558
39275902
39277677
39295744
39304440
39346698
39351611
39386476
39404513
39412349
39413874
39417335
39430170
39440320
39485447
39485649
39536675
39562615
39570703
39573937
39599828
39601253
39626718
39628410
39658794
39662668
39663035
39674598
39679702
39688519
39692469
39719813
39723459
39725565
39738580
39748405
39753885
39758427
39777498
39780597
39786053
39824276
39854130
39863641
39866061
39872371
39886727
39918393
39920480
39928290
39950490
39955604
39955640
39955737
39963904
39968284
39970140
39970207
39972303
39983078
39990082
39993395
40000914
40072977
40083198
40091566
40101476
40106322
40115800
40148478
40151052
40156361
40159603
40191784
40202215
40205665
40232238
40259456
40261096
40284661
40288542
40304422
40308599
40328496
40329267
40339656
40339804
40344160
40370370
40374665
40388752
40421756
40433750
40453898
40464318
40467475
40469574
40479611
40504290
40505541
40508319
40523940
40566858
40591343
40595838
40601760
40616828
40626121
40656107
40660166
40682240
40699297
40723152
40735688
40756677
40762173
40765587
40780587
40781538
40818502
40841626
40844633
40903138
40923741
40930671
40940986
41003588
41023720
41042380
41047227
41107575
41110482
41114763
41128286
41167327
41205386
41269223
41270125
41285467
41285786
41336161
41359295
41373416
41399936
41455152
41463099
41497122
41536459
41556059
41578172
41578716
41593189
41594918
41601282
41614717
41621017
41628807
41632564
41632851
41655318
41685262
41688757
41697293
41707871
41789065
41836971
41856164
41864600
41871077
41897425
41905299
41935666
41936978
41982023
42001605
42027115
42043592
42046778
42053985
42100928
42104830
42104897
42147943
42160307
42162600
42200286
42213061
42259923
42297858
42343878
42393376
42446462
42487241
42501219
42508219
42527307
42532233
42575858
42581711
42584673
42624187
42629037
42646020
42676425
42681425
42699566
42701320
42732556
42746835
42752402
42766123
42821235
42857200
42880064
42882881
42909275
42917578
42963831
42984878
42993963
43003088
43034249
43059819
43060808
43066783
43070775
43104337
43105416
43110534
43113213
43122463
43159087
43177666
43184223
43210452
43212291
43227707
43232487
43256943
43281945
43295881
43321789
43331205
43343175
43351343
43376737
43376941
43390973
43421010
43421773
43445812
43468966
43480415
43565942
43574269
43614645
43622440
43629282
43650244
43662839
43682953
43686069
43686943
43699339
43712100
43713908
43734740
43762225
43762870
43765436
43791596
43791882
43801602
43810387
43852381
43865277
43924687
43929196
44011784
44032999
44039491
44070277
44078344
44080668
44093378
44128934
44165505
44253041
44270317
44308993
44362109
44386756
44412070
44421299
44433601
44451964
44457114
44459233
44512962
44536810
44599867
44640278
44643706
44652334
44668883
44669717
44697267
44724275
44727161
44736430
44753491
44754418
44767432
44797966
44802312
44803669
44805414
44851715
44852466
44902260
44909512
44930492
44948709
44963577
44970468
44983954
44991240
45002913
45082986
45086792
45100106
45111491
45147721
45157588
45176306
45184976
45202337
45209169
45227760
45244552
45254092
45259484
45268313
45284403
45284638
45297177
45298478
45305176
45329908
45431807
45447053
45474068
45479035
45479581
45479634
45498757
45511330
45521473
45530989
45531017
45545378
45545508
45545713
45604221
45611790
45614263
45657771
45662870
45688392
45729540
45736367
45736773
45737684
45738682
45742140
45743407
45756987
45760437
45761360
45763351
45766156
45767198
45767668
45771248
45772084
45772914
45774800
45780702
45789566
45793395
45794456
45803998
45810375
45812532
45818068
45819322
45820230
45820839
45830718
45835706
45868863
45870464
45870994
45890714
45908079
45941848
45959319
45970794
45983805
45984961
45998174
46000101
46000191
46001613
46002062
46002847
46006290
46008837
46009674
46010142
46012061
46014237
46014885
46014987
46025386
46028756
46067854
46089001
46100681
46137944
46153013
46213120
46219823
46231084
46258300
46258510
46258807
46293904
46312370
46315435
46391960
46395605
46425603
46437274
46437645
46482584
46490586
46537850
46549382
46555413
46579728
46659603
46674708
46699118
46728446
46734922
46737486
46739381
46742181
46771496
46803804
47004168
47161414
47188647
47192335
47223195
47351929
47408424
47433838
47439872
47442491
47457041
47468825
47508682
47612542
47619495
47625282
47643432
47663974
