36636051
48085642
37078428
39243483
27963261
47649996
37632996
35203439
45811953
45940735
48026814
46743233
11463781
46860034
47351895
47177102
43903255
45789566
41737790
14341541
32373798
36421840
43718750
37625823
37199454
47972301
35749953
38678207
47541828
41291448
46345088
46793178
42065309
47111166
46936911
16083992
46466528
7179401
45147721
47997114
39396877
45751808
1068008
39288749
40622294
29821975
33375253
47776207
47533876
40878503
41723853
46016318
44350933
47566091
46140020
36928403
33610498
38413069
24377787
37576455
47616032
40529543
45302528
47764779
47051390
37874948
1461358
40589404
697847
414560
11662231
1468573
47778507
47564309
45273880
42814603
41110482
32091568
34196472
30630871
1194427
32677299
30892621
20359411
36105711
47523205
42600441
44356983
1701575
40161307
32689351
2416244
47115489
15844560
595210
31891718
902033
167479
31500572
42501030
27379696
15774451
40574364
43639163
1546084
46473934
39466686
43961845
45760294
46576248
47941790
47941580
35296097
39141832
47663542
44803077
47930026
47913499
43961648
43961557
43960829
47886135
20411878
37517090
47895983
2021770
46328326
47389416
46226352
7360151
47799520
43236174
1688609
47874728
44169385
45348917
1366361
47869672
40678592
41285607
46827180
37962279
16164000
42800383
44515368
47823900
30690377
149574
41315850
47176019
47778906
47752079
30692628
46531274
38296369
47728664
3183343
47651446
1485314
43494458
14658981
1571432
15996005
46532422
8896231
1092136
42023142
39410289
43952949
43952785
43952237
43951651
43950633
43950272
41867272
27647089
35648534
46635654
2316080
1401145
45008964
47673982
2955500
15312461
47523972
2994480
47619495
1515190
47661529
47656344
37690739
47655207
47652679
41286185
29809953
38065482
29561989
30348316
12240531
47627083
1563881
1701337
46828838
39140353
29777439
31759977
40442860
35263169
1375382
38385633
46301843
1126892
37667091
44474780
47610242
47411493
15724439
1250749
38022316
1502356
45023377
47587708
47586679
33093107
553822
41527614
47569242
34134004
1430045
1230123
32775498
27371317
39056349
31715362
27820279
484918
1072650
41630304
986947
862079
47531637
47531417
42405041
27970421
46659603
968015
36772578
31032137
47527875
44270317
46245577
47516881
37422961
47427344
1297522
44070277
43953617
43954261
43954433
43954545
47305854
32431907
869561
31560870
32561562
37367732
35703455
44545745
35949017
47474915
43950123
41571423
41571299
41571180
41429435
31925269
34676086
37124606
32676884
2560106
1313728
29786748
31781162
14505171
47417343
34402907
47448912
44029858
44029561
40106988
46477152
1557713
27639841
36282658
47428088
32543131
41436722
40125266
31384105
715756
30220183
36748465
31297544
1046410
36311632
44599867
11429171
43829295
39139537
44382994
40168236
43518101
34252666
330732
15232881
30171534
47378263
30408425
3071062
29058274
40464318
45216534
37183393
522072
38215952
30872897
34867986
36643797
33825128
652340
30872311
32899373
5638191
325495
8329381
36558073
35481401
27764383
33202385
31094396
2757634
40078137
31246756
9897431
7859441
998536
145945
46890913
38877455
42859337
7853871
43480018
694041
42805490
37554994
41576793
20855303
47188647
31671043
37541334
612474
12238651
11753871
3684401
10151231
42108194
6140641
15108091
45261305
36770941
35180848
34743773
33504882
1697345
3050151
16545349
29210845
31455264
33551331
20169121
6763021
2686198
46808607
208238
1145372
42424917
47188455
31932731
29659327
47185291
29145955
47183125
46229532
46157750
47177570
560401
1156417
33150410
42468526
1924516
34519834
32145062
39452402
37478658
1200306
46670601
42872167
42742458
1400546
34535844
45391268
34686544
32368366
15634959
27014278
33150483
36859
31670543
43022545
34130437
45039048
45525248
328279
32534149
279202
36017836
11111411
44355894
1356774
35041140
30631459
34709057
3113236
3124052
35968428
1700916
38856816
47153504
40405242
43701102
31056858
30818693
32809758
29562754
15809890
569993
555518
15694270
504704
40388727
15789805
36645695
11016051
35973210
47139913
20529232
37713182
42833867
833768
7314191
1938174
904061
35317334
46716354
46961076
751677
45797216
3041085
46510374
46323667
41622579
31695290
45803840
7408991
41512928
16241365
43038019
32379681
5199211
150792
34822783
31699716
27876262
31543514
34914963
4045281
1153054
2326980
2945482
41629366
29621512
558942
40814290
817669
37085583
42381039
24804214
31143284
27629623
427870
40664662
36424517
31319252
141491
40097591
37590878
23491408
2661640
42315412
35296632
14028151
34913960
2514396
822558
46752747
1446315
8859801
33785710
44662622
35906528
15797561
371501
663682
9158771
39203082
1336395
472185
1140447
40038471
399175
23163521
33551183
40305628
44585152
44618374
30330786
2800192
46632286
44325
38701668
1210286
46515161
44441426
156376
16652077
7075451
47022912
47027454
47019991
47019456
47018001
6002901
46133173
35959134
33667720
37835801
46991491
34664661
31265564
311770
40278458
6286601
46487027
30283038
38535689
4649081
46964809
45424770
39672592
41578923
38366410
32602742
3163587
31195375
27508093
46060865
30262906
514744
34935669
46529783
32669976
12440481
36740986
46928913
3190499
2438036
37674286
15245241
40903138
183767
3153411
29127118
864853
41548895
16450216
195008
44447339
22620945
358730
40640270
1933250
1443249
46879905
30412785
36448300
35422268
36214250
34134309
41696200
38908163
705891
42393610
29931219
8124661
34775282
1093826
32071980
35710369
45051373
35283646
16281223
34789727
29632585
36398328
4981411
39110483
30167634
36911912
43276504
11373711
37314712
15707110
1559810
151922
31901303
742538
34526221
40078341
29887929
12441941
1179613
2882012
29072054
23906682
4531221
38933575
31173901
30949407
34656089
29043098
46814309
46818054
38254966
46823148
46821815
46820970
8431361
38504120
44736857
46771538
2585582
43038674
37820613
36143876
46794154
15128331
46791841
46789401
46786377
46784461
36924770
3043392
38273490
46755081
46752163
31641561
45818068
46514375
46738063
16050617
41904086
35867886
46724568
45800673
44165505
1678953
38538968
41928997
46692857
39130912
34853053
46671544
45865577
37546190
27861880
33012343
40755081
46529570
46529463
46627340
46529439
46279408
30813280
32389884
46622536
46529418
46529404
46529386
46529364
46611537
46529348
46213120
46528845
46528826
46528415
46528371
46528363
46528393
46528860
46528342
46528325
46528308
46528297
46528285
46528273
46528253
922647
31063177
32462492
34306039
46132779
46540812
39688519
44412070
43376737
46507888
46494637
35309271
34174125
42811248
35433364
46219823
46481292
46476068
32409459
514070
33471300
2219624
45303065
42046778
46429479
36509586
46409715
44909512
46315435
31642395
42297858
45830718
827446
46383124
46006290
40850015
29889801
2474458
46046013
46012061
1085145
952584
35654053
46314871
45184976
37321660
40344160
32636782
35059806
46025386
36669460
46277257
45531017
41367194
44851715
38957184
27807550
46250307
2227096
42734274
42084939
39880797
46228336
50974
38252875
44027486
46196797
46067854
2707220
45521473
16030160
46173759
27128602
1058397
40436877
34367432
46043902
35704433
2148848
42581711
46132364
650034
46119721
31317053
46091660
30229260
30974004
41018492
1683427
46073472
45472699
45587754
45589383
31887466
36614252
35367279
33741778
36167527
46034804
36520210
1470788
43076820
34032473
33548178
45760437
43104337
253770
39608793
43762870
33117158
35613147
318559
37788492
525548
43924687
588088
37452480
44724275
586895
42964588
40479611
32625132
20405299
32176103
45896058
44459233
45856997
5195161
3505851
1993354
45773803
45847721
43740077
45660668
37036907
41172101
502799
16457329
36887514
45810375
39072259
40735688
2864498
1564659
37290276
45794456
39859222
44428078
45555458
45785289
45780702
16072171
35290150
1063057
45762505
34039531
33900379
45711720
33132170
36639468
33872590
45688392
35895277
45721209
32443625
41569682
34595388
35141083
954639
9134
41894592
1692619
45643839
33338998
45622192
42586385
1445832
45593089
62697
372916
45573792
38903722
43373445
33721731
45578492
1398529
36092519
44758691
13797691
45564429
44775968
33178978
41856164
12111721
39155143
45516540
37058800
30855768
2574908
39720820
8450161
45487444
45474068
45316213
43887655
45365492
37201219
44648586
45422707
455631
45406038
1720757
45373191
41126630
34387564
2015590
40145129
30805585
29170535
34856429
1906994
45343032
32703125
30902157
35021150
42584673
27004822
36370607
35355604
38139013
39022392
45297853
42994924
11934341
45254536
45263754
63856
2267854
356912
37775536
34818342
27089110
36964504
38001692
43734740
36496295
1146459
44838960
45242863
34093276
390411
42212886
45210371
41834390
42938715
27789274
34714895
37974305
703164
1116296
31946795
42200942
45205992
37218092
29638879
34630035
5617901
16464154
34867697
30736887
45158155
45183409
30491627
45109725
33142648
37413241
37620755
44182551
34158054
144453
31753085
42213061
34730060
1920280
45107432
45107850
45126741
45142387
36547894
43185434
39842278
1600007
34573480
45108257
41600761
2836434
36838596
41961537
32802465
34844
6569771
44238567
20478610
15640419
35300210
29099846
874505
44785330
34833265
29966206
34354588
44754418
43021651
1873720
38239400
43855044
37297552
1253815
41583566
45043488
656158
43016837
35425599
29004482
36663285
41846285
36957144
45027825
42698273
7540461
2350152
386899
44782872
32177469
43458771
38391762
43327386
41819191
7220461
289548
44225465
34059576
35192754
40818502
9035721
14634791
44913371
34176815
1628437
43686943
226846
36485470
37640451
31573644
36726098
44129259
36014044
3107560
36466227
33061919
15231521
40871742
37937293
39374179
44789299
40304817
37758960
16028388
1196412
590561
11893211
3140811
44806563
15583108
44798093
20329657
37060809
34844519
31372272
44782404
43826583
44770982
33461345
20505799
35787021
15587234
11967091
440114
35241545
1406545
35180320
44283738
31172637
771064
42279793
44729077
34271915
33046825
44235508
32288681
34738565
15420311
34884676
29585315
44708135
44563047
30305457
34458333
8892541
1892260
42440304
42765082
1934362
193832
2573946
44214452
44011479
39494336
36934793
12711881
1508741
1209529
161043
27246763
36161663
43869336
3025749
1539533
44562083
516434
336159
29512837
33650487
34245168
41170699
31338676
37355927
34297224
40498342
35361695
33580073
35810760
42056861
36149962
33565098
44502841
2797498
44007420
42913775
44081214
30122588
42747000
44440138
1038790
16099995
30250183
34741193
44464732
44461741
43882475
29015921
44445012
44442114
12128141
32752087
33052341
36386163
20390872
38181860
36808298
29810412
36132341
3931101
36145887
34315187
38095687
34074480
35727758
225989
37937240
38547419
37592484
29870936
44332766
7443561
44233189
44327396
4192791
38708605
36766421
37446469
43583238
29085620
44279822
29798958
9006571
37609810
32390084
43583469
2301316
32238808
44229132
249789
32932631
42527675
1993096
44022426
30696473
44203347
44206841
9915441
161326
1368322
33455400
42162600
44114714
44186106
351192
44146627
38860322
44171961
44168690
43612058
37693563
38067335
44145862
44145362
44141251
44140778
1284048
42427561
2145458
44003248
43974325
44085511
44085570
37513111
39117598
41303431
43956145
32781955
37649718
36863105
33881883
35969597
1542744
480783
39853044
36305051
44020514
36042986
538043
38894847
29584654
1910430
43015757
29291258
595215
399222
230737
977729
36144287
41306593
36233947
2141954
37048405
36413583
37718132
38104917
43916019
43933524
43535873
43535978
31525614
32444603
33731680
31654607
37841437
36177229
37623667
32976222
35986072
43821616
32133313
43878019
5815311
32320126
36680035
36737005
37754298
34829884
32041576
38870132
43848409
32512868
42993228
43824034
43803536
41459364
32620327
3823561
43823359
41963216
2721352
34451841
16747789
41514691
163252
24989
42324865
31766278
43698619
43294898
36313076
37191019
41443032
29941809
29501552
34094382
38012361
41418980
35971388
43701294
38545678
16174613
2810584
32352848
34191713
16126486
35318227
1143187
43649202
15754928
37303110
4640221
32191288
43610974
36640525
111375
41704420
597881
33564612
1730025
42372911
43553478
11177381
43332102
490152
3157764
42416662
43533752
38260096
43502686
32233983
43334118
39054108
30767445
41084166
43140368
43471475
2526536
36200075
34548976
42291231
41464994
1929610
39604976
2386220
42986642
40595808
43400552
11924551
33133443
35495855
32306543
43390374
43278562
42183578
31314215
40172964
40904906
36727459
30428838
32886237
35802271
30026118
38098596
33313938
16098215
42370667
1389071
30418201
38613416
43309687
41635938
37642160
8133691
42253092
268813
37341234
42993963
33523782
42341279
38099266
42773285
42773177
30735937
39447256
41591751
8334821
39657770
38428368
38894593
39807286
31975906
41978460
20201428
32337262
35810978
32238822
43097358
2851030
38531018
32451867
40374533
20445427
31845531
35491226
32198532
292488
37244866
27449548
36920358
32454918
2231500
42165045
914936
23179751
3115912
74955
36401953
43221006
662517
31620
39956902
16038895
434713
967541
42377865
33696472
43178718
37071754
36247416
36279110
2836326
27452803
35752524
29249185
43145135
35152782
29797490
33062685
38314134
42946966
37061920
33210979
42696838
43138566
2317698
42235052
42935014
93825
42065313
8690351
38713696
268431
10171741
31640025
36222729
42242382
30518547
1201332
42445531
32754475
42239890
32654664
3109885
15566595
39889116
2965132
37216929
34658632
42323046
36669336
42538183
16103773
33020136
32898491
33957505
699702
1707839
960766
43036475
540348
42221463
40991523
39336136
20810700
42424264
42032081
5033861
41837022
3049907
37594761
32299566
15815877
36569905
42502130
42177082
34731593
32211627
43088536
39202478
11345741
37555494
36846620
39128809
2942492
35811575
39347237
37790713
34043044
35365411
50497
42168046
35335689
33047022
33507078
2045124
17966551
32814547
7092521
7338381
42915776
42537231
2268970
73744
42496683
3064594
43047861
40675485
629458
38142416
38285285
43001172
42993059
36271156
40772045
39255036
37121970
40982320
6299361
42993327
3153572
1146169
33342123
42975274
34886224
34475013
40638943
16037073
4255031
1487435
29124792
1709978
34257005
33044992
33236653
34313704
32929368
41907077
42667221
37921378
27108412
31797942
1696371
1539891
464249
29047508
32182070
4184801
3721481
42860779
35597765
42850478
41505538
316350
36478175
1316340
37111569
38087037
2374278
42822494
1460367
1349101
229746
16068579
37933037
3055894
42789825
42780295
585327
37028700
42143171
2723410
42744699
40720638
301013
90796
42726156
132137
36515417
39895988
27836164
42731285
27891432
42699716
1477035
42729759
33246435
35437864
41349929
42251486
37781234
24328586
33822124
41547182
825239
36582847
42634391
34766700
42678816
36233832
15558219
2482814
40944188
37877331
37881385
36938904
41775802
39128817
1975098
34288861
2252198
31409774
3050157
31614681
42592435
29194948
42310947
34226704
42595421
37673181
2189616
41331881
35085395
37871976
1657384
30064861
41332595
2713774
950360
16091343
39447288
30991006
139709
42116343
30136276
42556317
38873307
38059889
42549059
31471104
37679126
757599
41892042
42536044
30551173
37855813
12421071
16045643
30312262
1784927
360298
41280317
32185231
3122234
26105
42413569
42504952
41101320
31177786
1380144
41426139
2738540
37234954
39992431
37313925
31962476
41283546
35149560
33719282
33211844
2215016
442140
29233692
42265421
41511205
30149526
41570707
2811256
32121342
41436636
42213000
16033322
123022
30682077
1761167
16169343
38494680
40405701
35628514
42156302
892535
32263125
41082955
12545151
36593749
646319
5074891
42448682
38803386
950759
1115011
42427108
15796153
34947124
33188785
42329757
41884150
4341061
3163170
239375
42406930
38326298
31142858
20310952
37179877
36195377
41003588
37634426
41587978
42311020
36180558
29129647
42197749
34502735
32761184
38494340
2444046
42311101
41130565
33066032
6796441
729693
37182435
41041317
42267379
41441868
1281687
15706969
412971
33291320
42253619
1096068
37947145
27380221
39480855
42201057
42151956
34804432
34538235
5054
33575250
1294736
41855403
41278898
29534878
42181874
37045120
37096030
522670
275127
38182077
36267057
36863247
136170
42181381
1070510
36828046
11744331
39209504
20366986
42170732
29083128
29296495
787120
58238
3039342
136864
42029774
375443
31321106
1594950
33936001
4416791
42102
33208975
9632211
1449393
36275640
36623461
549311
35586471
37522074
42104489
35008493
32979253
15688239
37573495
14471931
170632
1688622
34511692
31298004
11022591
38975205
38564916
42125646
14424701
42101987
40199202
34280193
2550754
29820313
188058
31474582
34042846
37860989
190795
36573470
1388397
16889359
1364487
34101783
37043833
38032950
41626953
33618340
949466
2151646
37616095
41986364
12064581
33085387
36780730
32522574
36879805
39249006
3172294
31520449
29072050
41363461
2858124
33430228
30664787
8068871
32842748
37061663
38186614
33945504
30479845
41664678
3017434
40478260
508938
987519
39606850
15386791
132056
31875275
325649
36214597
326443
36494446
559671
41894309
29832069
515777
37727268
41752840
41290321
1136444
37389267
24577572
2494990
7659891
33199695
38553073
1546064
41477852
5331841
24655228
370225
32999111
13943411
41905998
16115303
1117022
29676584
351166
39826155
2088624
2922
39825738
4787421
29258213
37070519
30498899
29889111
31140124
31421106
2406592
33333932
33880811
12711541
3178636
11084571
34193274
41802346
6586301
30567215
41888186
2175706
41445447
41850586
37672932
41879250
41875881
34332216
35206325
37887801
32406594
9976981
37094341
15837069
40273095
41856236
27175597
39824650
5048441
37665863
34466402
39822756
39823387
41801985
1401013
34174905
628860
2066900
36240658
638731
39969276
34021836
36787686
41826197
2282766
37497003
41062588
2034152
41420682
40981506
32696309
30527052
41824132
41379331
31007302
38197268
36223368
41809846
38123256
33251512
16798735
36370538
830065
31803307
37991909
478879
37529790
33599119
15738598
27255592
24920900
356914
8458681
13999431
20724031
27512458
37850681
41763343
41783816
41785331
41783347
33490641
27057838
34427918
30204857
595
819604
37619643
34535980
38836322
1056519
31589386
37626759
4109771
31518078
16106547
41714204
34903603
34440957
39819805
12096961
39498303
16353691
41689901
2350592
2338266
41657338
1096416
3565161
20565712
31248312
775272
41683713
1588691
36253880
36295363
2604976
757801
37049902
1208410
33015800
31172140
41645642
34859982
29071738
34202335
33520429
36638178
41582800
332862
34692249
36400299
411500
2840548
41398626
687191
34470821
7855331
617132
3010000
2408716
27761767
32300368
35640554
41328885
41622781
20353144
16114779
2389568
2644236
34098622
41328519
41618715
883089
36266626
36241707
8161241
33052035
33066066
41399161
3867101
37627586
35773220
34110308
7764571
32561635
649469
31974640
3899521
31916219
31773402
41429084
41592545
39174653
37168517
1310439
31267339
32620069
37859556
29131195
8746911
38277422
1228529
33150806
41558803
36409577
625393
36722553
36730561
569
1171925
2495426
37724180
1885870
37721141
40375098
988912
6090661
34360203
41458347
879982
11277471
29099432
37815761
1217594
15665385
31554685
6730811
2394508
2715148
38606502
40407095
37293273
429966
34397644
31512952
27942267
30437110
1619907
41250206
32029613
401716
1493918
39007267
2944724
31220025
29226796
41411126
37545051
37003893
27121324
36427374
36168038
37103992
36753181
1593617
37881655
34551922
11699751
15557473
37781737
41349230
40287750
2831258
34096077
41284427
35497249
12822451
130444
1610813
32354751
4696141
7708711
35793405
29532676
37843534
2689610
41099350
41279983
15764692
32457057
2724988
423574
41207821
20314600
30896737
32376022
31367431
33239512
40865490
40648907
8712201
37991224
270968
1129624
40398397
40134478
31030722
39683755
41093354
28137
32217369
32764561
2196430
33820495
34093896
30714370
40719291
1899896
30565901
41039652
1232978
41030531
531655
693986
39829462
40245234
36332719
36824816
38785029
15684306
129131
40837826
13825821
40005999
16044785
32004730
3055998
36696017
2037306
32351827
1199465
812380
2698598
37399262
129858
35106960
2038076
30007773
1677531
40328496
309398
269343
37818532
40824239
39931678
35324749
35191439
36660866
35390395
36449254
731740
1623162
37780538
40597240
33796498
40774354
35658308
109282
15671315
38594007
40757495
35322329
642091
30398408
4692961
38069802
129199
40724820
8697461
31879493
281074
40714247
786952
1255710
1497635
4649721
33874947
40517135
40679063
34268940
40678789
40642553
15652765
32235194
2450842
2844128
29925569
3147999
40596747
40600904
2057194
40306830
888613
37845187
34740253
12756671
6906571
102083
40461821
37631762
37501878
37715574
6947111
33481426
16027022
36776160
1817377
31763733
24728183
165933
152280
31677098
292216
2565116
4023121
35852827
37794168
3181845
2798602
40466259
83777
39827986
2385310
27940960
7430491
1605053
1373118
34534224
36142896
40437157
40280338
2630504
38873114
187756
40157713
40428152
32854013
31328625
5454021
20385562
40347005
21915986
7879801
1459987
32387580
15558067
40398270
1642496
30767096
18128
35300985
16002278
487840
4412651
24510306
31668995
29640031
3168506
38866331
38622085
847485
27799810
1163954
27616618
30152636
36804885
15786677
31649667
37794049
969614
370911
35983367
11220
1123671
40272459
29639158
842663
338669
35405923
237544
32795197
40236796
452355
15814942
39818466
40232026
2589348
36625764
2663082
32794995
142996
837162
14883251
942250
37140982
36834514
8041301
155881
347700
76934
1397545
15710410
38690456
16170672
37251405
40190658
1564688
2446644
16012710
14483571
33485651
124891
1695917
38638408
310368
1774953
1242418
31623338
5658921
33965445
27873109
34277316
36295327
719993
34708704
2920036
31644084
1183471
1730685
39764835
1066611
10520
2424274
11474
9241381
30514259
53111
8599771
40157784
36666664
4628221
2057230
30076307
36777790
295776
36661015
36203514
310165
388845
2050286
15721308
2382836
37804630
1818899
1472628
36261291
10887981
40149134
447063
2030918
458187
4603321
1508454
55478
780674
1346559
842782
19021
10694991
970814
4645711
2583600
30381964
30493564
2587798
313218
36853187
31995113
36605420
20150803
14926881
37452015
39826543
37094468
35482588
885936
2232002
29191474
181052
852997
32603445
36301675
39130681
39846735
38322377
39362247
36093463
3220985
27884465
30004405
14871071
32246575
24294931
29783402
34168714
40009391
15542713
1161063
33432979
306622
14466541
39166191
34957928
36094392
1291615
356041
16694692
602298
34089808
2646656
30369218
11839921
2339528
599906
35134910
1600243
35297357
24470165
2679824
31548792
38546417
3109509
2616396
3118740
2317946
37885598
3014848
2230652
1080527
29311548
39605229
28094275
1582216
29794300
29143388
35997913
20347216
976235
348802
1007746
27645211
1932870
39826347
76245
27122866
1857240
35652721
14190
29957110
35104523
39907602
39890437
39378168
35356466
1893312
39835662
89883
35566901
315877
338803
38312805
33580409
35244434
16470988
30475980
35277384
39876350
16800910
31070973
30242089
39770914
1341149
31726532
35046363
37673632
27298831
33235967
37234673
27947179
32522806
36375079
39840376
2394078
737978
1500327
342128
2713502
32325098
35706338
11229861
37756277
265807
29260625
2198512
1584313
35312547
39539062
29787255
34407263
22979509
27966128
2785044
596167
33467222
30148203
39692938
34064706
36292045
35389588
34934984
39760422
32946820
33232042
37262792
36515770
2418850
784695
36588677
228748
33063843
2015776
36263795
15838692
36637954
35735993
283487
29616322
29831504
38424113
35326018
30161279
35884393
29576934
16040292
245725
37023570
2618508
32543426
36327691
15543377
1065391
34919086
1639228
9347051
469051
9961841
15459021
1610948
39324081
34726732
827496
39442196
1324906
1895100
1153944
31976226
39662614
37871689
38594102
7876371
31448506
4615471
34212482
997522
7474171
36479606
27139687
34844369
153215
9965971
16031116
38130465
1583948
1195626
37054012
36468700
36317553
29551974
39573295
37418291
14094211
16130770
1329182
37836622
37076955
36654419
36466578
36583105
1510906
16123375
37781885
38858875
33597645
191777
34385049
39453415
32513129
1322549
38630457
5502861
36304422
34390150
33187551
35294013
1648406
15596225
39434711
34099270
6499981
328024
35074587
32302017
16158500
29902611
522830
35561457
34261097
34854916
38661958
3020399
38637752
38746709
789336
15578934
38862178
36886397
33046106
35520100
38689323
32512935
31120081
35162790
3226353
36838004
32430037
33471284
37675919
37282818
6490561
38099471
1033820
35757014
36865090
33194995
169492
38421243
31213066
37873266
36538189
672965
29653756
11798
33596879
33066466
27871006
31313419
1901316
38962779
2815434
1634403
559985
38233811
36991232
29663232
33292729
30529092
1877530
33811255
975165
35580368
39020401
29144682
32377196
4720381
36050
36562156
20172814
32294965
359395
927455
1729671
