31773402
31478552
46576248
39011023
44055731
40574364
36413583
47839713
30692628
47176019
979013
47698924
39410289
30348316
38022316
47604297
46554512
44070277
38504120
14505171
32561562
47496356
336159
47478439
36772578
37183393
44599867
1313728
47427344
32653535
885936
47167119
33667720
29931219
37590878
47101780
40903138
596167
45558296
46133173
39510587
16692985
32638739
34884676
34853053
44165505
45820839
31409774
38181860
46213120
39688519
35520100
16117522
954639
45830718
514070
31248009
38691360
44412070
40344160
45184976
250670
45303065
15938450
38273490
16050617
41871077
41395464
1470788
27784066
9213121
45450183
43712100
46046013
46315435
34039531
46012061
39243483
2567778
38500832
46212896
41283546
44279975
46216958
34921906
46216222
5666771
36614252
45521473
711157
42314463
43104337
9134
30736887
1029377
46119721
46067854
30229260
1683427
40735688
40448993
37425820
44235508
43740077
1564659
35241545
30664623
34595388
34176815
39719010
45671028
3088327
15231521
42586385
3049907
41569682
34630035
40708147
42177082
45288716
41818793
42213061
45362797
16075111
41856164
16072171
45437577
29638879
13797691
42584673
34844519
33292729
37054012
1435856
44838960
20390872
40304817
43680919
2238228
37061663
36561605
31988181
29004482
45027825
45004145
771064
193832
38630457
36660866
36957144
12128141
15587234
37114522
41791843
34297224
37313925
44442114
33565098
44081214
33052341
38095687
36808298
3032431
36292045
38012361
38067335
34315187
37609810
31976226
35727758
1368322
41648804
41752041
32390084
33455400
40648907
39480855
41514691
43985898
1693740
37121970
41591751
36313076
32444603
43821616
5815311
40465984
31448506
38531018
31766278
36504922
42993963
20314600
538472
34741193
32244163
6796441
40287750
42235052
43097358
42116343
34725190
32454918
42986642
33152906
38182077
42726156
39666126
40982320
4255031
32182070
34202335
36845327
3055894
1460367
41441868
37881385
41547182
42213000
90796
42592435
37859556
37855813
35497249
39249006
2811256
41689901
997522
347700
2944724
37071754
40328496
33015800
37850681
37098117
28137
37871689
37043833
35773220
34021836
35586471
34149973
36991232
38594007
36879805
41886838
27175597
35008493
38088613
41763343
41655329
34705505
41899444
40627321
321102
41879250
2050286
32406594
1634403
15671315
2630504
37282818
6299361
35580368
30007773
41250206
1295513
41548128
39822000
36722553
37619643
36223368
39820487
35322329
11798
33596879
35531087
35356466
37545051
36050
42102
41051127
41645642
39498303
559985
1877530
41399161
20172814
41570707
41133091
1691620
