11798
28137
36050
90796
130444
193832
289548
347700
514070
559985
596167
649469
833768
885936
954639
997522
1029377
1200306
1291615
1310439
1313728
1460367
1477035
1564659
1619907
1634403
1642310
1691620
1776379
1895100
1975098
2050286
2238228
2429694
2616396
2618740
2630504
2723410
2815434
2864498
2953018
3020399
3070338
3091582
3093789
3153572
4255031
5658921
5709121
5815311
6796441
9964321
10887981
13797691
13825821
13999431
15231521
15596225
15671315
15724439
16050617
16126486
16652077
16692985
16895257
17116843
17124193
17422792
18671959
20172814
20314600
20390872
27453715
27799810
27817105
27966128
29027196
29311548
29638879
29931219
30161279
30252304
30430820
30692628
30807999
31172140
31367431
31421106
31448506
31641561
31677098
31766278
31974640
32182070
32244163
32296114
32390084
32561562
32583704
33012343
33015800
33052341
33232042
33251267
33292729
33359260
33432979
33455400
33461345
33467222
33470462
33471284
33565098
33580409
33596879
33650487
33667720
33811255
34021836
34176815
34268940
34271915
34276158
34286584
34288861
34297224
34313704
34460855
34562915
34595388
34651665
34664661
34725190
34804432
34844519
34886224
35192754
35322329
35356466
35376078
35497249
35575209
35580368
35608300
35640554
35652721
35773220
35848169
35950593
35951610
35959134
35971388
35976020
36295327
36331681
36413583
36466227
36479606
36808298
36863105
36981173
36991232
37043833
37045120
37098117
37114522
37117433
37138991
37177606
37183393
37234673
37292467
37313925
37321660
37349967
37350815
37480669
37545051
37609810
37619643
37850681
37855813
37871689
37931738
37937293
38012361
38067335
38095687
38099266
38215952
38504120
38594007
38742141
38823095
38858875
38872920
38873114
38894593
38927846
38975800
39480855
39604976
39645605
39683755
39692938
39747150
39764835
39835662
39967949
40157713
40266754
40328496
40421756
40595808
40648907
40714247
40865490
40903138
40982320
41287492
41300795
41328885
41587978
41591751
41645642
41691630
41763343
41791843
41856164
42177082
42197749
42200942
42297858
42584673
42586385
42592435
42699716
42726156
42913775
42993963
43078019
43104337
43145135
43158835
43376737
43686943
43712100
44007420
44070277
44114714
44129259
44138952
44165505
44225465
44412078
44442114
44572569
44599867
44838960
45002913
45027825
45316213
45671028
45818068
45830718
46006290
46208381
46219823
46315435
46460529
46554512
46671544
46908782
47027454
47176019
47188647
47223195
47491543
47628530
47833310
47997114
