37632996
27896356
45811953
46743233
48068440
41287492
47931056
46860034
22620945
36750946
109672
10141841
47177102
47971245
30289378
44011125
47972301
43355279
33306125
46345088
46576248
34523965
32534149
47857021
47955473
37713182
47949602
43962181
32185847
44585152
8253491
38296369
43960829
40574364
46582741
38046326
44393601
15988263
7853871
47882106
47491543
47874439
2317926
37124606
1366361
46542374
47865553
46827180
47799520
44239137
1667257
149574
47389416
40678592
30631459
47564957
243344
41548895
47777095
14026241
47176019
30692628
2790264
20449564
47752135
43494458
35893508
16373920
32543700
47734735
1170393
34913960
2380978
1571432
39410289
43952785
43952461
43951763
43951651
47697321
43950633
43950272
46635654
29650066
504704
45756987
30348316
37789181
47661756
47656573
41696200
47632970
37634426
47643432
38385633
34466369
3020399
37674286
47627083
8438
47628530
1450237
46828838
7968211
46554412
1749855
35283646
46302271
46301981
9923931
1021190
31909387
29562754
1502356
2491948
1375382
47593059
20855303
33167596
6002901
32816441
46594008
47567430
33816330
47358620
33825128
47569242
46659603
15108091
560401
8741881
12238651
921471
42674349
12440481
15843165
484918
29145955
15721556
2374278
219392
47516299
44456717
40640270
15245241
14505171
43894753
47508580
47508969
29833472
43953617
43953717
612474
43954196
43954433
43954545
45391268
32561562
45261305
35617013
39889486
44953642
15789805
46621234
29659327
1701337
46179917
7859441
32653535
23491408
1426151
43950123
41571423
41571299
41571180
36859
44030221
32676884
9321931
40168236
1313728
31781162
32504554
44029858
31932731
44029717
44029561
44029300
44029151
34686544
36911912
1400546
2560106
47439729
47439872
47408424
47153504
40278458
40523916
45051373
38701668
9897431
42872167
34346367
30229260
31670543
2757634
1093826
32441132
36748465
7726311
36270473
6286601
569993
34519834
427870
31695290
33150483
558942
15706970
16450216
44355894
35657092
42805490
150792
41622579
27229858
15809890
47388175
32368366
141491
41512928
31124805
47378263
869561
15634959
46808607
34535844
44599867
10151231
29210845
41655905
43480018
20169121
14028151
20163121
39110483
5199211
30136276
1153054
31143284
47244423
38856816
1356774
32669976
31319252
31094396
3969731
36558073
46157750
37314712
1924516
34709057
27014278
36398328
40464318
44662622
15694270
11753871
42393610
33150410
30818693
35422268
986733
32836107
29218499
34526221
45039048
32145062
514744
36424517
8124661
35281191
47334918
44325
34439726
35180848
46060865
1700916
42108194
27764383
279202
46716354
33785710
35317334
40097591
37478658
31543514
11016051
1446315
47183125
31455264
40305628
555518
2661640
30262906
27876262
31056858
27508093
40078137
39203082
34935669
1697345
40814290
6140641
3684401
35481401
34822783
2945482
44861241
33075417
34743773
9158771
29127118
42381039
47318977
31421714
3041085
183767
43038019
34130437
11373711
38215952
31671043
1140447
36017836
36770941
34134309
41629366
42315412
34789727
43276504
30872897
3050151
1336395
31246756
371501
705891
46632286
38908163
817669
29632585
20529232
35959134
399175
34775282
35906528
30330786
30872311
47167119
36643797
15709965
47289001
46993881
45002913
28174596
38678207
44536810
45863635
6696721
5891051
36839991
41576793
47188647
972837
47223195
47207979
39012655
33129938
37183393
45227757
46323667
29101730
47178996
47177570
41281870
39332699
46752967
35949017
30412785
41285607
33877176
41914496
45803840
593933
32272739
46879905
686173
46752154
976580
37590878
32665435
40038471
45360141
46752747
46510374
37956444
16472947
8859801
43811088
47061639
874505
40614723
44441525
44441377
37093596
44441296
44249266
45811143
36470049
735157
44214861
44062238
2927622
44221070
706581
16741120
673402
44221262
16652077
44221523
46400519
3153275
27360718
822558
1206892
27880163
47022912
9110641
42071259
9976211
1818663
45023377
32379681
47020892
42717401
35635520
1147277
33667720
44521585
9410311
8135291
46344418
46991491
46749877
38576635
3751201
34664661
37881655
27913213
46963482
30060068
46908782
40158083
31725661
46725825
10825091
36596746
39043240
1188334
35776862
39557567
1341742
30283038
37997804
46487027
38535689
2366960
30629094
44736857
38065482
43967843
30430820
37817448
1332975
36495902
30162697
31918971
46967402
46670601
4649081
46965472
42172566
34008232
34451283
41286185
37944148
2897210
30880736
27468427
37835801
45558296
4872061
1311968
44556623
46907541
2806932
44716019
16059618
30671791
31797942
41007236
1383726
45450183
33787413
1527402
15590438
32707377
36289883
46266069
44224329
3222797
41110482
46492597
41461061
45559169
780171
34498981
3087607
31610722
32602742
30999265
3113236
33340876
34656089
31195375
44265267
1148266
36467709
29112962
1136300
37874948
121766
2509454
34030304
16198435
40388727
16004390
46299958
46531274
46387336
35243862
843186
15611881
889383
46889236
2149464
1580264
35684071
46937264
1482678
199319
2777454
37086039
1471513
3153411
46733817
46346458
34970064
43667547
40945157
38315848
45251742
3711511
3411401
46529783
46752163
33813751
16079848
486948
42173196
33281917
20114968
3204018
27558586
45921998
42057895
45576194
35950726
33799903
1451909
156376
30980332
46356931
34039957
46698715
22800
16257463
44163777
30739720
1596987
36740986
46729178
27706267
44185667
46928913
46682780
6865751
37296920
14536831
1933250
41099736
167479
1664251
22647238
39595272
3192038
30726248
43712100
873902
365148
457471
38620501
16059810
16233757
37023570
39693476
41630304
10941671
6109961
1035403
31785086
34938614
31208698
42880339
32717252
45780548
33887023
46558029
44403289
41217671
9276781
38022316
46184846
40363561
1223034
34625011
45751808
8600041
32685060
753758
38933575
3190499
29047508
40903138
39839796
36080478
15762023
16425502
35256897
1546084
29931219
16499668
39422629
15594926
34783967
46453821
38504120
36707096
36143876
37487260
46795141
31759977
16692985
38254966
36274227
341440
38538968
3043392
37663535
20222428
31641561
33673194
46738063
35867886
944133
16068231
46671544
12693151
15809227
39645605
44165505
41928997
29209923
44665234
40118147
954506
31140147
37546190
34853053
38250855
46529570
833768
37721491
44902260
16101243
27861880
14522191
41998402
41578923
40949357
14099171
1630966
46611352
46529418
38284073
46529377
46529348
32433600
15035071
46196797
46528860
46528845
46528826
46528363
46528393
46528342
46528325
46528308
46528297
46528285
46528273
46528253
31753085
46221253
39880797
1117475
1603744
37712691
46279408
31660006
46500335
46500319
46500289
46500264
46546063
46539941
32213888
9634281
46500193
41091419
46537646
46500161
46500147
46186765
46519065
637726
11111411
514070
42236733
88824
723052
39688519
1557713
38927846
14859201
46213120
43631919
33116657
15724439
178291
46494637
35309271
1792085
33058484
9347671
46481292
36421701
31311518
43376737
1017514
44412070
5617901
15681438
27946325
34781901
29576934
2219624
39226111
31060563
357778
32646745
38300443
46437274
46424470
358146
1035820
819604
7294161
2264008
16031067
46429776
41086797
1537064
35793852
35355802
38273490
46186358
34256015
43780643
45800673
46258508
686361
1865854
46402932
32073992
38252875
34174905
42537305
37551899
35703455
33211106
2150030
42046778
27616618
489335
45259240
31686376
32191232
45553162
35024888
45001984
29058274
36509586
40101476
35884393
42870502
45830718
40227824
267633
2350506
36006913
43873824
29777439
15102371
45692230
45303065
31355987
45525248
326672
1085145
16096191
24470165
35036219
35950348
46315435
40232211
35654053
46174820
39180512
34198542
40755081
10939721
44810989
35293985
39243483
46219823
33372140
42929614
35372757
16434682
39140353
46314871
36214250
39161468
30251532
1235208
43547218
37451636
118123
36286132
8014631
16478077
37177606
37321660
11535031
38541316
5216031
37085583
42297858
42543459
643863
2864498
44433601
37459452
46012061
35208076
34554855
31513049
34463758
45132026
2882012
3315701
44909512
39939581
31242314
36055964
33028865
35059806
12701951
32636782
35811575
30501589
37105733
46212896
42360764
507755
1505047
614316
46287249
208238
44851715
952584
46269091
34234467
31966372
2567778
46132364
674538
16666969
29561077
33438471
27807550
45576633
45525753
35874337
33012343
268813
32553978
38957184
43603315
40759007
46191075
42734274
136864
31248009
617637
102354
16127809
37404238
16060886
43413766
195008
46221991
3076070
38420098
864853
46216072
41072746
43432769
37027429
29670484
32409459
38594846
39702688
43389560
16488277
377897
35257421
45645420
44030022
36614252
137883
37297552
36614161
46132779
45082986
44192326
31887735
45521473
837162
39702608
35445722
35481943
3170300
39672592
16030160
1582216
39125648
37457331
1029377
44070277
45524877
10375721
39539796
41818793
33430228
39656439
15683839
40751330
14596871
38158495
16075819
45470483
27802369
36889904
33028937
6455781
44238567
249796
1000103
30850436
38859302
31880815
43925
37005980
2364434
32209267
1536227
14317671
46006290
38136722
45902612
40688911
33740996
998536
45817836
33258697
45586785
38579094
37274107
291249
4981411
39362243
358730
33032038
151922
44142157
46067854
43701102
31784386
32119883
65062
35149276
24059182
33433912
40282704
45482123
44802443
33131540
650034
37340658
43903985
40436877
2707220
40344160
35710369
42742458
46014012
240316
1372907
31887466
45552245
31083387
41018492
33876325
3034532
39117617
548999
36891275
4045281
38495580
2721996
35097759
41618615
3016297
338803
11601241
1183471
1656182
35041140
31205188
40205665
29327354
6798821
43887655
42144115
44724275
43872832
45232300
31173901
32327353
10487
45030226
9983011
569094
1397686
23455
43236174
262103
38246129
44384936
45518740
32299314
35704433
35975782
35941718
45524839
46089001
38495412
44752682
45523925
46073472
1683427
40940986
43104337
37012756
45587754
16212520
45589383
45787273
38390047
33741778
36167527
15729279
45531017
306743
2350152
16575364
35709828
45771715
34032473
45184976
43762870
45760437
588088
45974842
37639320
40654395
37452480
32625132
4132931
31943119
45883866
45880925
3505851
45847721
44459233
38697157
1734019
43740077
44430385
45833528
44572569
37036907
35241545
41172101
502799
30664623
45818068
31861007
39608793
16457329
29513431
1564659
37290276
45790854
33738390
44428078
1844576
45762505
29894000
44935421
40877485
30008136
45743978
45711720
33132170
45288716
45738376
1703035
45622192
34039531
45719378
36887514
1350095
37041659
41569682
9134
31853128
45564515
954639
41894592
187756
456450
42586385
43885995
31856196
45573792
36092519
32638739
33106804
1100421
36730119
41856164
16072171
42146622
33754680
2040840
15811046
1809291
45487444
37788492
36405493
45316213
37429872
13797691
45365492
2269736
36165552
2574908
44698660
45373191
1470788
29317550
2648196
34387564
44648586
37100029
41234612
45343032
36370607
15738126
34850744
35021150
29145300
42584673
309048
38716140
45332520
5994931
29638879
6299361
43140387
40704817
43882475
34059576
1532979
3095324
45210371
44214452
31550854
18698
43734740
20328433
42200942
5375001
31727017
35017071
41834390
45219755
45242863
39914632
36726098
44167080
32747470
30736887
34867697
37102
29887929
34714895
45158155
862079
29526947
38967238
45109725
3044216
44758835
45107432
40735688
42213061
35289124
45107850
45142387
43140520
43119832
15640419
586002
34595388
1873720
41080787
12276241
43145135
29606448
43021651
35290150
36520210
384629
36663285
41360177
44789299
45043488
35425599
36957144
43684252
45027825
44686439
44182551
31128614
41819191
11304551
31654607
43458771
240623
35186315
36664238
44225465
15462051
38391762
35417620
41583566
44894326
44798093
1614093
38499949
35300210
35192754
2173224
33726771
44913371
44814809
1628437
34176815
36359674
289548
44129259
29015921
41899593
27335281
15231521
14634791
44283738
3140811
16764574
6621691
38843411
32699705
2124806
15583108
39747150
771064
16028388
40304817
590561
43686943
34093276
4554401
36496295
20329657
38441833
2365508
3102321
44782404
35787021
34844519
16158500
44235508
44770982
33461345
20505799
34856429
11967091
36366931
35180320
15587234
35315526
42279793
6490561
42157258
34271915
29824808
1473720
32288681
31172637
36466227
39738930
44708135
44563047
39415497
34721815
1892260
440114
976952
36132341
42440304
35967357
8892541
41791843
1534367
336159
2806264
600753
2573946
193832
37938416
44513121
12711881
5123551
40008024
27246763
36161663
37592484
33650487
44562083
39374179
41170699
44549923
36386163
2581328
2302726
30102819
31469754
31880619
41300795
37355927
34297224
43184223
44525071
34962537
35361695
16099995
42056861
42913775
36313076
44502841
30714370
44007420
6935141
2064172
42698273
37499351
33565098
37777524
39517521
2722854
44081214
33605464
44460727
34315187
251217
42468526
37121970
44399210
3056320
2728334
44443425
44442114
44441348
12128141
34710325
866402
41009807
43016837
38095687
33052341
20390872
253770
36282658
44203347
44372935
36342850
27120823
8329381
27089110
31525614
38265898
43635553
2060514
38181860
41961537
989374
1481369
39327860
3239683
27360502
3032431
44332583
44332766
36808298
44233189
38708605
33218463
31879493
44279822
954370
43973375
29012946
9006571
37937293
37609810
32390084
35163118
36149962
8697461
35869112
32238808
1368322
41441976
44022426
42527675
42162600
44206841
34884676
31778177
2995484
33455400
34281074
34329643
40818502
44146627
44171961
44168690
43612058
35712082
38067335
2043228
44145862
416974
44141251
44140778
44008011
15844212
44114714
29291258
2145458
43974325
44087794
237161
2372808
36660866
37513111
43208417
2141954
32620174
43453841
35305339
37649718
33694407
39853044
36863105
35969597
480783
27571615
36305051
41303431
44020514
29532676
538043
37426813
31342381
31623338
29584654
1910430
41366804
41692174
41514691
308822
595215
37793572
977729
41306593
36144287
36233947
41571698
36413583
43956145
37656426
35200183
36145887
40627321
15862074
43912940
32781955
42219388
43015582
43535873
43535978
38010354
2489724
33471284
63946
37211804
2854614
590798
37841437
1192592
43897408
33881883
37623667
32976222
33211102
30671410
6521491
14788301
3014848
31206770
41533789
43878019
32352848
5815311
43855044
36737005
37754298
43821616
43862187
34829884
38870132
43803536
39484114
17962
31831770
31588250
1875638
31285273
1169905
41963216
2238660
30137038
36248803
6535071
38650254
16031147
36777790
37048405
16659412
37191019
43698619
29941809
27866743
38230936
32444603
35971388
35756611
36869986
33719411
313488
15420311
31555594
16126486
15824591
20314600
30849241
35037148
35318227
41128286
35470032
43565942
38447743
39930901
15754928
43610974
759112
41730539
10148881
36292045
9724131
35125821
32703125
761552
30551620
597881
2263350
38012361
561672
77617
29029432
415366
43553478
1695517
35495855
41283546
9565421
4409291
109567
31314215
43502686
40648907
36890221
32217369
168038
36200075
33580509
33564612
34548976
31411482
41660094
43422272
34794488
39604976
1589279
43140368
32244163
33594740
217179
43390374
43384540
42184121
3040956
34836813
38894847
43376751
40287750
35234290
36727459
2698598
43367325
219504
27940960
24728183
36900036
27963076
36824816
42986642
31698941
42993963
34417771
30026118
32454918
36787515
38001692
39186224
32154972
42747208
38564916
116460
744687
31863732
38099266
31964758
34725190
41591751
35482588
587963
43097358
43277138
38531018
33152906
34784221
42697033
42808286
42425021
39958830
35735993
40374533
813848
31831367
37244866
898541
16033322
1324906
3115912
3103377
37071754
39009781
43205377
2930718
36078619
12591511
16655590
16288024
41622070
43178718
16338631
39670270
5054
350737
36562699
35060820
37174539
43158835
986804
1410639
38130863
33062685
27917882
16174613
42696903
42696838
43138566
42235052
29889111
27717268
40772045
37668966
546075
806429
37178612
40743315
29589003
27257428
42809287
42809699
15758936
42424264
24550013
2015590
41992373
41992105
37594761
42900919
130120
41386918
22700512
754794
34108609
14926881
34545247
38593543
2965588
2600676
39666126
436667
30526732
37616095
2588102
30518547
2531024
42543996
1729671
29151505
1370381
2268970
37183068
34453566
73744
42834550
42499116
33804502
1669502
27774424
986947
313141
34502735
43047861
37710454
40675485
1175641
42177082
6965581
37978482
38752297
38285285
43032483
43001172
2955500
27482509
38648240
42496165
27504061
42993059
37242148
10907941
40456668
16092723
32460475
29053672
29551687
7192801
37107304
2265316
280596
43008201
38326298
16658581
27550213
41587978
29077421
967541
15626380
16054791
27084808
15543377
42992876
37642160
27799810
40982320
1146169
37333491
35505555
31910726
39004156
42975274
34886224
36317553
29145237
37921378
39963370
16500814
4255031
368495
29124792
1239972
1204764
15669026
19065
1506629
38538728
34313704
14705631
35296632
37752269
37594874
38613954
27823636
34115473
39725729
41907077
42667221
310796
1738997
16103358
32966742
31579071
35027611
32805579
2376614
2232002
34550986
37111569
16058992
34524868
312624
1677531
23163521
40437157
33956771
37299366
35596486
33102029
34202335
1648582
32182070
461128
33949096
42860779
35337322
1349562
30619106
36478175
9088911
351192
34861825
36136652
41111279
14902381
32468065
651530
14651811
42287516
29252948
269726
4184801
39606850
39048441
34020916
38777646
1397545
42822494
2686198
41759138
30653674
36110097
39406531
39895988
36009209
3070794
37061920
36696017
1349101
16088218
34891921
39216844
235277
29318698
229746
37933037
2457274
41789098
27926816
1046410
1460367
3055894
35108768
37612113
30857
2371444
2658038
23062501
3041097
4634501
42780295
3055998
692194
36042022
5133701
40898393
34414136
34517156
16104208
38087037
33093107
34385049
31254865
635944
16370005
31622964
31316544
42143330
5357891
38105919
1096068
32183085
31594845
42744699
40720638
2356556
42726156
36920358
18797656
33924275
29249185
37727268
16050617
41561606
1558130
1477035
308176
37741665
30245241
35376078
42729759
34836135
42251486
37672932
37877331
752175
42699716
32821830
42723054
29102116
40484106
5257371
29058998
29148485
33580073
954628
38614688
35474367
1546069
41084166
31975906
2603098
12197821
42712747
32333477
36222729
31564535
38647757
833269
16224716
328279
37922785
27647089
36749138
41144592
35343687
32315397
10994851
825239
20264296
1571867
29057411
15592030
34937707
42323046
41087694
16049071
31649951
30551173
35783624
15809477
14158371
2285330
39382054
34731593
35810978
36279110
41547182
29640482
33621348
42678816
24989
2022582
4100271
39457308
31239370
9714781
23246593
36182821
8804791
659560
36791452
1145319
870479
129131
822221
16096515
11188021
1605053
30636151
29627411
41505538
6441261
34950386
31421106
584380
40629432
1398923
32188994
1559810
1975098
32624381
2252198
42213000
37550336
644060
37658138
740601
33590741
15624151
15783943
29194948
11344851
34281340
63935
27683320
42592435
31344042
33445727
42595421
1554895
27538498
37673181
2597636
20540962
629076
42257680
2468006
239964
30740043
16281223
15557473
950360
31314472
8573931
31887697
35747647
16723420
29122948
6894451
757599
139709
35447882
35370640
15652776
31567807
29055467
6317141
2851816
1575777
42556317
42203069
38873307
39128809
34288849
1601406
42549059
34094748
10044291
33548178
22023121
2361654
32761184
1289194
35310395
42538183
39100158
38607775
42536044
3233290
588950
41278898
39904802
32976079
265732
37855813
1482263
9385221
1565687
30651773
35245209
10046691
34284915
31594137
332862
42329757
31036852
31541043
36690035
31640025
35068227
33129061
38572780
16045643
15407291
41882750
36582847
29108233
1183268
33250285
975165
42504952
33199695
32185231
2144976
3089209
37554994
10171741
1146459
36774493
38292509
39325124
1212515
26105
33217657
41133334
38164641
35388899
38206730
41570707
38117256
12822451
27799507
38339964
41426139
37822533
16206838
38155
31098619
36327691
37859556
32362460
16505773
12038821
36659701
34093896
1579047
841611
37991224
34445964
31675925
33551331
30479845
36244818
34868094
22215832
32459102
20724031
36283240
6769701
33150806
2677554
29018221
36247416
2738540
273422
33211844
1885586
31766278
2333358
34093885
1183892
1113802
1115011
1051286
33212535
10298341
32527440
39360
17341
38721257
1766941
1088081
792456
356914
1788769
36310347
34190691
180049
37959406
35403254
15379291
32322020
2811256
34730060
1214763
73216
37423519
31866024
2309080
33085387
181600
1488527
27928491
34519862
16000747
31020841
32820934
4603321
15640848
40628524
36275342
420401
29974671
2710130
36452411
15797561
3122234
1228529
32378851
32299566
7154901
33208975
417658
41391596
849318
3726791
38458859
37117582
35392879
32121342
31880237
36233832
90796
31901303
7074961
38186614
1607765
34612997
245725
30553957
420541
689838
30123282
27513193
33471300
29094601
32556030
40577916
29779682
31313992
31321106
31552797
3846811
39310677
16542901
35160006
31209702
325495
1475448
1922180
30995556
38459255
1522808
39452402
36239950
33849795
30148203
16231491
40397977
37580614
1066611
42448682
27222622
41511205
33965445
36914072
7211661
1454595
41023811
31437297
950759
42435268
41884150
34232185
155886
32268260
42427108
1404797
3430711
3228871
42413569
34947124
42116343
1256255
32569432
32697764
20810700
2227096
37904639
34288861
2138112
239375
368046
40594139
32922471
42406930
864952
11839921
32649855
42372802
72082
997522
42311020
36417960
36180558
37146733
2316080
21078936
33275496
35561856
32854013
2142194
2456150
34149973
3049907
37282818
30679721
1612850
37621218
41003588
37477497
16189200
38861746
41130565
22031858
6796441
1127355
42267379
41441868
36640525
1281687
129199
15706969
42266974
412971
42203888
29151145
42253619
38354288
2689610
34692249
32512935
2978638
15806356
29957996
30884525
27380221
39480855
42201057
29902611
42151956
29191617
1874836
33485651
1515834
1100217
2850878
39685469
42216798
32384815
41771314
149916
20269321
34804432
29810412
36437426
38494680
42181874
11670
36625764
934718
42197749
11653791
38421243
38350148
354956
15841200
38315537
1000923
36863247
42183051
42181381
41099891
29534878
42176701
37096030
39080664
1859874
42170732
203473
73306
30175088
33162704
5965091
1301533
29300
42159302
18917647
78433
323374
37871689
37012895
37654748
1350436
75898
32050113
33796590
37432611
41808471
234439
20366986
164707
181052
42104489
757420
170632
29051972
20558962
30335172
42125646
35586471
40199202
42101987
29995987
34000010
42825
38690456
84822
20411878
36829362
136170
39707451
165933
34042846
37860989
36828046
3899521
30408425
42029492
30789540
34306039
30934214
144055
38539709
281480
27818857
191158
33856254
1755395
41655329
39249006
1412537
29097157
16123375
40551805
34897636
722660
1510906
102527
2231698
1783585
528688
35085395
30514259
48909
35158730
40280338
34175092
16083012
2091054
3235303
36879805
41241586
15823252
35757014
31572232
396927
8068871
30220183
158963
41664678
41894309
553822
15594760
3017434
32522574
31248065
41905998
15414
479920
985168
987519
38958050
861785
38866331
62697
31287507
132056
30167634
862599
35356466
35008493
498657
326443
31744
2721352
30398408
3046862
37043833
29786748
10309931
31103449
7876371
4492701
42102
30664787
1720131
41324465
37204727
41290321
3430241
21290860
37474465
41775610
35039943
56181
24577572
124891
37217446
33597645
36341680
40375098
36093463
757519
2785044
27233788
1906826
33251512
36766421
38553073
40597911
36319288
11809591
36482773
58007
39826155
31854307
37675919
31805492
6342431
93640
36749107
3118740
1472628
14468811
36434583
15799268
301225
37389267
5146921
34193274
9267011
41803207
41804421
30527052
41888765
4615471
24328586
41879250
32754475
53111
41850586
32029613
38494340
35983367
31512952
41873830
1041405
20412073
20662
32406594
39795490
37503361
37758988
38580328
34248062
27175597
32739195
6499981
37222172
39824396
39824229
16601521
34466402
38614898
2993250
39822756
39823387
31137836
29821442
123022
399222
799609
41801985
30667386
38346605
35755127
41752544
297101
37797787
786296
15742829
3153572
36515770
30206340
31296827
29261016
41051127
40465058
14094211
2245218
38894593
2418850
328368
41062588
41420682
40981506
155881
37783497
41824132
41691630
16027022
27636967
41690513
41379331
38079669
30635252
35875426
32895618
27103804
32007875
27433246
35027686
793672
36468700
35693814
37061663
41809846
36637954
1718564
37631762
39821355
39826859
11229861
2787610
40991499
36142896
41024740
3124904
9602621
40194302
35768987
210824
16232743
35637375
27750553
22105823
41791524
1480870
37850681
40786301
1322549
36381054
30377356
37794049
41477852
1207725
1217645
20181019
41783816
41519874
41785331
1007550
9504571
41783347
33199448
35326018
2896748
39549370
34458689
1315436
37294857
38054689
4416791
715566
41763343
3056924
30592746
34560512
2098570
360050
38030067
1748193
38182077
37622746
1497635
1812889
38425091
6221251
35560846
39820487
31890037
2618508
38987406
32522806
32736059
34535980
779777
2920036
31520449
37103992
20201428
1782607
10887981
5981211
32825687
29928965
8519
30567215
1826429
27903371
31589386
2713502
3017013
613087
2532894
40631190
40744182
33596879
41739373
892688
27965453
37098117
36223368
10520
916233
15386791
33753405
27884465
33260280
1537298
41183815
132137
40184158
36538189
32895407
2914464
31990831
2840548
32377196
1966870
37873561
16039001
39166191
20449939
29642097
41714204
34903603
31058524
13825821
40629077
27123661
30813280
33609544
39820244
37011633
32333011
39819805
39819713
33434492
39819640
34207761
35782682
31409774
1508454
6906571
33471636
531655
29012077
37987137
31726532
1899896
2317890
31972541
21484664
37070519
33750638
16353691
884061
34924217
1893312
1320516
16755601
573227
1022228
41398214
37643109
4548751
41041317
477713
37361145
144453
36023775
2317946
16188527
15745592
30620838
30634854
29204597
6495561
35378818
230737
36494446
757801
83166
120594
31007302
36838596
41657338
38975205
33305632
3061684
2212216
29622686
908865
324178
29787255
34551922
39498303
39663
424944
1523034
35104103
697526
7778531
35191439
500839
499787
907173
899089
34583011
2230652
38766635
27570205
41689901
1688622
29831504
14626361
10694991
585327
1784249
37756277
15797480
235720
41197966
41356307
775272
41329606
41331077
505735
16107611
27881114
32883304
39423203
1208410
41666722
33015800
37624508
34315915
16091343
20429890
11118001
37608429
35531087
33227839
41645642
37573495
33805934
37436558
32434075
825397
1990332
3442121
41582800
19456
38141583
20539633
125409
30004405
16002278
48946
36400299
27453715
33475346
40256597
33187551
306622
41411126
38594007
35889344
41636176
37619643
37860758
34470821
31889343
16477750
27126532
35322329
41399007
37781234
37262792
19157362
1052687
32376022
33848599
40308803
32004730
33129874
36494876
35640554
41328885
31367431
3025051
3202154
33374580
41619908
31993494
41327917
357736
41619006
885936
24397137
32132384
41327506
27869484
842663
41402330
31472106
487840
41399161
2724988
761395
2508696
22333350
41614933
112629
2534908
41613767
41613889
25233752
35773220
4628221
39835662
649469
41398626
2679824
35737067
34268940
41602418
36173179
41601902
1634403
31916219
11084571
41601391
41600886
1895100
34487570
773529
41280317
37727399
31536405
36654419
31974640
34101783
37140982
32875814
35106960
31995113
40517135
30007773
13999431
1117022
34226704
5048441
40398270
37094468
35390395
596167
30444363
34761629
41203402
41558803
31448506
35566901
34168714
29832069
24804214
24655228
36295327
40928265
29900950
35520100
31172140
33239512
3867101
10700561
38233811
36370538
128215
35793405
37452015
33945504
147854
37054012
2815434
35727758
200647
37721141
41327188
34277316
41326778
41572066
32031508
32263125
27710278
33292729
30659309
36777119
38099471
16031116
1932870
37541334
21614119
33681928
35652721
3168506
522830
31644084
27122866
29131195
2660376
41325937
41326448
34835345
41325546
41568424
538094
36203514
3924361
41560738
29616322
40908765
31289584
474744
40205966
40801268
1443088
14185931
35121188
36225197
31411036
36388608
38642045
36242782
23179751
15744715
36424402
35441909
15985096
16096781
40130248
40719322
34107830
7855331
16095319
29810817
15698544
41293452
2630504
41287051
33194995
41292521
29157047
41291798
36050
36261291
33825222
39274982
347700
32440842
569
1093526
31668576
39324081
11390321
672965
31315712
36991232
37638302
33241195
41304365
37135293
41517508
28137
30887808
2030918
27957405
40078303
29794300
41226408
36427374
39147850
8829451
34055024
31030722
3031876
37313925
35270877
893900
15748751
3598061
2044694
16798735
14991941
50497
35658308
34553853
29099432
18032854
37693079
1332865
1430045
4531221
2715148
3403681
35457528
1300856
633539
32999111
1294045
30169777
16214943
33618340
143486
30161279
1466829
2064932
41412995
13566561
36583105
27431026
962530
36644308
1129829
2058190
27693565
14811881
32543426
27662857
29914122
20172814
38449349
1485108
15838692
16169343
37724180
31705405
3352771
37775362
39006234
40682440
38630457
661509
40626121
34840440
32627258
39816835
35580368
1080527
269343
40865490
40837826
19412
39362247
2471478
3994391
659677
30689179
34612882
33010468
35126697
2438036
1696071
29801290
35838324
28094275
1419548
41430233
1993354
29918830
36610427
34261097
36035431
41209390
906568
38252256
604329
33820495
16215782
452355
838425
2298368
34191713
34021836
1132278
41458347
29173895
32079756
29791769
31990598
38900941
2281866
29143388
27263884
38606502
78422
41269282
2707502
32701763
37815761
2854654
1349843
3039342
33655289
860924
38752245
15685236
41445447
1930960
3018337
41035533
29218999
33982731
30984761
41363461
38312781
32013038
36507636
41228290
36721402
137713
38854457
30596458
38591056
30316883
15710410
35564435
38016812
40328496
787120
38098544
27255592
29263585
2315786
37223561
35514614
38723440
37912021
36931932
29224987
40920676
39373492
15667131
37445882
76934
32722969
2540084
32840141
35044288
20345905
35780906
37057697
815918
39128817
173684
63647
41404396
35405757
33076419
15962880
12545151
353634
5515261
4319251
40005999
2899692
39214597
39039170
20445235
32826499
41291185
35649204
31792308
27024007
38823095
41290692
1790613
34753512
36525395
68262
2332404
41289152
41291457
31030034
41285142
29216657
15677319
15707110
2037306
39683755
33901525
1156417
16241365
29031788
40429525
32206404
38007439
372916
34013992
780674
35725748
3120859
1127753
14190
1030937
1823053
15795455
1013108
20260741
30200510
30565901
4445221
2872164
184938
917635
29005272
11798
30806202
113897
34110308
233204
1709978
31843701
35285210
33373523
34251417
32046340
317057
472185
34497639
694041
39923485
15652765
951988
35966676
29320299
36142477
27851275
36842649
37522074
33197611
11092161
36629856
30369218
37496489
35966846
37567334
32373868
38755900
37628854
31422908
37781737
33551183
37934324
31994546
239890
539937
36364032
1406545
14013101
1549534
1619907
32889690
36449254
171433
32910752
15972982
15785160
37842897
29976376
29933752
32780609
2714846
36092879
18007189
37499534
37541523
33313938
37885598
3024310
34985721
822983
37663102
1739665
2383356
2920950
29233324
1562989
39596049
32335668
16665880
38910283
29053884
39969276
1579133
2725904
36241707
35973210
30696473
31220025
29226796
2245438
496610
559985
36722553
40899724
831214
8020801
37234673
15596225
2061230
16120323
2066900
30816628
32337262
33796498
40569040
883089
34891402
15660477
37094341
37003893
38020149
127793
6772891
37045120
1011340
40719291
40714247
41250206
3071446
30658036
1001713
8000711
21859725
33284661
30075524
5966451
40442018
36370196
16360258
1877530
27942267
39937702
434713
423574
310038
36476922
401716
33667844
2831258
15969867
16218536
40973245
16319284
14059361
37828117
35889893
3019142
947424
36351847
33035946
21915986
34512328
32603445
7708711
36753181
35612659
3223292
6447201
36593749
40189022
36266626
1593617
15674251
39583157
40566980
1103520
31882301
1889934
847736
37066292
36311632
40944188
1145372
39220215
318429
30397811
37588115
35497249
32809758
32560875
35968428
15536480
12660061
36214597
32659473
5658921
2394508
40636150
33444223
39889116
35919085
418018
36168038
39091295
34840508
32762417
138888
40405242
40740440
2644236
5579211
2944724
27836164
337687
1810665
38293252
39178718
29171308
35206587
1402949
38934359
32672998
27253423
2808318
2050286
37446469
477637
781926
2251844
1150366
41007650
3159716
36335054
1069591
40744690
39931678
30725893
1563311
478879
38107273
9945651
11621411
141745
904061
35868840
2742634
36170647
27564673
1129624
5908921
40268837
31922618
29192923
31370412
34741193
1120639
33349168
35029585
34931179
5733021
555877
37545051
38140665
15671315
29831810
7540461
38906691
6833411
1043334
1174125
37584972
130444
14690121
31312623
37001434
41225621
379478
35669250
40687639
36396238
39982723
37831415
41213212
29071738
331561
32726147
37581703
34243702
31397975
34800211
35404634
38050719
32451867
40398744
38848134
15782834
40273095
40199404
36514494
