528841
596167
883051
2113210
2148570
2686166
2739968
2784606
2865394
2961970
3022419
3045702
3416421
3691181
4015031
4528631
4571421
6316181
6373181
9253151
10942101
10996571
11121751
11280311
11346911
11658091
15824412
20184328
27516118
29220883
29304949
29548627
29584965
29814970
29834576
29931219
30029426
30537646
30589268
31145717
31147289
31287958
31361817
31431900
31704691
32268329
32310096
32350673
32371755
32577666
32748616
33012343
33128907
33209644
33444965
33945581
34190138
34668345
38504120
38538968
40903138
43323257
46487027
47370954
