9134
11798
36050
169492
193832
289548
347700
559985
596167
771064
997522
1200306
1242418
1335045
1584313
1589279
1634403
1642310
1866574
1877530
1895100
1975098
2050286
2238228
2365508
2566714
2616396
2630504
2815434
2864498
2944724
3014848
3055894
3153572
4132931
4255031
5815311
6906571
10171741
11229861
11839921
12128141
13797691
15231521
15596225
15671315
15706969
16114679
16174613
16692985
20172814
20201428
20314600
27175597
27453715
27966128
29251356
29320855
30004405
30524425
31209204
31225367
31367431
31394077
31421106
31525614
31654607
31677098
31726532
31916219
31988181
32182070
32296114
32352848
32638739
33013377
33046106
33052341
33117158
33194995
33235967
33292729
33432979
33471284
33548178
33719411
33811255
33829013
33881883
34021836
34039531
34149973
34202335
34261097
34268940
34271915
34313704
34332949
34387564
34470821
34477186
34562915
34595388
34651665
34676802
34741193
34844519
35021150
35158730
35162790
35192754
35322329
35356466
35497249
35580368
35586471
35640554
35787021
35959134
36039555
36149477
36165552
36223368
36351009
36400299
36479606
36493041
36538189
36583105
36637464
36660866
36682596
36705320
36706158
36722553
36879718
36879805
36887514
36991232
37045120
37054012
37061663
37076955
37114522
37146733
37282818
37313925
37355927
37436558
37474465
37545051
37609810
37642160
37809441
37850681
37855813
37871689
37871976
37921378
37987387
38095687
38099266
38182077
38524660
38531018
38538968
38564916
38594007
38752297
38858875
38894847
39011023
39327860
39442196
39480855
39498303
39835662
39848909
39890437
39895988
39969276
40328496
40376269
40397977
40398397
40714247
40755081
40865490
40903138
40985836
41041181
41170699
41223642
41250206
41283546
41303431
41384238
41398626
41399161
41477852
41591751
41615480
41645642
41665237
41763343
41805046
41856164
42137585
42162600
42190411
42200942
42232579
42468526
42584673
42586385
42592435
42647520
42993963
43231597
43383305
43477110
43678026
43686943
43878562
44007420
44412078
44442114
44459233
44775968
45107850
45316213
45337599
45475938
45626922
45760437
46001613
