46471114
46834358
46442278
37078428
65177
47177102
46345088
40818502
46576248
268813
36808298
36995972
2050286
43947541
47949810
30664623
41286185
47940543
44803077
40945157
2859554
35793405
820363
43686943
72849
952584
31974640
33848599
1224222
46328212
46441158
33052111
27896356
46328326
15231521
37962279
27379696
47491543
75898
47389416
37750044
47854978
31315712
43015770
44412070
336159
86720
47829628
47814088
23491408
38296369
35062420
10044291
35322329
47176019
47752079
149574
47665460
34607339
27156520
47004401
31988181
47651446
40127134
35976496
31287507
22659442
336743
36330911
44298062
34822783
33567901
33679974
37121970
1909080
34857022
37093596
34329757
39410289
38017154
34196472
34951373
39443657
36040285
46635654
44355300
41577369
36643797
30619106
1450237
47459659
46945536
46989021
47658877
32091568
42027587
44519246
31897817
497208
2660376
37800615
45227760
13825821
45760294
33548178
47544045
27138115
45757641
45756987
29821975
40558511
218112
975165
40770205
1463783
46951793
46542374
46737318
46185226
47473590
32677299
40622294
47663974
34418980
47478905
20197342
15630293
47523972
1461720
47154270
36557501
39397094
9801691
39523709
866948
1306115
47366808
46179917
45059530
44325
44197434
34767634
45555468
30348316
35134764
29579428
1642310
45996525
29039798
47651430
690071
37191019
34180569
45525248
45956771
45931867
36660826
40409819
46471018
47619495
33490641
34714895
46543029
46208381
44536810
35191439
38065482
46585159
36660866
40574364
43762390
41651433
35485916
47134088
944555
205115
1492302
46950649
37086039
46828838
32253017
29777439
37251405
40589404
45981674
628860
27788122
1251955
46848762
36513868
36772578
42211773
37634426
507755
40674642
3181822
43038019
38413069
37039599
34168362
37714518
14392951
35883998
40653131
43456314
1461358
38443675
46907541
27122866
2988830
11662231
968015
38282085
32041576
46578483
44545745
3218856
32829966
6109961
27645211
34268940
44474780
45521473
3064384
47569242
35356466
77617
1430045
37054012
47397948
12240291
902762
46659603
29650066
37391952
219392
44747247
35703455
39139537
43185113
30161279
33375253
16457329
37199454
38420098
44070277
40168236
2560106
32561562
8859801
47496356
43104337
34134004
41632851
38095687
9361461
1701337
36775060
47411493
12469781
38084248
37924111
31963927
47351895
40814290
31660678
37555283
47485355
1596987
2831626
1563881
37124606
16457437
32689351
35881494
15774451
39933061
38850077
31448506
47448131
32676884
1313728
47461312
33114324
34288861
40202215
45485012
47452605
47452351
31781162
47417343
37991224
34149952
47305556
45345514
44270317
26105
36753181
47414919
46001613
15706969
30430820
2474458
1204656
47408424
237544
47427344
32653535
30136276
44002156
47349661
39886727
787957
46477152
36058595
35008493
37422961
256652
35949017
6299361
350737
869561
39880797
41856164
41436722
2707220
34844519
47131837
833768
90796
45719488
1964526
37061663
3020399
36261291
47347281
40464318
433814
38579246
41867272
819604
14505171
15724439
635944
1085145
42986642
44165505
34439726
37183393
47179247
35848891
28094275
13797691
3684401
31623338
39140353
37321660
45890261
32685060
47318977
20172814
309398
39007267
11798
38215952
45692230
42297858
36050
44235508
35776862
35867886
47153504
43376737
36266626
47227341
15569913
20163223
1684998
29832069
40344160
43313802
46312370
33472377
1136495
34935669
35293985
44433601
1354597
1557713
35704433
40328496
47183125
41630304
46752747
30229260
43221649
43740077
47259189
43712100
15596225
34854332
35787021
41578923
4171421
47253962
41359295
38001692
47223195
1497959
41583566
10559921
35300210
119376
47188647
38032583
28137
789336
27202855
30251532
45023377
38504120
514070
36421773
2945482
44715994
139709
47193351
166380
32185231
2864498
41871077
1000103
41985646
44902260
11967091
37522074
2993962
559985
35586471
46245577
45803840
1877530
33860932
29931219
46323667
41285607
30283038
44599867
47101780
46340528
46025386
35803299
38910283
13999431
32217369
42468526
29145955
1899896
43701102
29027196
43762870
757801
42742458
663682
41591751
1857240
8329381
279202
14190
31140124
37546190
885936
32133313
9035721
43325047
31319252
33012343
1446315
34903603
16652077
36080478
596167
40903138
35290150
29562754
9158771
45391268
43184223
904061
4045281
5199211
555518
124891
46249410
46207276
45101919
45098469
37723014
42315412
