48005451
40574364
47933656
45505081
47893079
47799520
47663542
34607339
47732363
44519246
1701337
30136276
47651703
47613114
40442860
46301843
1375382
47590413
47567430
3705641
32676884
47520005
44070277
47482863
14505171
885936
3043392
47376659
7998031
38215952
47374574
45525248
37183393
30283038
16652077
46576248
47239265
46908782
47223195
33887023
47183125
1515190
46133173
32376022
46993881
379196
37590878
2756024
29012187
42297858
952584
35959134
156376
40388727
34664661
36080478
33667720
46954560
40903138
46928913
42126510
42490290
29931219
34623214
38254966
38504120
16692985
6906571
35867886
45023377
38538968
34656089
46740804
46735642
39403372
45798457
39886727
36167527
43044654
33012343
3039342
514070
723052
43376737
3020399
46481292
46293810
44412070
41250206
46425603
46429479
46437028
41280639
44909512
38579246
46315435
46388705
42157258
46132779
46006290
37321660
1085145
40344160
33490641
954639
15724439
45132026
35703455
45184976
45531017
44851715
42162600
1470788
46221555
44030022
39880797
46194282
46067854
24655228
35704433
588088
33740996
597881
3373881
34161633
45760437
1017514
33741778
9267
43734740
2707220
43076820
33548178
46006167
43924687
45995033
33864894
4730761
39243483
44459233
4132931
44572569
4098391
33863649
31887466
45814510
37036907
2864498
44011098
42938445
1564659
39072259
42586385
1700916
41422474
43016837
34039531
32775926
1445832
41856164
44775968
9134
2186258
42569671
582124
43885995
45573792
3049907
45519214
44758691
38001692
34595388
32302017
32638739
2269306
9035721
8040491
45516540
16072171
36726098
43143430
34094382
40619600
45436667
38877270
2574908
4808241
29562754
33168918
37788492
31870936
44477045
44648586
34387564
27694312
45343032
38251952
34850744
35021150
42584673
42936594
45297853
44214452
31432310
36496295
45253219
45184352
33279450
31313419
34261097
45158155
38827683
20505799
32747470
43246279
33152906
34867697
34268940
42200942
42213061
45140431
15640419
1435856
2050286
10171741
1200306
1873720
36370607
33292729
43021651
34856429
43257741
45043488
45055193
2944724
29004482
44182551
36912670
30177003
1605053
1267690
8885
31128614
45007394
35688347
29638879
42978456
396759
31484816
11304551
1014887
289548
44225465
771064
843392
35300210
40328496
7784011
44129259
35192754
36485470
33061919
32561562
193832
3140811
34844519
16028388
44789299
44818861
1960400
36753181
40304817
43686943
40183722
15231521
15583108
37772865
36161663
33461345
44754418
11967091
33495562
440114
42279793
44203347
15587234
35648534
29824808
43471503
15420311
34884676
37043833
44283738
1892260
44717279
36132341
34271915
40765587
44707404
31327800
16764574
43492226
38611319
35212389
11229861
2785044
8127411
2392986
33580073
35561457
42440304
42127374
8892541
41791843
41170699
34846954
32306543
12711881
34374004
37220460
31248009
42361826
39747150
32013038
15623990
31797942
33650487
42533426
39033410
44442114
6162341
464935
36392766
40498342
37355927
15386791
2581328
32057404
44512962
42056861
39363446
44503128
13797691
2526536
42913775
6499981
31753085
35757014
44487748
39807286
33565098
35316373
5054
36938953
1146459
15797480
906380
3032431
12128141
29015921
4206701
34710325
20390872
41009807
16141495
3222393
253770
33052341
41011363
38640667
32767077
34466369
35727758
29126540
36808298
27089110
33708185
44235508
36538189
37937240
42184517
12756031
34315187
569
38181860
17782450
41648804
41752041
43348474
43642445
42698273
33796498
42473008
37756277
41215076
37609810
39895988
947424
40921471
43338743
36766421
34243702
37592484
27175597
44283486
34093276
35299584
33583715
43096460
41514691
38630457
33596879
31525614
37937293
44233189
1368322
36149962
32390084
7012
41689901
2995484
15686373
33564612
39125569
35520100
44229132
7011261
36233947
8438
43009811
42224139
35100975
2482814
44022426
41001452
16469824
40511807
30696473
37871689
43063877
42468315
34094748
1895100
16174613
35955830
33455400
42491656
40648907
351192
38594007
41961537
1473375
10646341
15706969
43613951
32363494
43254360
14500611
43612058
39501304
38067335
44160258
39480855
42527675
33925978
32454918
41349515
41285835
27527992
38091766
36645695
38447743
842663
35497249
1639228
32724057
278778
41217782
38146280
43008071
43176547
43566415
1778377
38928435
1634403
42397454
34158054
34475518
34725190
44020514
37904608
44095886
44093896
699146
29264552
1304113
43292204
43792169
38095687
37513111
41491530
13584221
43445067
34526221
31765476
39117598
32483482
529883
33748078
31172140
36863105
32953133
36952015
38275809
31538355
37191019
30748911
44045534
37054012
16115449
35580368
2651942
37137556
40829172
30918245
1690156
34736064
43547218
36042986
43324797
480783
44007420
27583600
23650846
41303431
37048405
43361976
44032142
39101441
36470450
38809910
27832783
1284048
34266068
44022817
1734259
31197455
34285705
43015904
2141954
1117124
37061663
1171095
40367430
43139508
38917852
35223115
33731680
1225331
39931678
43104674
43161095
7768841
29584654
43273366
15596225
7708711
39100771
34407386
43816127
1498946
43015757
29291258
2568432
37103833
63856
41142750
43234802
643863
1218945
595215
34870585
32997483
43574801
43480106
31448101
43200487
16050617
43309687
34744290
33618340
37619643
38894593
29534878
38609021
35271425
237161
43535373
43973375
38808141
31956739
416693
43152389
30790382
15655331
368046
42018995
16096191
29966206
41711478
177215
34815842
43115345
1910430
43968096
37146733
34384307
42003157
38186706
31654607
41686889
35322329
38354906
32377365
16980046
1228529
27449548
43500576
39726868
78139
37075133
43956145
38243115
43773432
41361405
31943696
38532655
41647510
16772128
40863767
674538
43855044
39305017
31670543
35155132
42165840
33825128
43499023
36504922
33292512
43008201
34105121
43158835
34294040
30288707
42902045
6299361
42698420
33972104
38836103
32121342
34288861
36851300
38012361
39498303
32781955
27881964
43480397
39476649
38677419
15736994
34396654
43239340
30664623
2810454
15798631
38962455
43265287
36468700
49695
39298121
36399362
183124
42279161
10704501
5658921
38007337
43643105
41527614
36405332
30614743
37094341
42000998
3001406
43684853
570506
20314600
39892594
2038076
32650782
42364898
43069923
36359674
538842
34959361
36650346
38292454
42592435
40667420
1334955
41885060
31662331
43060808
39147621
39721431
41015918
40380203
35317334
123022
35166066
29815920
43772759
43535873
39777410
43900299
40246466
31875823
32646745
2689610
31695290
41525752
16166620
20201428
43535978
15990622
40421756
43772284
43558125
1335045
36313076
31966372
43195241
32352848
39446734
31065768
40013924
841977
36762191
42762695
347700
37709854
39899470
34849337
2308954
43504288
30955769
41281870
43313802
38141589
42378143
40825781
32222388
40331536
43751828
20436838
40231729
40327133
35586471
2225780
32444603
42009995
43227750
42647858
42779955
43846723
1492302
43170266
731769
34837945
43882475
6569771
39333685
477713
43390704
43758332
43267714
40689661
42393371
35350930
42873696
37620755
38037858
31083326
1357561
10711851
34605877
2268970
30615152
43332102
30426544
43418951
31543514
37332376
6455781
31172637
596167
9158771
32789864
20342908
35818409
41905998
35356466
35182649
39932515
33674954
13999431
42581711
420615
2641362
229746
3407761
32288681
30692888
43907326
15652765
27928491
36459387
4981411
35534821
32669976
37586611
3078422
35852716
640522
1136495
34796486
33062685
42393610
36991232
42983434
14774231
119376
31835410
42798547
38174594
29266332
15674567
36737005
2676056
36722553
36796383
36419886
41723789
40390485
36490695
1874706
43343712
43905138
16058164
36527696
31676460
41585171
35266418
560401
36039976
41909906
43375369
2714846
125889
11553101
43320929
36826146
757801
35672472
42800383
4075961
35971388
42578144
43077186
37848382
27970421
37409164
38226981
36695229
43276504
40118711
43747917
41907946
37832306
36180278
39354233
36018007
31800233
33150410
3989901
36144287
787582
35126582
36696017
34730060
36145887
37234673
41283546
1508454
33281892
39018526
40682417
38766635
3931101
34466402
41583566
36413583
34612997
39702608
43041227
2831258
1134513
36200075
16195604
40526326
37859556
30411115
36353300
43463012
463601
7764571
1663103
2889014
32976222
31409774
31674502
710382
90796
42739940
42177082
37718132
33208975
4787421
27750553
6502891
37496489
37623667
41306593
41477852
43471161
991182
34415985
33885428
29218730
1324906
1373118
42144115
34629354
36177229
41877913
31455264
2350152
43596909
34829307
7985671
10694991
43722814
40331625
34025737
31448506
2263350
216696
2722854
38186614
291249
36261291
487840
38531018
37921378
40982320
41730539
35284656
43505129
35191439
31020335
950759
31248312
39672445
1573031
30551173
39011023
33015800
36050
1215755
39969276
38870132
43786017
43763359
37413241
4720381
42381039
31869643
38036381
40284234
34000110
16227966
2811256
16169343
33719282
43821616
1442700
42993963
39663
3118740
32761184
41386918
32705368
36583105
37928042
34475013
40652263
38305300
31974640
514744
34002836
43336838
38099266
38143680
15335371
1201332
43547209
43834030
37094468
43682953
3168506
35803299
38282354
37426813
41591751
33881883
37774519
35096518
36635916
32560875
1877530
32703125
1932870
35008493
15671315
40701193
34829884
31314215
35793405
38564916
15794652
370225
37096030
36733157
837162
3044312
32833699
155881
29233080
3153572
41443032
40116294
42986642
29182947
32123126
11798
506498
38218223
33681928
34030732
2373998
350737
555877
2394078
27963076
34741193
30149526
35842531
15972982
32746160
36295327
42872167
30567215
3235457
43544155
36449254
35130958
20172814
559985
43508046
34450292
33263768
36141184
31799136
40755081
8458681
31766278
41963216
34313704
33085387
38894847
40818502
4615471
1077666
1795591
29991367
37070519
37672932
20529232
39758427
1279321
39633428
34176815
30600093
43593876
43631919
30369218
39592726
30440362
38945553
43662639
36660866
13825821
23179751
2618508
1589279
34074480
5815311
32133313
43876331
42235074
41984708
41939441
41900679
39640960
