569
2142
2922
3867
5054
7627
8519
8626
8877
8885
9134
9240
9701
9891
9942
10487
10520
10912
11220
11670
11798
11876
12148
13255
13335
13446
14190
14833
15414
15520
15704
16610
17341
18442
19065
19412
20662
21228
21956
23032
23455
24989
25342
26105
26625
27873
28137
28307
29300
30857
31315
31620
31744
33449
34844
36050
36859
38499
39360
39663
39743
41306
42102
42819
42825
43073
43925
44218
44603
44886
44912
45009
45026
45230
48114
48131
48746
49695
50293
50422
50802
51268
52313
52394
53111
55478
57376
58007
58238
62523
62697
63647
63838
63856
63946
64043
64135
65062
65177
68262
72491
72603
73306
73744
74103
74955
75898
76044
76121
76245
76876
76934
77019
77617
78139
78422
78433
82898
83166
83440
84822
85536
85796
86014
86038
86171
86985
88824
89490
90796
93042
93233
93825
95180
95476
96012
96743
99597
101070
102108
102326
102354
102527
103121
104251
108671
108944
109567
109672
110197
111347
111375
112155
112629
112736
113897
114164
115927
115986
117520
119376
120552
120594
121141
121285
121936
122801
123022
125409
125889
126300
127610
128215
128303
128606
128693
129131
129858
130444
130710
132010
132137
134328
134423
134768
135120
135862
136170
136657
136864
137883
139253
139600
139713
141491
141745
142017
143381
143410
143486
144055
144215
144419
144453
144735
144853
145549
147035
147072
147576
147644
147854
149807
150185
150943
151503
151718
152025
152155
153215
154333
154501
155881
156958
157020
158963
159240
160539
164540
164707
165933
166380
166915
167587
167705
168038
168310
169492
170354
170632
173684
177215
180294
180604
181052
181403
181600
182881
183124
183485
183787
184938
185263
185739
186973
187756
188058
190168
191158
191777
193832
193843
194365
198185
199035
199250
200647
204536
206534
206688
207260
208238
210233
213246
213292
213778
214874
214999
216696
218232
219392
220195
223069
225989
227510
227859
227988
228216
228748
229746
230737
231496
232230
232353
232727
233204
234128
234231
234297
234439
235720
236068
236628
237161
237544
239375
240623
240917
241467
242813
243019
244897
245154
245725
246463
247118
249796
250055
250170
251217
251384
251442
251548
252225
252560
252868
253305
253688
253770
253940
254313
254965
256115
257264
257931
259587
260048
260869
262103
262955
265732
265807
266539
267599
267648
268431
269061
269343
269726
275127
278778
279202
280596
282534
283487
283565
285078
286780
289406
289548
290234
290616
291249
292488
293374
296816
297101
298766
301013
301225
301506
302410
302905
303456
303699
305836
306165
306262
306442
306622
306743
307850
308176
308564
308822
309205
309398
310165
311546
311676
311770
312624
313141
313345
313488
314293
315013
315203
315870
315877
316016
316134
316350
316407
316564
316642
317032
317908
318023
318589
319058
319171
320480
321102
322534
322926
323494
324178
324435
325495
325649
326035
326443
328024
328275
328279
328368
328626
328904
330400
330606
330617
330965
331900
332862
333493
333547
333869
334373
335118
335671
336071
336159
337687
337776
337985
338524
338669
338776
338803
339390
341071
341688
341734
342020
342128
345624
346589
347700
347749
347839
348705
348802
349265
349648
350524
350737
351166
351192
352990
353634
353810
354998
355980
356041
356914
357204
357237
357746
357778
358146
358463
358689
359395
360298
360392
360832
361339
361367
365557
368046
368354
369059
370225
370821
371080
371286
371501
372563
372916
373286
374221
374779
375443
377897
378152
378177
378934
379478
380141
380154
380600
381826
381829
382119
382396
383229
383415
384017
384629
385476
385838
386516
386899
388335
388653
390411
393271
393416
393592
396410
397181
397814
399222
400610
401716
403058
405070
406610
407058
407347
408102
408537
411258
412532
412971
413470
414188
414862
416559
416683
416693
416974
418955
420541
420615
420967
421901
423574
427248
427721
427886
429495
429790
429867
433814
434140
434321
434343
434713
436913
438096
438297
438356
439559
440114
440575
443288
443387
443638
443755
446242
446295
446529
450123
450870
452355
452472
453240
454122
454886
455235
456957
457058
457471
459180
460766
461128
461224
463958
464249
464404
464428
466500
469051
470053
475697
475774
475864
476092
477637
477643
477713
478879
479143
479920
480783
481822
481834
483945
484230
485310
485335
487082
487722
487840
488833
490152
490693
490713
491046
492257
496660
497208
498657
498854
499787
500126
501501
502093
502382
504109
504704
505735
506021
506498
507308
507749
507929
508938
509345
511876
512875
514275
514744
514841
516765
522072
522830
523480
523666
529883
531252
531655
537358
537838
538043
538094
538472
538508
538842
539692
539828
539937
540348
540439
541246
541508
541632
545149
546075
547999
548999
549311
549368
551054
552575
552895
553822
555518
555836
555877
558129
559392
559670
559671
559985
560401
560948
561672
562124
563388
563430
564507
564681
564812
564908
565560
566842
569094
569993
570506
571983
572048
573099
573227
573243
573386
574146
574593
579467
584843
585327
586308
587558
588950
589698
589808
589881
589941
590289
590561
590634
591264
594405
595215
596167
596531
597707
597763
597881
599906
600355
600990
602551
602888
604329
606544
608191
611660
611709
613087
614021
614988
615562
615997
617132
617637
620403
627092
627356
628860
629097
631989
633946
635944
637781
640522
641304
641831
644060
645654
645660
646900
647577
648177
649469
650034
651369
651530
652340
655533
656158
657627
657789
658145
659560
660465
661509
662517
663774
667194
670096
672965
673130
673158
673376
674538
674873
677893
680321
681850
686361
687191
689838
689922
690071
692194
692634
693986
694041
694371
695754
695919
699146
699702
707239
707486
709123
710382
710787
711157
711894
712206
713031
715091
715250
715756
715883
715925
716927
718097
719993
721977
723447
725453
725517
725532
725947
727183
731466
731740
731769
732888
733932
734394
737354
737660
737791
737978
739529
740601
741512
743636
747359
747675
752160
752175
754794
757123
757599
757801
758046
760398
760708
761395
763396
763504
764211
764761
765940
771064
772230
773529
774335
775272
776676
777605
779777
780475
780635
780674
781926
782457
785631
786296
787465
787582
787652
787957
789336
790656
792813
793672
794097
795992
799609
801328
802735
805517
806003
806722
807901
813805
813848
814974
815242
819604
821428
822221
822983
825239
827496
828776
829690
830065
831214
831689
833269
833479
833575
837162
840597
840957
841583
841596
841611
841977
842198
842380
842663
842782
843146
843214
843392
844045
849318
849971
852997
853172
856287
857179
857558
862599
864853
864952
866402
866441
866939
870203
870226
870479
872295
872501
872546
872936
874344
874726
879982
880499
881760
883089
885936
886151
886367
886370
886808
887116
887471
889807
891716
894383
894969
895632
897044
897165
897175
899089
902527
903018
903700
904061
907669
908160
908695
909382
909757
909982
913581
914236
914525
914546
914936
915548
916233
917547
918644
920716
921471
922332
923538
927455
928632
932535
934718
935189
935495
937015
942250
943537
944133
947424
948416
949466
950759
953910
954628
954639
956295
957030
959324
962530
966436
966443
967541
967817
968030
969614
974779
975165
975628
976580
977598
977729
978714
979013
979815
982280
986733
986947
988553
988912
989235
990817
990863
991182
991189
992633
994253
995184
996224
996785
996817
997522
997939
998177
998957
999249
1001713
1006048
1006269
1007550
1007746
1011340
1013108
1016428
1018173
1018295
1018868
1020055
1022228
1024813
1026597
1029066
1029377
1030937
1031453
1032946
1033468
1033820
1034763
1034870
1036937
1039649
1041067
1041538
1042038
1043300
1043334
1044072
1051286
1052718
1053874
1053903
1054091
1055997
1057810
1059294
1060662
1061540
1061693
1061777
1065391
1066611
1067922
1068008
1069591
1070510
1071516
1072650
1077666
1078333
1080527
1082360
1082526
1084411
1085669
1086625
1088081
1088210
1089398
1093526
1093733
1094077
1094478
1096068
1096270
1096416
1098222
1102115
1102170
1102345
1102360
1102550
1103520
1105292
1108159
1108551
1110624
1111425
1112708
1113802
1115831
1116296
1117022
1117124
1119273
1120639
1120752
1121495
1123144
1124579
1126903
1127355
1127753
1129829
1132278
1132949
1134513
1136020
1136495
1137357
1137769
1139140
1140447
1143187
1145319
1146169
1146412
1146459
1149124
1152603
1153054
1153722
1153944
1155347
1156223
1156449
1157132
1157786
1159350
1161951
1162459
1163439
1163674
1163794
1163954
1164070
1165533
1166786
1167248
1168694
1168727
1169386
1169395
1170223
1170875
1171095
1171155
1171546
1172808
1172857
1174125
1175641
1176411
1176479
1177047
1179102
1180120
1180900
1183268
1183713
1183820
1183892
1185389
1187114
1187165
1187496
1187734
1192592
1193922
1195202
1199053
1200306
1200324
1201332
1201552
1201572
1204764
1206892
1207492
1208243
1208290
1209529
1212422
1212515
1215755
1216709
1218945
1222756
1223034
1224730
1225331
1225514
1227675
1228511
1228529
1228929
1231917
1232730
1235208
1236224
1239027
1239972
1245684
1249292
1250567
1251541
1252982
1254215
1254280
1254889
1255710
1256255
1256257
1259826
1261895
1264966
1265249
1269184
1269263
1269581
1269786
1269889
1271383
1274200
1276631
1277025
1279321
1279550
1281687
1282489
1284048
1286083
1286504
1286661
1289194
1291615
1292300
1292809
1295513
1298334
1299557
1303218
1304113
1305319
1307225
1307769
1308444
1308611
1308678
1310439
1311968
1314013
1314451
1315436
1316340
1318353
1318380
1320516
1322549
1324906
1325769
1326291
1331412
1332865
1333037
1334942
1334955
1335045
1335777
1338095
1338412
1339387
1339939
1340482
1341149
1344046
1345668
1346422
1346677
1347657
1349101
1349130
1349978
1350436
1354354
1356774
1357561
1359829
1361544
1363195
1363498
1364938
1367208
1368322
1369502
1370381
1371099
1371503
1372992
1373118
1375285
1375507
1380144
1380427
1381061
1383304
1385151
1387033
1387112
1388397
1389071
1390081
1392279
1397526
1397545
1397686
1398529
1398925
1400410
1400472
1400867
1402949
1403021
1405069
1406545
1406766
1407722
1410639
1413120
1413713
1418566
1419063
1419901
1420549
1426020
1427500
1430072
1432982
1433858
1434753
1436893
1437402
1440338
1442700
1443088
1443249
1445036
1445832
1446315
1449393
1449874
1451388
1451679
1454595
1459987
1460367
1461746
1464484
1466829
1467243
1467802
1468244
1468474
1469842
1471893
1472396
1472628
1473720
1475448
1476238
1477035
1477846
1478535
1478550
1479629
1480870
1484195
1485320
1485505
1486316
1486472
1487435
1487932
1488056
1488527
1488559
1492302
1493918
1494985
1496098
1496505
1498719
1498946
1502349
1502356
1503461
1504814
1504998
1506485
1506629
1508454
1508859
1510276
1510906
1511330
1512999
1515834
1516280
1518211
1519617
1522808
1522896
1525891
1526984
1534367
1537601
1537768
1538350
1540734
1541609
1545319
1546064
1546084
1547561
1549960
1550028
1552162
1552808
1553869
1554232
1554523
1557713
1558130
1559810
1561952
1561981
1562952
1562962
1563311
1564659
1566809
1569511
1571867
1572110
1572248
1573031
1573474
1575779
1577870
1579038
1579133
1579877
1580705
1582216
1584313
1589060
1589279
1590101
1592207
1592236
1593617
1594950
1597903
1600007
1600110
1603363
1603744
1604322
1605053
1607765
1608224
1608398
1608765
1612046
1612850
1619550
1619557
1619907
1621709
1623162
1624504
1625030
1625145
1626848
1627427
1628437
1630592
1630966
1632393
1634403
1635370
1639228
1639251
1642310
1647870
1648406
1655860
1656484
1660111
1662024
1662881
1663103
1664251
1665685
1669502
1672735
1673149
1674466
1675508
1676519
1677330
1677563
1677987
1679010
1679266
1682811
1683427
1683762
1683859
1685215
1686155
1687227
1688338
1688609
1688622
1690156
1690914
1692289
1693740
1695629
1695917
1696071
1697345
1697483
1697514
1701453
1702842
1704972
1706767
1707839
1708511
1709978
1710173
1713548
1715073
1716355
1719162
1720131
1720914
1720970
1724000
1725046
1725275
1727401
1727824
1727911
1728501
1729134
1729671
1730407
1730685
1734019
1734259
1737201
1737273
1738997
1739665
1748193
1749855
1753661
1755395
1757207
1765293
1774953
1777143
1778377
1780219
1780945
1781743
1782607
1784155
1784927
1787153
1790613
1794175
1794711
1795591
1805579
1807735
1810665
1810793
1812763
1816311
1817377
1817499
1820663
1820891
1823053
1824433
1826429
1831164
1833872
1840750
1842362
1846956
1849402
1851914
1857240
1857358
1858718
1859874
1869666
1871494
1873720
1874706
1877530
1878418
1882768
1883544
1885586
1885884
1887414
1891022
1892260
1893312
1893828
1895100
1898766
1898930
1899540
1899896
1901316
1903292
1904670
1906020
1906826
1910430
1913306
1920280
1922062
1932138
1932182
1932870
1938174
1938856
1940432
1942238
1944874
1946104
1947530
1950762
1952070
1957642
1958292
1959252
1960400
1961384
1962364
1962652
1972872
1972946
1975098
1990332
1991816
1993096
1993354
1994680
1996334
1998012
2002880
2003786
2009368
2010020
2011504
2013016
2015524
2015776
2019094
2019322
2020768
2021372
2022582
2026504
2029918
2030918
2033322
2033960
2035380
2035512
2037332
2038076
2038460
2040840
2040858
2041258
2043228
2044570
2048896
2050286
2053036
2053748
2057194
2057776
2057894
2064172
2065158
2066900
2068538
2073554
2074734
2076928
2078760
2078778
2081998
2082960
2084692
2089630
2089848
2090958
2091054
2092936
2098068
2098570
2099736
2106736
2109812
2111088
2115420
2116326
2120656
2125986
2136142
2136786
2138112
2141954
2142194
2142626
2142844
2145458
2147978
2150922
2151646
2152738
2160472
2160914
2162396
2164800
2171934
2173224
2175660
2175706
2176334
2180486
2186258
2186658
2188926
2189616
2194976
2196430
2196880
2198512
2205112
2209130
2209320
2212216
2215016
2220672
2225780
2227096
2230652
2231698
2234476
2238660
2239650
2246538
2251844
2252198
2254660
2263350
2265316
2265710
2267930
2268268
2268682
2268970
2272162
2273704
2273994
2274000
2280808
2281866
2282130
2288902
2293556
2295436
2298368
2302726
2308954
2309080
2316080
2317330
2317890
2317946
2326146
2330372
2332348
2332404
2333358
2337668
2338474
2339528
2339680
2343352
2344784
2346876
2349216
2350152
2353958
2354922
2356556
2361654
2363928
2364434
2365198
2365508
2366564
2366960
2368364
2373998
2374078
2374278
2376614
2378650
2379694
2380600
2380978
2382860
2382918
2384436
2384610
2385310
2389568
2392886
2394078
2394508
2402344
2404624
2412222
2416282
2416334
2418850
2421214
2424064
2425008
2427178
2434380
2444046
2446434
2447356
2452778
2453848
2456150
2457274
2466130
2468006
2471478
2472976
2474340
2482814
2491948
2495426
2495762
2496930
2501430
2505222
2514434
2514532
2518968
2521114
2522454
2526536
2527814
2531024
2531218
2531326
2533910
2534114
2537172
2538938
2544816
2550436
2550754
2553122
2554474
2557864
2558392
2558872
2564482
2564770
2566714
2568432
2570456
2572946
2573946
2574098
2581328
2587798
2588098
2588798
2589082
2591266
2591948
2597568
2597636
2600676
2603824
2604976
2607962
2609050
2612526
2616396
2618508
2621356
2623694
2625410
2627028
2630504
2631490
2631930
2632766
2633188
2634934
2635572
2636336
2639552
2640204
2641362
2646508
2648570
2656190
2660376
2662136
2662766
2663082
2664712
2666868
2670044
2676056
2677554
2679824
2686198
2688970
2689326
2689610
2693530
2694846
2695734
2698542
2698598
2703390
2704510
2707220
2707502
2710130
2713502
2713774
2714846
2715148
2717698
2721352
2722246
2722854
2723410
2724988
2725904
2728334
2729330
2736404
2738540
2744378
2745372
2747108
2755594
2758276
2760020
2760106
2760400
2772598
2776024
2776794
2777970
2781112
2781242
2781454
2783028
2783282
2784744
2785044
2785918
2787286
2787512
2790348
2792654
2796400
2797498
2798142
2798602
2798984
2805746
2810454
2810584
2811256
2815434
2815594
2816076
2822734
2825260
2827104
2828256
2830612
2831258
2834332
2834712
2836434
2837056
2843812
2844128
2846122
2847770
2850222
2850878
2854378
2854614
2859156
2860426
2860462
2868726
2871618
2872892
2873236
2877096
2881164
2888858
2889014
2894782
2896550
2899692
2901828
2904740
2907868
2910082
2910288
2913386
2914464
2915040
2920036
2927112
2930034
2932796
2934356
2935842
2936984
2942492
2943264
2944724
2945202
2945582
2947282
2948364
2951684
2952888
2953366
2955500
2960962
2961252
2965132
2968418
2968688
2976950
2987484
2988960
2990076
2992018
2992796
2993250
2995484
2998670
3001406
3010162
3010278
3014008
3014848
3016297
3017013
3017434
3017685
3018075
3018337
3019142
3019374
3020399
3022003
3024310
3025051
3025588
3025749
3028530
3029359
3030417
3030541
3032431
3033131
3039134
3039342
3040041
3041085
3041097
3041326
3043392
3044312
3047909
3049907
3050151
3053542
3055116
3055894
3055998
3056320
3056924
3057107
3057166
3057397
3057643
3057703
3061475
3061684
3062417
3064114
3064384
3065870
3065904
3070794
3070868
3071062
3076070
3076087
3078422
3083031
3083534
3084278
3085559
3088745
3089209
3089224
3091490
3092638
3093680
3094442
3095324
3098715
3099065
3102327
3104133
3105327
3108927
3109509
3110248
3110598
3111846
3113236
3115912
3116833
3118740
3119206
3119517
3120406
3120859
3122373
3122482
3124904
3127249
3129443
3129467
3129856
3133632
3134148
3136293
3136674
3140811
3143510
3150734
3153411
3153572
3156019
3157764
3158603
3159716
3160979
3163170
3168174
3168506
3168700
3168954
3170300
3172294
3172424
3173826
3174008
3174124
3174736
3178305
3178636
3178880
3182429
3182556
3183705
3187105
3188854
3191863
3192038
3192507
3196252
3198517
3198933
3201994
3202154
3203404
3206424
3206749
3210855
3210924
3212051
3212405
3212819
3215685
3218897
3220506
3220748
3222393
3222915
3223275
3223292
3226204
3226353
3230868
3232856
3235457
3236251
3236402
3238834
3239316
3239683
3266414
3288959
3289975
3291158
3302363
3309341
3352771
3360371
3373881
3377391
3379281
3397011
3403681
3406561
3406871
3407761
3411401
3421821
3430241
3431801
3432151
3442121
3444521
3483631
3494271
3536441
3543401
3565161
3598061
3609551
3684401
3695721
3811451
3817921
3823561
3841481
3845721
3846421
3846811
3877671
3899521
3931101
3935931
3969731
3989901
4003951
4023151
4026341
4052111
4052471
4061291
4064581
4098391
4099001
4100271
4100541
4109771
4115131
4123741
4134501
4140241
4150211
4151861
4171421
4178041
4184801
4189291
4192791
4193131
4196451
4206701
4215241
4223511
4255031
4255341
4273931
4298551
4299991
4300921
4319251
4341061
4409291
4412651
4416791
4445221
4459291
4466051
4492701
4495781
4531221
4545951
4551121
4562001
4575811
4592791
4603321
4609681
4615471
4616161
4628221
4633081
4656461
4660271
4688211
4692961
4694251
4720381
4730761
4743931
4775471
4787421
4808241
4873751
4895061
4899331
4934521
4956101
4968381
4981411
4993381
5012501
5020951
5046121
5048441
5109041
5124721
5133701
5154081
5182541
5196911
5199211
5205601
5240821
5257371
5275891
5278681
5280151
5316611
5375001
5377741
5389661
5406351
5406761
5416941
5428941
5460651
5477351
5488181
5502861
5505101
5515261
5517731
5617901
5628461
5658921
5661171
5677571
5731651
5733021
5742861
5743591
5815311
5822501
5826721
5870231
5873291
5889031
5908921
5921361
5958551
5966451
5981211
6009441
6024941
6029801
6034411
6065611
6086891
6158751
6162341
6182451
6202381
6207401
6211971
6248501
6251861
6261461
6267451
6285901
6299361
6307411
6330631
6342431
6343421
6355641
6373591
6422281
6447741
6455781
6490561
6495561
6499981
6502891
6506101
6569771
6571511
6576801
6586301
6596861
6604351
6621691
6654481
6665171
6669881
6679321
6692861
6704851
6742521
6763021
6772891
6781141
6792881
6796441
6801871
6804581
6823931
6833411
6844511
6856511
6864111
6865391
6880751
6906571
6929351
6935141
6947111
6966241
7002841
7011261
7044831
7074961
7080481
7115281
7127891
7130251
7133101
7147071
7158451
7167431
7184771
7220461
7221621
7263681
7273571
7281691
7291641
7294161
7303881
7330061
7379051
7406441
7410461
7426311
7430491
7444931
7474171
7496871
7540461
7560841
7573251
7580511
7586501
7588591
7602851
7613211
7659271
7659891
7678111
7704701
7708711
7711531
7726311
7733001
7736001
7764571
7768841
7770951
7778321
7778531
7783511
7784011
7786741
7789321
7805691
7810081
7821731
7828131
7851051
7853871
7859441
7870241
7876371
7879801
7910761
7916571
7958071
7961181
7974821
7975181
7985671
8000711
8002661
8014631
8020801
8025951
8031081
8062941
8068871
8086561
8116811
8125691
8127411
8135291
8161241
8173141
8188801
8208561
8246851
8260961
8310561
8329381
8335181
8343371
8425811
8431361
8458681
8479451
8483641
8504761
8514321
8518931
8530541
8539521
8540981
8580301
8599771
8600041
8604821
8614051
8620191
8654851
8659791
8678971
8690351
8697461
8741881
8751721
8762691
8777241
8799281
8806041
8814501
8823981
8829451
8864041
8892541
8927831
8960031
8987171
8990851
8993891
9035721
9043881
9117261
9120461
9141791
9153521
9158771
9257601
9263961
9267011
9268731
9270081
9284671
9322751
9328951
9333001
9347051
9347671
9382071
9384521
9392901
9492461
9500511
9503481
9557721
9559111
9565421
9565941
9693571
9714781
9737441
9744141
9762811
9774591
9786431
9827891
9839321
9855421
9897431
9919741
9921291
9923931
9945391
9945651
9961841
9964811
9965971
10002691
10009641
10038881
10044291
10072771
10091771
10091861
10092801
10111761
10117591
10136391
10139761
10144911
10148381
10148881
10171741
10212651
10212861
10232471
10238631
10240001
10256221
10258171
10261401
10267521
10285171
10298341
10309371
10309931
10321711
10375721
10390841
10424091
10445171
10483281
10493381
10529761
10533921
10550181
10559921
10571631
10571781
10582571
10602391
10620651
10646341
10651501
10668511
10684671
10685231
10694991
10700561
10704501
10706731
10711851
10711951
10731831
10749911
10754731
10778991
10834751
10846751
10887981
10888231
10907941
10939721
10988401
10994851
11008031
11016051
11022591
11076541
11096711
11118001
11183001
11188981
11229861
11258641
11260831
11276701
11277471
11296961
11299411
11314741
11332431
11344851
11345741
11358691
11373711
11390321
11406731
11429171
11506971
11515201
11550081
11553101
11614111
11620101
11621411
11643231
11655761
11699631
11699751
11725611
11744331
11753871
11839921
11918751
11924111
11924551
11928401
11934341
11966341
11967091
12028371
12032211
12043861
12064581
12096961
12128141
12180721
12197821
12222121
12222701
12230341
12294651
12339601
12342411
12377541
12410691
12440481
12441941
12471661
12545151
12546361
12553651
12591511
12627461
12648051
12654551
12660841
12711541
12711881
12741301
12756031
12790501
12844151
13584221
13603341
13645091
13672641
13674951
13769551
13789161
13797691
13825821
13880951
13943411
13981871
13999431
14002851
14005901
14013101
14022571
14030851
14046131
14063761
14072271
14094211
14099171
14107781
14158371
14185931
14194231
14220091
14251621
14261141
14275261
14317671
14341541
14350281
14392951
14424701
14440781
14483571
14496021
14506931
14516151
14588381
14627611
14634791
14639951
14651811
14658981
14690121
14694421
14705631
14721831
14771181
14774231
14774341
14788301
14853231
14866491
14871071
14896631
14906911
14916351
14923481
14930811
14938371
14944881
14962591
14981211
15002431
15012711
15060061
15063711
15080881
15099071
15108091
15165701
15210511
15230181
15231521
15232881
15238601
15245241
15304401
15335371
15341481
15349881
15362561
15386791
15407291
15420311
15429291
15449671
15455571
15482841
15488901
15497521
15525451
15536480
15538457
15543377
15543988
15546891
15549108
15549616
15552912
15555630
15557473
15557774
15558219
15559884
15560933
15562009
15566595
15567934
15574720
15574869
15578934
15580348
15581377
15582766
15583108
15585131
15585745
15587234
15592003
15594760
15594926
15596225
15598604
15600969
15608768
15613541
15614737
15616911
15621405
15623990
15624151
15624819
15626380
15626760
15629825
15631017
15636081
15640419
15640848
15643621
15648872
15651914
15652350
15652765
15655331
15657732
15664203
15666284
15667131
15669026
15669424
15670869
15671315
15674229
15674567
15675139
15676558
15677085
15677319
15683666
15683839
15684676
15687288
15694217
15694270
15694666
15701888
15702036
15706176
15706759
15706969
15707110
15710218
15715688
15718009
15718050
15721308
15721376
15721556
15725917
15729279
15732778
15734920
15735168
15736994
15738598
15744715
15749002
15751396
15752016
15752031
15752220
15754928
15756719
15762023
15767930
15773897
15774706
15777958
15782834
15783943
15785028
15785160
15787984
15792420
15794172
15794652
15794711
15795597
15797480
15797561
15798631
15799268
15803163
15803166
15806931
15809477
15811933
15814942
15815877
15816217
15821178
15821271
15823252
15824630
15825265
15828281
15829710
15829913
15833511
15834143
15835995
15837069
15837595
15838692
15838826
15839074
15840538
15840919
15843165
15844212
15844560
15862074
15929370
15938450
15963179
15966718
15968056
15969867
15972138
15972982
15973113
15974211
15979933
15981875
15983347
15984033
15984702
15984710
15985096
15988650
15990622
15991012
15992724
15992852
15996864
15997185
15999740
16000912
16002278
16003233
16003530
16004390
16005872
16005986
16008273
16012710
16015407
16015908
16016057
16017694
16020567
16022909
16027022
16028388
16029199
16030160
16031067
16031147
16031174
16033322
16035161
16037073
16038895
16045643
16050617
16054127
16054791
16055253
16055897
16058164
16059618
16060131
16060412
16060521
16060835
16063880
16064029
16065865
16066789
16068581
16071796
16072171
16073677
16074236
16075264
16075819
16076600
16078445
16079848
16080559
16082450
16083222
16083992
16086135
16088218
16089037
16091343
16092590
16092818
16095398
16095401
16096191
16096481
16096515
16096781
16097000
16099145
16099995
16100394
16103773
16104039
16106547
16107611
16114679
16115449
16118206
16119574
16119778
16120323
16120564
16123375
16126486
16127364
16127809
16129972
16130944
16136185
16141495
16141911
16142715
16142767
16143435
16144293
16147721
16151688
16153502
16153879
16154362
16154452
16156319
16157483
16158111
16158500
16160761
16161699
16169343
16170512
16174613
16177630
16178978
16179026
16185959
16195539
16195604
16198435
16199493
16201054
16205098
16205739
16206077
16208018
16215981
16217642
16218536
16218745
16219650
16226389
16227966
16229672
16231491
16235182
16239709
16241365
16243927
16245889
16255792
16257781
16266760
16277929
16280014
16280707
16281223
16288378
16295650
16306855
16314598
16317475
16319284
16330048
16333216
16338631
16345255
16347220
16347472
16353691
16360258
16364221
16366282
16369510
16370005
16373368
16373920
16381924
16384288
16396624
16407166
16419787
16429783
16432171
16434997
16454404
16464154
16466512
16469824
16477750
16484161
16490560
16500814
16509607
16513555
16517023
16518313
16525237
16541740
16542901
16548613
16551967
16552876
16562971
16575364
16592194
16596034
16613512
16638271
16642348
16653979
16659412
16665880
16672096
16676209
16678723
16680160
16681006
16681018
16683871
16694692
16695088
16698322
16700869
16702510
16705723
16733167
16747789
16751152
16752724
16753546
16753939
16755601
16757998
16764574
16772128
16774258
16775089
16781680
16791529
16798735
16800910
16802494
16804183
16804435
16805836
16980046
17210692
17358418
17782450
17966551
17987896
18032854
18218587
18720697
18875155
19031914
19157362
19255159
19819306
19957750
20114968
20150803
20152420
20159506
20163121
20163223
20164897
20166991
20169121
20172814
20178997
20181019
20181367
20187235
20201428
20212831
20220943
20222428
20234200
20244205
20261668
20269321
20272939
20279764
20302312
20310952
20314600
20316166
20326693
20328433
20329657
20334565
20334616
20336917
20342038
20342908
20347216
20349604
20353144
20354914
20366986
20368021
20374468
20375794
20385562
20387842
20390134
20390872
20391589
20393629
20405806
20411878
20416126
20428462
20428624
20435623
20436838
20445427
20447113
20449939
20450245
20450740
20470729
20470759
20478610
20482912
20492716
20493409
20505799
20508721
20510902
20513452
20527891
20529232
20539633
20540962
20558224
20558962
20571010
20575228
20575849
20810700
20855303
21078936
21081814
21175567
21290860
21303547
21367992
21379956
21396047
21429021
21498768
21594218
21641287
21859725
21900021
21915986
22023121
22102816
22163926
22268985
22358127
22410569
22488343
22620945
22659442
22682885
22696320
22700512
22798071
22814620
22890204
22947237
22979509
23080255
23163521
23179751
23224794
23297986
23611534
23635167
23650846
23695171
23962505
23964537
23979973
24064841
24232080
24252121
24257583
24281495
24294931
24308066
24309492
24328586
24397137
24402492
24404997
24448849
24451259
24459798
24470165
24510306
24522829
24524806
24586455
24655228
24724056
24728183
24804214
24868847
24920900
24928110
25081374
25086175
25233752
25255773
25392830
27014278
27022432
27039214
27040234
27053497
27055720
27056317
27057838
27064408
27078529
27089110
27103804
27107329
27109402
27115000
27119470
27120823
27122866
27123661
27128602
27131233
27135565
27138115
27139687
27140497
27144322
27158524
27175597
27206116
27208915
27222622
27232852
27239512
27243754
27246763
27253336
27259183
27261649
27263884
27267088
27268798
27274090
27298831
27299365
27302524
27304948
27319069
27320473
27351742
27352255
27357460
27360502
27360718
27364744
27375778
27379891
27380113
27380221
27381634
27399256
27399589
27404749
27406756
27408091
27409573
27421045
27421543
27421762
27431647
27433246
27434029
27434077
27444631
27449548
27450523
27450721
27451267
27452803
27453367
27453715
27457615
27459913
27461689
27463081
27470602
27476845
27478384
27482023
27498010
27502726
27504025
27505717
27507784
27512458
27513193
27513439
27514720
27514801
27515872
27517741
27518968
27520450
27524776
27527125
27527992
27530434
27544591
27544723
27547765
27550213
27561922
27566479
27569194
27570205
27571438
27571615
27573859
27583600
27584896
27587071
27589300
27603508
27609346
27614641
27625771
27629623
27633784
27636967
27645211
27646570
27646777
27647089
27653518
27657052
27657706
27659821
27664552
27674053
27679414
27686377
27695374
27695686
27698428
27701473
27717268
27741007
27742582
27750553
27754726
27756094
27761767
27765025
27766543
27768811
27774424
27777049
27778903
27779323
27794503
27799507
27799810
27800428
27802369
27802972
27821617
27823021
27823636
27828790
27830455
27832783
27835687
27836164
27843652
27869484
27869566
27871006
27871309
27871383
27874103
27877303
27878605
27881964
27882296
27884371
27884465
27885502
27886176
27886961
27887242
27887357
27889049
27894707
27899351
27899415
27901078
27901478
27903371
27908659
27908898
27911742
27913213
27918007
27924403
27925053
27927095
27927170
27928491
27931727
27934138
27934809
27935593
27936716
27937681
27938102
27940960
27942424
27943322
27946325
27950664
27956656
27957332
27957405
27959120
27961082
27962264
27962270
27963076
27963261
27963844
27965453
27965576
27966128
27969782
27970325
27970421
28006407
28040628
28077968
28094275
28174596
29000092
29000216
29004482
29005272
29006608
29012476
29012946
29014324
29015182
29015921
29027299
29031983
29032428
29036759
29037349
29046397
29047508
29049851
29051972
29053884
29055467
29055640
29061381
29062726
29063225
29066950
29070895
29071738
29072796
29076186
29076414
29077421
29078714
29083128
29083372
29085620
29089697
29091894
29094601
29096182
29097157
29099432
29099846
29099868
29102116
29106658
29106706
29107019
29108233
29115139
29118573
29124792
29125610
29125839
29126540
29128358
29128364
29128730
29129647
29131195
29132676
29138220
29138692
29142480
29143388
29144332
29144682
29145300
29145955
29151024
29151145
29153283
29153482
29154825
29157047
29157120
29158526
29159283
29162618
29164309
29167874
29170535
29171308
29172065
29174536
29175079
29175841
29176341
29178343
29179632
29182947
29183498
29185215
29187149
29191474
29191617
29192125
29192923
29194948
29195106
29199341
29199646
29199773
29200380
29203215
29204597
29204736
29209440
29209813
29210845
29216241
29216657
29217144
29218730
29220892
29222399
29224987
29225293
29226796
29231074
29231377
29233080
29233237
29233324
29233692
29250137
29250206
29258213
29259413
29260744
29263585
29264552
29266332
29268144
29271689
29272920
29277300
29280571
29283762
29286489
29291258
29291633
29291756
29292792
29294033
29296749
29297147
29298324
29300424
29301625
29303832
29305163
29307307
29307323
29307419
29309697
29310726
29311179
29311548
29311587
29318698
29320901
29326936
29330355
29333654
29388434
29501114
29501552
29503540
29505835
29507417
29507452
29510385
29511020
29512837
29513217
29516480
29521709
29523622
29524843
29526947
29529125
29532676
29534878
29540625
29541962
29542535
29543066
29543640
29545632
29545894
29551687
29558332
29564986
29567395
29570980
29571760
29572773
29572803
29574359
29576259
29576261
29576934
29580048
29580198
29580903
29580931
29581080
29581154
29582490
29583445
29584060
29584654
29585315
29585400
29585471
29589003
29592922
29596609
29596687
29602729
29610001
29610149
29610375
29612157
29614340
29615695
29616322
29621956
29622686
29627411
29627710
29632421
29637740
29638879
29639158
29640031
29640482
29642097
29644381
29649313
29649316
29653756
29663232
29665096
29670484
29670537
29671915
29673090
29752095
29752943
29753096
29753687
29755139
29775700
29777884
29778270
29779682
29780374
29783402
29784942
29786748
29787255
29788550
29790706
29791259
29793560
29794300
29798958
29802461
29809978
29810412
29811414
29815920
29816700
29818639
29826051
29831504
29831810
29832069
29840650
29845179
29870936
29872546
29873072
29874738
29876444
29876676
29887812
29887929
29889111
29894000
29900950
29902611
29911328
29918830
29920061
29925408
29928791
29956289
29965305
29965767
29966206
29969698
29969839
29974671
29974805
29991367
29992699
29997745
30001149
30002481
30004095
30004405
30004480
30005379
30007773
30007985
30008136
30010459
30010782
30011271
30021700
30025562
30026118
30026905
30031760
30032701
30040614
30041408
30047108
30052620
30058305
30060068
30063280
30064861
30075524
30076307
30079195
30081833
30084213
30085165
30085243
30092799
30100405
30101195
30104884
30117995
30118060
30122240
30122588
30123025
30123041
30124628
30135960
30137038
30138982
30140934
30144006
30145966
30148203
30149526
30152636
30152926
30161279
30167634
30175088
30177185
30194730
30194805
30204414
30204857
30206340
30211590
30220183
30225219
30226474
30228110
30229260
30240854
30242089
30244451
30245241
30250183
30253633
30262906
30264783
30267446
30269203
30279439
30280601
30280692
30280713
30283038
30287521
30288707
30291452
30293873
30305457
30307683
30308657
30308859
30308908
30311231
30317077
30317804
30319728
30329135
30330786
30333472
30335172
30341507
30341924
30347356
30360965
30367944
30369218
30369656
30382170
30388753
30397677
30398408
30407419
30408425
30408753
30411022
30411051
30411115
30411891
30412252
30412398
30412648
30412895
30416368
30417775
30418201
30425039
30426544
30431450
30431725
30439180
30439539
30440362
30444363
30452482
30453745
30458027
30459850
30464981
30471596
30472971
30479845
30483110
30484191
30490857
30491627
30495123
30495949
30497198
30498621
30498899
30508699
30514259
30515554
30518547
30519868
30526732
30527987
30529092
30529730
30530332
30535723
30537884
30539384
30547038
30547307
30548156
30548901
30549617
30551173
30551620
30551638
30553957
30556094
30558604
30562295
30567215
30569616
30570058
30574224
30578831
30579086
30580853
30586215
30587329
30591210
30593334
30595443
30598174
30600093
30601031
30601770
30610778
30610949
30613580
30614743
30616300
30619106
30620221
30621117
30630871
30631459
30634854
30636151
30639903
30642742
30651773
30653674
30658036
30658040
30661950
30663471
30664623
30664787
30672019
30673090
30679721
30681836
30682077
30686173
30688099
30689179
30689696
30692888
30693515
30696473
30697601
30707074
30711910
30714370
30717800
30718513
30718845
30720091
30725893
30726426
30727398
30731108
30732006
30733303
30736117
30736887
30739720
30740043
30741603
30745295
30745723
30748911
30748919
30750829
30754072
30766738
30766864
30778313
30782866
30787053
30787405
30788504
30790382
30796255
30803818
30809744
30812700
30813280
30816479
30816628
30818693
30819324
30820122
30822269
30824429
30828256
30832553
30833693
30835196
30848818
30849241
30854756
30855153
30855628
30856576
30860071
30866494
30867115
30870613
30873468
30874341
30876002
30876796
30881176
30883618
30884525
30884919
30886191
30887808
30888881
30893415
30894447
30895060
30896737
30899600
30899853
30903005
30903420
30914265
30914879
30915299
30917191
30919902
30928438
30935486
30938099
30938560
30942817
30944046
30949407
30955769
30958712
30960535
30960931
30962287
30967934
30970588
30971532
30978383
30979395
30984761
30991006
30991818
30994020
30995556
31000889
31005008
31007302
31008489
31009306
31019806
31020335
31020841
31021532
31024889
31027722
31029021
31030034
31030722
31031824
31036852
31037041
31040817
31042503
31044681
31055059
31057871
31057880
31060563
31061904
31063177
31065755
31065768
31070973
31081024
31081682
31083326
31083645
31087759
31089137
31090390
31092723
31094396
31098619
31099118
31100692
31104550
31105267
31107057
31110130
31111395
31113132
31120081
31124805
31128614
31131669
31131833
31137486
31138600
31140124
31140147
31143284
31145374
31152881
31155103
31155599
31163133
31169816
31171012
31171039
31171120
31172140
31172637
31173140
31173225
31177786
31186639
31193547
31194810
31197455
31205790
31206770
31208581
31208753
31209702
31211959
31213066
31215547
31216549
31219844
31222227
31222247
31225367
31226456
31233286
31234166
31238461
31239370
31248009
31248065
31248312
31254544
31254865
31255056
31256268
31259993
31264072
31265384
31270234
31283271
31283914
31284557
31285273
31287507
31289584
31293072
31296732
31296827
31296846
31297544
31297966
31298004
31301197
31311518
31312623
31313419
31314215
31314472
31315712
31316544
31316874
31317582
31319886
31320066
31320106
31321106
31324717
31327743
31328625
31337029
31341043
31341152
31342381
31345160
31349895
31350064
31352434
31353623
31354982
31357000
31365609
31365702
31367431
31372272
31382026
31384084
31384105
31392608
31392709
31394077
31399655
31400226
31402277
31404463
31405040
31408319
31409774
31411607
31411618
31414309
31421106
31423818
31424767
31429594
31430838
31431900
31432310
31435765
31436873
31437297
31443615
31447776
31448101
31448506
31448781
31451167
31452368
31453127
31455264
31459637
31460621
31468240
31468516
31469754
31471104
31472106
31478552
31484461
31484816
31485258
31488113
31490355
31491001
31495478
31495702
31498417
31499398
31500867
31504987
31510657
31512725
31513049
31515185
31520449
31524122
31524327
31525614
31534848
31535493
31536405
31539488
31541043
31543514
31545660
31546437
31546456
31548792
31551559
31552785
31552797
31554685
31554942
31555594
31560489
31561258
31562293
31562610
31571815
31572232
31582616
31584556
31586385
31588250
31589386
31594137
31594832
31594845
31603522
31604184
31606957
31609102
31610722
31614681
31615487
31621486
31622964
31623338
31623857
31626576
31627400
31631768
31632890
31635349
31636100
31640991
31643167
31644084
31644998
31645012
31645918
31646658
31647113
31648043
31649492
31649667
31651113
31654607
31654812
31655420
31658370
31661642
31662331
31662621
31664103
31667243
31669455
31670149
31670543
31671909
31674502
31675925
31676222
31676460
31677098
31683324
31683959
31684917
31686376
31695290
31698941
31699910
31700740
31700979
31701539
31702640
31706743
31706871
31708083
31711411
31712605
31718672
31718914
31723319
31723823
31724207
31724664
31726532
31731761
31735764
31736313
31741060
31747800
31747972
31751832
31752459
31753008
31754724
31757269
31757827
31760940
31761068
31762932
31763060
31763733
31765476
31766278
31773402
31773883
31778611
31780464
31780851
31783023
31784386
31785086
31785692
31787070
31789456
31792447
31797711
31797942
31799136
31799512
31800233
31803307
31804020
31808713
31809463
31811826
31811855
31812210
31818624
31819967
31820212
31820494
31821114
31822934
31828708
31829954
31830168
31831367
31832582
31833200
31833551
31835410
31835662
31837770
31838591
31841810
31843701
31849548
31853793
31854307
31854895
31854984
31858326
31860685
31860872
31863732
31863776
31866024
31866610
31866951
31868776
31869643
31870964
31871560
31872734
31875275
31875823
31878226
31879493
31880619
31880815
31881388
31881578
31882301
31883705
31887466
31887774
31888355
31889343
31890037
31890082
31892257
31894218
31895929
31900130
31901303
31901715
31904185
31904490
31909387
31912962
31915514
31916219
31917765
31918801
31922618
31923560
31923832
31925172
31925269
31928038
31930341
31932042
31932916
31933056
31934050
31940116
31943102
31943696
31951846
31956211
31956739
31962476
31964758
31965555
31965767
31965772
31966372
31972541
31972954
31974640
31975906
31976226
31979714
31980908
31982095
31984004
31985691
31986394
31988181
31990598
31991313
31992247
31995113
31999191
32004730
32009417
32010655
32011194
32011574
32012929
32013038
32013799
32014824
32015596
32016544
32016906
32019728
32023717
32024217
32025026
32029613
32031508
32031713
32033577
32037485
32037540
32041070
32041576
32044253
32045327
32046340
32047423
32047524
32052306
32054510
32057404
32066927
32068371
32072208
32073992
32079756
32080331
32092649
32094030
32094447
32096052
32099079
32113737
32114958
32115157
32115339
32115635
32121230
32121342
32123126
32124275
32125382
32126103
32130725
32131937
32133313
32135047
32140582
32142699
32147339
32154972
32159848
32161096
32174075
32174297
32175246
32176103
32177226
32177754
32180286
32180353
32181772
32182070
32183085
32184655
32185231
32191232
32191288
32192510
32198187
32199309
32201726
32205630
32206404
32209267
32211627
32216635
32217369
32218174
32222388
32222425
32224897
32225483
32225730
32233024
32235194
32237719
32238231
32238808
32240272
32240497
32244163
32246119
32246575
32250354
32257183
