43762390
46345088
1013720
46576248
37078428
47857021
41871077
47663542
44011125
43962181
43961648
43961557
43960829
37124606
41593559
36413583
46302587
47799520
45800673
30138893
37962279
42027587
47616526
47389416
40678592
47835931
32829796
6937341
47796641
2429876
47790155
1450237
2790264
47767266
31781162
36772578
16525366
44298062
1571432
44519246
43494458
1701337
43952949
43952785
43952461
43952237
43951763
43951651
43950633
43950272
31202768
47656344
47655207
47652854
47651703
40442860
1749855
46659603
47606246
1375382
47588578
45023377
44070277
31831770
14505171
47458057
2560106
32676884
47519240
27820279
43953617
43953717
43954261
43954433
43954545
43960580
47131837
44953642
47427344
44545745
43950123
41576793
41571423
41571299
41571180
41429435
44030221
47454089
1313728
47448912
44029858
44029717
44029561
44029300
44029151
47436666
339390
36282658
36748465
38022316
38215952
35260708
34341600
47376659
30136276
47351929
30283038
46025386
276141
23979973
47188647
40464318
32836107
37183393
33803439
30872897
32288741
47295548
9744141
1601406
46908782
47223195
2851030
47206111
33887023
46445891
29532676
47178996
47177570
45525248
46133173
41285607
33860932
402275
47139913
37590878
9679841
44442289
44218952
44062402
16652077
44231841
47018112
11577541
156376
33667720
46991491
27937040
34664661
1875182
46487027
32585911
31913336
40814290
32602742
40903138
35106960
46928913
39645605
35145246
2871558
587963
29931219
35510191
33012343
38254966
30501881
833768
27187243
38504120
16472947
16692985
19065
45818068
954506
34656089
15778098
46734922
34288861
38538968
41578923
44165505
15708635
34853053
46671544
37546190
35867886
14522191
37946195
16050617
37642160
330965
1586062
1168460
35703455
31514033
8431361
32621657
514070
723052
42811248
9099451
46494637
42734274
38273490
43376737
33471300
31485523
45521473
32045327
16716982
375193
46429479
38059823
35206587
36167527
38252875
46437028
30942862
42297858
21367992
46425603
38579246
36143876
40101476
46388705
42157258
46314871
46219823
46383124
46006290
44909512
35024888
24308066
2989342
36135310
46132779
27609346
1085145
40344160
46315435
6935141
37321660
40688911
15724439
45184976
42046778
43096460
30736330
2219624
952584
37698826
37191019
35059806
39623249
41507229
45817836
29059465
16045537
46132364
27349654
33756929
16060886
45531017
44851715
45525753
35874337
39880797
1842362
36110097
25155050
15806356
46067854
31923832
33862968
3239683
35704433
46137025
45586785
650034
597881
31995113
896354
34972305
3373881
33741778
32270365
36482028
46089001
45587754
588088
45589383
32840141
37862096
954639
30548747
40898393
2707220
27356590
30229260
43104337
43762870
34232451
4098391
45760437
44459233
29899928
43924687
45974842
33864894
40498218
1029377
31451167
43740077
1635370
39243483
45917637
39408797
4132931
39895988
45912388
35182649
32048504
40818502
834583
1228236
45847721
806429
986804
27115000
34039531
31889211
33550190
1564659
33132170
33863649
45820839
9333001
41172101
37036907
2864498
29510385
11508841
502799
1470788
41670795
39072259
38921637
37290276
39608793
41852820
31397739
33106804
37490479
45259581
15600969
39452402
40877485
34794488
45739812
45738376
36785613
1703035
42162557
45724109
45720045
45719378
15685236
6224611
1792161
35496296
31910726
32775926
32717564
9090301
9134
1410170
32025077
45622192
40436877
38204030
31699910
43885995
10298341
1975098
39445772
42742458
45447015
31370412
45587233
45573792
43460079
38133183
3049907
45519214
34595388
32302017
35621769
31913241
41856164
32638739
2269306
44775968
418020
39155143
37787672
4803181
45481747
45516540
36887514
34561206
45471556
16072171
784244
40577916
251442
34094382
279935
14107781
2960298
13797691
45316213
42615572
45433248
269726
2574908
40682440
2060514
5981211
32097641
43021651
26105
37282818
29554701
10950551
44648586
31796644
3236402
35935521
34387564
729693
1034763
45343032
16047460
206534
32703125
34850744
948050
35021150
32805579
32626769
45338099
42584673
1342318
29638879
39332359
32267702
38697157
36496295
29519541
34059576
45298718
45297853
14774231
45266118
45254536
113863
44214452
2887932
36777790
43734740
36964504
38001692
20353144
38098596
35481943
39876830
41834390
39914632
36485470
41834161
16114951
37320079
4442811
30736887
36934797
38337435
32747470
34466369
31432310
595215
45213117
34714895
45109725
31946795
33280203
4215241
15640419
34867697
149807
36286822
31723319
38547419
20328433
34268940
45158155
1426151
6801871
3044216
1966870
45107432
16031067
29870936
45107850
44182551
16370005
1247034
1208243
23163521
30035069
30790382
480783
8355201
1435856
10171741
35234290
27873
1873720
43273366
234439
38484593
42712747
12546361
32304660
42200942
29606448
12279811
29576259
34234363
33967482
16105336
35495855
5375001
36058595
15569913
32626780
27504061
36663285
1901648
45043488
45055193
35635520
41583566
173554
30118060
30567215
262103
34029339
20505799
31947763
455235
562124
16470988
1149124
7540461
43583238
2968688
9117261
27733300
31128614
34937707
36656233
41819191
36233947
1823053
33589298
44987856
268274
35186315
1550028
43686943
22947237
29469991
20271358
34306039
14634791
11304551
41846285
2909126
44798093
1610857
44953974
994253
34738565
136170
36404698
1614093
711894
44947368
3032431
219392
1783585
5958551
35300210
35192754
30408753
33552771
39354233
11967091
321334
38391762
29785974
880919
44913371
7784011
2365508
1628437
32899373
16675072
8438
843392
37586115
27764383
38184493
23297986
3141431
3229569
1930960
40921471
32699320
32390565
40759835
37355927
44780891
16319284
36726098
15231521
31102366
289548
36494446
89883
44819382
42581711
44129259
1553869
38186614
37134045
37349915
31780464
29154364
34237902
34856429
36452476
42468526
360298
1217645
31484816
31810771
37944148
41689901
30664623
29108233
15583108
10441301
34844519
35912758
4688211
20334616
15990503
29584654
44789299
34584074
36654419
1960400
29099846
16028388
34668616
39397094
34951828
40304817
42775176
2227096
42527675
35418208
40183722
865574
31559321
3140811
27799810
32439430
34176815
20329657
1449393
1565040
32319784
36640525
35787021
792194
2720886
1103520
14059361
37555494
15587083
16283743
1959252
44770982
36359674
33461345
44754418
11390321
1962364
1316340
36576341
1730025
4768471
44203347
30000191
950360
3055743
15587234
771064
42279793
31525614
27965453
1753661
514018
1579047
811059
23990212
31135906
2150922
34271915
29824808
1473720
33287797
36727459
32288681
254313
32306543
34758823
36276701
32659473
31001992
31172637
37965600
37586053
43601805
13959421
1892260
7220461
787652
36466227
44283738
267648
35776862
1146169
44708135
475697
409155
16396624
3183343
35735993
16075111
1284048
35107561
5591351
2955500
33061919
39592726
40430364
16764574
43492226
35240960
37114522
30140934
34385049
32390084
641304
72064
13981871
36047229
30553957
30175088
2785044
41505538
976952
1170875
29047508
35276301
31975906
2109812
663682
628860
37783497
33580073
34407263
3120406
529334
14944881
35355781
38630457
33131540
35163118
33580509
35561457
34078104
43853811
1454595
8404891
34130437
42309775
514841
440114
7868361
34569924
7876371
2142194
31107057
150479
1172857
31392608
41791843
3129443
37834942
2265316
2175706
34897636
44643062
37028526
1406545
865392
38802202
302410
864262
16003233
43208417
21737547
44114714
31194810
31548792
32459102
8690351
27616618
6447741
295776
27570205
36092519
35297357
42690543
12711881
591188
569
14424701
31866024
15669209
43364884
41170699
29787255
15729245
35141362
2846122
36475245
29051972
44092272
1923794
1245684
1054091
31172140
1696071
1341149
36161663
2033960
35762380
16741120
38640667
31669455
793672
34844
155881
2568432
587558
37220460
24655228
43869336
34517156
29174536
32972159
29737098
33597645
34781901
2064932
36824831
30671410
3041085
3170300
33796590
1755507
30679721
15810361
6745951
37592484
308822
33133846
10887981
44567181
7736001
16075819
17782450
27512458
310368
30148203
41303431
336159
35037148
33650487
36538189
251548
16678723
44233189
32024217
2037332
38421243
44248822
348802
44549923
44549852
44417525
187756
32781955
278193
420541
16055253
3103208
37921378
2438036
35120059
1143187
42196207
32037540
16232743
36392766
42729759
3047909
35203942
1403021
3056924
8124661
2408716
31469754
4708201
42440304
33551478
842380
193832
39747150
41550007
41300795
30527052
37932013
41626953
33468749
33211102
3931101
16553065
34297224
31411036
39855206
16365565
3034532
464935
5133701
41533789
3070794
30491627
32569432
1481369
39327860
33628478
30194730
27548944
16488277
36200075
36002040
36222354
34346367
40498342
36386163
33146438
36261291
34334606
38763643
35542573
41241586
16205806
43974325
43184223
27324685
41759138
1043300
44513121
37790713
27874103
29012946
12756031
236628
24754604
29145300
7733001
32363017
14220091
2246538
351166
36623461
36808298
39161468
44512962
30514259
27927170
34748427
165933
34243702
43880377
42913775
607939
37119843
41386918
36149962
32752087
42056861
32419639
210233
29233692
31863732
31173118
32046340
4134501
15710218
35180320
229746
36313076
37125344
37054012
2519250
2995484
27110887
37623667
36124522
22659442
32898491
32685864
8885
35459183
35380747
24397137
29670537
43332102
40242478
39931678
44433601
44503128
44502841
39242507
35091254
44502508
27869484
2581328
31820212
33864485
34612997
36132341
3174008
44007420
1201572
4192791
38777646
1346216
596167
33511478
1232953
434343
15525451
42177082
4808241
44173792
44497254
35407403
1334942
2566714
29753096
34074480
34232185
3143510
36174982
1538897
39702608
36582847
1651914
38927846
2268970
29810412
29192923
5460651
434321
251217
39853044
34924217
32432021
35893508
44487748
30518547
20201428
40287750
38564916
35128270
31654607
16338631
752160
44440138
1769633
16099995
42116343
42508219
40794013
832
29673090
5416941
39807286
37928042
35889893
38084594
27397792
3050151
31976226
30011520
30250183
34818369
35480995
39188056
37146733
7273571
15749141
15794711
41963216
37174539
8364271
37672932
63647
37096030
403058
356914
39710886
34093276
12342411
41283546
11373711
39011023
16509976
35299584
30547307
41961537
32133313
8329381
33565098
1656182
31248009
2394508
1225331
40140241
36158040
1298334
1165998
32444603
15386791
41730539
332862
16347181
515777
38012361
30204857
37718132
42986642
41591751
35310395
84265
39007267
3397011
906380
833575
36177229
2889014
757429
8956761
20342038
34829884
36766421
1929708
41011363
31321106
611709
808197
40765587
190795
34741193
34884676
30551173
16096481
3201994
15420311
1388397
35027686
32417387
27963330
27415801
32031508
16032727
31353623
43016837
43538236
30439539
30650361
33292729
42643524
558281
30501589
31322608
31162617
38181860
41133334
34970169
36938953
17358418
31296846
33495562
16170512
34571044
37937240
41009807
34042846
27320473
33713006
2722854
33490376
31797942
15834143
12128141
40674424
44235508
917635
986733
41791604
19412
32488198
2367066
1131710
23706801
1171095
38095687
38067521
34165800
39428983
42184517
38708605
1924516
1748193
1201621
2382860
44081214
2366960
2831258
37937293
36931932
30949407
37663102
2271334
34775282
29513217
30903420
2728334
718047
3565161
35514614
35959134
16466512
41582800
33822124
1502356
35807820
3340841
2843402
6317141
20272939
29015921
34390150
34620632
8135291
191777
32561635
15718009
20390872
28094275
35660167
884061
38785498
228748
1011340
1036937
27888568
1126892
29889111
8048251
35884393
245725
1697345
857179
34610234
32761555
488833
208238
1989476
1672026
37043833
43882475
32543131
15742318
36145887
864853
1368322
1719162
31644084
3133376
33052341
33681928
44433327
32217369
34315915
23455
29622686
31792308
31564535
64864
744687
35944277
30417775
996539
29831504
5658921
2029918
34325371
36859
5742861
36583105
29191474
37313925
16031116
499787
16158500
214999
15694270
2550436
41477852
253770
36696017
3849781
851551
34933873
32121342
44442114
37609810
41514691
351192
43612058
33455400
44171961
44168690
38067335
36863105
44140778
44085511
44085570
37061663
33881883
43386340
44020514
1910430
43956145
38870132
43535978
38034973
38894847
32352848
37413241
36660866
5815311
31766278
34874562
34725190
39604976
32244163
42993963
38099266
42747208
33152906
16174613
34281340
38285285
37978482
1477035
41587978
40982320
4255031
34313704
41441868
32182070
42726156
3055894
1460367
42699716
130444
35757014
41547182
42634391
37474465
90796
42592435
37855813
42517300
35630906
34947124
2738540
2811256
38803386
37871689
42447539
41884150
35710349
16231491
42329757
42413569
29649313
997522
7708711
34149973
6796441
29534878
42267379
39480855
15617295
37619643
39249006
42170732
37094341
35586471
30335172
10825091
3899521
33015800
36879805
2091054
34021836
41645642
35008493
36341680
559671
36136652
39587836
34466402
37389267
31421106
39498303
13999431
32406594
15671315
24522829
41752544
3153572
41062588
6906571
27433246
16353691
41783347
41763343
41714204
29131195
37361145
41657338
41683713
37436558
34470821
36400299
41622781
885936
41399161
649469
41613889
41398626
31916219
41558803
30007773
35520100
2944724
41552820
41552743
40630452
40582972
41041317
37545051
30085243
41452758
36168038
41430233
38534808
37011633
1080527
41420682
38606502
8127411
33284661
34034378
41250206
27175597
36753181
15557473
41349230
326443
20314600
1619907
1093526
37721141
15652765
41199637
41326446
1200306
32603445
235720
31819967
35497249
31030722
35356466
33596879
34202335
41084435
15596225
15623990
41099350
41268741
38800942
30696473
41197966
32376022
31367431
41145511
41060137
40865490
28137
41096713
36495495
667194
27645211
347700
39489443
4860931
39829462
40990236
37624508
32854013
40280338
40921365
16123375
40908765
38872920
1613978
35018478
40593918
34816185
40714247
15783223
40818891
466974
40328496
39969276
40067310
35652721
40801268
32713577
36809558
5579211
40793570
40597240
10912
2630504
37987137
522830
34008663
1932870
37522074
11220
169492
108944
1065239
35304124
2556140
2735382
27122866
10487
35256897
1674466
32779166
43925
3064114
38156081
35293985
32430037
35322329
32512047
35793405
1255710
36253880
40678789
15983363
40525796
37856609
2723410
31459891
36449254
734156
1373118
2050286
16092590
37140982
1242418
33197611
38594007
33811255
39362247
30004405
39166191
33432979
33471284
30106313
11839921
34997129
3014848
37234673
39835662
30730767
1895100
33580409
27871006
37076955
37756277
36295327
39442196
27966128
11229861
20172814
2815434
1133649
39610258
237544
32325098
37850681
37049902
34824003
34726732
1634403
35580368
30244597
37809441
11798
39661772
36991232
487840
31448506
559985
36050
34261097
36521007
1877530
30161279
31313419
37987387
9897431
