30136276
34664661
40903138
16692985
13797691
42584673
32444603
5815311
32182070
1460367
42592435
41645642
3153572
37545051
33596879
35497249
7708711
20314600
31367431
40328496
39489443
34268940
2630504
15671315
2723410
2050286
36479606
38594007
33811255
38858875
33432979
39958511
39890437
39835662
1895100
2616396
33471284
39692938
33580409
596167
36295327
24728183
27966128
37076955
34950087
11229861
32325098
36944482
38141236
20172814
15596225
36991232
2815434
39610258
39691020
38640320
37850681
1634403
35580368
37987387
11798
39661772
1877530
31448506
559985
36050
29215490
