35704433
46473934
27896356
40574364
30229260
46208381
35951610
44239137
47651446
45437577
29777439
38065482
47523972
44536810
40168236
40940986
39933061
44545745
833768
47427344
44070277
484918
47519240
44599867
34134004
14505171
1313728
44270317
47349661
38215952
30136276
47335870
47223195
37590878
36080478
46487027
30283038
34664661
37594761
33298365
596167
46133173
37183393
40903138
1443249
29931219
38504120
1354597
38252875
571983
43760470
44165505
39672592
39886727
514070
35757014
33012343
42405041
14522191
954639
34288861
31409774
35577790
15724439
46481292
1562665
42811248
5580171
44144004
1085145
40344160
46422871
15706969
46425104
34714895
16050617
38273490
37951232
45820839
42046778
42537305
35024888
45830718
1975098
336159
46315435
40144312
46006290
46219823
3088005
2831258
15231521
987929
45184976
38218070
44513121
31887466
42699517
16030160
36660866
44451964
43016837
36496295
43104337
36887514
43734740
44430385
1564659
41569682
34595388
35586471
37788492
34387564
29638879
44967214
37114522
41689901
289548
43686943
45006365
35192754
1892260
14046131
15583108
408993
37937293
1477035
771064
44283738
15587234
42279793
42177082
1473720
31766278
33843176
39442196
36466227
34271915
44621843
44554360
34297224
41014521
42056861
38095687
31654607
33565098
37043833
20390872
33052341
44442114
38067335
27120823
37609810
37313925
6455781
32390084
2728334
44233189
26105
37426813
8329381
1368322
2723410
480783
44114714
39480855
36191428
38012361
43612058
33455400
36863105
44152944
33015800
31172140
44007420
32444603
30790382
1910430
36313076
15990622
37921378
38531018
38099266
35971388
20201428
33618340
34313704
42993963
41591751
42986642
40374533
42592435
38285285
41587978
41441868
32182070
36478175
37096030
125409
42699716
42257680
37855813
38873307
6796441
40397977
37045120
37094341
35773220
34149973
32522574
41850586
41763343
37859556
3153572
34612997
37545051
38945158
36753181
33046106
34191713
40865490
40134478
40328496
35322329
33553623
37794049
38858875
38866331
2050286
36479606
33432979
33232042
37234673
27966128
2616396
33235967
38690456
1634403
34261097
311546
32353250
38053993
31313419
20172814
36228861
39009764
33471284
37845187
36991232
24510306
36838004
37636558
37580198
33292729
33596879
31213066
35997913
34934984
38546417
30007773
37722812
35652721
36299528
14962591
3109509
1688338
169492
35310219
38018690
36865090
33493428
37725674
27122866
34306039
29956289
228748
37047665
32775926
31649667
1562952
1737273
2189616
35956760
33795418
181052
33446198
37217701
13797691
28094275
36583105
191777
1200306
35482588
36655420
32698748
1895100
35969575
7784011
36292045
30280713
36375907
36474119
308564
33787992
34008691
36410007
36362831
36328847
36368416
36340477
2830612
36238523
34085850
31972541
36137424
600355
14788301
25086175
33519359
11967091
6422281
34085731
36087785
35390395
1397545
32306230
35891498
34820068
34085752
35976180
15623990
36072492
7221621
24694309
32522806
15559884
1877530
34715872
35886829
32004730
29616322
27757705
16155183
29319200
35883137
35873388
35754101
35744162
35396230
32370503
378152
35669568
8593571
15601971
34492179
34819320
32504440
30161279
32637824
9965971
886367
24565675
25601947
33945504
446295
243019
35411159
1340482
35003565
35286861
34385049
559985
30307841
6880751
1940432
29124792
475697
119376
33750074
1397526
35039651
32662280
33778662
33158741
35019200
33968532
33478703
33687535
31448506
600990
27103804
11229861
29663232
33811255
11798
790299
36050
31439848
1464484
34854051
30867115
