4
10
11
12
13
14
15
16
17
18
19
20
21
22
23
24
25
26
27
28
29
30
31
32
33
34
35
36
37
38
39
40
41
42
43
44
45
46
47
48
49
50
51
52
53
54
55
57
58
59
60
61
62
63
65
66
67
68
69
70
71
72
73
77
85
89
93
94
106
107
111
112
114
125
136
138
141
154
156
159
162
163
164
165
169
171
179
191
193
199
206
207
212
217
220
238
253
260
262
267
270
272
556
569
595
790
931
1094
2125
2250
2385
2646
2686
2795
2922
2989
3263
5054
5568
5844
6036
6214
6289
6622
6679
6862
6910
7159
7627
7760
7820
7877
7913
8135
8166
8438
8519
8587
8626
8684
8877
8885
9240
9472
9701
9750
9875
9891
9939
9942
10094
10151
10259
10271
10307
10487
10520
10575
10881
10912
10960
10976
11220
11295
11566
11604
11658
11670
11798
11799
11822
11876
11960
12100
12148
12338
12351
12554
12628
12802
13903
17962
18128
18635
18698
19456
23455
28137
30857
36050
53111
58556
75898
76934
113863
119376
124891
139494
144302
149807
157250
164707
181052
190811
193832
194365
206534
207876
221797
228748
235720
245725
263265
267633
269343
289548
300602
328279
331210
334993
336159
360832
361339
377207
384017
384629
416683
424214
430775
434713
438202
469333
477713
480783
482095
491251
497051
497208
511876
516284
541632
559985
590289
596167
600355
602298
614988
627092
638977
649469
655533
663682
663774
667768
672965
690071
716805
761552
771064
784143
788416
790656
794354
829690
830065
843392
852997
870479
892387
916233
930146
948050
949897
954437
997522
997939
1041866
1053903
1054168
1064854
1074980
1077666
1080527
1085669
1122594
1137769
1146169
1146459
1167248
1171095
1179102
1204656
1239972
1252982
1256153
1270594
1281687
1284048
1291615
1327540
1335045
1356774
1366361
1388397
1394198
1397526
1435856
1438458
1443249
1454595
1492302
1502356
1505047
1508454
1522896
1549960
1557713
1571432
1584313
1589279
1593617
1610857
1683859
1709978
1803809
1816361
1873720
1877530
1892260
1895100
1898766
1899896
1910430
1929708
2030918
2037306
2050286
2060514
2141954
2145458
2162396
2179056
2209214
2219624
2238228
2345542
2365508
2404624
2408716
2411784
2521274
2630504
2631490
2636336
2721352
2757634
2781112
2960298
2961278
2993962
3001406
3014848
3017013
3025051
3032388
3055894
3119206
3153572
3168506
3188854
3228871
3430751
3783551
3899521
4215241
4644921
4787421
5477351
5815311
6129851
6299361
6604351
6654481
6692861
6796441
6880751
6947111
7113861
8604821
8697461
10887981
11277471
11373711
11739771
11950821
12128141
12222701
13797691
13825821
13961201
14633131
14634791
14658981
15102371
15231521
15245241
15578934
15587234
15596225
15623990
15640419
15671315
15738802
15744892
15794172
16002278
16096191
16099995
16137460
16174613
16246129
16333216
16345255
16444381
17210692
20201428
20328433
20329657
20390872
20505799
21915986
23179751
24655228
27001219
27023119
27115000
27364207
27375778
27453367
27884465
27896356
29004482
29015921
29058274
29097157
29145300
29170535
29198029
29317550
29570863
29583888
29584654
29615419
29627411
29638879
29815920
29831504
29887929
29991438
30008136
30029975
30351088
30369218
30518547
30567215
30696473
30736706
30736887
30790382
30806202
30842086
30861356
30991006
31007302
31010995
31030722
31063177
31070973
31163133
31172140
31172637
31253909
31287507
31300218
31353623
31367431
31401855
31421106
31432310
31513049
31525614
31535856
31644084
31645918
31654607
31727017
31766278
31796943
31916219
31955639
31984004
32008337
32029613
32030533
32121230
32182070
32288681
32325098
32376022
32390084
32444603
32512868
32603445
32603942
32614267
32622748
32647929
32703125
32726147
32747470
32761143
32761184
32820816
32825687
32854013
32896393
32949699
33015800
33028937
33052341
33061919
33062685
33152906
33232042
33238056
33239512
33258697
33281892
33283510
33292729
33354865
33432979
33433912
33455400
33481426
33494101
33565098
33618340
33650487
33654851
33731680
33825222
33881883
33908192
33938198
34021836
34093276
34130437
34168714
34202335
34243702
34268940
34276313
34297224
34313704
34315187
34342257
34346915
34354588
34387564
34470821
34480229
34512328
34633210
34649292
34708704
34725190
34757059
34769906
34798706
34856429
34867697
34968620
34984991
35008493
35021150
35056940
35192754
35279376
35289124
35290150
35297357
35322329
35425599
35450311
35481943
35561457
35586471
35638176
35649066
35697700
35703455
35733175
35793405
35840723
35844889
35935521
35971388
35997913
36035431
36042986
36047229
36058595
36093463
36132341
36149962
36161663
36168038
36233947
36255414
36271156
36295327
36303628
36313076
36353300
36383677
36449254
36478175
36479606
36485470
36496295
36605420
36616048
36644610
36654419
36660866
36682596
36726098
36737005
36746727
36753093
36777790
36808298
36824816
36842649
36862953
36863105
36934797
36995972
37043833
37054012
37061663
37075133
37084520
37094341
37111569
37117582
37191067
37201219
37217446
37224976
37282818
37296920
37297552
37313925
37378459
37404001
37413241
37426813
37445882
37545051
37545704
37555494
37586115
37594761
37609810
37620696
37631762
37649449
37656844
37794049
37797787
37800615
37804630
37855813
37871976
37921378
37987137
38012361
38020149
38032583
38067335
38075283
38095687
38099266
38104917
38141279
38143254
38170712
38186706
38305300
38310485
38391762
38421243
38531018
38564916
38594007
38607770
38622085
38630457
38862178
38866331
38870132
38894847
38910283
38934359
38975205
38987406
39022392
39033410
39072259
39101441
39117598
39197763
39249006
39305017
39353287
39353878
39362247
39391214
39442196
39480855
39539062
39594122
39604976
39655565
39702245
39876830
39899470
39914632
39916407
39969276
40100067
40116294
40120845
40157713
40232026
40245234
40274339
40287194
40304814
40328496
40369823
40374533
40375763
40390485
40398270
40466259
40582972
40593918
40600904
40640270
40708147
40719291
40735088
40735688
40801268
40818891
40837826
40852884
40865490
40988671
40990078
41022086
41023720
41060137
41096713
41145511
41170699
41197966
41207821
41225405
41250206
41268741
41278898
41279983
41280317
41283546
41304365
41306593
41324465
41349230
41388309
41399161
41420682
41441868
41452758
41477852
41514691
41522467
41552743
41552820
41558280
41583566
41591751
41618405
41622579
41622781
41645642
41657338
41683713
41714204
41763343
41783347
41834161
41834390
41882289
41882290
41905998
41939084
41963216
42104489
42168267
42177082
42183578
42200942
42216798
42279793
42309775
42424264
42435268
42440304
42517159
42536044
42584673
42592435
42618727
42634391
42773285
42855390
42993963
43008201
43102877
43140368
43140387
43158835
43172247
43249130
43348474
43475288
43515466
43519671
43535873
43535978
43558125
43612058
43684853
43698619
43734740
43855044
43882475
43953304
43986657
43987105
44022426
44071528
44085570
44114714
44141251
44145362
44214452
44233189
44418143
44477045
44511210
44572569
44648586
44655605
44666576
44686463
44699497
44754418
44789299
44838960
44967214
45033057
45107432
45108257
45109725
45127947
45183409
45184352
45185374
45202337
45205992
45210371
45213117
45215023
45229380
45253219
45254536
45266118
45275129
45288716
45297853
45306693
45318521
45325684
45343032
45365492
45373191
45487444
