37096
50802
61339
64016
97194
108944
149807
154501
169492
170354
185739
219308
219392
228748
253940
265732
283565
311546
320765
336159
347700
374221
463958
531655
540439
549368
549840
585573
590634
596167
611660
615562
672965
790656
806722
835538
882367
997522
1054168
1059466
1110713
1167248
1183100
1254215
1312582
1322549
1329218
1329963
1480870
1492667
1507355
1562952
1572248
1597557
1628437
1634403
1686155
1688338
1737273
2063336
2175706
2191056
2273994
2317946
2389568
2393674
2407802
2418850
2698598
2704510
2722228
2817412
2922358
2951684
3014848
3063510
3109509
3146038
3156019
3379281
3565161
3932911
5406761
5502861
5765451
6490561
7115281
7321611
7958071
8041301
8898841
8988411
9347051
10258171
12140241
14191531
14517131
14962591
15616493
15685236
15797480
15984702
16080071
16131003
16157877
16198621
16202956
20172814
20248183
20261668
20429464
20473174
20513452
20558962
24250561
27239512
27657706
27799810
27871006
27923612
27924403
27938126
28094275
29099225
29131195
29132073
29593695
29596609
29616322
29663232
29668604
29956289
30007773
30101195
30161279
30242089
30412252
30412895
30444363
30471596
30603350
30607864
30690377
31155600
31213066
31313419
31316635
31414219
31422966
31506557
31649667
31656728
32079650
32130725
32276072
32327510
32389649
32389844
32433600
32473050
32521866
32540209
32757276
32824967
32835722
32976079
33008968
33046106
33146438
33152906
33168078
33187551
33194995
33273789
33292729
33372140
33403910
33471284
33493428
33596879
33726771
33738435
33881532
33909240
33942075
34099270
34108609
34111873
34148115
34218848
34244057
34261097
34281074
34303655
34306039
34306325
34321036
34340446
34356191
34460855
34686544
34714154
34768668
34932181
34936371
34957928
34962766
35082686
35104103
35141024
35160284
35326018
35344226
35361695
35412494
35450311
35452101
35580948
35581430
35648987
35652721
35658308
35735993
35757014
35833861
35868575
35884107
35884650
35983367
35991661
35997913
35999969
36120562
36148068
36159250
36159271
36215514
36242782
36288170
36295327
36299528
36305051
36342850
36378265
36426556
36452476
36514936
36538189
36556814
36573271
36625764
36656233
36660760
36666664
36680226
36693868
36696017
36719575
36722553
36779666
36832113
36838004
36865090
36957538
36990448
36991232
36999950
37002742
37021876
37103258
37103953
37104431
37105695
37108085
37111283
37111418
37112272
37151337
37162530
37164254
37183796
37217701
37221599
37224976
37234673
37246263
37250090
37251405
37253745
37254757
37257065
37295073
37295891
37296044
37298259
37301013
37301952
37308253
37311097
37316325
37321239
37326220
37328700
37333123
37333304
37333567
37333845
37333917
37339454
37347433
37353968
37363184
37379263
37382557
37418301
37421266
37424424
37424632
37424685
37430215
37434942
37444157
37457391
37459128
37488592
37499480
37501878
37513675
37514092
37514173
37516167
37516194
37516298
37521232
37538269
37546477
37573495
37580198
37582880
37583092
37583148
37583386
37593386
37620363
37624508
37625125
37631762
37635861
37636150
37638400
37665863
37684601
37686888
37694265
37697252
37701161
37719703
37724804
37725674
37730952
37734906
37773136
37779628
37802587
37804293
37804630
37823935
37841360
37873266
37885598
37903642
37908584
37912518
37926140
37928050
37930916
37931046
37946689
37953251
37956374
37962948
37973509
38010354
38017095
38034973
38053993
38059708
38061995
38101418
38127331
38141504
38142003
38204030
38206730
38236337
38246013
38250001
38317762
38353535
38421243
38591222
38594007
38631141
38640178
38661471
38671828
38733844
38838215
38841341
38881519
38885985
38967167
38975800
39054627
39195051
39724098
