40827416
37413241
37962279
46471114
46442278
46442156
41753120
45968710
975165
47542632
31826510
48022374
117520
46345088
46936911
47752135
14382921
32390437
33610498
46950649
43077186
47267180
45240372
34935669
24980431
32602742
37864378
47941790
46473934
36947262
1126892
310796
46576248
46592628
44011125
47663542
46140584
4803181
47930026
47925116
47646274
43158835
38413069
36413583
45505081
47619611
37124606
46635654
35657092
47799520
41985646
149574
1000050
40678592
42214974
47643906
308564
47564957
38296369
44545745
31781162
47651446
47732363
47717659
47717548
30136276
39410289
38065482
30348316
32561635
44536810
1601986
39140353
37191019
47623937
15386791
36046120
40168236
38087037
38894593
47605745
46659603
47590413
35532108
47569242
30229260
39139537
1430045
47427344
6002901
2560106
44070277
47527882
38570678
47520005
1193922
31974640
40786301
34439726
2324744
484918
2338474
47411493
36421773
47187825
36775060
47478439
36772578
47484822
2723622
3122373
44270317
38274110
42150444
2495426
38215952
47479797
32653535
32676884
1313728
47450159
39880797
47417343
47435147
47414919
30430820
47408424
45446233
14505171
47425567
16710268
3020399
40222092
37451636
885936
31995113
869561
41576793
40703703
47329580
30251532
6935141
810427
857179
45692230
35124946
47153504
8329381
418879
45002913
40344160
38541316
30283038
38037858
40818502
37987137
47188647
43376737
46186765
47223195
38032583
47217989
41359295
46228924
2864498
35935521
44599867
28137
37590878
1630966
47189893
45803840
46323667
47144878
47178996
47177332
47092466
41578923
36080478
46487027
16652077
29931219
185739
6499981
34110308
35959134
46970212
34664661
46531170
40903138
37183393
156376
16692985
38504120
37788492
77617
32272520
34656089
833768
1354597
46760637
31641561
39645605
46734922
35867886
6906571
44165505
39886727
44955861
45865577
33012343
46529570
46529463
46529439
46279408
45817609
46529418
46529404
46529386
46529377
46529364
46611537
46529348
1502356
9134
39939581
1877530
46001613
1505047
7987711
34306039
36267057
16117522
1000103
39688519
46501547
35309271
33298365
34039531
514070
46481292
697526
34623214
1373118
46476068
44412070
237418
36521007
40755081
38579246
37951232
44851715
42046778
45830718
46393023
30527052
518646
37924111
43712100
35180320
435383
35293985
954639
46314871
46219823
31941668
45521473
1051286
35844889
37321660
46006290
46315435
38421243
46313870
336159
37177606
11753871
42297858
34463758
38287187
34775282
45154978
40436877
45531017
38957184
237544
43413766
46213120
46012061
42734274
46223657
44279975
46216072
46212896
46025386
44030022
45876116
46133800
46091660
32409459
46073472
45184976
31887466
1470788
43104337
46002168
45987150
30008136
37425820
45817836
42162600
347749
1582216
45917637
35577790
40877485
1672546
45896058
44459233
45856997
41283546
45242863
39243483
33132170
37036907
42468526
37005980
34595388
45796483
45794456
569
36614161
45786365
42586385
45739812
45738376
1557713
2568744
30007773
45343032
44775968
45614394
267648
20478610
45573792
38903722
41856164
42136519
45516540
34176815
16072171
36213874
45474068
34714895
31869643
33106804
45316213
44492436
45426599
40228776
32638739
37928042
29015921
44283738
13797691
38391762
35279376
29638879
33881883
34856429
34387564
41234612
36058595
43734740
35241545
42584673
44967214
40991499
45307266
596167
29561077
41618615
29887929
43855044
14190
24655228
36934797
1600007
45297853
3032388
44838960
7602851
20390872
45254630
45253219
39859222
42698273
40304817
31128614
30736887
32747470
15640419
2238228
45109725
33292729
45127947
45158155
39022392
44214452
40735688
45107432
45107850
1873720
35300210
43145135
31988181
36663285
37937240
41819191
44978239
44225465
41583566
34738565
289548
35192754
29004482
36538189
15706969
11967091
41303431
2365508
29670484
15231521
3062739
44248822
15583108
36660866
440114
32556320
408993
112155
30664623
39498303
16764574
34844519
3140811
43686943
12128141
16158500
35787021
15587234
32288681
698395
38186706
2763488
37043833
36466227
44686439
1146169
11229861
43184223
36645695
39747150
35648534
44643062
34297224
44621843
41300795
33726771
41170699
43869336
42440304
36042986
193832
33052341
37592484
44513121
38095687
44442114
42056861
36253880
33565098
35757014
37623035
37583092
44446536
31880815
253770
44235508
31976226
37623088
41648804
41752041
37333259
44332583
1634403
37133533
37562173
480783
37609810
41514691
31525614
37937293
36661392
36760285
32390084
36149962
13825821
36625537
43334118
38012361
44186301
44114714
7733001
43612058
33455400
35937748
40648907
44127096
1910430
37313925
351192
38067335
44145362
30696473
36863105
43882475
44007420
39899470
39480855
30152636
44011250
36677698
33015800
37426813
34232185
41306593
31654607
37054012
37075133
917635
904061
32761184
42993273
41328521
36165552
43500576
43535873
43535978
41591751
36605420
38010354
34829884
42847350
5815311
43821616
38870132
35200183
43848409
43848003
31448506
43025309
43803536
40465984
2721352
32976222
38531018
15662422
43793396
37061663
36313076
31766278
32444603
43698619
38099266
35971388
36359674
37720975
33719411
30040614
20314600
42993963
2263350
41730539
38001692
34741193
1589279
35497249
32244163
43400980
39604976
42213513
42184348
42986642
16174613
434713
20201428
39956902
33152906
35580368
1200306
43200487
350737
36991232
42104489
16050617
36295327
42505019
42809492
30518547
37978482
38182077
40705794
38285285
33263363
37867919
1171095
27550213
37071754
112629
27799810
40982320
37474465
42081635
119376
4255031
6299361
15671315
34313704
32182070
38594007
41441868
34947124
37921378
35356466
26105
34351925
34804432
11798
42838358
39969276
15596225
8116811
37881385
883089
36119661
559985
3055894
40837826
2630504
1460367
37096030
2050286
33105481
36050
32142699
31316544
42726156
7708711
39895988
32929368
42592435
37296920
35586471
42177082
39249006
32960574
29534878
42568576
31901303
34288861
33137913
13999431
36180558
6796441
40328496
30551173
41547182
42657168
20172814
42625228
33063483
42530985
37855813
757599
31985691
36722553
1477035
41689901
41892042
15796153
41663318
347700
35008493
42329757
3049907
41593019
42279240
42278672
42272388
41923563
