48084062
1023645
37632996
41856164
47971245
47999744
47995217
47930026
30161279
40574364
46554512
46659603
47516881
44643776
47428088
47349661
38504120
40442860
38215952
47352662
28137
14505171
37183393
29931219
885936
37590878
42297858
46025386
16652077
43184223
46908782
34753197
34664661
40903138
46964809
34935669
46907541
46418730
38566770
8431361
833768
31641561
44165505
46001613
46692857
45830718
514070
29027196
46006290
16050617
46219823
46540812
46507888
15724439
46476068
1085145
46465268
46460529
41871077
46409715
45463826
45184976
46307743
360262
43565942
46250307
38957184
46216072
27799810
46173759
34714895
45760437
46136499
46091660
35182649
46060043
43104337
1029377
46034804
42880064
34884676
16030160
34595388
353717
44724275
43734740
43113031
44459233
45896058
45856997
45833782
45810375
45794456
42586385
36355207
35586471
45780702
30008136
33072830
25399179
45688392
29638879
41250206
45643839
33455400
45593089
33106804
37005980
44189677
45575711
45564429
32302017
33433912
289548
15231521
33052341
38095687
36145887
39479048
9006571
35816075
40982067
35158730
34844519
45474068
43686943
34176815
43021651
31172637
45297853
42200942
30423664
45043488
32130725
31499398
44968906
38181860
36161663
44760475
44726601
44711840
36392766
38067335
44471852
37609810
20390872
30291452
34243702
44332766
36863105
43421919
1910430
347700
35862196
37578106
29226796
43883466
42986642
43802217
40865490
2810584
36313076
42592435
39969276
20201428
30026118
1250848
40374533
30887147
41441868
22144238
32854013
30307841
37850681
42448682
997522
42379866
37619643
37871689
2538938
35008493
37474465
35114144
41899444
35191439
41905998
31007302
33015800
20724031
2630504
41719074
39931678
41389654
41378412
7708711
34268940
1480128
40328496
41056407
40280338
40628852
40628855
16141963
40118249
37397349
35580368
246282
11344851
39890437
39745963
39730758
39728549
27139687
37773222
39667683
36409309
20172814
39584269
39525009
1584313
39493232
32004730
39207405
34135252
34261097
30031760
1236224
39044749
33292729
36838004
596167
36148068
38544809
36865090
16001839
33046106
38385292
36583105
29099432
11798
38284501
559985
36050
35641278
8173141
35356466
88612
15596225
36299528
897165
37936560
1877530
34286744
37159291
1697593
36368486
36155978
35465341
35374073
35366567
35066541
34881572
34795263
33567276
32750476
32466788
32502811
32357550
32173834
31466399
31221352
31172543
30931629
29799580
29500183
29307643
29267089
29248044
27836818
20414377
20204962
16739215
16372672
16222082
16193046
16119327
16023147
15594991
14882741
14436801
12059311
12050951
11885551
11517931
10487381
8990481
7865391
7386431
7210511
7145431
6979491
6724011
6523971
4505311
4439021
4348271
3145001
3042409
2782152
2638510
2467454
2435222
2358218
2310280
2229714
2116112
2059084
2054052
1996010
1950296
