46743233
3098715
37078428
979013
39944063
43962181
41285607
40574364
38296369
39466686
27896356
43961557
43960829
37124606
47799520
36413583
46328525
47389416
47880055
45800673
47491543
40678592
30692628
1361467
47176019
47726396
30229260
43952638
43952237
43951651
43950633
43950272
35949017
47661529
47656344
46312370
39183392
484918
46505586
47521374
44070277
47508580
47223195
14505171
29145300
43950123
40442860
44029858
44029300
2560106
47351895
47349661
15789805
36748465
38215952
20321956
30136276
47188647
30872897
34656089
862079
47265284
45525248
38504120
45692230
33667720
29931219
36677803
44442289
38566770
44441789
44441475
44218952
44062402
16652077
39458854
44231841
47022912
37183393
47027454
47018112
39149585
37590878
32653535
514070
30283038
40903138
41286185
37835801
16692985
156376
34935669
3190499
1085145
46907541
35704433
31759977
31140147
38254966
30111361
3043392
2831258
35867886
44165505
16050617
33012343
833768
14522191
31539488
45818068
45741227
38927846
42236733
39688519
43376737
40755081
44412070
41018492
45521473
46448674
36167527
42046778
38273490
45830718
37177606
46219823
46006290
37321660
952584
46315435
42297858
46314871
39243483
44851715
41507229
45531017
45525753
42734274
38957184
39880797
46221991
45082986
31887735
1683427
1029377
33117158
46099288
45586785
650034
46073472
45939372
45472699
588088
45587754
45589383
1470788
33741778
33548178
45760437
32625132
37950532
44459233
43740077
31943119
45883866
9134
3505851
40818502
37036907
41172101
2864498
502799
39608793
40735688
1564659
36925375
4098391
34039531
2831002
34844519
35290150
45719378
954639
41569682
37885530
45663081
45210371
31797942
45622192
38903722
34093276
44775968
16072171
41856164
3095324
1959860
425190
45516540
36887514
2574908
42162600
37890627
45316213
13797691
44492436
45426599
16468306
34387564
44007420
41234612
44129259
29638879
35021150
45343032
42584673
24655228
34059576
34714895
37788492
31432310
43734740
34867697
43016837
38001692
45219755
1146459
37545704
41834390
33292729
39914632
42200942
45158155
42213061
39022392
6801871
15231521
336159
440114
45107850
45107432
1873720
34595388
38239400
39290158
34884676
45043488
36520210
20505799
44182551
45027825
29520312
7540461
44225465
31222247
34176815
43686943
43021651
41819191
289548
35192754
1892260
38391762
15420311
32133313
14634791
44882640
36726098
44572569
3140811
40304817
15583108
16028388
771064
36496295
42913775
20329657
42279793
35787021
12128141
11967091
32288681
31172637
36660866
1473720
33046825
33722586
16764574
44214452
36466227
36161663
42440304
8892541
44235508
193832
16158500
43399690
36761353
42056861
12711881
40008024
39747150
41170699
33650487
44549923
40735799
31469754
41300795
44513121
43184223
33580073
16099995
6935141
33052341
37777524
33565098
44450186
20390872
122801
44442114
3056675
37643848
31880815
36386163
38095687
2977690
29810412
36132341
41011363
27089110
2995484
2298326
44332766
44233189
1368322
34775282
36149962
32390084
37609810
44022426
37121970
351192
41961537
44203347
446146
33455400
36145887
43973375
44171961
38067335
44168690
43612058
37693563
36863105
37478715
44145862
416974
44141251
44140778
34829884
29291258
38545678
34741193
44085511
44085570
32781955
37649718
43974325
36042986
480783
33521438
44020514
36391331
1910430
41514691
43956145
16352026
2141954
42747059
42698273
37718132
1088573
43916019
43015434
33741882
38531018
43821616
36144287
2811256
43882475
41963216
43878019
5815311
36737005
37754298
38870132
42993228
38564916
35318150
2721352
27583600
32444603
37680009
37191019
43698619
34094382
31766278
1589279
35971388
38894847
39694044
32352848
41283546
16126486
30849241
43644657
32244163
7894961
42468526
15754928
31076711
31654607
41533789
32703125
43400552
42986642
33564612
43553478
34288861
43502686
43140368
36200075
36787133
41101320
1146169
39604976
43390374
42993963
42181463
38099266
8530541
36824816
597881
30026118
38012361
42116343
41591751
39655565
41328521
40374533
20201428
43097358
34725190
37043491
2482814
43234187
42235052
434713
39634041
34947124
37620755
43138566
37021809
38087037
26105
43036475
30518547
42424264
41992267
41992105
27498544
37668966
42536984
36014370
33804502
1460367
38285285
35260708
43001172
35783624
40982320
41587978
37978482
37921378
1565285
42177082
42993327
36947166
36372438
42986280
4255031
29124792
37313925
42917578
41907077
38182077
39895988
32182070
41505538
10888231
29047508
36540339
36478175
34313704
1935268
3055894
16068579
37933037
37719703
16544506
39644011
348107
42750587
42726156
29099432
14161281
35976538
38297191
30551173
36582847
41547182
24920900
32183085
37877331
32311466
1758945
42592435
37673181
37881385
37871976
6359991
1575777
38873307
30895060
37855813
41570707
16231491
32185231
35544912
36244818
29532581
33974599
36344827
1461746
40397977
47244
33868145
27222622
38803386
36180558
3163170
42391011
41003588
997522
42197749
38350148
34289169
915846
37146733
41130565
41041317
6796441
31306944
29534878
15706969
27887242
34804432
2588102
1454595
37045120
39480855
42181381
36863247
37096030
37071754
32333477
37871689
1350436
35586471
42104489
20366986
41278898
110197
40199202
24522829
4808241
36901530
31831770
36668700
31140124
39249006
34281340
33618340
27873
3039342
12064581
308176
37850681
29178343
36223368
8068871
40280338
36879805
37061663
41664678
3017434
32522574
31103983
1025280
30664787
35039943
3773111
36400299
41324465
33589298
41752840
41290321
3430241
41905998
37474465
41775610
39423203
37094341
38553073
28088801
3019374
27866743
34021836
301225
34193274
5048441
41804421
33728679
41879250
1059294
41850586
34432163
32406594
28174596
40273095
39824396
41775802
33476794
41420682
16027022
41379331
32854013
38123256
11229861
38756691
41763343
41785331
39821228
41477852
595
38987406
37619643
31137134
2385310
32837853
585769
16106547
30527052
1310439
41689901
30997028
3126954
987519
37027255
39498303
64689
33015800
41645642
41582800
3899521
27253336
38034231
38060101
27453715
9945651
1603744
32685864
34470821
1934362
41399161
649469
3324381
38139013
31088321
31916219
41429084
41428798
41428693
31974640
37815761
41558803
30007773
39353287
8260961
41203402
39174653
38684217
559392
36777119
39007267
40972418
1523452
30899600
34816185
31883705
141491
33194995
37987137
672965
16490560
36409577
33986918
31030722
35284762
715883
31061904
40375098
773529
37487649
41430233
11277471
38894760
34767872
15386791
38606502
32033901
31554685
40972303
40970137
321328
36168038
2715148
1930960
37011633
2944724
40406935
41412995
30696473
36722553
11752141
33879851
15837069
2254660
41291457
41250206
41259673
10788931
36753181
3089392
34397062
36693032
37735880
15557473
34753774
40287750
326443
2068538
33228745
41360562
36427374
41349954
30328428
39978284
27057838
41329665
130444
1191306
36274489
36637954
35497249
37721141
36475245
34968380
15838692
30957578
34201391
33818755
37912021
41099350
29080220
39931678
33454189
41279983
16054791
37545051
487082
33529653
40627321
41240864
950759
31947763
36562156
15594926
39969276
41207821
20314600
41039652
10404741
7011261
8806041
3062417
30351088
621502
40321320
27590932
251442
27646777
40648907
34191713
31367431
297101
34360203
31955030
2394508
32567442
37991224
20450245
2330372
40865490
1446666
28137
32377444
40398397
31193547
35640554
32949699
41093354
917266
32750181
32595753
40613368
32262805
38499
759839
34708704
32647929
150943
1619907
37586115
1899896
401716
37435539
35735993
16741120
2527814
4341061
29592922
27128602
39683755
40719291
242813
40714247
29968896
39818466
39603062
37007765
32718041
24492591
40976831
6862
27520450
40996226
780810
33329099
36047229
36332719
40719322
33374259
36412704
40837826
1870502
40005999
35906528
33238056
2375860
14002851
27360718
36579027
2175432
2029550
11677821
36696017
35482588
40827975
30144133
34924217
143410
608191
1704800
32377196
34130437
32351827
279922
337687
21737547
16076600
40855469
32512935
1597760
37855345
129858
24308066
531252
16174613
6425061
40824239
40779712
35390395
34202335
37867891
35560846
32376022
37732828
36311632
39738580
37836411
33865243
36809558
37433288
40775397
725532
30598606
30873380
1255710
35322329
2812272
37565953
502093
1210236
32267702
303026
16086616
1331412
40735088
16131444
30835858
40724820
38483979
467281
31909387
32441132
6929351
40462184
38888464
140075
31922618
260869
30452482
38982036
562124
33887338
328626
29596511
1127355
36583105
1534367
33874947
36344279
40517135
31426693
37675919
34919086
40674857
368495
679039
27446824
34268940
33467222
36385033
32235194
2844128
34897636
29976376
1515834
38650254
32764561
29174536
2469504
2781454
15783943
1798777
429995
1153054
32713577
40600904
29177743
32238808
15744715
40306830
36253880
31821608
27669598
549311
37445252
1605630
40581837
2144614
1308678
38363941
12756671
27924403
6906571
32400370
36776160
16635064
1318353
40461821
32779166
37454480
37631762
29131195
30663471
33481426
795992
37490479
37430647
1472177
37871319
40525796
1656182
24728183
40245234
309205
39354288
37434264
40489018
31923689
1443223
14317671
2644236
1692690
34676808
357736
37794168
38451896
40471500
33504882
40342444
40304814
503802
15686052
1450341
32488535
5376941
33430228
1419548
641304
31057871
83777
970814
39927137
1990332
34581100
2630504
1257678
964637
39606100
40451584
1373118
40437157
37864378
38630457
35056940
36598186
40328496
39890040
1342318
1675508
5661171
3057703
32580326
38873114
187756
16284679
40157713
40428152
40427020
33625111
32387580
1593617
279935
32684293
479143
33953207
27823021
40347005
306722
31930341
494835
40398270
29609604
1749855
681850
34284915
528688
24064841
27131233
16104208
27222079
2434834
42430
556622
29180399
253274
16472947
27126532
38858875
15799621
11514541
37813026
147035
34244102
35677096
38902002
31677098
4156991
31889343
1245109
3168506
14833
37656426
38866331
33159288
330400
38622085
555136
27963844
27799810
1816419
38691666
27768811
27433246
37351851
819604
4545951
2783282
112629
37688253
36953566
16370005
3167625
2698706
874726
342943
33796498
159240
12531961
36299475
943537
2349216
35025382
40317351
35848891
43925
27878605
2392294
31421106
37183068
37794049
38170651
276167
38459305
35586696
33805833
29965767
1168460
3025749
22242426
172609
34950087
37579358
34972305
31297915
34385049
3765911
31754250
32301946
27470602
216144
40272459
34029033
1686155
27958573
1200306
35755669
16158111
20558962
14944881
3606021
12827871
6303991
35623352
1387033
16002278
2050286
1942238
993088
36853590
36994750
38276173
32795197
251548
186421
29108233
15814942
40232026
1101788
20220601
2632766
32825687
6424801
32130833
985567
36893526
37926111
37831475
2698542
842663
139673
35244434
36023775
1696371
1094
1397545
414588
585327
40190658
162897
568611
33877527
7851051
40184958
31120081
36107386
40181940
14483571
27621592
38638408
1723492
3212819
40166260
512035
38967238
32041070
36323018
30813280
27332995
624175
29028401
9964811
895290
32268420
5658921
37140982
1636247
37610865
39826543
2853048
794097
36515770
855254
10706731
37208437
40157784
36656233
33948490
500839
36777790
37483035
37444157
36661015
16206149
1655722
38594007
2397956
1693816
31328625
34231426
1516280
2706284
32485852
34345419
32165917
39926847
1561952
35807820
16658581
40142664
30122240
33811255
29229144
1630966
1680956
38563120
27260620
767105
30896737
181052
15829596
639822
1315436
37947145
34676086
35148653
2333808
39170202
36544939
40126891
35060820
11304551
30118660
6495561
31870589
11300311
30708051
467699
721767
27292660
15844212
20410096
3200546
1679929
2382918
663461
1677531
39764835
862599
12423781
34603240
776676
37245504
816865
33197611
780635
378214
2685080
2635478
39846735
29899928
33227839
38594102
33754566
10238631
17210692
541508
33958436
37603730
32238231
511876
16079848
569094
129131
6586301
412994
6292001
7975181
39362247
1361544
31498417
38879248
129199
50293
386241
6285901
2860182
27884465
33665043
37128772
1481369
29573752
37235630
3172294
27616618
3380781
15726649
37512180
40095093
27275656
1766941
14087901
1748193
36468700
35658308
3302363
30058710
219392
273217
32754475
1765385
790656
37242148
35300985
40090500
16070873
20429890
32246575
1861202
339044
9827891
30004405
31705405
30534309
6621691
34668616
584192
48114
33535517
2183848
2296952
3377391
31063177
31311203
22333350
29755139
1609374
32363017
2196430
31816469
2326146
29918830
268637
2936984
32835141
916754
37201836
657627
331561
1279924
24294931
277957
2723410
1464543
7560841
35559726
32854446
36305051
1255404
27899895
2246488
30145966
1186700
31627450
333859
1412537
1476238
8410561
35008493
35344054
30984717
1163954
20349604
765940
40009391
33931346
1966870
644060
31151337
37792904
38208588
413015
35581430
3050157
35985809
32856134
10241871
1690914
12148
27729574
29640482
33490641
32257183
173554
29293282
3198091
15985379
36327691
6029801
34186435
1456136
354956
357780
29300
35983367
4651201
31572232
15626380
1329218
1532979
37251405
16775599
8182321
29649739
27649561
498657
97997
33432979
943327
34369686
32389844
251217
34911788
34224765
76934
565560
29889111
37178612
306622
37797099
764761
6699861
37739941
33080419
14466541
1753661
3192507
33181286
602298
6502891
37297639
36388608
25155050
27371734
695500
1374245
352498
1952070
1136444
7853871
35875830
2092816
32669976
34622597
4085871
2590960
1507355
32895407
33523978
38132052
224460
36055612
564812
35045608
16434682
3065053
313096
15996864
15799268
153989
30373042
35389588
2238660
29584060
265732
33273789
30514259
29071738
914236
38346605
2600676
15542713
34664661
27958300
1096068
29612157
20178997
1632393
39166191
663682
27448792
2698598
37649708
30620838
27380221
30106313
52313
36277240
5981211
35712328
2531024
1070510
34534224
36213196
38076879
1167248
474493
32543229
35208418
1621709
140644
3201563
491904
2138112
37497003
37124090
30431725
38419949
76044
31289584
27166135
2570144
808381
29991438
1344046
34369994
32489590
1627919
29252926
35552136
12844151
30854756
1784155
39970721
356041
37077123
29241296
16694692
35956664
38862178
1294598
37785110
3041085
30148203
34346367
29576822
21484664
29925569
33908192
2646656
2104524
1471893
27038161
32225730
36539559
3159716
2082960
342262
32890697
39916407
35326018
2443332
120594
1420444
958606
10487
29062726
16600822
5865071
7273571
32347832
31326605
16347181
72849
30508187
2175706
4109771
11839921
30903420
1410170
36774493
976580
36202831
6207401
814974
15738802
39977193
30317077
11714771
32932631
34564933
1269605
36467709
27629623
36093463
37174539
3271106
2178078
34960316
36489884
31026434
39971619
33280203
32073992
36889904
30369218
37096843
39958511
1192592
11390321
3237516
32886237
34769853
16464154
29106706
20353144
32142699
36022072
36926401
30903005
260812
31518078
1662881
857603
1188751
1901316
1851914
2057194
731740
33162704
5765451
8161241
38745941
32248147
7430491
31086356
14185931
6317141
8343371
19412
3053227
29003333
2350506
210233
31580319
1823875
29157047
1502356
215257
2098570
16091343
37271767
979085
894969
30416368
456957
128215
2048896
1143187
1176411
37878200
646371
1569514
38133217
3056924
15707110
6982121
38916581
2494990
7951761
33669677
17211631
2452778
2834332
37546190
31718060
38761218
36648487
33822124
38612332
39951445
16277929
2185112
6447741
653620
192876
1231917
879982
24470165
7679931
11601241
37875408
9556101
325049
1673568
37665863
31183325
37750133
1179414
842198
37624508
33269308
31226535
283592
30220183
1628437
39442196
37726835
29185215
23082636
30870210
31228273
2496930
613087
34340446
38830462
38546417
864315
5460651
1784249
27364207
865574
31623338
35245714
1962364
39937603
20426323
15682262
33471636
347700
37779628
63148
35294013
3165825
1293552
27871383
1413120
1716357
7708711
7736001
35999969
3210855
4492701
32510395
489335
32389649
39775220
2797226
760817
39934097
78422
4160301
357391
10601321
1157476
2011504
15559015
96743
13446
32426992
370225
38607775
7704701
29131494
100250
29155104
34950386
15689097
4297011
309398
34721378
1051540
2545342
1000712
230737
31085593
37873561
36938686
39922367
39894049
35904495
31763060
1201621
32058620
1080527
15981684
27341227
32058505
2424274
16215981
16157877
31344042
957901
514018
35547039
3014848
16044785
72082
2162468
32776513
32926201
6129851
1438458
498189
32416836
67462
36013974
36276701
615445
36654419
36078619
34659333
37637844
15720267
16681006
37480297
36680419
7118951
1608711
34226381
1695917
1430848
24037040
585651
29082263
27942424
2245438
687486
32357332
1651057
614988
35982027
38330422
31326611
1386880
29191474
1580705
1177047
29143388
33368068
2252198
34232185
30084213
16049071
20223091
20347216
2757634
1932138
37103992
33349168
1362766
4426601
34636875
2787512
32517696
1324521
35260907
20261599
429212
36605420
36213874
31100692
2781112
16214943
362725
1117022
687191
36859
29097157
6947111
30444363
314293
1033820
33965445
16381924
27946325
15558219
39912827
36780730
32333011
33168078
417658
2024896
1237662
1102115
1604322
31297544
8458681
14019521
29630927
35580368
34940039
33502252
38910283
1272353
3035460
32692179
1117559
33854884
125618
508958
32176103
35870964
34556375
33525745
6286601
32296114
7893581
37520551
15806356
2444046
30161279
39907602
29047613
1531949
35752657
33791742
3207653
39890437
3020399
909382
38677562
33008051
68262
1562952
38230936
33212535
36638178
34743773
1348093
277833
20310952
16198435
36991232
586895
2302052
39906579
33133846
24807638
88206
37008112
32649855
2332348
155881
15729482
34168714
1096416
34721815
29311548
2909824
32820504
15778514
1209529
37492896
29942675
36819500
3064384
5406761
39835662
89883
838425
42102
5111971
628860
524718
35407403
34573480
16205806
759601
753459
633539
3092638
33740418
4100541
15299631
709123
21372
29802461
2026504
35809560
33881532
1697345
36310347
31932660
1944874
2285330
12733501
33076419
39894752
587558
35912758
33371643
29545894
2339528
39894297
35489411
36073914
2033960
35566901
6261461
35970820
30934214
16036066
3039134
2717470
32573828
83440
1610857
330617
1467268
3010278
1424931
7202711
1611938
27157114
27504061
3176969
1329182
37756277
31060563
38795981
38741256
2408716
30479845
39324081
32841880
888799
16064810
15611920
39893962
39892986
39893251
30848818
27938102
32131141
4099001
34108609
38891118
34888306
38499949
37586501
31946795
1559355
44912
757123
36089493
1132949
2438036
38159046
35875426
830065
36635104
1475448
9560641
37672932
34520163
32373868
32525768
3093147
15652765
32639035
27959120
30314130
191777
1244208
38924145
29107019
1281687
38312805
5154081
1370750
34511692
1487435
1877530
27903371
524414
32572284
35652721
34796017
1497959
16736059
1004720
29233692
874505
976235
31799
16123375
39161111
170632
2736404
2772598
2317946
36623461
852997
33475346
11429171
32434075
33740996
30732006
365557
4171421
1388397
297004
1078084
93640
33780078
30035407
326021
152025
239890
37054012
33967482
29031983
864853
15414
36124522
34583011
711894
36052231
37132112
33221994
870479
29896971
290700
25255773
27669418
35083859
20449939
35191597
32377024
1075577
353634
20374537
36263795
809357
36619006
29221194
1499188
1036937
37633417
34315915
36429170
36470049
213251
454944
33477557
32065696
27816115
38996960
30475980
29224828
31448506
32135047
34412743
34297251
32454322
35944277
35420305
32319784
29210845
35277384
16075819
19157362
36420275
31541043
30512766
17912113
13479141
2029812
36911912
31145374
32532415
32367435
1234354
35465359
307850
36905639
33825222
33580409
36098654
35769485
31913241
896354
2694846
36486454
16798735
16542901
6492381
16256350
1224349
34214736
35388899
35378818
32824967
63946
35755127
3158048
20313526
36538189
31502078
29505731
32751493
153215
29580903
36767758
2889014
32147339
202810
1134642
30168925
34165800
1493918
1130538
522072
30671410
17422792
950360
33219460
34240811
32897167
2036626
17358418
15596225
32752311
3289975
27662857
32048504
35007052
31751832
36295363
31294184
38823095
3174008
20302312
1124338
33250285
310165
915984
35092073
1449130
31194810
299563
76773
31965164
16119574
36115311
787652
32595442
39858752
3061918
33199695
38206730
143639
31845415
15907190
13255
34020987
37499534
239964
83166
15600969
31667243
15839074
29044116
34633210
1922180
30567215
23080255
20405806
37028700
37573495
27612961
33663295
16085689
31301541
2951684
35994676
35965164
1058366
36115816
31070973
31984004
1562388
75898
499787
38958050
33597645
37526980
31317053
35214473
3397011
1308444
27140497
1246984
37202893
864262
16033322
35085395
136170
31296827
33150806
33931225
228748
27818857
2946350
1320516
27139687
30491152
27138115
42033
30739720
35126697
29787255
101070
1812763
405486
924354
2568432
10455641
19031914
16167469
1634403
38614688
3110392
1291615
36111255
942250
35434157
9504571
20269321
3061684
6318731
1950762
3061830
2605898
39692938
1252630
36620751
34029339
35408893
2947282
692194
34903603
36320428
31796943
2876652
30242089
7530151
27453367
9182171
33305907
32741784
13825821
239375
30408425
30428851
1056519
1610948
11373711
37204146
30498899
39539062
35401695
921471
39209504
38421243
27059224
442618
34202620
617637
4787421
31804157
32569432
3115912
154222
29794300
22979509
32543426
30582888
15741138
19456
30842086
33232042
34662928
20312695
29616322
29125610
32306756
49101
36203514
969614
36282658
318589
31858505
31614681
828956
55478
29224987
347839
36818413
58238
763396
35046363
32512047
27255592
37483114
29311587
1763107
29206170
34430318
610984
36728861
31079243
37004315
487840
15581377
37243017
3085270
37282061
36317553
16155183
48909
539692
1625030
29888466
2382836
2607962
1183471
2298368
872936
316634
36452411
37355475
29902611
34084520
27927095
2616396
35093708
5133701
35356466
30138893
35502663
29511895
37094468
35489533
34098622
8734731
34416982
29241961
27298831
29066400
38233811
27115000
32302366
2799634
812739
719993
659560
3049905
32029613
30944046
33181084
757801
30533152
36610427
29151145
31313419
33434492
887116
32603445
884061
16089037
35533630
2673582
9527361
34491798
7263681
36766421
104251
20181019
1891580
2231698
14997731
30547038
2509454
35561457
1065391
1007746
31972541
35297357
2421454
33066466
29218499
2230652
8020801
2084692
27645211
37296920
3078840
1480870
30240854
737174
35514614
36430082
64864
286780
319009
35120059
37199454
2747986
2679824
39858516
1774953
35106960
3845721
123022
1378629
37564399
1584313
2943264
117520
30850172
283487
34271915
31819967
29900950
15785160
34266608
29192125
32560780
384629
32225216
21876490
611709
34419574
522830
31660006
2591804
37234673
15568441
27123661
6829511
2418850
21457542
36304422
31015555
348705
2907954
32302017
27564673
328368
539828
450870
3024310
24397137
3025588
33072769
38985196
16333216
33880811
37298467
31610722
4628221
32333116
32806308
1932870
3173826
4137871
15749141
33719282
31744
1265249
36261291
3200363
3156019
16295650
1007550
15671315
10887981
32175246
38018690
32299314
2013016
38202997
33046106
1066611
1624178
206333
37727399
32335668
34934984
31353411
2722208
4615471
473133
39610258
6688131
31854307
514841
749226
11798
11670
214999
33085387
1440338
341887
32541031
30193524
2920036
58007
30330786
11220
3047909
27882296
37606952
7406441
8425811
34390150
14178681
842782
2723622
19819306
507929
31414309
2495426
34448564
15745592
32184655
34502735
1011340
15681438
30137038
14190
380141
16062164
3183705
17341
10520
541846
1956310
7410461
1233368
39166810
31155879
38315848
30949407
32610389
29318444
32875814
31429594
337776
2785044
15648872
1787821
32598212
32561635
413470
34794488
34839033
1332865
23979973
31296846
30887808
35401586
37590809
1124668
32450424
1648406
15984702
20114968
3846811
37715574
1090624
9965971
37804630
29113876
37501878
3961461
33522190
30547307
33850141
33471284
36703286
1895100
35520100
33731680
37551899
15798631
32373798
2442074
20484526
3188441
31001992
36576341
1316340
1492302
8993891
31372272
29294784
1510906
301013
19181833
3109509
1592014
29904319
38328307
33820495
38607507
15742318
1129829
2758276
1539891
38878926
38159090
35651855
35243862
37938416
21900021
34978805
6781141
15843165
36032787
27175597
31868776
37957065
16112425
36283240
34342257
490152
34107830
7154901
36723897
36525395
596167
2033756
32461768
3118740
2009368
33235967
13566561
37499649
2281866
98184
834022
2713774
27947179
33964502
29673090
14912141
303699
1727401
37262792
34277316
34042846
38060025
31668760
14030851
2271334
33494101
1052687
38508546
39100158
953910
1314013
957030
446529
975165
33848599
29946275
33859457
32585911
27970325
1508454
7474171
2518968
1334942
38389337
2057776
9632211
32522806
32471573
32761555
31208581
36399323
908695
39848909
37873266
689838
1201572
30665322
36435891
1951618
2412222
6486991
27328066
710215
310368
7659891
25086175
144735
3050151
16108001
427248
31797711
466500
31995113
306442
2846122
4720381
237544
165933
36521007
34110308
32132964
63647
31657505
786296
34753512
4603321
35107561
1729671
33468749
262979
8364271
31684917
986733
37282818
60596
38840848
870203
20501644
1170875
78433
29585471
31041138
32693201
36653644
34521755
36295327
32527440
360298
37573558
35664865
1935800
1619557
35793405
32784737
31686376
596531
35542573
1639228
30076307
2015590
37076955
36198175
4416791
1893828
5958551
2840548
34407263
21672
29914122
27957405
16867318
466974
192890
15594760
1112602
1703035
813848
39342963
15536480
36375079
420401
1550028
39125113
2597636
150507
935495
491840
30634854
34620632
455235
3239316
7987711
37023570
447681
16131003
29960413
34602879
38914178
31826820
32820903
31491001
33738095
1729134
20724031
34986528
335616
1223034
37885598
1314451
20523502
1616884
30063280
4533201
7330061
3129369
864952
16611424
33237249
33034499
14261141
33342123
36580788
30778891
27338806
27122866
27278635
35884393
16241365
1381739
1267082
184938
29260625
33854343
35283189
2873444
31448101
3065870
1000923
1204656
2393070
33113932
264337
837162
1258291
37987387
31215547
16500814
1264966
16008273
35648987
1583948
12410691
41240
483115
15210511
27958803
4548751
37070519
32867874
1912452
740601
1795591
29995987
8898841
32263125
29414451
2879148
29564986
38755900
32074879
33945617
15631017
38067448
32325098
11016051
9161371
35480995
39840376
38918479
13959421
531655
36304731
34226704
2337590
6499981
5742861
35649204
908865
15450
3102137
1123144
975628
36677698
10493041
31548792
32314603
34873497
32354751
33827049
63856
36076642
20485318
33428945
1549534
16022909
711157
16031116
3143510
2383356
44218
27190585
30672019
9333001
32457057
1755395
86720
252225
31277460
15813874
36774708
16127809
35552002
365148
132137
461027
36919396
16665880
38861746
29753096
20416126
10072771
16096781
29649316
15729245
6278501
29642097
181600
1329963
5921361
2196880
37443632
30818693
39039170
34970169
37589821
20571010
8438
37538269
37936505
5733021
1857240
1477035
35725748
312624
3851171
15568327
31394077
31472094
352990
29663232
37550336
2815434
20172814
38888877
95485
1403021
718047
34261097
29821442
20316166
2618508
12545151
30600093
10094
29786748
32664028
34096077
5331841
16170512
885936
24586455
30035069
35074587
33087980
456881
30803818
38911925
21379956
488833
511903
38067521
39471098
2394078
842380
1920280
7876371
8599771
33590741
1723820
31512952
278193
8712201
33471300
10694991
35587017
34844369
35841731
31979714
27963261
435383
549119
2534114
37093596
31731761
37177773
102354
37836622
23995253
1582216
33559419
12711541
29546835
31170098
33241195
31155600
920716
2621222
36733157
31546437
29589362
16445740
12245201
1906826
12471661
30558604
8173141
36158040
9090301
7778531
16755601
27761767
36452476
7764571
15543988
180604
36272651
16301122
30551458
34548976
32021803
38986995
30167634
38535689
35853735
1095896
9826951
2815594
37281256
13999431
29832069
1336395
29318698
32140582
3044312
29670484
32281984
29031358
2389568
27699097
243019
31738109
15844560
514946
909757
20326693
35912003
39360
5502861
4052111
469051
2002880
37859556
34972864
595215
38917062
154333
29252948
65062
44603
20662
31090390
1356774
1899540
15803166
382119
31137586
33239512
6970931
332862
37522074
35128270
32726147
23179751
38975205
38603441
15795455
30914265
1200324
390411
34997129
29622686
1546064
11535031
33777521
33681928
29083128
2151646
443387
1446315
158963
29259413
51607
31424767
37963733
3041054
38854856
39006234
32731809
34844
1093826
36142896
1651914
33599119
33596879
34489246
35450311
5840561
506498
815918
225989
30995556
31805492
907173
1195626
39663
22735157
2384610
27863125
1043927
34753460
15694270
39002189
245725
825267
182881
34248062
35966846
1946104
2038076
20385562
2845120
27486112
8014631
1461293
34985721
31644084
282534
2968076
566585
35376078
38785029
165191
285078
1898766
3120859
396068
460766
31609102
11118001
30548901
33374580
37462868
36985158
31333260
31821114
27108412
1115831
23455
351166
29523622
559985
697526
59940
8504761
733121
737978
27049549
16092590
102652
30123282
418177
8519
302628
37452015
330965
24804214
38854457
1893312
30991006
694041
1207725
36588576
3064114
34395888
7184771
3066480
2493878
30679721
661509
39140353
34317415
4006611
38699646
16095319
792194
2521114
35861222
36449254
1254215
7770951
356914
29241068
37710454
27320473
37967761
34461310
232353
37223561
3028530
359395
31578428
7865611
2660376
38799137
11276701
14192361
889383
1090005
35087560
33187551
191158
66849
38033296
2155234
29173895
342128
3018337
38755926
31219844
2550436
35977630
37363184
38303587
580544
2295436
36944482
85599
1810793
37663102
38196585
15663195
33802332
6604351
34527665
38099471
36838596
31702880
15035071
31843701
1334798
1228529
36050
35946847
39095143
37773542
36007427
37956444
2660846
39005280
31021532
96012
27570205
38591056
2246538
4319251
32780609
2713502
36855607
16420069
88824
34101783
38156081
2920950
29144682
36730561
39004156
33528412
3142613
36479606
33877604
10321711
39827815
33520429
516765
50802
15459021
11258641
37598668
3188854
36094392
33858410
35044288
33326226
29618126
32787932
831516
34931176
29900327
38761759
295776
136657
35203942
39394678
30733303
1324906
27966128
445550
