36050
193832
336159
350737
480783
559985
596167
1171095
1472628
1634403
1873720
2631490
2707220
9035721
10441301
13797691
15231521
15640419
15729279
16030160
16281223
16575364
20172814
20328433
24655228
31525614
31654607
32288681
32444603
32747470
33052341
33132170
33258697
33359260
33650487
33811255
34149952
34176815
34595388
34844519
35008493
35097759
35182649
35241545
35580368
35976020
36132341
36304422
36322529
36485470
36783488
37054012
37061663
37320889
37413241
37674286
37788492
38095687
39662668
40479611
40735688
40818502
40982320
42162600
42297858
42581711
42584673
43098007
43734740
44002493
44077883
44414834
44416407
44724275
45025690
45626922
45908079
45941848
46012061
46258510
46315435
