39243483
37632996
40827416
46743233
48068440
16073157
46860034
41629366
1013720
826882
47972301
47997114
46576248
37078428
47949602
43962181
41285607
44011125
43961557
47799520
47880055
47882106
11403891
44412070
47389416
40678592
47839713
47835931
30692628
47176019
47767266
30229260
43494458
1571432
1701337
44545745
43952638
43952237
35949017
30348316
47656573
37690739
47652747
47632970
34364766
44536810
40574364
47627083
46312370
47628530
1749855
1375382
15684306
869561
484918
46505586
47458057
6264581
47521374
44070277
47508580
37124606
43954196
43954545
14505171
47482793
41576793
1313728
33114324
31781162
32676884
44029300
2560106
47440760
47439872
15789805
3010278
36748465
38215952
47376659
47387143
30136276
46487027
47188647
568975
32288741
34656089
47226796
33504882
45525248
46445891
45692230
40388727
29931219
946625
47101780
16652077
37183393
47027454
33667720
34664661
30283038
40903138
46928215
32602742
3163587
156376
46928913
42090563
16137460
38504120
36143876
16692985
38254966
33012343
46752163
45818068
46738063
35867886
44165505
34853053
46671544
37546190
833768
14522191
3020399
31539488
16050617
46600527
45741227
46140584
36819500
514070
39688519
33116657
46494637
35309271
46481292
43376737
46477463
42046778
46437274
35704433
46132779
46006290
38170666
35024888
45830718
46219823
45521473
1085145
952584
46315435
42297858
46314871
45184976
37321660
46012061
45574529
35059806
44851715
46277257
46132364
858025
42734274
39880797
46174820
46221991
32409459
34210378
178291
16030160
34714895
1683427
45524877
46067854
30850436
45586785
650034
46089001
45523925
33741778
46060844
45587754
45589383
1470788
45787273
20558224
309864
37590878
31887466
34032473
33548178
45760437
41018492
40818502
588088
45974842
43740077
35694147
33615892
44459233
37055960
32625132
3505851
45847721
36263417
41172101
44430385
37036907
2864498
502799
3120725
39608793
40735688
44433601
1564659
37290276
45790854
44428078
3049907
4098391
45762505
45622192
34039531
33132170
32554504
45730178
45721209
30008136
45719378
35496296
45692734
41569682
33878360
9134
43885995
16072171
954639
41894592
41818793
494835
42586385
12627461
20478610
45573792
45519214
36092519
342943
3775021
44758691
27843652
43460079
41856164
35311734
44775968
45516540
45513062
2721352
44182551
16165278
37788492
45316213
13797691
2574908
33061919
29317550
10950551
44648586
29170535
32747296
42584673
29638879
43140387
38697157
325049
45210371
44214452
36303628
31432310
20328433
43734740
3373881
34867697
36964504
43016837
44838960
45242473
1146459
8604821
41834390
3043392
31070973
206534
57028
37545704
45188944
45158155
42213061
39022392
6801871
45109725
2631490
45140431
34306321
45107850
45107432
1873720
36359674
35300210
34595388
15640419
36058595
43021651
43145135
6234671
38239400
43855044
34884676
37102501
35290150
36520210
45072018
954437
42200942
35425599
43686943
31614727
41846285
44799628
7540461
38391762
31128614
41819191
43624441
44225465
11304551
44894326
35417620
35192754
14634791
289548
27629623
2365508
33499398
34176815
34844519
33461345
29099846
440114
36726098
15231521
29630442
44129259
36957144
14126761
38982060
29968725
3140811
44789299
40304817
771064
16028388
36496295
15583108
20329657
35787021
34387564
8892541
15587234
32288681
44283738
31172637
42279793
436913
34271915
29824808
32306543
16764574
36466227
15420311
336159
1892260
36132341
434713
36645695
35561457
42440304
41899593
41791843
31976226
2573946
35314358
41170699
12711881
38181860
36161663
44007420
31880619
33650487
34962537
44549923
193832
31469754
43184223
34297224
40498342
2581328
33580073
31594832
42056861
36313076
44235508
44502841
30714370
29191474
44081214
36467847
33565098
16099995
32301917
36386163
33823064
2722854
10533921
754164
33052341
44450186
96012
1725046
1427500
44442114
12128141
20390872
38095687
36282658
30336712
44203347
30250183
36663285
2143966
27089110
31525614
34315187
41961537
43348474
44332766
8329381
44233189
41011363
38547419
38708605
1582132
43583238
1713548
32390084
34243702
37937293
40519653
36042986
36149962
43583469
36191428
37609810
154362
34093276
2995484
44218348
44022426
15386791
32072208
42162600
44206841
33455400
44186106
44146627
38067335
44168690
35712082
43612058
44145862
39117598
44145362
44141251
44140778
26105
32295289
29291258
44085511
44085570
36863105
37513111
2141954
43453841
33694407
38143254
43974325
480783
2145458
39853044
36305051
42116343
41303431
44020514
30431450
41514691
29584654
41306593
41366804
595215
1910430
35869112
43973375
30790382
36144287
43972051
36233947
32976222
37048405
37075133
43956145
905447
33211102
36145887
3014848
38677419
38870132
43933524
482095
7011261
43015434
43535873
43535978
32454322
38010354
33881883
36413583
31654607
43897408
43794739
43821616
37623667
5815311
43878019
37754298
43873615
34829884
43862187
30248491
541632
42993228
43803536
37413241
33583715
37756277
32133313
41963216
29631843
36737005
43332102
11757401
43698619
2811256
34741193
43738343
34094382
35971388
38012361
32444603
35756611
33919978
37191019
33719411
37668966
41283546
30849241
35318227
43649202
38447743
347700
313488
15754928
38594007
15691700
34074480
34725190
31561258
29507417
29029432
1730025
39298121
11096711
38260096
43278562
43140368
31887204
35039943
296816
36200075
35829343
41128286
34548976
39604976
32244163
42986642
1146169
35712328
43390374
31314215
38894847
37921378
38099266
43376751
42993963
1382169
735240
2227096
36824816
42599814
5617901
41591751
38001692
2482814
30026118
42235052
42747208
1250848
43299162
38752297
41328521
34911788
35482588
20201428
33822124
43097358
38531018
33152906
40374533
1737201
473133
16033322
914936
7573251
31405882
27470602
511920
29249185
43138566
37021809
42423802
43069017
43036475
42505081
41505538
42809287
374221
42424264
24550013
37594761
43088536
422530
3183705
30518547
42537231
42536984
16099145
2268970
42499674
42496683
48114
37649718
40720638
38285285
1113421
15991012
35783624
42465394
42993059
43027802
230737
20448532
36271156
39255036
37121970
37978482
34405800
43008201
2056794
37313925
27550213
40982320
42993327
36234386
42992876
27799810
42808286
30696473
34886224
36074507
4255031
29124792
1239972
42925833
6641621
27446824
40956110
39895988
38182077
29047508
32390437
32182070
42854446
42860779
35597765
33146438
351192
36478175
42822494
2165670
30551173
32543131
34313704
3055894
37933037
1460367
33105481
42726156
37877331
42699716
34385049
2972890
37642160
30418201
42750587
36115816
1477035
42251486
1648582
34288861
41547182
42634391
32183085
42213000
40629432
90796
33211844
1975098
42592435
37673181
1289194
12788311
42569603
757599
15652776
38873307
42549059
30064861
42536044
37855813
37871976
2349216
16231491
36582847
38297191
34947124
36327691
29532581
2738540
35349109
41570707
40628524
40577916
32798
38803386
41884150
34517156
324556
42413569
40594139
1952070
32253391
20310952
32649855
36180558
42348131
41587978
1502349
42334776
2689610
301225
1847596
41003588
38186614
15706969
37146733
6796441
35551698
41130565
41593019
37251405
41441868
42267379
42266974
1281687
36890221
9333001
27384655
16089037
27380221
35795431
39480855
30787053
29534878
34804432
33575250
42216798
33208975
29810412
33188785
38391707
37815761
37045120
38350148
32776513
37096030
42181381
36863247
31254865
20366986
42170732
31965164
1301533
34232370
37071754
32795197
37871689
42104489
42145099
41278898
181052
35969597
30335172
38564916
95485
40199202
24522829
3899521
35586471
35297357
30664787
6769701
949466
39249006
10195431
192890
42029492
29094601
38166035
15797480
2361318
37297805
935985
16083012
35757014
36879805
3017252
30584948
36223368
396927
8068871
31549745
41664678
457471
3017434
37054012
32522574
38494340
36666664
310183
31287507
35008493
237544
36341680
39692938
37061663
41324465
41752840
548994
40628427
31512447
29627411
37433288
453240
41905998
32473050
37389267
34193274
41802346
5048441
41804421
36960076
32238231
24328586
1605053
41850586
41879250
37094341
1059294
37474465
16655590
2057194
32406594
40273095
5331841
39824396
917026
39824229
33015800
37526528
34466402
39823387
41775610
1552808
3153572
1434753
36515770
638731
38894593
2930718
20456914
32748419
251217
15773897
15570577
27433246
34868094
41809846
39822000
11229861
16353691
41477852
41786562
32626769
41783347
41763343
37103992
37619643
32825687
34381862
34132804
34021836
32851356
2510104
16163291
41714204
15624151
40629077
29753096
590798
6906571
657627
41041317
37361145
41689901
37832826
40974219
41657338
2350592
33195305
15738598
37049869
15723440
35581430
37436558
15758936
775272
16091343
16174613
32883304
16127676
39498303
35906528
35531087
15640848
825397
16123375
31248312
41582800
38142327
30004405
41645642
36400299
3165825
31705405
549311
27453715
239375
34470821
1208622
34752346
311505
35773220
41622781
977598
3025051
39461261
41402330
41618715
2798602
41399161
15497521
41613889
41613767
31669455
30118660
38170860
204536
41399007
29649739
41398626
1443223
649469
5488181
421889
31916219
41429084
41428693
3039342
41280317
41558803
11670
1070510
35447571
41203402
555877
651369
3124904
3430751
29131195
3065053
16635817
27014281
2175706
41560738
3543401
40908765
40801268
32459102
41552820
41552743
617528
36242782
23179751
40630452
656158
40582972
40593918
40595808
34465555
15543377
672965
2863498
35104103
41517508
41452758
35658308
32258478
37299366
3091284
3198517
16150578
187756
31061904
31711411
40375098
34213086
21910489
36253880
726426
11574841
51607
29589362
14030851
28094275
41430233
31030722
11277471
38894760
36722553
29209971
10747821
960934
41420682
219392
3867101
27786148
36660760
36777790
40970137
433814
41440107
357391
31131669
2715148
38606502
41435752
3158048
838425
36068214
41291185
1004229
41426007
2022582
2238660
16642348
41412995
30934214
38151599
41411126
29099432
35149560
29965767
31172140
627092
27121324
19456
757801
32149365
5054
1210236
35516148
36168038
41291457
27175597
41250206
124786
36753181
2961278
34397062
632142
29580903
4109771
32567851
32932631
1201572
589941
35344054
41379331
765940
39007267
15557473
33490376
38910283
38130465
40445987
41349230
39662614
37741665
41198288
5859781
1090005
15744715
29323526
19412
32183788
342262
1061540
792194
27255592
27049549
34122440
37873266
2521274
180294
34839033
8410561
41360562
3120354
35727758
22268985
39893020
32670286
39877574
237605
39978284
27057838
39297735
31265384
345859
41329665
36461510
39727390
130444
40287750
38862178
5731651
53111
37503361
152280
35085395
14811881
3185808
326443
36427374
38428368
33179635
32246575
15692825
4171421
36637954
6621691
34612882
6535071
31904885
3075476
1043127
139709
27942424
235720
370225
35497249
37721141
29995987
36274489
29101944
6495561
34942244
32979253
16319284
37107304
2679824
29226796
1677531
35573388
33596879
997522
253688
2397956
15559015
16445740
34042846
29649316
30369218
37665863
41099350
33863572
29999709
12545151
34502735
687486
34551922
180604
348107
1966870
41279983
1561981
32302017
75898
38076879
39747505
27304948
32018906
11967091
1711920
41268741
38243677
1659314
32669976
36378265
1510906
29018465
1683183
6586301
1487762
34903603
31208886
673130
147035
3127235
37534738
37234673
6781141
27946325
33618340
29821442
2815594
976235
120594
1349978
2374946
2142194
950759
2724988
15962000
2315786
30148203
31238461
477637
3226353
27884465
31622540
39847177
27644647
32595442
242676
1308678
31875275
41115143
2220672
3107635
916233
34101783
36419931
36432575
879982
113973
31819967
1397545
41207821
29144682
10238631
31995113
32135047
38389878
27761767
32522806
1379485
41197966
799609
32376022
4992671
34472284
20314600
384629
29059465
2311224
8806041
36154697
1590101
29039438
36142896
37545051
129858
30145966
1472628
40961672
36525395
37132112
21915986
36644610
11739771
1748193
2628508
40321320
11839921
33141654
842198
16096781
1660808
1476238
164540
41171392
34481713
158963
20169121
36905639
908865
35864069
37957196
38638408
2670044
33848599
31349895
977729
27131233
36588677
33435437
34191713
39242007
31560569
35106960
106149
35912003
27923612
29112962
32058019
16232743
3010162
2212216
36409577
41145511
1710173
31367431
33753405
35246303
35310395
38800942
31686376
41060137
35071559
33374580
40648907
33239512
32752087
32696309
35146423
37991224
139253
32004730
1593617
33481426
37028700
62523
30620838
36654419
954628
30567215
38614688
503802
866596
35583547
32518543
39898749
32115339
40504807
31974640
65177
5981211
1132278
35834054
37298467
39153930
1947542
39153752
18698
15623990
356041
1453395
35326018
11384791
39843871
41096713
4628221
31882301
348802
2843402
15596225
30813280
1648259
1251399
2412222
29311587
673402
33168078
29570863
3406561
3156019
40280338
4023121
30377356
31502078
31518078
15988650
1790613
38141583
401051
37867912
32949699
36304422
3565161
33681928
29778029
41093354
10117291
39209504
37792904
27347227
36809558
236628
30636151
58238
34610234
36495495
33221994
32854013
40517135
40184958
35045608
37929828
28137
31623338
2785044
986804
10825091
29786748
38156081
30592746
37627586
1774953
33139928
6947111
35470973
2388238
31015555
3143510
39140353
20181019
27871383
40105455
32217369
40349928
36766421
31239370
9701
356914
33490641
3397011
245725
16147791
2009368
512875
16798735
6299361
947424
16196176
397814
40448737
1560395
37049902
35567786
653668
31797942
573227
1849402
12278231
6292001
34099270
41070212
38975205
11084571
10520
842380
85536
29968896
35580368
731740
30094911
31671962
27263884
251548
33502252
30220183
34417771
38219123
837162
613087
88824
35769485
36449254
8020801
1080527
40613368
35999969
36261291
16665880
894969
41062588
32764561
15536480
3088327
20244163
38459912
76934
31854307
38785498
1364487
37987387
40183955
27969782
37836622
40189022
2944724
3050151
3174008
40869636
483945
17210692
555518
29794300
29832069
3235303
331561
35480674
2066900
32865280
585327
8124661
31645918
4416791
40514753
39663
20449939
35566901
35199918
15717800
2339528
150943
7081891
40719291
2230652
76245
34736015
27672946
32628009
864853
29976376
32080611
37499649
38985196
15459021
33597645
1579038
1112602
1619907
3210855
2418850
31296827
35206821
27055720
30547307
484280
1388397
29218999
37452015
718047
5865071
2452778
39302931
153989
34536389
22242426
36538189
466500
17341
31060563
34397644
16116864
2735382
27502726
2317946
15972982
36566912
140953
39274982
31321106
29071738
34897636
132137
36479606
36583105
37573495
39489443
32041576
33212535
7708711
1895100
33434295
30467556
1373118
32235194
2630504
33719282
35356466
14194231
30161279
1648406
37987137
32081820
8310561
33860931
27874103
35390395
1022228
35372757
1492302
32864192
2899692
34342257
531655
11429171
35450311
37094468
36331681
2723410
36521007
34441974
30739720
2815434
38099471
4341061
487840
34835345
2723622
1095896
32337262
40116294
62697
15838692
33150806
16299535
33131540
1156417
1814893
40235293
1407649
7207331
661509
1390081
32620327
7406441
1565687
9948181
40865490
711996
36074661
13825821
38838215
15652765
30514259
36263795
31448101
228748
310165
33326226
1502356
41023720
36098654
29318698
1582216
31983430
9919741
36515417
31670149
8599771
12660841
38777646
31766278
37689966
39683755
40205349
15581377
611709
35520100
39926480
30240854
351166
16751152
29946275
2920036
2531218
124891
37567334
3061684
86720
4956101
864952
32603445
1336395
1315436
32561635
40582857
2444046
35755127
27138115
37947145
43925
13999431
31805492
15752031
31858505
2339680
10887981
1446315
29889111
2618508
40856231
33342123
31548792
155881
1610857
40279483
34390150
15414
37023570
429187
32752311
29293282
38233811
31821114
65062
40820287
30857
40370993
1893312
112629
852997
30991006
35046363
6499981
33825222
35180848
35378818
1784927
37828117
16002278
39829462
780674
35875426
1496505
31312623
413470
37262792
15814942
8458681
31255056
454944
36093463
34518288
16059618
870226
38206730
646319
36317553
16347181
123022
1342318
33802332
38823095
10728201
33471284
32299314
93640
33908192
7778531
20312071
12711541
14192361
8697461
427248
11258641
30321588
16666969
683601
32430037
31866610
885936
435383
27122866
36295363
24655228
907173
31140124
35405757
34402401
35652721
565560
3168506
32097641
14833
31932731
38766635
36944482
37727399
975165
29673090
1066611
37881655
633539
29653756
27570205
1932870
4615471
1887414
15165701
37573558
27645211
37851963
139673
3017685
10694991
30007773
32457057
2644236
20172814
16031116
40347005
33655289
7659891
33313938
39969276
37296920
40245234
38255422
337687
191777
1584313
29787255
31394077
40328496
842663
37675919
32716706
39139965
34306039
5502861
325649
37850681
40969376
29902611
38866331
36295327
33292729
33046106
39826347
221748
1007746
283487
11798
31448506
596167
39362247
40287194
3118740
2831258
36838596
30444363
37859556
31313419
5658921
34261097
35781052
2713774
40714247
32713577
37885598
33187551
559985
36050
14190
37794049
36660866
37066292
423574
39931678
1877530
1634403
36593749
36991232
1195626
1857240
29564986
32389844
15671315
40398270
35191439
690071
34168714
32543426
1324906
2038076
522830
40837826
36625764
35322329
27881114
34202335
2050286
35793405
34268940
1255710
36385033
2450842
40437157
15558219
38630457
34844369
338669
40171154
586895
40108657
39166191
4720381
39324081
