48027507
40945157
2782366
3032431
47663542
10887981
26105
35322329
35793405
40574364
30692628
43236174
47368273
16073157
47854410
30787053
47176019
47734735
24655228
38065482
31287507
14505171
30348316
690071
30229260
1701337
39139537
47427344
37391952
484918
32561562
36775060
47468131
47122833
30430820
47454089
37183393
44002156
787957
38215952
47349661
2631490
30283038
45692230
47227341
41359295
47223195
885936
47188647
28137
789336
37590878
514070
46323667
35949017
45525248
38609195
46969039
46670601
38910283
33860932
47101780
11967091
16652077
596167
44280475
36058595
1200306
33667720
13999431
40903138
36080478
46487027
38535689
30664623
42297858
45558296
33012343
156376
39007267
41283546
16050617
32685060
1443249
571983
29931219
16692985
833768
34853053
38504120
46795141
32462492
42405041
12693151
46001613
34656089
40818502
45227760
44902260
38254966
34498981
39688519
9134
45023377
602538
35867886
46213120
43760470
45800673
44165505
38594007
35356466
41928997
39886727
39645605
43791882
43060808
39922367
119376
34161684
44235508
37054012
45521473
31660678
45627411
33298365
35586471
6299361
2238228
46533128
45751041
45184976
36167527
46140584
46504632
43376737
954639
46315435
37663535
38274110
3235457
34651665
37036907
31560489
45787273
44775968
42586385
34176815
42936594
34767125
42162600
40328496
37061663
34844519
41689901
32638739
35008493
38874523
44442114
20172814
36660866
45316213
193832
29638879
45343032
42584673
2050286
20328433
35366575
13797691
309048
502799
15587234
40765587
30008136
1877530
31525614
38095687
43680919
44838960
45242473
33363448
39914632
35580368
34741193
38630457
15231521
1634403
31432310
42964577
11798
350737
37316388
45135470
45195680
15596225
36663285
559985
45184352
34268940
45179345
44114714
36050
36481637
4808241
33015800
289548
32133313
3159716
35192754
29004482
36410518
35079820
44574477
43328174
41080787
31520449
