569
8885
9134
10520
17341
17962
20662
28137
28363
44897
47477
49695
55188
58750
59111
76597
77900
88824
88966
112155
113973
132010
133969
135527
135862
137883
139524
147035
151922
154222
172609
174875
178291
187756
188058
191083
193832
198897
205398
207896
216144
218232
224686
225618
237161
240623
243750
249796
251442
253688
262979
266781
266915
280479
285078
289548
289554
290745
292216
308206
309048
310223
311138
315870
318023
319171
325008
336159
336743
347700
355980
358146
358730
360262
361367
368495
377670
381021
397181
397597
401716
402688
408391
408654
416974
429966
443387
464935
467773
473133
480783
485806
489335
491751
494835
502799
505580
507749
507755
514018
514070
516434
525548
528243
535847
553112
555877
559179
562927
571983
586667
586895
588088
589698
591388
596167
597538
597881
620444
620691
625393
625677
629076
636330
644060
650034
674578
675424
698395
711157
716805
720861
721767
722025
723052
731466
731769
744855
754161
757420
759601
764211
771064
776676
781716
784244
787652
792623
794293
810427
815666
819604
830065
831528
857179
858025
862079
880919
884061
885936
895038
897332
902033
902929
921906
922119
922703
930744
941656
941756
944337
948050
952584
954437
954639
967817
970814
975628
976580
979013
979815
986733
987929
989007
998536
1022228
1029377
1035820
1044072
1060662
1071516
1082325
1083680
1085145
1095055
1102550
1103520
1108551
1113421
1123144
1152603
1153944
1157599
1170875
1171095
1172857
1188334
1194427
1199053
1215755
1223992
1225514
1228236
1230123
1235918
1243127
1243368
1248698
1265587
1308444
1315436
1323784
1329218
1337635
1348603
1354597
1366361
1368810
1373118
1375404
1382548
1383726
1427130
1435305
1435856
1445832
1451909
1470788
1473720
1475448
1475778
1480870
1487435
1492302
1494352
1494610
1498946
1502356
1505047
1519441
1522808
1562952
1564659
1571432
1573031
1582216
1593166
1604322
1607917
1610371
1628933
1636716
1642310
1648582
1651057
1662024
1672546
1677531
1681999
1683427
1683608
1686524
1696371
1700916
1701337
1725275
1728146
1739665
1774571
1784927
1827236
1836080
1842362
1844576
1865854
1873720
1882768
1892260
1909080
1924516
1930960
1948476
1959860
1961622
1972946
1978684
1987040
2020832
2025856
2050286
2084276
2089848
2118332
2119270
2149464
2153714
2186258
2205364
2219624
2227096
2269306
2269736
2269744
2280808
2326980
2364434
2371444
2450842
2457274
2465208
2482814
2491948
2501972
2513274
2567778
2572946
2574908
2589348
2600676
2601098
2620560
2632766
2636380
2665106
2698598
2707220
2713774
2721996
2756024
2777970
2785044
2790348
2812272
2818714
2825932
2831258
2851182
2853048
2860182
2882012
2920036
2940508
2955762
2981972
3014848
3020399
3022921
3047032
3050151
3055998
3076070
3081569
3088005
3095324
3133376
3140811
3153411
3166754
3168506
3190499
3212248
3235457
3239683
3239693
3340841
3373881
3505851
3526661
3823561
4023121
4098391
4132931
4575811
4730761
4787421
4869091
4920771
4933141
5033551
5115901
5333671
5406761
5477351
5511681
5529861
5796691
5840561
5994931
6140641
6370871
6447201
6447571
6521491
6558191
6647521
6679321
6780201
6808301
6864111
7011261
7134721
7406441
7540461
7676931
7687271
7708711
7879801
8040861
8132561
8253491
8307341
8435681
8507811
8604821
8804651
8892541
9117261
9306301
9404311
9443021
9456781
9827891
10021891
10171741
10414541
10927651
10939721
11258641
11293971
11429171
11507611
11535031
11699751
11752141
11950821
11967091
12038821
12064581
12101241
12111721
12128141
12245201
12386691
12441941
12459501
12467511
12627461
12633071
12711881
13797691
14002851
14099171
14350631
14392951
14596871
14658981
14950211
15100411
15231521
15420311
15538457
15560620
15578934
15583108
15587234
15610035
15648872
15666284
15669209
15682262
15709965
15722471
15724439
15727534
15729279
15735168
15742318
15752220
15756177
15761025
15791935
15806356
15809227
15829029
15965138
15983363
16003530
16010326
16020567
16030160
16031147
16037073
16045537
16045649
16050617
16058992
16060131
16060835
16060886
16068231
16069225
16072171
16080559
16101243
16106547
16113739
16116864
16124324
16137460
16138641
16158500
16165278
16205739
16295650
16319284
16331641
16369510
16425502
16434682
16457329
16478077
16648288
16700869
16764574
16803793
17966551
20193445
20197342
20201428
20390872
20405299
20435623
20478610
20505799
20508721
22870373
23695829
24037040
24655228
27115000
27126532
27154873
27183814
27233215
27242581
27332995
27338806
27349654
27416575
27432133
27454525
27476272
27547765
27664552
27669598
27734290
27774424
27818164
27836164
27861880
27876262
27889049
27896356
27913213
27923560
27953302
27959852
27962017
27965453
27970421
28094275
29004482
29007952
29014324
29015921
29028401
29047508
29058274
29059465
29082263
29092312
29094601
29099199
29099432
29138692
29145300
29145402
29145955
29153220
29161484
29170535
29191474
29194948
29216257
29216657
29245920
29290019
29303832
29325094
29414451
29503502
29512837
29531446
29541566
29541748
29561077
29573780
29587128
29621956
29632585
29638879
29719307
29802461
29887929
29894000
29902083
29913494
29926640
29976376
30008136
30030878
30140934
30146899
30148203
30151239
30163040
30171534
30229260
30251532
30263821
30336712
30431194
30453745
30481865
30532647
30534309
30537491
30662952
30664623
30679209
30693940
30696473
30736887
30766864
30788504
30842705
30850436
30852887
30905246
30914159
30917191
30939722
31009760
31010995
31030137
31049200
31070973
31172140
31173901
31205188
31222247
31239370
31246756
31248009
31253909
31254865
31276416
31312623
31326611
31350064
31394967
31408319
31432310
31468240
31471104
31513049
31518078
31524327
31525614
31534848
31536940
31585248
31586756
31641561
31642395
31644084
31654607
31660678
31671043
31671909
31684917
31729428
31747972
31753085
31773402
31784386
31790986
31797942
31819430
31820401
31860470
31861007
31880815
31887466
31887735
31906263
31923832
31943119
31953324
31965164
31975906
31976226
31988181
31995113
32004100
32018906
32067831
32079756
32109198
32124275
32132964
32166941
32177469
32191232
32191288
32202042
32209267
32257183
32262262
32288681
32301681
32302017
32323036
32370298
32377444
32388040
32390084
32409459
32485668
32491420
32510347
32513129
32515873
32529864
32554504
32560799
32594680
32625132
32636782
32638739
32647929
32676884
32692179
32713577
32722484
32747470
32754475
32779651
32823055
32840141
32873948
32879850
32897167
32924305
32960574
32979253
33012343
33015800
33017513
33028865
33047655
33052341
33072830
33076938
33105848
33106804
33116657
33117158
33132170
33139928
33150410
33160525
33168800
33168918
33178978
33183450
33247409
33283510
33306221
33313938
33321723
33342123
33350682
33359260
33420101
33433065
33433912
33438471
33460049
33461345
33485651
33490641
33501625
33534950
33535186
33548178
33550190
33559419
33565098
33591923
33597645
33613476
33615892
33650487
33666015
33667720
33717638
33721731
33721921
33726393
33728679
33741778
33750127
33756929
33777521
33818988
33860932
33862968
33864894
33868748
33876325
33878360
33900379
33904007
33906991
33909240
33938198
33953573
33965445
33982731
34032473
34032830
34039531
34042846
34059576
34083253
34093276
34094382
34149952
34161633
34174905
34176815
34186084
34187104
34210378
34223349
34257982
34266068
34268940
34271915
34281340
34288861
34295100
34297224
34305158
34313704
34320997
34321157
34321778
34326116
34367432
34387564
34409232
34416982
34427918
34448564
34457060
34463758
34535844
34548203
34554855
34580834
34584847
34595388
34620397
34630035
34651665
34654025
34656089
34664661
34714895
34723761
34738565
34766731
34809043
34824103
34826246
34830285
34832527
34839033
34844519
34850744
34854332
34867697
34884988
34905397
34912009
34913960
34921906
34931179
34931272
34963742
34980528
34996514
35008493
35009219
35017071
35021150
35024888
35037148
35049478
35056694
35056940
35059806
35069433
35079820
35084777
35085395
35090321
35106960
35110826
35113118
35124946
35180320
35182649
35191597
35192754
35206821
35208076
35208418
35241545
35268745
35276844
35292835
35293985
35294026
35300210
35309271
35315526
35326018
35356466
35367279
35372757
35378818
35392879
35425599
35448613
35452101
35485540
35488521
35491226
35496296
35499754
35551682
35561457
35586471
35593526
35613147
35621769
35630430
35637375
35650744
35652721
35654053
35670789
35688115
35703455
35704433
35733175
35746915
35752657
35755669
35761113
35776140
35781052
35787021
35844889
35867886
35874337
35889331
35915423
35917667
35935521
35941718
35959134
36040285
36055964
36058595
36064291
36078619
36088512
36092519
36096719
36110097
36129044
36132341
36144025
36149962
36161663
36165552
36166399
36167527
36180595
36190907
36202831
36241754
36263417
36267057
36271156
36276701
36286132
36289242
36312349
36317553
36342408
36353300
36353935
36359674
36370607
36392766
36399164
36400299
36434583
36442744
36442947
36459387
36466227
36467847
36474256
36482028
36483666
36484048
36487708
36496295
36520210
36525760
36538189
36566001
36568691
36575960
36576341
36583774
36614161
36614252
36629092
36629856
36635104
36637954
36645695
36649443
36660866
36663285
36682596
36691814
36726098
36733249
36737005
36761762
36762392
36779250
36780730
36783052
36785613
36792136
36794375
36808298
36838596
36839991
36851315
36866179
36887514
36891275
36938904
36938953
36947411
36952015
36956789
36956799
37005980
37027429
37028700
37036907
37041659
37055960
37075133
37076955
37085583
37107304
37114522
37131544
37134775
37141018
37174441
37177606
37183393
37191019
37243017
37251405
37274141
37290276
37295336
37299366
37313925
37321660
37416830
37417342
37423790
37425820
37433025
37440057
37441568
37451636
37452480
37456975
37467782
37478662
37493677
37497003
37499351
37545704
37546190
37567527
37590878
37594874
37598668
37665623
37679126
37698826
37705088
37709854
37727399
37741202
37754298
37788492
37815761
37820226
37843534
37860989
37893560
37928042
37938734
37947470
37951232
37965821
37991224
38000457
38001692
38019765
38024575
38032583
38065060
38067214
38071820
38095687
38098591
38105706
38108556
38127727
38136722
38139013
38146280
38181860
38188989
38193560
38251952
38252875
38254966
38273490
38298634
38300443
38390047
38410704
38421243
38441833
38454053
38495580
38531018
38535689
38540635
38541316
38579094
38580328
38614688
38621689
38637515
38697157
38745652
38752245
38877270
38879248
38907515
38922360
38930625
38931817
38933575
38946650
38957184
38962455
39011023
39022392
39039893
39057966
39060558
39063633
39072259
39102040
39122247
39125648
39137427
39140353
39142495
39154420
39155143
39168387
39185541
39195145
39202478
39243483
39267435
39290158
39302931
39305677
39316498
39362247
39413874
39442196
39445772
39458854
39504905
39545839
39608793
39623249
39634426
39662668
39672592
39688519
39692612
39702608
39737380
39808500
39859222
39876830
39880797
39886727
39895988
39969276
40023910
40024934
40118531
40125266
40131983
40149813
40157713
40167219
40168236
40170971
40228776
40235293
40241860
40246466
40255440
40262073
40284234
40286802
40287750
40287965
40304817
40318244
40328496
40344160
40376269
40380203
40387810
40390485
40404223
40404613
40405701
40436877
40452665
40467667
40479611
40498342
40511807
40525138
40538385
40589438
40627321
40648256
40680362
40688911
40710037
40721308
40723201
40735688
40746021
40751330
40765587
40771680
40786301
40818502
40837826
40877485
40898393
40901447
40940986
40960544
40982067
41018492
41022086
41023720
41040824
41091419
41097502
41110867
41125613
41167638
41170699
41172101
41177783
41193047
41213561
41225405
41234612
41250206
41255322
41282414
41283546
41286185
41303431
41338107
41359295
41367194
41378777
41388309
41398277
41406399
41434818
41507229
41548895
41552962
41559050
41569682
41582800
41583566
41611890
41641680
41669770
41689901
41710454
41723789
41730539
41777543
41818793
41834390
41835338
41850586
41852820
41856164
41871077
41894592
41902160
41928997
41961853
41966726
42003330
42046778
42056861
42084939
42108194
42127022
42150444
42157258
42162600
42168267
42177082
42177897
42184517
42200942
42213061
42251092
42252318
42267323
42279793
42297177
42297858
42314463
42360764
42405041
42423462
42441712
42451931
42462899
42493854
42494588
42494820
42497020
42517159
42520232
42581711
42584673
42586385
42592435
42615572
42640321
42696660
42698273
42699517
42719252
42734274
42742458
42762275
42789606
42793749
42811248
42812962
42815971
42817991
42832604
42880064
42896238
42913775
42914761
42936594
42951544
43004992
43016837
43021651
43026219
43033878
43044654
43047570
43076820
43078019
43096460
43099927
43102430
43103211
43104337
43104369
43107297
43107685
43124964
43140368
43143430
43158835
43176547
43185113
43242287
43276504
43285117
43289943
43315201
43348474
43355279
43361093
43370462
43376737
43383305
43404329
43413766
43448575
43460079
43463012
43475288
43494458
43506693
43518101
43608312
43667547
43680919
43686943
43701102
43712100
43726966
43734740
43740077
43757927
43762870
43801591
43804687
43805960
43822772
43827621
43829295
43837163
43872832
43882475
43885995
43887655
43894161
43900701
43903985
43905654
43924687
43956641
43959310
43959437
43967843
43976651
43986967
44007420
44011098
44011738
44014101
44027486
44030022
44033958
44050079
44051506
44087121
44140777
44152988
44165505
44169385
44181773
44182551
44183131
44192326
44214452
44222116
44225465
44231662
44233189
44235508
44238169
44246553
44248822
44252882
44256480
44265267
44268694
44272861
44273469
44283738
44382994
44393601
44406483
44411784
44412070
44428078
44430385
44433601
44440612
44442114
44451964
44459233
44509699
44513121
44549923
44555200
44571152
44572569
44625354
44648586
44655605
44658264
44673180
44677517
44682025
44686439
44709165
44724275
44736011
44743306
44752682
44758691
44760707
44775968
44789299
44802443
44807247
44813804
44821735
44838960
44845516
44851715
44863496
44864163
44883119
44901037
44909512
44909801
44932052
44937585
44947563
44955861
44957853
44959195
44977762
44992153
45001984
45007213
45007706
45019865
45022366
45023377
45030226
45032157
45039590
45059530
45081808
45082986
45084686
45107432
45107850
45108257
45109725
45113964
45122464
45122699
45132026
45149149
45154978
45158155
45169640
45175610
45180140
45184976
45187408
45210371
45214839
45219585
45227760
45236322
45239781
45244743
45254536
45259240
45259581
45261305
45263566
45272125
45274605
45275241
45288716
45298303
45299010
45303065
45303557
45305081
45305266
45310884
45313886
45316213
45318521
45320875
45323099
45326596
45328205
45329506
45331438
45338099
45343032
45344793
45345170
45346432
45346621
45348917
45352806
45362797
45367544
45373191
45377491
45378072
45378869
45379431
45381621
45391268
45404491
45406926
45407411
45415153
45422707
45433005
45435697
45437577
45438101
45439542
45442548
45445068
45446263
45447015
45448526
45449216
45449664
45450183
45451343
45463620
45467455
45468144
45470483
45472699
45474068
45474174
45477958
45479348
45479448
45482353
45487336
45487444
45490374
45496545
45498673
45499435
45511060
45513062
45515766
45516540
45518740
45519214
45520231
45521473
45523925
45524439
45524839
45524877
45525248
45525753
45527230
45531017
45535539
45535684
45537743
45539370
45541093
45543273
45552245
45553982
45556528
45558296
45565857
45573792
45574529
45574754
45576633
45577590
45578585
45582555
45582608
45586785
45587754
45587916
45589383
45594318
45606234
45612210
45614074
45616400
45622192
45623194
45639247
45663081
45671028
45678891
45679648
45683082
45692230
45694217
45709874
45711720
45719488
45720045
45721209
45724109
45733213
45737570
45738376
45739674
45739812
45740493
45743978
45760437
45762505
45763219
45770929
45772464
45773473
45785482
45787273
45790854
45794456
45796483
45804182
45808421
45808930
45810375
45815576
45817836
45818068
45820839
45830718
45831423
45832456
45833782
45847721
45850810
45852026
45856997
45865932
45876116
45878179
45883866
45886671
45896058
45917637
45939372
45947854
45954188
45956155
45956239
45960537
45974842
45984961
45998494
46001729
46002168
46003500
46004899
46006290
46012061
46012759
46014012
46015384
46021723
46025386
46034804
46036754
46058729
46060710
46060844
46060865
46067854
46071683
46073472
46076276
46085782
46089001
46091660
46098995
46099288
46099706
46120286
46125050
46132364
46132779
46132785
46133173
46133922
46136499
46137025
46149233
46152039
46154109
46173759
46174820
46186765
46191075
46194282
46196797
46199906
46200998
46209499
46212896
46213120
46216072
46216789
46219823
46221991
46223657
46226352
46227826
46228336
46228924
46229532
46238314
46247776
46250307
46255389
46255444
46258121
46258510
46269091
46271630
46274132
46277257
46277367
46287249
46307743
46313870
46314871
46315435
46337786
46402932
46460529
46463231
46474859
46487027
46528308
46528325
46528342
46528363
46528371
46528393
46528415
46528826
46528845
46528860
46671384
46671544
46676217
46689782
46726695
46742884
46750391
46753716
46775677
46937961
46957330
47025427
