9134
11798
36050
156376
194365
350737
457377
487840
514070
559985
571983
585962
588088
596167
789336
810427
833709
833768
885936
946688
954639
1043776
1200306
1335045
1354597
1376607
1435305
1458875
1470788
1634403
1701337
1714430
1720935
1877530
1975098
2050286
2707220
2756024
2864498
3124052
3190499
3950351
4098391
4345201
5658921
6299361
7011341
7455031
7773521
11346101
13797691
13825821
14505171
15231521
15596225
15652765
15706969
15724439
16050617
16450480
16575364
16652077
16692985
20172814
27476272
27896356
28094275
29117640
29541566
29650066
29777439
29931219
29994830
30136276
30229260
30251532
30283038
30348316
30664623
30692628
30736887
31140147
31172140
31248009
31641561
31660678
31759977
31766278
31781162
31923832
31998477
32378859
32444603
32450243
32851334
33012343
33015800
33052341
33292729
33298365
33565098
33596894
33667720
33864894
33887023
34149952
34161633
34161684
34257982
34306039
34595388
34656089
34664661
34844519
35008493
35024888
35293985
35356466
35366575
35577790
35580368
35586471
35654053
35703455
35743322
35793405
35867886
35906528
35949017
35951610
35959134
36058595
36496295
36509586
36660866
36745623
36863105
36954591
37054012
37061663
37177606
37183393
37191019
37290276
37296920
37590878
37951232
37962279
38095687
38181860
38215952
38502299
38504120
38538968
38541316
38579246
38594007
39007267
39140353
39410289
39623249
39645605
39886727
39969276
40101476
40328496
40344160
40574364
40755081
40818502
40903138
40982067
41018492
41023720
41110482
41285607
41286185
41514691
41856164
41871077
42046778
42056861
42162600
42223633
42244085
42297858
42405041
42584673
42675236
42847742
42993963
43060808
43184223
43686943
43712100
43740077
43760470
43791882
43894753
44030022
44070277
44165505
44212255
44270317
44412070
44433601
44519246
44599867
44729966
44775968
44851715
44902260
45002913
45109725
45184976
45303065
45391268
45392282
45521473
45525248
45715724
45803840
45820839
45830718
45941848
45962927
46001613
46006290
46012061
46017713
46046013
46089001
46132779
46133173
46153013
46186765
46213120
46216789
46219823
46258510
46315435
46345088
46424470
46425104
46425603
46437645
46442156
46454010
46471018
46487027
46646543
46689782
46795141
47022912
47141319
47176019
47177102
47188647
47223195
47247914
47389416
47485729
47619495
