16073157
46057587
41390926
45760294
48012180
46345088
27900441
31478552
7879801
47955173
45505081
38413069
30161279
1495148
47883444
36413583
40442860
35657092
42027587
47799520
47831596
40678592
47767266
47728664
40152266
30692628
47102461
38065482
29650066
47630757
47606246
42425764
47616452
47593059
1701337
41578923
833768
46659603
47531399
47527875
47411493
42373741
47496356
47484822
47482793
1313728
47468131
37296762
14505171
47452882
37736681
47004401
40730287
47435147
47417343
75270
47414919
47439729
47439523
30136276
47176019
3020399
46292964
47408796
38215952
36643797
41856164
47378292
34288861
20163223
45525248
45384166
47335870
30283038
20163121
47265284
47230914
47223195
38032583
47217989
28137
38246632
47206111
40755081
47191392
47188455
46935234
47178196
45803840
35906528
4040391
46969039
47139913
47141319
47140408
37590878
156376
41359295
16652077
47076347
885936
27379201
9035721
47026973
42297858
47020892
35959134
33667720
46487027
40388727
46970212
34664661
46133173
2864498
38300443
383453
218373
38535689
32653535
37012756
46962220
46719510
42173059
33012343
41868403
40903138
46934592
46935063
37828777
46529783
596167
37183393
46905882
16692985
1443249
40818502
46879905
45273880
43655893
41975804
46847085
46795141
31759977
38504120
40707352
46317366
34673542
44513121
31641561
46752163
38538968
37349049
32419639
44433601
46734922
46689782
2825932
34853053
46514706
43760470
37623069
2831258
4045281
45818068
39886727
44955861
1085145
31140147
45865577
29931219
33564612
36954591
16050617
45817609
46529377
43463868
46529310
46529290
46529247
46529093
46529073
46528893
46528879
46528285
39672592
30281112
31995113
15936338
46500335
46500264
46513151
46500222
46500193
46500180
46500147
46186765
35106960
43200172
514070
46500125
46517772
723052
46279408
46500005
46499986
46499955
46499921
46499426
46499398
46499344
46499308
46499169
46499197
46499138
46499104
46499087
46499067
46499043
46498974
46499017
46498994
46498950
46498885
46498865
46498820
46498788
42811248
46498761
46498733
46498711
41639851
46498688
46498660
46498627
46489362
46508778
46485788
46486148
46484862
42032081
46483909
46484424
46483659
46482869
46482828
46481250
46481249
46480577
46480341
46479947
46422064
46478755
36295327
46420212
46419811
46419476
46391359
46390048
46389289
35309271
46481292
44412070
35021150
46460529
45113964
46425603
40344160
46437645
954639
46429776
42046778
37177606
45184976
46046013
31789456
38170666
35293985
46314871
46315435
15724439
43712100
37321660
40144312
33548178
2219624
27476272
43413766
46213120
46001729
43158835
45303065
46012061
1877530
43603082
42734274
43601381
43601265
46212896
31248009
45521473
43436443
43436299
43435849
33106804
43432659
46025386
43924687
43432200
33275209
43389272
43389865
43390131
43390522
43390612
45082986
35941718
36745623
46120286
34884676
46001613
43347301
43347062
43345968
43344139
43344060
31172140
30229260
1683427
45770929
43104337
45531017
40735688
44953686
46036754
15729279
530181
2450842
36887514
1029377
43762870
15985151
34854332
45505607
588088
31729428
34039531
16030160
42162600
32409459
37639320
34116230
33117158
44724275
32133313
147072
43740077
33864894
43734740
41283546
4132931
9134
43077186
2050286
39243483
37036907
45794365
34823540
43885995
44935421
33292729
30008136
45720045
34595388
45343032
30007773
40479611
45362797
36092519
38001692
32638739
20362474
39969276
1136495
810427
42615572
37928042
33061919
45365492
76934
440114
1470788
41023720
31345135
36808298
11934341
13797691
42698273
34387564
33052341
44403704
2186258
42584673
20390872
44967214
43253587
35561457
36303628
31432310
39720820
41689901
45253219
44838960
2238228
36726098
44572569
36934797
32288681
32747470
31525614
14634791
37654088
45205992
33283510
42586385
31962476
15640419
15231521
42213061
1873720
40982320
29889111
43145135
37758960
40328496
43021651
36058595
29004482
34844519
45025557
34176815
44978239
336159
771064
44225465
41583566
35300210
39853044
36663285
43686943
35192754
289548
15706969
36538189
11967091
1892260
2365508
31988181
408993
30630871
33499398
35586471
42684404
12128141
39498303
33359260
33279450
16028388
40304817
33461345
38630457
40183722
37413241
917547
44795147
44283738
34271915
35787021
31372272
36660866
33726771
42581711
9503481
41300795
409155
37043833
37096030
34110308
11229861
30639903
29638879
842663
38181860
193832
42913775
31880815
190795
34297224
41170699
1393684
39747150
15623990
40498342
44442114
42056861
33565098
38095687
29015921
3931101
37937293
37937240
37609810
34315187
32976222
35322329
31513049
34243702
1200306
44233189
36149962
32390084
39480855
35520100
44022426
44229132
43334118
34313704
36645695
34093276
38012361
31766278
41001452
32444603
34268940
43855044
30369218
44203347
35356466
44114714
33455400
37313925
40648907
38067335
43612058
36233947
38894847
38594007
1634403
37054012
37061663
43376737
30696473
41303431
36863105
43882475
37191019
35580368
36042986
480783
44007420
35971388
30664623
29584654
15596225
33015800
36605420
30790382
40284234
43956145
43916019
350737
368046
38677419
119376
6299361
32761184
15671315
36165552
37426813
36313076
20201428
43853811
347700
42993963
38531018
43643105
35008493
37623667
11798
31448506
20172814
787582
39380507
559985
36050
37921378
43877592
31030722
41591751
38099266
32556320
36452476
401743
16059618
