484918
38215952
16652077
37590878
37183393
34664661
40903138
16692985
33012343
35867886
833768
954639
43376737
37321660
45939372
39608793
1564659
34039531
3095324
42162600
43021651
44182551
13797691
29638879
42584673
20390872
193832
41834390
38095687
289548
45027825
7540461
771064
38499949
16028388
44442114
33565098
41791843
44007420
36132341
38181860
41961537
43583238
32390084
37609810
38067335
22536208
44147799
5815311
21457542
1477035
42986642
42993963
32244163
43097358
40374533
41505538
30518547
38285285
34313704
1460367
42726156
35586471
42213000
6796441
42592435
37855813
34021836
38803386
997522
37054012
29534878
37871689
37045120
37850681
41278898
10171741
30664787
36879805
38910283
37619643
41477852
41645642
37545051
34470821
885936
649469
39007267
39683755
37721141
41250206
36753181
33046106
27057838
35497249
41199637
7708711
20314600
24294931
33239512
34191713
31367431
38800942
40865490
6299361
35658308
1080527
2050286
40005999
40719322
39826347
11229861
31448506
32685455
32405332
39442196
40746157
15671315
33432979
34268940
15596225
40724820
35356466
40280338
36991232
36385033
40642553
35782682
40631775
34042846
40611069
40596747
40593603
6425061
30242089
36295327
32764561
37295966
40517135
29131195
37282818
37262792
36093463
37947145
1895100
21281591
37296920
20172814
38594007
30004405
40328496
1055997
37294857
39692938
13999431
34277316
31070973
32522806
496660
29900950
21614119
37885598
31546437
14317671
33596879
38630457
30161279
11798
31677098
596167
36625764
35580368
24655228
35376078
36780730
2630504
273217
38858875
37452015
2723410
33848599
559985
37084520
32795197
24804214
36050
38233811
1324906
24397137
33681928
3168506
37756277
30444363
1877530
16002278
33471284
32031508
38866331
32713577
5658921
15459021
36096891
32263125
2534908
37794049
37094468
33232042
36969040
35566901
32898206
31726532
36317553
1373118
36479606
27122866
32804432
23179751
33374580
33292729
2815434
32875814
37541334
40370993
16031116
39166191
40347005
2660376
31644084
24794707
33187551
37836622
33142648
35027686
38823095
22407271
37727399
33796498
40398270
27645211
1932870
522830
40437157
33129874
37773542
1584313
30369218
39362247
39764835
