4
12
19
20
47
114
238
315
317
569
570
627
688
698
790
832
905
931
941
947
1011
1078
1094
1208
1270
1292
1372
1503
1700
1726
1731
1735
1783
1932
1957
2010
2134
2157
2250
2385
2646
2686
2749
2759
2773
2795
2806
2833
2844
2859
2864
3083
3103
3255
3263
3483
3583
3971
4385
4406
4651
4855
4862
5054
5216
5217
5288
5486
5568
5678
5681
6031
6033
6036
6062
6214
6289
6331
6403
6519
6556
6679
6686
6706
6719
6781
6890
6951
7003
7012
7049
7052
7078
7364
7372
7425
7447
7546
7554
7595
7627
7701
7711
7744
7802
7852
7888
7935
7952
8161
8166
8242
8267
8291
8396
8433
8438
8519
8564
8626
8648
8684
8740
8787
8833
8877
8885
8924
8965
9134
9240
9267
9279
9384
9608
9611
9701
9758
9875
9929
9961
9967
10000
10074
10094
10307
10370
10466
10483
10493
10520
10545
10598
10613
10620
10666
10701
10888
11101
11220
11271
11455
11560
11604
11641
11670
11798
11830
11834
11838
11858
11859
11886
11949
11977
11996
12008
12050
12148
12410
12485
12504
12690
12693
12924
13085
13128
13380
13401
13446
13481
13540
13846
13874
13877
13924
13929
14025
14115
14540
14702
14833
14945
15033
15400
15414
15432
15525
15602
15760
15901
16079
16189
16284
16341
16472
16610
16647
16863
16892
17014
17247
17323
17341
17365
17599
17672
17918
18128
18157
18326
18635
18653
18698
19013
19107
19400
19412
19456
19551
19572
19736
19783
20039
20527
20605
20662
20861
21335
21408
21444
21496
21658
21672
21673
21956
22399
22800
23207
23455
23911
24004
24551
24978
24989
25070
25342
25872
26105
26361
27668
27873
28091
28137
28363
28548
29300
29674
29964
30074
30187
31254
31315
31364
31636
31744
31775
32170
32253
32664
32798
33002
33265
33387
34844
35494
35496
35680
36050
36345
36983
37057
37096
37210
37358
37431
37851
37925
38309
38329
38357
38395
38482
39041
39419
39450
39494
39546
39590
39743
39813
39840
39993
40084
40376
41206
41240
41588
41751
42102
42369
42375
42426
42454
42629
42756
42819
42953
43027
43073
43246
43344
43669
43728
43850
43958
44017
44218
44325
44407
44670
44912
44920
45026
45134
45147
45192
45230
45537
45633
45713
46874
47176
47244
47423
47477
48114
48172
48302
48471
48909
49343
49600
49944
50141
50293
50495
50608
50617
50619
50824
50901
50974
51059
51187
51268
51466
52040
52083
53111
53132
53270
53681
53710
53886
54030
54442
54640
54844
55089
55115
55188
55236
55689
55737
55899
55971
56017
56059
56496
56520
56523
56883
57028
57166
57314
57332
57376
58007
58238
58854
58875
58970
59111
60216
60596
61194
61298
61339
62523
62722
62911
62966
63171
63749
63760
63818
63941
63959
64016
64043
64689
64692
64864
64989
65062
65177
65279
65409
65513
65548
66025
66150
66629
67018
67103
67340
67701
67813
67997
68006
68036
68186
68806
68874
69057
69157
69597
69823
69848
70070
70477
70488
70844
71069
71527
72256
72491
72650
72753
72849
73051
73529
73535
73744
74005
74012
74350
74496
74583
74747
74955
75103
75280
75603
75898
76245
76339
76773
76934
76988
77202
77617
77900
78139
78422
78433
78641
78789
78843
79042
79129
79197
79361
79759
80005
80015
80287
80323
80627
80717
81064
81514
81685
81698
82190
82202
83166
83440
83777
83856
84068
84590
84836
84844
85307
85315
85348
85536
85556
86020
86038
86077
86391
86715
87238
88025
88206
88612
88893
88966
89346
89367
89490
89508
89878
89883
90240
90306
90312
90388
90796
91052
91347
92181
92242
92327
92825
93248
93809
94067
94091
94691
94962
95180
95216
96012
96848
97186
97194
97260
97669
97761
97997
98184
98345
98548
99450
99711
100937
101070
101634
101769
101967
102109
102326
102354
102527
102650
102924
103604
103618
104011
104251
104355
104811
105244
105470
105486
106149
106157
106382
106468
106652
107218
107286
107470
107963
108290
108478
108944
109008
109672
110197
110361
110561
110688
111264
111359
111948
112155
112629
113003
113381
113506
113863
113897
115280
115609
115732
115914
116182
116221
116302
116951
117762
119033
119376
119510
119609
119843
120378
120435
120594
121030
121054
121063
121333
121342
121689
122012
122197
122453
122783
122867
123022
123037
123228
123260
123444
123579
123741
123816
123840
124187
124363
124377
124519
124784
124786
124891
125409
125809
125888
126036
126300
126356
126397
126662
126669
126784
127079
128582
128606
128693
128988
129131
129858
130104
130444
130645
130743
131393
131501
131872
131880
131915
132137
132263
132489
132527
132705
132890
133032
133843
133969
134279
134524
134578
134697
134768
134842
135046
135165
135527
135613
135716
136076
136140
136170
136657
136925
136971
137259
137796
137883
138095
138888
138939
138965
139253
139279
139585
139713
140075
140561
140633
140734
140953
141271
141366
141491
141569
141708
141709
141745
142017
142455
142744
142759
142862
142886
143381
143570
143673
143853
144215
144453
144735
145503
145885
145917
145935
145958
146365
147072
147580
147825
147854
147884
147900
148745
149400
149423
149574
149886
150176
150489
150765
150910
151091
151175
151434
151503
151718
151747
151824
151897
152025
152151
152155
152280
152562
153044
153163
153557
153989
154178
154287
154501
155035
155066
155881
156218
156376
156597
156958
157250
157357
158575
158613
158626
159217
159240
159657
159942
160161
160346
160765
161007
161326
161353
161670
161735
161947
162186
162649
163223
163249
163252
164473
164495
164540
164577
164756
165100
165191
165193
165241
165631
166076
166380
166651
166653
167031
167312
167479
167523
167705
168278
168310
169176
169338
169492
170354
170527
171206
171433
171855
171910
172387
172566
172800
173389
173554
173683
173684
173717
173770
173888
174143
175863
176166
176365
176402
176578
177030
177215
177587
177644
177838
178282
178321
178838
178952
179019
179329
179349
180049
180098
180294
180315
180604
180610
181052
181600
181802
182065
182439
182443
182460
182480
182650
182881
182966
183319
183485
183544
183767
183847
184154
184241
184938
185263
185739
185778
186004
186033
186421
186718
186973
187340
187552
187756
187766
187782
188039
188680
188777
189055
189459
190482
190556
190795
190933
191158
191492
191777
192512
192513
192752
192876
193071
193832
193843
193992
194365
195008
195756
195838
195887
196726
196989
197187
197337
198185
198203
198313
198732
200880
201114
201632
201811
201950
202029
202451
202541
202765
202840
202993
203215
203390
204043
204387
204503
204806
205099
205653
206290
206677
207047
207193
207411
207824
208238
208253
208318
208324
209124
209357
210025
210233
210802
210845
210882
211336
211399
213198
213246
213563
213931
214623
215222
216276
217047
218107
218112
218232
218373
219308
219392
220053
220170
220263
220474
221138
222023
222761
223069
223071
223303
223483
223740
224686
226189
226666
227533
227875
227907
228216
228748
228812
228867
229153
229746
230483
230737
231535
231688
232325
232353
232586
233301
233441
234439
234782
234811
235090
235720
236269
236575
236672
236838
237127
237161
237370
237425
237476
237544
239129
239480
239753
239964
240316
241933
242676
242696
242874
243014
243019
243344
243685
243717
243750
245154
245725
245884
245959
246238
246879
248696
248716
249308
249789
249796
249879
250170
250356
251217
251442
251548
251661
252560
253305
253629
253688
253770
253940
254079
254313
254523
254692
254965
255369
255620
256048
256646
256652
256666
256977
257207
257466
257679
257990
258630
258687
259500
259568
260869
261840
262103
262797
262851
263348
263377
265732
265927
266165
266549
266915
267633
267648
268637
268772
268813
268966
269061
269312
269343
269560
269592
269740
270968
271022
271698
272349
272629
273217
273931
274648
275127
275428
275548
275641
276167
276449
276454
276873
276917
277351
277833
278077
278840
279202
279576
280036
280479
283453
283487
283565
284409
285078
285940
286752
287174
287572
287604
287622
288258
289548
289554
290563
292310
292590
292868
293139
295340
295384
295776
295966
296761
296816
296849
297004
297262
298617
298631
298860
299455
299521
299551
300931
300946
301013
301225
301389
301447
301491
301701
302292
302477
302606
303448
303699
303809
304323
304985
305592
305836
305856
306225
306743
306857
307087
307200
307382
307576
307850
308492
308564
308753
309422
309626
309977
310165
310368
310458
310577
310715
310796
311138
311546
312351
312584
313072
313218
313301
313667
313676
314232
314293
314636
315089
315203
315219
315955
316016
316134
316333
316401
316682
317185
317406
317449
317464
317725
318429
318536
318559
318843
318916
319829
320519
320687
321785
322006
322452
322504
322926
323485
323521
323813
324292
324435
324556
324989
325058
325126
325495
325590
325649
326035
326105
326479
326618
326750
327004
327190
327430
327616
328272
328904
329285
330691
330802
330936
331032
331159
331233
331263
332862
333978
334839
334939
335288
335556
335605
335678
336071
336091
336159
336495
337504
337887
338524
338776
338803
339390
340888
340896
341756
341814
342596
342623
342943
344491
344983
345114
345687
345692
346205
346589
346597
347700
347749
347817
348107
348152
348327
348945
349145
349606
349648
349665
349799
349967
350046
350348
350538
350737
350779
350959
351166
352229
352427
352498
352886
353483
353752
353810
353988
354956
354998
355685
355698
355980
356017
356041
356080
356633
356912
356914
357220
357237
357778
357780
358730
359098
359195
359395
360298
360771
360832
360843
361151
361339
361367
361599
362019
362085
362835
362907
363525
363838
364707
364867
364948
365354
365510
365530
365771
366906
367071
367593
368213
368354
369017
369603
370225
370285
370435
370456
371490
372157
372436
373149
373920
374102
374221
375193
375786
376105
376284
376778
377817
377951
378010
378152
378214
378939
380067
380141
380154
381826
381865
382119
382184
382410
382634
383845
384309
384428
384906
385141
385476
385838
385958
386241
386549
387117
387702
388002
388335
388483
390411
391593
391682
391749
393508
394777
395084
395261
395362
395550
395697
396108
396927
397016
397181
398061
398858
398915
398945
399105
400923
401716
401743
403058
403809
404223
404331
405300
405389
406451
406857
408391
408654
408993
409638
409948
410189
410330
410682
412195
412363
413349
413470
413700
416683
417143
417237
417658
417721
418260
418756
419938
420615
420622
420723
420967
421277
421719
421828
421830
421889
421901
421995
422530
422836
423468
423649
424358
425190
425613
425761
427127
427248
427812
427958
428070
429212
429408
429867
430633
431022
431858
432232
432614
432834
433807
433814
434713
437611
437628
437867
438202
438423
438518
438543
439712
440030
440114
440575
441394
441960
442140
443387
443594
444245
444878
445550
445843
446295
446529
447146
447444
447681
448009
448473
449062
449263
449527
450123
450607
450717
451090
451170
452402
452406
452776
453333
453899
454122
454844
454915
455608
455967
456145
456617
456957
457058
457377
457471
458271
458475
458997
459808
463157
463725
463958
464246
464428
464702
465701
466974
467773
467946
468122
469451
469603
470381
471043
471760
471863
472185
472220
472347
472760
472852
473313
473810
474399
474493
474700
474852
474887
475124
475697
475864
477575
477643
478554
478879
479987
480103
480139
480654
480674
480783
481184
481522
482242
482379
483044
483347
483454
483945
484220
484530
484918
485079
485806
485918
486196
486674
486948
487215
487840
489335
489365
490087
490152
490693
490931
491502
491751
491815
491904
491949
492651
492776
493951
494067
494086
494402
494835
495727
496430
496660
496838
497208
497356
498916
499036
499787
499860
500030
500737
501030
501266
501520
502120
502799
503008
503204
503339
503534
503802
506498
507057
507365
507755
508099
508383
508398
508938
509345
510511
511001
511876
511903
512844
512848
513130
513194
513247
513504
514070
514172
514689
515865
516949
517072
517653
518927
519211
519574
520268
520544
520796
521683
521743
521813
521987
522830
522861
524480
524619
524718
524823
524946
525265
525592
527068
527868
528321
529334
529402
529840
531385
531655
531901
532582
534234
534251
534766
536802
537721
538948
540034
540439
541246
542910
543662
543833
544379
544729
545267
545793
545853
548623
548792
548999
549119
549311
549368
549467
549603
549840
550661
552864
553259
553926
555518
555836
556022
556103
556472
557118
558942
559670
559671
559985
560514
560948
561414
562051
562124
562551
562927
563195
563430
563902
563972
564812
565324
565791
565827
567499
567812
568884
568887
568975
569183
571983
572288
572412
573227
575034
575523
576062
576760
577462
578553
580544
581091
582835
582989
584320
584380
584674
584777
585547
585573
586169
586452
587558
588088
588950
589864
589941
590934
591170
591188
591264
592937
594405
594787
595874
596167
596275
596531
597881
598218
599514
600355
600643
600753
600990
602538
605043
606326
606462
606737
608191
608341
609255
610427
611293
611660
611709
612266
612811
612944
612975
613087
613662
614021
614350
614376
615065
615562
615869
615948
616572
617124
617132
617512
617528
617668
617783
618576
620691
620955
622237
622449
624326
624458
625399
625458
625587
625677
626246
627356
627506
628109
628131
628860
629215
630554
632649
632831
635675
635828
636322
636434
637666
637726
637771
637781
637796
637807
639696
639822
640522
640680
641304
644260
647745
649197
650034
651123
651369
651570
652309
652432
653891
654122
654241
655533
655588
656158
656198
657374
658145
659560
659677
659933
660093
660465
661509
661591
662412
662517
663139
663682
664006
664256
667850
668545
671187
672506
672965
673134
674538
674578
675247
675383
675424
675509
676192
676500
677679
678123
678278
678971
678998
679951
680551
681850
682034
682400
683069
683508
683538
684546
686173
686181
687486
689111
690071
690157
690233
691098
691768
692576
695919
696227
696554
696792
697043
697526
698568
699146
699505
699702
700092
700102
700501
702319
703836
704954
705250
706409
706581
707279
707955
709987
711490
711566
711894
711907
713031
713816
713850
715756
715925
716301
716351
716805
716821
716927
717244
718047
718943
719960
719993
720409
721309
722185
723052
723749
725217
726426
728756
728782
729246
730306
731063
731740
732306
733545
734954
735157
735240
736530
737174
739402
739733
740601
741501
741682
742510
743143
743794
743884
744855
745534
746909
747359
748487
749226
749331
749472
749816
750036
752058
752092
752160
752967
753196
753425
754199
755147
756414
756620
757599
757801
758046
758065
759112
759700
760708
760817
761552
762572
762585
763061
764211
764702
765585
765883
765940
766777
767302
769519
769753
769893
770371
771064
775089
776634
776919
777934
780674
781176
781268
782284
782439
782609
783606
784909
785703
785711
785764
785917
786242
787465
787652
788416
789347
789636
789648
790102
790299
790656
791224
792623
792726
793672
793841
794505
794896
796447
796524
802244
802735
804094
804773
805899
806183
806734
808201
808411
811513
812265
814432
814659
815666
815693
815742
816056
816139
816626
816767
817669
817677
818278
819604
819730
820970
821003
821133
821428
821995
822008
822221
822607
824634
825096
825267
826882
826907
827410
827496
827992
829489
829560
829690
830056
830852
831269
833288
833435
833768
834528
834711
835425
836021
837162
838244
838305
839930
841345
842036
842380
842663
842747
843186
843392
844785
845178
846346
846413
847595
848436
849862
851851
851935
852015
852997
854283
854738
854805
856166
856594
857179
857423
857603
857992
858025
858555
858715
858826
859701
861443
862599
863031
864262
864315
864952
865574
865669
866305
866402
866939
868232
869561
870203
871238
871708
872546
872964
873222
873381
873495
873902
874291
874520
874726
875625
876357
878099
879241
879259
879494
879861
880535
880919
881021
881437
882367
882710
883059
883089
883433
885616
885936
886071
886367
887010
887116
887471
887579
888415
888613
888652
888799
889634
889725
889807
891066
891403
892502
893743
893970
894150
895038
895632
895724
896939
898593
899089
899355
899813
899858
899908
900003
900711
901296
901862
902033
902762
902929
903032
904061
904108
905092
905396
905554
906380
906406
907173
908865
909004
909061
909768
911048
911695
912198
912628
912871
912895
913302
914236
914385
914525
914715
915591
915695
915736
915984
916236
916754
917547
917635
918829
919027
919153
921906
923538
923696
923901
924354
926093
928632
928832
929531
930744
931799
933983
934718
935189
935495
938226
939520
940244
941387
941656
941756
941885
942250
944039
944555
944837
945543
946283
946296
946344
946578
950360
950658
950759
950795
950863
950872
952584
953277
954477
954506
954628
954639
954682
955412
956295
957137
957901
958606
960188
960845
962100
966897
968015
968030
968552
969226
969614
970043
970097
970351
970726
971174
974779
974903
975165
975631
976647
977457
977598
977729
978911
979013
979085
979089
979102
980376
980410
981712
982120
982280
982561
982925
983114
983284
984025
984786
986818
987519
987617
990578
990990
992712
992829
993088
994158
994315
994690
995184
995238
996002
996167
996224
996744
997256
997522
998717
999855
1000103
1000632
1000923
1001291
1001438
1002557
1002690
1004213
1004504
1005894
1006048
1006095
1006269
1006445
1006559
1007558
1007946
1007963
1008005
1010797
1010872
1012016
1013046
1013108
1013720
1014437
1019396
1020423
1021190
1021212
1022228
1022769
1023499
1024813
1025083
1025280
1025780
1026478
1026997
1027965
1029377
1030424
1031229
1032946
1033482
1033648
1033820
1033896
1034208
1034563
1034763
1035163
1035265
1035382
1035403
1035820
1036937
1037158
1039649
1041067
1041538
1041732
1042116
1043127
1043782
1045516
1046410
1046590
1047432
1048991
1052687
1053903
1054168
1055958
1055997
1056038
1056523
1056585
1057223
1057664
1057810
1059190
1059426
1059427
1059630
1061693
1063406
1064677
1064694
1065363
1065391
1066611
1066747
1067211
1067922
1068500
1068692
1070156
1070510
1071422
1071722
1071797
1071964
1072075
1073431
1073831
1074794
1075290
1076923
1077000
1078084
1078333
1080527
1081591
1082430
1082965
1083680
1084014
1084717
1085145
1085669
1086847
1086906
1087830
1088210
1088531
1088689
1088701
1091744
1092136
1092514
1092530
1092782
1093361
1093620
1094090
1094343
1094369
1095076
1095643
1095896
1096068
1096179
1096416
1098443
1099314
1102115
1102666
1103516
1104029
1105292
1106074
1106908
1106966
1108016
1108160
1109937
1110206
1110289
1110713
1111367
1111441
1112449
1112708
1112793
1112852
1112982
1113421
1114032
1114584
1115011
1116537
1116670
1117022
1120639
1121495
1122747
1123144
1123590
1124338
1124668
1126072
1126892
1127468
1127753
1128113
1130538
1133004
1133145
1133691
1134513
1134642
1136020
1136444
1137769
1138020
1138063
1138503
1139092
1139445
1139569
1139570
1140095
1140288
1140447
1140831
1141634
1141885
1145804
1146169
1146459
1149124
1149610
1149789
1150057
1151118
1151871
1152603
1154089
1154875
1155653
1156140
1156204
1156223
1156449
1157599
1157786
1158271
1162459
1163674
1163755
1163954
1165974
1165998
1167248
1168335
1168460
1169531
1169568
1170258
1170393
1171095
1172252
1172282
1172857
1172908
1173977
1174223
1174656
1175752
1177094
1177106
1178354
1178794
1179102
1179238
1179613
1180118
1180337
1181494
1182484
1183071
1183100
1183471
1183544
1183890
1185389
1185882
1186475
1187165
1187734
1188334
1188350
1193922
1194365
1194427
1195626
1196128
1196146
1196803
1197990
1199053
1199465
1199652
1200306
1200718
1201332
1202517
1203418
1204656
1205674
1206399
1207132
1208691
1209172
1210236
1212515
1212526
1213610
1214763
1214792
1215755
1216878
1217645
1218714
1222804
1223281
1223928
1224091
1224222
1225331
1225514
1225891
1227520
1227576
1227675
1228236
1228933
1229395
1231476
1231917
1233284
1233568
1234354
1235918
1236224
1236702
1237205
1237493
1238200
1238478
1239161
1239972
1240168
1242105
1242418
1242800
1242813
1243758
1245109
1245684
1246984
1247034
1247529
1248044
1248918
1249010
1249292
1250217
1250399
1250749
1251542
1251955
1252352
1253815
1253871
1253882
1254280
1254662
1254796
1255652
1258884
1258908
1259651
1265975
1266375
1266819
1268342
1268455
1269581
1269786
1271149
1272694
1273796
1274182
1274483
1275340
1278153
1278819
1279321
1279574
1280590
1281687
1281900
1281911
1282150
1282271
1282449
1283917
1285622
1286235
1286661
1287049
1287796
1288731
1289194
1289726
1290145
1290309
1291319
1294598
1295390
1295630
1296685
1297522
1298619
1298631
1299065
1301376
1301507
1301533
1302072
1303168
1303218
1304855
1307679
1307769
1308443
1308514
1308566
1308918
1310439
1310728
1311210
1311940
1313291
1313672
1313728
1313886
1314013
1315162
1315436
1316340
1316883
1316985
1318353
1318662
1318779
1319168
1321185
1322109
1322549
1323089
1323575
1324482
1324521
1324717
1325469
1326480
1327761
1327978
1328345
1330242
1330622
1330802
1331412
1332134
1332384
1332487
1332879
1332975
1333207
1333561
1334942
1335777
1336395
1338095
1339387
1339389
1340482
1340925
1341003
1341297
1342318
1342957
1343604
1344046
1344754
1345515
1346677
1347277
1347657
1348093
1348524
1348603
1348695
1349803
1349978
1350095
1351736
1352478
1352484
1352522
1354495
1354597
1354670
1355625
1355807
1356774
1356924
1357561
1362452
1366361
1366459
1368322
1368810
1370381
1371503
1372090
1372698
1372907
1372992
1373118
1373471
1373478
1374057
1375382
1375592
1376967
1378629
1379036
1381152
1381739
1383726
1384849
1385233
1387585
1388395
1388397
1392661
1393684
1395505
1397526
1397545
1398529
1398925
1400049
1400310
1400546
1401013
1401145
1402116
1402949
1403021
1403881
1404797
1405528
1406075
1406766
1406931
1411644
1412789
1413713
1418595
1419548
1419616
1420444
1420549
1420577
1424281
1427066
1428901
1430045
1430848
1433867
1436893
1436964
1438458
1440338
1441489
1442700
1442767
1443249
1443982
1445832
1446315
1446666
1447142
1447468
1450237
1450301
1450341
1450530
1450699
1451298
1451909
1452286
1453064
1455538
1455652
1457567
1458242
1458509
1458875
1460367
1461293
1461358
1461737
1462416
1462931
1464484
1464543
1465072
1465100
1465282
1466341
1466459
1468244
1469842
1470788
1471039
1471513
1471611
1471893
1472177
1472628
1474421
1475498
1477035
1477490
1479629
1479881
1480870
1481844
1482865
1483621
1484582
1484640
1486208
1486822
1487435
1487460
1487762
1488033
1488165
1488559
1488931
1489898
1490859
1492302
1493918
1494100
1495148
1496505
1497006
1497635
1498199
1501410
1502356
1502600
1504007
1504814
1506733
1507355
1507414
1507882
1508454
1508859
1510866
1510906
1511737
1515834
1517763
1518776
1520595
1522896
1524483
1524960
1525891
1527253
1527567
1527620
1528135
1531791
1532300
1534380
1534824
1536721
1536946
1537064
1537283
1537768
1537864
1538870
1539514
1540311
1540891
1542042
1543587
1544011
1544512
1546064
1546069
1546084
1549960
1550028
1555317
1557713
1558387
1559810
1561602
1561981
1562388
1562493
1562665
1562989
1563749
1563881
1564659
1564688
1565687
1566761
1567171
1569511
1571134
1571432
1571790
1572110
1572988
1575466
1576697
1576751
1577368
1577731
1577861
1578315
1579038
1579047
1579069
1580264
1582132
1582216
1583782
1584313
1586823
1587327
1589279
1591271
1592151
1596847
1596987
1597760
1600110
1601406
1601986
1603241
1604322
1604359
1605053
1607768
1608765
1608810
1610948
1611090
1615461
1618066
1618439
1619557
1619907
1620039
1620854
1621423
1621900
1623162
1624178
1625030
1625126
1628437
1628908
1628933
1630592
1633583
1634125
1634403
1635511
1637655
1638457
1639251
1641103
1642310
1642496
1643130
1644234
1644637
1645671
1647870
1648454
1650057
1650897
1651057
1651545
1651622
1651732
1651777
1652059
1653106
1654547
1654766
1656182
1657384
1661127
1662332
1662374
1662881
1663103
1663194
1665193
1667121
1668506
1670462
1672026
1672216
1672276
1672546
1672989
1673200
1674466
1674665
1675508
1675727
1676519
1677159
1677531
1678953
1679266
1680354
1680728
1681018
1681315
1681999
1683427
1684946
1684998
1685356
1686155
1686524
1687227
1687624
1688338
1688622
1688956
1689570
1690143
1691013
1691220
1692289
1693127
1693303
1694257
1695225
1695917
1696071
1696371
1696844
1699234
1699768
1700504
1700577
1700916
1701337
1701575
1703162
1703589
1704500
1705031
1706767
1707084
1707830
1707839
1708075
1709734
1709978
1710021
1710786
1711422
1712001
1713204
1714704
1715073
1716002
1716142
1716355
1716546
1717239
1719692
1720014
1720757
1720935
1721073
1723326
1723486
1724880
1725046
1726798
1727020
1727911
1728501
1729134
1729532
1729671
1730685
1730799
1732447
1734019
1734627
1737201
1741593
1741663
1741979
1744219
1747505
1747743
1748193
1749855
1750571
1751607
1754075
1757207
1764867
1765293
1765385
1768105
1769511
1774319
1774953
1775569
1779551
1780897
1780945
1781105
1783585
1784641
1785505
1786143
1788895
1788979
1789803
1793683
1795555
1795591
1795727
1795993
1798777
1799475
1801347
1806147
1814789
1815139
1817377
1817499
1818663
1819869
1821281
1822837
1823659
1827236
1835298
1836090
1838834
1842362
1842808
1842916
1844576
1844806
1846432
1847874
1851678
1857358
1858718
1859602
1861202
1862924
1864770
1865854
1867824
1870344
1870502
1873720
1874836
1876250
1877530
1880996
1883970
1884140
1884584
1885870
1887414
1887896
1889862
1891506
1891580
1891946
1892260
1895100
1895246
1895362
1896956
1898766
1898930
1899318
1899540
1899896
1901474
1903260
1906020
1906654
1906826
1909080
1910488
1913150
1913306
1914064
1914638
1920582
1922600
1923328
1923438
1927760
1929884
1930960
1932754
1932870
1933250
1935800
1940432
1941042
1942724
1943764
1944874
1946104
1946158
1946536
1947530
1947542
1948106
1948476
1948478
1950248
1951618
1952448
1954348
1956984
1958188
1959602
1960400
1961384
1963654
1963988
1965238
1965524
1972872
1975098
1976848
1977184
1977790
1978684
1981724
1987626
1988704
1989186
1990488
1994314
2000322
2001984
2004574
2007396
2007414
2007552
2008142
2011504
2012964
2013016
2013306
2016738
2017444
2018664
2021166
2021770
2022582
2025898
2026508
2026790
2029316
2029720
2029966
2035512
2036076
2036940
2037306
2038076
2040274
2041152
2042302
2043228
2043230
2044570
2044694
2045010
2045124
2050286
2051586
2053036
2053748
2054006
2057194
2057738
2060514
2061250
2064172
2064342
2064588
2066900
2068538
2071540
2073104
2073554
2073726
2078180
2082128
2082960
2084276
2084692
2089826
2089886
2091054
2091062
2093522
2095300
2097756
2098068
2098570
2098750
2099736
2102294
2102522
2102822
2104524
2104930
2105802
2106562
2107184
2107254
2107580
2111280
2111564
2112754
2113240
2114192
2114632
2115062
2115696
2117428
2119122
2119544
2122244
2122642
2124010
2125142
2127350
2129348
2130936
2131864
2135180
2136142
2137374
2138112
2138740
2139010
2140110
2141920
2142170
2142626
2143152
2143966
2146592
2149952
2150030
2152142
2152462
2152562
2152738
2154682
2156100
2156478
2156616
2158914
2159000
2160914
2160940
2160966
2162396
2163416
2163636
2166014
2169342
2170304
2174664
2175660
2178058
2182600
2185382
2186258
2190890
2191056
2192386
2192938
2193120
2194976
2196880
2199248
2203514
2204666
2205112
2209820
2213058
2214986
2215016
2220672
2223106
2226034
2230356
2231698
2232248
2232520
2234476
2235048
2236518
2238228
2238660
2239202
2239650
2245678
2246744
2247566
2248002
2248718
2251142
2252198
2254020
2254660
2261264
2263350
2264248
2265316
2265572
2265750
2267930
2269306
2269744
2269852
2270650
2273704
2274000
2276960
2278742
2280500
2280870
2281872
2281920
2283446
2288902
2291928
2293906
2295060
2295436
2296590
2298490
2299196
2302052
2302726
2303488
2303850
2307868
2309440
2312140
2316080
2316320
2317416
2317858
2317946
2319140
2319252
2319920
2320950
2321388
2321998
2325820
2326108
2326146
2328362
2331136
2331278
2332282
2332404
2333000
2333064
2336624
2337562
2339292
2339528
2343478
2344784
2345442
2346930
2347786
2350506
2352912
2353958
2356556
2365508
2366854
2367066
2368364
2371444
2372808
2374946
2375102
2379176
2379616
2380556
2380978
2381740
2381976
2382342
2382918
2383834
2384436
2384610
2386474
2387306
2389568
2390268
2393868
2397964
2400158
2400736
2402532
2403622
2405412
2407050
2409058
2410202
2410210
2410378
2412598
2412690
2416244
2416282
2417144
2420088
2424380
2425008
2425050
2429206
2429876
2430016
2431556
2431950
2431994
2433248
2433726
2440372
2440380
2442692
2443244
2444046
2446434
2452650
2452778
2457070
2457378
2458456
2459034
2459406
2460756
2460900
2461390
2462708
2465208
2465438
2466932
2468302
2470062
2470134
2471320
2472310
2474458
2476560
2479128
2480078
2480484
2480492
2480860
2481700
2487454
2487856
2488686
2489578
2491948
2492326
2494574
2494990
2495426
2495530
2495956
2496106
2498180
2501470
2504974
2505296
2507254
2509120
2512600
2513274
2516712
2518748
2520532
2523534
2526276
2530590
2530598
2531024
2531326
2537024
2540008
2542540
2544128
2549390
2550600
2550754
2554516
2556782
2557322
2558688
2558872
2560106
2560768
2560832
2561868
2563220
2564802
2565794
2567778
2567924
2568432
2568744
2571472
2572252
2573946
2574442
2578666
2580432
2580918
2581668
2583058
2585026
2585156
2585328
2587516
2587798
2588112
2588304
2588798
2589142
2589348
2590274
2593360
2601206
2601256
2602338
2602580
2602724
2603072
2604976
2606240
2607044
2609050
2613626
2614862
2616592
2618508
2620112
2620702
2621222
2621356
2621500
2622454
2630504
2631490
2632888
2634934
2635494
2636984
2637910
2638448
2641668
2642918
2644332
2644494
2646564
2646656
2647162
2650672
2651158
2651942
2653442
2655384
2661640
2662766
2663606
2665164
2666578
2669402
2670044
2671014
2671890
2672044
2674836
2675052
2675890
2679276
2679824
2680626
2680816
2683536
2685676
2687458
2688664
2688676
2688786
2688970
2689326
2690106
2690296
2692912
2693398
2694906
2700614
2702790
2705536
2707220
2708000
2709146
2709952
2713502
2713774
2714846
2715074
2715136
2716526
2716994
2717132
2721352
2721996
2722854
2725096
2728334
2728426
2729678
2730172
2734012
2735382
2736230
2740002
2742752
2743804
2744528
2744556
2745496
2746464
2746578
2748820
2749212
2751858
2756042
2757118
2758276
2759086
2759360
2760798
2761396
2762404
2763138
2763428
2763488
2764914
2765404
2770088
2771294
2777454
2777612
2777970
2778880
2780456
2780880
2782366
2783282
2784004
2785044
2785202
2786046
2787286
2790264
2790774
2791838
2795634
2798750
2798984
2799252
2801704
2804690
2805746
2808072
2809252
2809336
2810016
2811256
2811532
2812806
2812972
2813936
2815434
2815594
2816486
2817412
2818268
2823956
2825932
2827480
2828750
2830612
2831258
2831388
2831626
2833380
2833560
2835074
2838138
2838312
2839302
2840548
2841200
2841238
2842398
2843402
2844056
2844828
2846122
2847164
2850790
2851182
2851816
2854062
2854508
2859156
2859554
2861564
2862474
2864498
2865278
2865474
2866772
2866860
2872728
2872864
2873268
2876652
2877024
2877096
2880574
2882742
2885478
2885986
2886712
2888178
2889014
2890140
2893268
2897210
2902292
2908160
2909126
2911890
2915386
2915886
2917104
2921636
2926168
2927112
2928446
2929464
2930556
2934804
2935808
2935928
2936984
2938438
2938534
2940600
2942492
2943264
2944646
2944724
2945482
2946524
2950050
2950790
2955262
2955762
2957230
2960246
2960442
2961278
2961374
2962734
2965132
2965586
2965588
2966418
2966444
2968688
2969868
2971424
2973608
2975850
2977690
2980110
2981820
2981972
2982392
2987108
2988830
2989174
2990608
2990842
2991800
2993398
2993964
2995484
2995690
2999094
3002688
3010000
3010508
3010716
3011642
3012160
3012840
3014848
3015284
3017685
3020399
3021451
3024158
3024929
3025113
3025749
3026058
3026877
3028636
3029472
3030461
3030489
3032431
3033264
3033952
3035688
3037247
3038514
3039079
3039342
3040366
3041054
3041085
3041685
3042362
3043392
3044216
3044312
3044402
3046137
3046204
3047228
3047782
3048301
3048425
3049719
3049907
3052551
3052916
3053542
3054209
3054360
3055743
3055894
3055998
3056320
3056333
3056513
3056675
3056924
3057166
3057453
3057703
3060727
3062739
3062946
3063314
3063572
3063756
3064114
3064384
3064652
3064828
3065053
3065974
3067330
3068366
3068385
3068403
3069262
3071062
3071446
3071641
3073518
3074852
3075476
3076070
3076394
3079787
3080525
3080563
3080878
3081792
3082551
3083474
3083621
3084255
3084278
3084690
3085270
3085407
3085754
3087128
3087607
3088005
3088062
3088732
3088745
3088962
3089224
3090674
3091755
3092178
3093351
3094442
3095324
3095445
3096583
3097157
3097888
3098274
3099132
3101490
3103377
3103904
3105081
3105319
3107717
3107830
3108357
3108598
3108832
3108878
3109509
3110783
3111846
3112967
3113519
3114158
3114184
3114435
3115912
3117274
3118054
3118740
3119605
3119709
3119885
3120406
3121229
3121900
3122237
3122482
3123933
3124052
3124827
3126091
3126954
3127985
3128180
3128288
3129443
3129571
3129856
3131625
3132383
3132477
3132630
3134189
3134633
3136011
3136674
3138623
3138933
3139182
3140811
3141983
3142199
3142414
3142613
3143278
3143502
3143510
3143743
3143949
3145454
3145883
3147729
3147787
3147790
3148274
3148645
3148786
3149247
3150180
3150548
3151051
3151805
3151984
3152393
3152895
3153275
3153572
3155656
3156587
3158048
3158102
3158603
3159794
3160333
3160979
3161044
3162202
3162815
3164575
3164799
3165523
3165677
3167117
3168124
3168174
3168506
3168700
3170300
3172294
3172385
3172424
3174008
3176650
3176979
3178636
3179342
3180789
3181845
3182556
3182568
3182936
3182950
3186056
3187217
3187241
3188131
3189800
3190499
3191863
3192038
3192115
3194890
3196122
3196233
3197002
3199523
3200120
3200203
3200581
3201670
3204315
3205534
3206749
3206910
3207592
3207642
3209548
3211382
3211537
3212183
3214067
3215258
3215685
3215707
3216659
3220748
3220985
3221343
3222013
3223737
3223939
3225227
3226353
3226432
3226723
3227346
3228122
3228990
3229203
3229569
3231407
3232503
3232531
3233185
3233770
3234155
3234433
3235303
3235457
3235832
3235901
3236402
3236909
3237504
3238731
3238834
3239316
3239454
3240234
3288959
3289975
3302363
3309341
3309611
3311881
3324381
3332131
3341881
3349041
3353571
3373881
3375711
3388571
3394371
3406871
3407761
3421821
3430241
3430751
3460861
3472921
3475211
3479321
3481531
3505851
3508431
3517901
3526661
3530641
3536441
3548621
3557591
3557951
3559861
3565161
3578821
3584151
3589471
3597411
3600841
3610751
3628181
3666271
3667901
3670151
3676301
3692151
3693031
3705401
3705641
3707691
3710411
3715191
3723811
3733791
3766301
3773111
3775021
3782821
3783551
3794141
3794711
3800501
3817921
3823091
3851171
3852011
3858081
3860331
3862291
3862891
3881011
3882511
3885971
3899521
3905701
3905901
3924371
3931101
3935931
3936401
3961461
3963781
3970141
3986871
3989901
4006641
4011781
4018511
4023121
4025901
4040491
4045281
4049931
4050711
4066171
4072681
4085871
4086041
4087731
4088081
4096911
4098391
4099001
4100271
4103401
4109771
4115791
4121721
4132931
4137311
4139611
4150211
4158131
4171221
4181781
4196441
4201171
4215241
4230351
4232021
4232141
4250361
4255031
4263621
4292681
4295351
4297011
4307681
4311421
4314701
4317931
4341061
4350381
4360501
4371211
4371741
4386821
4394561
4399641
4404991
4419351
4423711
4424141
4426601
4431481
4433821
4447441
4455891
4478221
4488281
4492701
4494581
4505871
4529901
4535431
4551741
4558521
4560081
4560721
4564401
4615471
4634501
4649721
4677501
4694251
4712401
4720381
4730761
4737011
4743931
4749041
4756041
4786521
4787421
4797441
4803181
4808911
4818451
4822311
4839711
4869091
4872061
4915551
4917821
4918581
4934521
4939221
4957771
4967151
4974081
4981411
4982551
4983091
4992671
4993381
5012241
5012501
5013551
5016531
5046121
5051351
5053471
5064771
5065421
5110291
5119571
5129021
5130871
5133701
5136081
5145121
5146921
5176361
5199211
5216031
5219121
5276541
5278681
5287711
5292431
5296861
5316611
5329101
5331841
5333671
5341181
5377741
5384001
5454021
5473201
5486991
5488181
5505101
5533131
5543211
5576381
5577831
5580171
5591351
5593911
5635421
5651871
5681331
5694721
5708991
5719331
5737411
5747931
5762881
5788141
5788891
5799321
5802541
5815311
5830491
5859781
5862001
5865071
5867741
5884471
5945071
5948371
5966941
5968041
5968701
5974041
5977181
5981211
5984281
5988381
6002901
6009441
6011851
6029801
6040281
6062641
6084811
6085411
6109961
6122381
6140641
6141341
6155221
6169321
6182451
6200071
6204461
6221251
6224371
6264581
6268571
6275521
6278821
6298751
6299361
6310111
6311991
6314531
6318731
6323821
6324341
6325851
6328601
6343421
6355641
6355701
6398881
6403401
6416801
6425061
6426461
6441261
6447571
6455781
6489011
6490561
6499981
6506101
6510861
6515801
6520491
6529121
6537111
6537261
6555571
6558191
6581741
6586301
6588081
6604351
6604821
6611741
6620421
6636261
6641621
6647601
6657131
6657631
6671171
6677341
6677921
6679321
6695121
6723151
6732751
6735271
6743421
6743891
6771311
6792881
6796441
6801811
6801871
6808301
6809131
6830531
6831611
6844681
6856511
6868951
6880751
6882711
6906571
6913641
6917611
6918001
6929351
6934911
6937341
6947111
6968111
6984721
6986761
7011261
7011431
7038131
7044181
7044881
7046071
7081891
7125561
7128081
7133671
7136061
7166211
7175661
7179401
7221621
7235211
7235961
7264241
7273571
7281691
7281751
7284031
7291641
7294161
7294331
7299191
7303881
7328701
7334621
7339951
7358431
7373991
7379461
7380331
7417151
7430491
7439371
7451421
7451961
7459551
7500961
7501451
7510541
7525211
7532751
7540461
7546591
7550111
7551551
7553061
7555281
7559281
7560841
7563121
7567871
7569621
7574721
7606001
7622221
7626151
7628151
7631471
7650161
7654151
7658121
7663821
7679931
7687271
7703841
7704701
7708711
7709171
7717821
7726311
7736001
7737121
7737321
7742601
7751071
7764571
7770951
7778391
7778531
7784011
7797381
7810081
7845711
7853871
7853891
7857181
7868361
7869731
7876371
7879801
7908231
7916571
7923131
7929521
7961181
7964811
7967421
7968211
