47244
130444
149807
167705
169492
217047
228748
253940
323521
332699
343974
379523
494402
522830
596167
659560
672965
850714
858555
864853
874726
915591
997522
1116296
1140005
1164359
1167248
1192331
1201621
1311940
1311968
1472628
1478550
1522896
1584313
1634403
1688338
1730685
1781743
1826429
1893312
2028388
2043230
2050286
2230652
2350592
2376614
2418850
2550214
2683536
2790264
2827104
2890414
2960962
3071155
3980791
4020761
4365301
5502861
6071991
6490561
6906571
7092521
7459551
7708711
8799281
9132001
12569421
12625231
13797691
14962591
15671315
15688239
16044785
16124061
16142744
16353691
16444381
20172814
20412073
27122866
27239512
27966128
28094275
29260229
29311548
29623794
29889111
30004405
30007773
30101195
30175088
30204857
30266845
30364261
30369218
30444363
31225367
31313419
31342332
31525614
31861325
31945668
31972954
32123849
32308834
32325098
32539601
32764561
33108783
33152906
33187551
33194995
33292729
33450215
33471284
33738435
33830370
34084520
34085752
34085772
34085804
34085850
34099270
34191713
34261097
34268940
34306039
34387076
34437772
34507751
34524868
34633210
34768668
34855714
34896993
34905277
34936371
35279376
35305339
35376078
35432457
35497249
35522855
35578064
35636973
35658308
35683194
35709810
35757014
35862908
36168038
36295327
36299528
36344827
36368416
36406535
36444626
36538189
36555786
36556814
36625764
36696017
36722553
36742325
36753181
36758975
36762829
36830592
36842978
36856328
36865090
36902282
36902359
36908867
36920436
36933046
36991232
36993647
37012895
37049869
37076955
37094468
37115640
37127078
37127113
37127139
37127283
37174441
37212632
37221599
37248556
37295846
37295891
37295932
37296165
37299366
37322158
37347433
37347777
37379263
37382557
37383739
37499480
37502654
37513675
37513847
37513906
37513937
37514092
37514126
37514173
37516117
37516167
37516194
37516255
37516298
37516337
37516400
37516426
37516467
37516502
37516540
37545051
37551670
37593386
37624508
37631762
37665863
37684601
37701161
37708039
37715574
37725674
37728953
37821367
37836622
37873266
37875284
37928050
37946689
37950741
37958032
37962948
37979101
37979149
38017095
38018690
38061995
38139013
38141504
38202997
38204030
38209809
38233811
38246013
38275042
38298290
38317762
38322629
38325697
38421243
38590644
38594007
38594102
38597149
38631141
38669006
38671488
38671828
38671921
38733844
38858875
38862178
38885985
38962779
38967167
38975800
38987406
39005347
39007267
39054627
39111402
39131207
39137729
39208503
39209504
39214281
39363822
39372167
39461261
39469853
39471235
39819640
39819713
39819805
39820487
39828779
39894049
39894289
39894519
39894752
39931678
40005999
40328496
40437157
40597240
40628210
40628322
40628427
40628524
40628678
40628795
40629054
40629432
40629437
40719291
40969036
41047532
41183815
41192058
41327506
41399161
41412995
41593559
41657338
41689901
41698569
41714204
41739373
41771314
41775610
41775802
41886895
41888186
41892042
41895736
41918758
41919700
41921300
41923563
42741876
42809287
42854446
42855754
42855817
43112331
43112703
43147314
43148989
43149305
43153563
43154792
43952425
44255092
46963482
46988246
47027510
47037583
47137474
