8804791
1013720
44011125
47857021
47940543
43962181
46576248
47646274
47619920
43960829
47389416
47646128
47799520
47880055
40678592
44239137
47176019
47734735
47566579
43951651
43950633
43950272
864315
2994480
3020399
38065482
1563881
1701337
1206396
47616452
39827109
38385633
38022316
1375382
47569242
37506961
42286107
37183393
47521374
47520005
44070277
43953617
43953717
43954433
43954545
47223195
37367732
14505171
44545745
43950123
41576793
41571180
47448912
44029858
44029561
44029300
41286185
2560106
36748465
885936
46907541
47376659
30136276
30283038
833768
47346164
38215952
16652077
44536810
242130
34134004
15789805
35704433
952584
156376
33667720
38204030
46487027
40388727
16692985
40903138
29931219
38254966
38504120
42459643
39645605
44165505
41578923
35867886
954639
46671544
37546190
14522191
38300443
31539488
31759977
16060886
45818068
32462492
3039342
45800673
44238567
15724439
46481292
16050617
37177606
44412070
45113964
45830718
46437028
31880815
46132779
45521473
46006290
46315435
1458875
7595571
37321660
40344160
46314871
46012061
45531017
34714895
42734274
35874337
42084939
2707220
46036754
46196797
44192326
24655228
34174905
37991224
1683427
46067854
44459233
1620752
588088
650034
3373881
45939372
35941718
41018492
33741778
45343032
31887466
1157476
37590878
43076820
43762870
4132931
43740077
45817836
30819324
45941848
33548178
2785044
1228236
40818502
44572569
33132170
4098391
37036907
2864498
1564659
16072171
42586385
34039531
36957144
9134
43885995
31892257
15997048
45573792
45519214
32302017
39608793
37788492
44775968
45437577
45422707
30567215
31471104
44648586
40145129
868144
13797691
34387564
29638879
36370607
32703125
34844519
41234612
44798093
2457274
43016837
3095324
5477351
2267854
31432310
43734740
331032
44182551
41834390
11798
41834161
1146459
34261097
29522105
33292729
42200942
33152906
45127947
11739771
6801871
45107432
3430751
43021651
37297552
42279793
34176815
44789299
16764574
41583566
33317521
45027825
38536854
14938371
31128614
41819191
4808241
11304551
34884676
20329657
44987856
35300210
43686943
39237693
289548
35192754
36538189
11967091
33359260
193832
36425740
19456
226846
36726098
15231521
30664623
37937293
31484816
15583108
2227096
16028388
36496295
5591351
32288681
29824808
36466227
15420311
37043833
1892260
36132341
30696473
40765587
8892541
36161663
11229861
32390084
33832904
36645695
35561457
42440304
33650487
41791843
37061663
44248822
39494336
41170699
41961537
36092519
31880619
34297224
37355927
43184223
33580073
35780906
34481713
42056861
36313076
41929263
44007420
33565098
2722854
33052341
29015921
12128141
44442114
38095687
32752087
44235508
253770
35727758
33967482
38181860
950360
36149962
41648804
41752041
44327396
13825821
38708605
43583238
34243702
36663285
37663102
37609810
33596879
44233189
36936232
8125461
43974325
44022426
36233947
1137147
44228690
1666994
34268940
44203347
1980422
44202734
1368322
31778177
40421756
33455400
37220460
43612058
15797480
37446469
2332404
37693563
38067335
41303431
44145862
44108563
38545678
2145458
37426813
2141954
34475518
44059715
36863105
37649718
36145887
43878019
29047508
43986657
42109306
41270125
35401695
29584654
33015800
1080527
39592726
33888748
29291258
1308611
842380
38677419
38894593
41306593
43972051
2523534
38564339
41514691
42272970
37048405
43956145
36413583
38034973
32816441
37922785
35900387
43916019
31525614
1720131
1349101
32444603
29226796
36727459
1502349
889807
37623667
43821616
33881883
34829884
32133313
5815311
35200183
37754298
35637240
1589279
38870132
32512868
43803536
37413241
38012361
37756277
20181448
31285273
41963216
40465984
32976222
16700869
2710130
36660866
30923646
33004543
32352848
6535071
347700
40328496
32953133
41250206
2811256
31589386
31766278
36586205
41443032
420541
43698619
34470821
34288861
1904670
38894847
17987896
40331625
37191019
9312491
75898
1966870
2630504
34191713
31654607
30849241
20314600
43565942
15754928
37579608
41128286
43610974
36640525
35125821
27925053
2263350
43463012
77617
38553073
1910430
2694846
43548734
43548348
43332102
43533752
42156302
40648907
153989
30149526
35039943
1610361
369059
39604976
34844024
34659333
43422272
36396238
34752346
43172247
43273366
34090369
33119240
32244163
34385049
3421821
42527675
47244
42217844
1397545
32306543
31384084
31314215
40172964
35495855
34836813
28174596
507749
38001692
37586115
32821830
33497839
27940960
16174613
42165840
15624151
35821663
42986642
40397977
30620221
35868840
2389568
737354
33690920
944133
8877
42235052
42747208
36435162
39855206
42253092
42993963
27175597
38099266
41591751
42747319
42116343
40484426
31567807
43236004
130444
35356466
39807286
40714247
34725190
39662514
31024889
39956902
43097358
40374533
20201428
2056794
842663
602551
37028700
3088732
2663722
31124805
43249130
38428368
41959632
2091054
27449548
950759
40116294
35968428
36344279
1228929
39147621
34561206
29798958
43200487
2631490
36166468
40274339
31620
36997516
29533560
1895100
564681
34886224
34947124
30004405
33432979
35555374
10076641
350737
16103773
32355600
39899470
38367511
32362460
37071754
39025684
37174539
2495956
2636336
20302312
267648
39958830
32852520
33062685
10520
39452402
42696903
34840508
1373118
42845180
27717268
27647089
2928098
38564916
3168506
21910489
32784737
230737
43102877
37042692
434343
29965767
42943421
10487
2899692
42809583
40005999
2725904
41363461
42424264
37146733
31699910
5617901
28137
30514259
38531018
37594761
42900919
597881
41386918
43082176
43088536
39300926
34331226
38614688
16018763
29673090
1101788
15667131
39666126
34518288
42662669
436667
37781737
37616095
38987406
43001172
1051286
191777
479987
36385359
10171741
32603445
36588677
14731311
2268970
30369218
37503361
33583715
42499116
42845262
1938174
15386791
32301681
1753661
31866610
2066900
32029613
31780464
76934
4603321
32491420
37642160
27319069
33063760
229746
34282381
8040861
37391952
34397644
65177
8599771
40600747
34021808
42568576
5505101
16169343
35326018
34815842
1899896
1784927
29083128
31548792
41464994
10887981
35324749
39904765
29570863
30518547
6355641
42827427
40638943
29074813
31321106
15652350
38184493
42643524
29923884
2418850
31976226
33150483
34833265
42599980
10988401
37978482
33263363
38285285
629085
27701473
102527
41527614
29099432
39982723
27504061
36437426
42993059
40232644
42465281
31744
1289194
85796
37121970
33796498
40493150
3225457
2365508
1171095
9663681
36449254
2450842
11406731
27550213
41587978
36593749
37928042
41101320
3153572
36863247
37054012
38594007
36035431
33372140
2836326
31854307
36042986
38449349
37303110
1588691
34277316
569094
967541
2714846
41808471
34257005
33740996
14107781
14094211
33020136
36753181
33326226
31061516
41688552
29627411
30388753
31520449
39480855
1389071
39023405
41561606
1169153
37836675
38956917
38534051
41441868
32929368
42667221
24928110
37921378
1454595
1443088
35752524
42104489
740752
2339528
31350064
40956110
39484472
11390321
39595941
35759892
30899600
412971
34533700
1707839
34198542
2851030
37004315
33945504
30741603
308176
31797942
37282818
34029451
42888277
41461680
16464154
1153054
42717123
40357011
26105
34524868
40098197
36247416
36845327
34668616
42065313
27014278
35810978
34314960
42341279
20305636
33247409
27570205
33354865
8133691
1697345
34253782
41511205
34664661
20385562
37313925
555518
34390150
1461746
35783624
718047
29786748
313488
34730060
1143187
3170300
1648582
33233851
32182070
1788769
1550028
39922367
32692179
42496760
38873307
34804432
42845516
1510906
42370667
31932731
42505081
39705607
819604
35141083
37253745
337687
35497249
36703081
34280193
30787405
1898766
40837826
15559015
27884465
32451867
39006234
37665863
7778531
38350148
36991232
2951684
33146438
32322020
32854013
16096515
413470
27404740
38075283
27965453
4615471
1877530
40478260
16347181
36424402
37134045
29534878
1145319
41283546
31951846
2196880
6495561
37815761
5658921
41111279
38912565
38613314
38441833
27733300
7708711
37656844
42029492
30318459
30548901
2943264
2845120
37603651
596167
32206404
2009368
2446644
29832069
8014631
32263125
33211844
38087037
555877
14651811
37554994
10148381
27004852
29637740
35343687
38785498
40448993
38918479
31647125
17360
34511692
34857022
42323046
781926
40982320
29233237
15592030
4628881
38777646
41082955
34202335
37341234
41681349
960766
34313704
32121342
38186614
8116811
722660
38874523
2686198
3172294
2495426
1677987
42177082
32840141
38458859
32895618
42087836
268431
1169395
1430045
11839921
42285443
30551173
13999431
3016297
2658038
1146169
37061920
32761184
2597636
31019806
36288848
37987387
2394508
658145
42808286
12711541
42427561
3201994
31177786
35889893
15862074
16299535
3163170
41593019
30553957
32868740
37499649
38910283
2333358
35365411
31975906
15407291
41505538
41689901
1460367
34196472
31916219
40405701
32370298
41342683
2050286
39386429
41619934
27869484
41663014
37881385
37612113
38182077
15566595
36722553
36749138
40245234
42486927
27768811
39447256
37822533
39360762
15838692
31845531
2434834
41921300
1207492
42156053
35152782
33047022
34285559
30664787
892387
37859556
42742248
10240001
42780295
42165045
33105481
699702
1634403
15706969
34451841
16560763
42032081
32654664
20810700
16231491
41440026
42242382
40517135
1225331
41436636
36569905
42324865
801328
42156241
20172814
32722969
36730561
27123661
40904906
32434075
39374179
2965132
32724057
37555494
36042022
35366575
866939
41399161
347839
39890015
34658632
39054108
40782787
508398
42682454
39498303
15671315
42517300
36148194
35640554
36050
30498899
42291231
2831258
292488
41978460
40551805
42212886
40287750
30732006
38314134
29797490
39853044
39128809
38713696
37070519
23148
33445727
16123375
37672932
41011363
27836164
1794175
31821114
16127809
12410691
1163674
30206340
42010939
30682077
36298228
39432003
37216929
32046340
36846620
1810793
37336002
31962476
614021
36241754
29974671
28040628
41141990
35502663
27901078
2045124
2859156
41856164
34535980
29056394
15815877
40202375
39657995
34354588
41395464
34836135
1537601
32388040
38418267
35376078
31344042
2942492
39007267
16071796
42699716
895632
37094341
37511335
42221463
34321778
39826963
38098591
37234673
38494680
38895289
35008493
33227192
31640025
36279110
39362247
36168038
42502130
40078341
42166324
39011023
29502606
42505469
42377865
37797944
33208975
32960574
34731593
537358
286457
33012343
39931678
35658866
29159283
39249006
33044992
16360258
37848058
1180120
111375
15488901
35811575
39656439
42093911
41459364
1215755
41837022
33957505
32211627
32814547
39657770
42445531
1201332
16098215
36920358
41084166
306743
36746727
37096030
119376
6299361
42726156
41582800
34168714
31316544
41547182
41477852
32299566
39324081
35793405
29268144
37871976
35652721
37855813
15596225
90796
2182600
2944724
42592435
42729759
559985
30791004
301013
6796441
36119661
3118740
38975205
1180900
39969276
1492302
34342257
35586471
37094468
40140241
36582847
36901530
37727399
251442
3053273
39895988
37933037
36434583
