16073157
35599492
45176306
45757654
24980431
44803077
359395
46592628
43236174
40945157
46576248
20263771
37962279
35951610
47871442
42027587
43686943
30161279
42698273
47835931
32478791
38215952
38564339
6647601
39777498
31287507
34951373
37251405
38420098
350046
44519246
497208
1642310
47619495
47643432
27138115
29650066
40464318
46659603
44474780
42301591
30229260
46554512
47368273
47541037
833768
219392
41632851
47448131
47468825
40202215
32676884
37183393
47457041
14505171
47448912
47433838
47439872
46001613
30430820
40328496
47349661
47408424
38504120
34884676
47408097
47365209
41856164
47351929
20172814
6499981
35281191
1563881
28094275
13797691
47324560
45692230
32288741
36643797
47280632
46312370
37698603
34078104
46391960
41110482
47249961
47234878
47188647
41578923
47223195
42629037
47161414
37903429
45525248
31429594
47192103
47185291
559985
42993963
35712328
33874947
47152649
46323667
33604299
885936
16652077
47052924
29931219
47050895
46905883
47020204
40903138
47015874
33012343
47004168
596167
34935669
29590734
32028416
37044983
46803804
954639
33319792
42297858
31721355
15829496
1634403
46549382
46614912
38878809
38579246
36143876
40378894
46315435
37321660
30939722
27941329
33196236
16200290
46137944
35270976
31923832
41537492
43458744
46129756
46128758
39662668
33741778
40818502
34595388
44459233
38153176
34187104
33304216
32741784
42676530
34167983
27520771
45787273
45785482
42880064
45756987
31832168
33292729
45622192
42586385
31734234
36092519
2698598
31538252
42155354
45575711
32302017
2186258
35586471
33106804
34844519
36887514
34561206
15231521
29638879
44442114
43021651
36058595
34811329
289548
34210057
38184493
42584673
36663285
45341403
43335863
45244552
29330354
45253219
31727017
45218678
45109725
34450376
43232487
44937585
34313704
43731372
45075620
34451070
44182551
33823056
193832
35192754
32318929
37007228
30234458
27502039
37873835
44880372
44912477
34769114
44907679
34271915
32597724
33737124
37789181
30477116
10212861
44691363
34017803
31550078
42056861
13999431
32098478
15596225
31119140
27683320
32459102
34856429
35044288
37609810
33047022
31947287
15668079
30508666
37598502
29137284
31426693
38630457
37240553
31220497
32021803
37551899
41681898
44511636
32750914
41941334
27833914
42595006
29233303
30436573
38845853
20425255
44203347
35008493
33565098
44512962
44503128
43589822
36937667
44487748
34521755
33610498
37177773
38254372
37800615
38099266
15543988
35479539
38095687
27968195
38067335
30504474
12128141
36050
43200582
34938920
30201822
32558336
30514259
30672019
38927846
41578172
35542573
37772001
27254881
36018095
31799512
43898062
2566714
41946144
44092272
32820903
33991561
33768574
35262809
33623446
31513049
32377365
30696473
37573558
32444603
31964758
41514691
34571044
38093199
31255056
13800251
34156036
35277072
38152713
27959120
34430318
37681738
41128286
29914122
351192
33536616
32901599
31080061
38784116
37825199
35417834
36972047
27081649
29323526
20206645
32421158
480783
31868776
39758427
32513129
30870594
31452160
29634535
31006690
27836173
36479049
27538462
30999265
11798
31090390
36330119
29872546
35481452
37231549
43420491
32745703
31453422
33304804
42643458
24404997
32274112
36660866
38823095
32710211
41303431
44087121
37441025
43535978
35401790
30167634
29204736
34029339
29755139
34488307
15996864
38141639
41591751
32814547
31244623
35128270
27798646
36295327
39443913
34829884
29946275
35173049
34752860
41930125
34150356
