11798
28137
36050
90796
253770
316755
514070
559985
596167
833768
842663
885936
952584
954639
997522
1029377
1171095
1313728
1335045
1450237
1460367
1564659
1634403
1877530
1975098
2050286
2075004
2157260
2482814
2560106
2630504
2811256
2831258
2917360
2944724
3025051
3039342
3047032
3055894
3153572
5815311
5874361
6299361
6796441
8960311
9312681
10008181
10171791
10275001
10996461
12128141
12211771
13797691
13825821
14244341
14409791
14522191
15324461
15558743
15596225
15671315
15706969
15733761
15756719
16037544
16050617
16052363
16089478
16096515
16150043
16173784
16177147
16377643
16596439
16692985
16718437
20172814
20225155
20314600
20426719
20439565
27030001
27120133
27175597
29093907
29153241
29215490
29310195
29322720
29532581
29821667
29931219
30007773
30206755
30229260
30251532
30305589
30592022
30626734
30896951
31009960
31082834
31140147
31150938
31186911
31205536
31364854
31394077
31448506
31459716
31587444
31641561
31759977
31766278
31775119
31791933
31887466
31990598
32041576
32076915
32159852
32182070
32239777
32244163
32390084
32406594
32433769
32444603
33012343
33015800
33052341
33076770
33439055
33442253
33455400
33470828
33565098
33575657
33596879
33733470
34021836
34030550
34103734
34121606
34185257
34192162
34202335
34203070
34257005
34288861
34438071
34595855
34656089
34705505
34782007
34804432
35002578
35008493
35013717
35024888
35063994
35068946
35153040
35180320
35293985
35322329
35356466
35403426
35411898
35497249
35531087
35540676
35580368
35586471
35739962
35743322
35793405
35921183
35951610
36058595
36092519
36220716
36223368
36292045
36395145
36423018
36509586
36538189
36660866
36722553
36808298
36837338
36845327
36879805
36991232
37043833
37054012
37061663
37071754
37096030
37098117
37111569
37183393
37313925
37361274
37454258
37545051
37609810
37619643
37662354
37672932
37791995
37850681
37855813
37859556
37871689
37881385
37928042
37951232
37987387
38067335
38088613
38095687
38181860
38182077
38215952
38300443
38367196
38470794
38504120
38531018
38579246
38594007
38873307
39007267
39048267
39406531
39517521
39612449
39666126
39688519
40101476
40129893
40144312
40328496
40344160
40465984
40648907
40651444
40735688
40903138
41003588
41014794
41193928
41250206
41398626
41441868
41533789
41645642
41647249
41723789
41748259
41763343
41791843
41856164
41871077
41886838
41899444
42046778
42089141
42271006
42496263
42584673
42592435
42726156
42808286
42811248
42986642
42993963
43104337
43158835
43184223
43376737
43712100
44070277
44165505
44233189
44279975
44283738
44412070
44433327
44442114
44599867
44782872
45184976
45225367
45450183
45521473
45760437
45787273
45818068
45820839
45981674
46001613
46006290
46012061
46025386
46046013
46213120
46226352
46315435
46431669
46479731
46753716
46908782
47188647
47349661
47368273
47378292
47564957
47777095
