39243483
37632996
41629366
32185847
38296369
27896356
47389416
47799520
15988263
45800673
37124606
47491543
40678592
44412070
47176019
30692628
6307291
43494458
33621348
1701337
30348316
47656344
1375382
46301981
15684306
484918
46505586
47458057
44070277
47223195
40202215
14505171
41576793
40442860
31781162
32676884
2560106
47439872
36748465
790656
34884676
38215952
30136276
37220460
41286185
47188647
45692230
35704433
44442352
44442013
44221163
16652077
44231327
37183393
1129624
47027454
964637
33667720
34656089
34664661
40903138
32602742
16692985
34935669
156376
46907541
29931219
46847085
38504120
2831258
35867886
16050617
46671544
37546190
833768
33012343
45391268
46001613
46519065
46132779
514070
39688519
46213120
37451636
41018492
1085145
46448674
45830718
46437028
20551339
36143876
46006290
44851715
46315435
37321660
954639
46314871
34714895
46012061
1130538
45184976
2707220
2574908
39880797
178291
24655228
588088
35941718
46089001
45939372
33548178
1470788
43104337
37639320
38927846
2785044
13825821
43740077
44459233
16072171
4132931
40170971
44572569
37036907
2864498
11508841
39608793
44011098
42938445
1564659
4098391
45739812
45738376
45622192
34039531
41569682
36092519
42586385
45573792
3049907
41856164
3095324
42162600
36887514
20505799
13797691
45316213
438202
44492436
45426599
42584673
37681738
7987711
34844519
34387564
37590878
45343032
32703125
34271915
35021150
29638879
11304551
43734740
41834390
31172637
40735688
32747470
45188944
42200942
45109843
44182551
45158155
6801871
1873720
45127947
45107850
45107432
35300210
34595388
15640419
43021651
35290150
36520210
44798093
41583566
41846285
15231521
289548
44225465
336159
38391762
193832
37093596
43686943
35192754
36538189
15420311
14634791
1892260
34176815
44129259
36466227
37937293
42279793
44283738
3140811
31654607
16764574
40304817
15583108
771064
16028388
42913775
36496295
20329657
35787021
253770
32288681
44214452
38630457
35976020
32133313
36645695
42440304
8892541
41791843
12711881
41170699
41300795
33650487
39747150
31879493
37592484
44513121
32180353
44233189
2581328
1006048
34297224
44442114
33580073
16099995
34243702
44235508
44502841
44007420
38012361
42747000
33565098
34741193
2722854
1146459
33052341
44460727
20390872
44445012
1725046
33731680
12128141
38095687
44203347
44399210
27089110
36132341
31525614
38181860
2427178
29540625
8329381
37609810
44332583
351192
36766421
1368322
36149962
32390084
38594007
42527675
161326
44161077
33455400
36088512
44146627
44171961
43612058
37693563
35712082
36863105
38067335
44145862
44145362
39117598
30650361
37061663
37649718
44020514
44047210
36305051
39853044
41306593
1910430
41514691
43998069
43015700
43956145
36233947
34829884
36413583
3406561
37413241
38531018
32976222
33881883
1146169
37921378
42846722
2117428
2811256
37623667
43821616
38870132
5815311
37754298
64135
10834751
43848409
43803536
38564916
41963216
36248803
43698619
36737005
36777790
31766278
29209923
37191019
36145887
32444603
41533789
32352848
41128286
16126486
35318227
38447743
42468526
15754928
43610974
43500576
35495855
43278562
42156302
43502686
40648907
43150765
43334118
3043392
32244163
42986642
1397545
43384540
38894847
38099266
42235052
735240
42993963
42183391
38001692
972837
37735880
159240
42773177
34725190
41591751
35482588
20201428
33152906
40374533
42697033
41992796
35735993
43233188
2268970
43206431
34886224
986804
43145135
42696903
42696838
43138566
42584748
42545381
42742248
42424488
10171741
759839
16103773
374221
41992267
41386918
38034909
42537231
42536984
42499116
15677319
48114
38285285
40720638
113863
42465494
42993059
37978482
40982320
1699234
42993327
4255031
42925833
37668966
37313925
39895988
42855817
1696371
32182070
1648582
3157764
38182077
34313704
30416368
3055894
42726156
39216844
37933037
1460367
32021803
37881385
9312491
34385049
42464774
90796
35976538
38297191
36582847
42634391
31429594
41547182
41505538
42213000
624175
42625228
33211844
42592435
1112852
757599
42566399
40287750
32175785
38873307
27744820
42549059
1477035
37855813
42504952
26105
35640554
1975098
32546673
41923563
31985691
42448682
27222622
38803386
36180558
950759
15796153
42413569
997522
34288861
41587978
1502349
37146733
34149973
2444046
41003588
38186614
358146
37621218
16059618
42290971
6796441
30472971
42267379
42266974
35366575
15706969
42232579
16089037
1153944
29822520
27380221
36468700
37045120
37672932
39480855
42216798
44886
34804432
672965
33188785
38425091
42197749
38421243
36863247
41099891
20366986
36828046
37096030
42170732
1550028
27899895
15797480
14471931
37871689
35586471
42104489
41511205
41278898
34535980
95485
37739941
916754
29534878
40199202
36573470
8127411
34306039
6769701
39249006
41051127
109672
38910283
106149
102527
35752657
35158730
29122948
3235303
32440920
34110308
36879805
35008493
35773220
318589
41905998
30664787
2721352
31103449
41324465
39927656
41752840
37204727
41290321
38317231
548994
41771314
56181
38553073
2281866
37850681
34705505
39826155
2237666
41879162
41879381
34021836
301225
41894038
41802346
41803207
41804218
41804421
41581934
41879250
39950919
37094341
37474465
39824650
39824396
37665863
5048441
29010733
39824229
39822756
39823387
1716357
41801985
41775802
3153572
35953299
16311931
1210236
16142715
41826197
33250285
41062588
16027022
41763343
41548128
490152
39822000
39821476
39821355
251442
3124904
36335402
22105823
15712337
36494446
41477852
31990598
16000747
41783347
29519541
158131
816865
3056924
29889111
27140497
39820487
2361654
36223368
33015800
31520449
37619643
37103992
41689901
822008
3212051
1628437
40105455
41038108
36344827
9827891
1602445
40493150
30412252
39819805
39819640
20345905
680321
1318353
6906571
531655
2713774
41398214
41041317
39091295
1299557
40974219
36400299
266098
27798700
11406731
15985379
35581430
30288232
16049071
15758936
16033280
20449939
41197966
1930960
16791529
41329606
41683713
41355655
24402492
32372082
41657338
17341
15841200
31103120
37054012
39498303
41665237
207260
2326146
27669598
3018715
41420682
29071738
31797942
2091054
31498417
41582800
2889014
3239187
38142327
38141583
40232211
11183001
29244914
41645642
333869
39327860
2928098
740601
32751493
549311
27453715
2934356
239375
32176103
747359
31974640
1108159
34470821
31932731
225257
28094275
102652
2777970
27581353
1686155
31070973
16035161
2714846
1537864
32004730
34832527
8020801
14192361
33444223
41622781
20150803
27927095
1711920
2698706
32115339
41328885
31370412
34517918
3025051
41030531
5981211
33031869
3031876
3070794
41328519
20385562
7602851
41402330
31319252
29992699
41618715
41327917
36879718
20528335
10404741
8173141
1020055
41399161
761395
837162
31984004
40442018
41613889
39209504
179614
34390150
33076600
3397011
34252666
649469
1156223
2679824
41398626
8310561
38139013
30991327
32142699
29099432
31916219
14536831
15685236
7778531
773529
29787255
328279
34914963
27625771
41280317
35062631
31790986
8987171
1364487
34612882
29810817
847736
30007773
6495561
39662514
32440842
34002836
32647929
787652
17358418
2151646
39760470
1308444
2038076
30595443
31020841
15640848
1651914
41558803
6499981
1692289
32669976
32972159
31983430
2356556
33974599
328626
143486
15710218
16085689
423574
35664782
1310439
36241707
39174653
32491420
173684
40744690
42102
32784737
8000711
38838215
16680160
33945504
147854
15536480
44912
39441752
35193456
20724031
39727390
1572110
29899928
2915040
37967761
2960298
2805746
1938174
32864192
909757
37859556
2380876
29131195
41404396
36593749
1510906
37828117
7038021
904061
8014631
34467855
31387992
34487881
24928110
16169343
30194730
30567215
41291457
491904
8697461
36266626
595215
27884465
1324906
352990
2494990
1402949
33682137
16338631
9942
5361961
2695532
36893526
4615471
23964537
39630604
3055998
31668659
31932042
3044312
2722462
37815761
1013108
40492322
22242426
2010020
37754847
32376022
15838692
478879
32206404
378177
15997185
27886714
10148381
5958551
3010162
35995558
1510276
10487
36853590
11296961
12545151
3039342
1674466
38449349
30548901
2920950
41560738
41461680
1316340
2969690
237605
36660866
1784927
34441974
3598061
32459102
7540461
2317946
36098654
30318459
39931678
385476
1601406
29673090
1575779
725947
32842748
27122866
1899896
32389649
36936232
32301681
973621
455235
3352771
38823095
315870
35180848
40375098
38141639
29192125
65177
20404966
15653768
32016906
2534908
10203601
36449254
1022228
34342257
20271358
2009368
34610234
15471871
555877
555518
11614111
4371741
29914122
37301658
1326480
413470
1577557
2645506
474744
40801268
41552820
41552743
32434075
434321
36292045
36427374
40630452
40582972
33520429
40593918
40595808
41304365
31883705
191158
41452758
85599
29258213
33618340
37003893
187756
36253880
31030722
11277471
36753181
15386791
219392
36583105
38098544
38606502
2715148
41435752
34202335
41291185
34107830
2944724
27957405
514841
3018337
36722553
1449130
326443
136170
627092
36283240
19456
33284661
27175597
41250206
124786
129199
1307225
2443258
4109771
1201572
41379331
143381
39007267
15557473
479987
309205
41349230
37727268
1163954
6486991
11744331
569
34261097
27057838
33199695
130444
1143187
152280
41199637
8031081
1043127
235720
230737
36002724
37756277
37721141
152025
35232232
30369218
1690914
29047613
29226796
33596879
2724988
30598606
48909
2389568
36298704
41279983
34234467
39517521
628860
2673582
41268741
39619156
1111936
32451867
30696473
37234673
120594
608191
37545051
36419931
27644647
32595442
242676
1308678
31875275
33471284
34029339
31367431
37096843
218232
31819967
34323652
524718
10238631
1033820
27761767
780674
1379485
20314600
2228240
2060514
40321320
259587
172609
1476238
117520
33239512
34451070
27646777
34191713
914525
1942238
35912003
27947179
32058019
31849635
16232743
15596225
32722150
29057469
38800942
41060137
32696309
34093885
295776
539692
434713
15558219
1487435
39898749
1410639
39153752
15623990
1245684
2406592
41096713
40398397
76934
11839921
29928965
40134478
7876371
32949699
32302017
36495495
40517135
34246003
35728465
28137
9182171
6947111
356080
11220
2629424
32948146
33490641
29233692
6299361
35658308
27799810
1112602
661509
36780730
35580368
32556030
144735
613087
41063388
29832069
50293
585327
37520551
2188316
31744
1877530
76245
16036066
1619907
516765
1546064
5865071
1449393
27645211
347700
40078303
36625764
29670484
37974411
41033018
39489443
35356466
32421158
1648406
40245234
16610
32184655
37094468
34620632
3071062
617132
39683755
41023720
342128
39926480
35520100
40719291
483115
864952
40582857
2246488
1492302
43925
63856
37296920
15414
39818466
112629
1720131
39829462
38206730
996539
20172814
1231917
33450215
1195626
7659891
285078
39969276
40005999
40719322
33811255
44458
9306301
2781112
33076419
177215
38255422
1783585
39720882
2050286
1699660
29963880
33483985
39360
31394077
842663
39166191
37675919
8438
33168078
2616086
27476845
108944
40990078
30876796
16798735
1582216
27869484
245725
33881532
354956
16464154
3113236
937015
737978
3084278
4416791
30672019
1684998
8519
15814942
283565
32235194
30896737
40593603
20411878
1695917
265732
13446
16174613
243019
40969376
1898766
40177095
158963
31518078
33292729
12096961
15652765
20662
29143388
40973081
123022
33046106
180604
3030417
221748
40971259
260869
101070
29501421
2230652
1080527
37028700
1920280
30283038
2418850
283487
2630504
30732006
20181019
1254215
1030937
10520
27547765
1624178
466974
40629054
9632211
390411
262979
35542573
1906826
6862
1895100
337687
36654419
31548792
40287194
37497003
3118740
37262792
40837826
32377365
31313419
2723410
35390395
16002278
35781052
40714247
40463643
1388395
2408716
36944482
552575
18698
124891
40184958
30725645
1659314
935495
78422
1480870
7853871
1095055
35661016
29946275
31297544
1871184
32752311
1525891
663682
15543377
32854013
37619789
1600243
429187
36479606
37729135
191777
31547520
11429171
641304
40581837
29794300
275127
34098622
37794049
40941950
34934984
20565712
40437157
40347005
36311632
36809558
35128270
38866331
1697345
915984
15543988
34268940
5054
642091
35652721
32628009
917635
13999431
38534051
33470462
1208410
1373118
1065391
39912827
31535856
29831504
417658
32522806
138888
36261291
487840
29755139
30514259
885936
954628
1634403
33333932
35322329
1200324
1472628
7733001
1068500
40280338
32561635
10143731
36094392
31424767
573227
1639228
15726649
2064932
181600
32246575
4720381
32713577
15660477
15996864
15972982
233204
34753512
31301541
2644236
34457060
40921365
1187165
1093826
842198
1549534
15843165
12471661
35567786
55478
36677698
31090390
33681928
36295327
596167
35841731
6720231
1033468
1723820
31854307
29821442
30634854
36644610
39362247
7708711
14731311
29157047
31654812
33187551
36168038
842782
11229861
2845120
787957
3168506
30600093
1171546
1893312
44218
27156520
38233811
29602729
170632
466500
711157
34844369
1386880
9965971
852997
36050
1095896
113973
611709
1857240
36093463
36659701
31882301
301506
1584313
1887414
2452778
129131
151911
14190
31248065
269343
36991232
1232953
2815434
37947145
2618508
6342431
35793405
232353
303699
477713
31029021
507929
35191439
1120639
15640799
83166
5199211
788499
559985
1932870
31296827
12711541
155881
32603445
11798
35497249
27055720
718047
14833
356914
33129874
31298004
36317553
33868748
37522074
32795197
33449
37885598
1446315
29564986
37727399
15671315
2394078
40328496
351166
31805492
907173
34168714
4787421
5658921
757801
10887981
36696017
29523622
31448506
203473
7212251
40398270
31644084
37627586
34896993
29319200
31726532
16031116
37987137
1207725
443387
15210511
37619885
38872920
30856576
944039
