4
14
20
34
45
47
62
193
199
260
315
316
346
358
366
449
508
556
569
570
627
688
698
790
799
823
832
864
877
905
916
941
947
965
992
1004
1011
1048
1063
1067
1074
1094
1096
1103
1111
1125
1176
1198
1204
1208
1220
1234
1372
1405
1417
1446
1503
1548
1564
1608
1700
1711
1726
1731
1783
1784
1932
1957
1992
1994
1997
2125
2134
2142
2149
2157
2292
2302
2375
2385
2549
2577
2601
2629
2646
2686
2749
2759
2789
2795
2806
2833
2859
2864
3061
3078
3103
3146
3200
3219
3255
3263
3341
3372
3376
3483
3583
3643
3919
3924
5054
5288
5396
5411
5486
5568
5793
5823
5829
5834
5844
5968
6031
6036
6062
6086
6289
6403
6513
6542
6556
6588
6622
6640
6679
6686
6698
6719
6796
6857
6859
6862
6922
6951
7052
7064
7372
7497
7627
7711
7832
7935
8006
8068
8121
8161
8166
8203
8242
8326
8412
8438
8519
8626
8632
8681
8684
8833
8852
8887
8957
9082
9134
9240
9279
9497
9608
9611
9657
9742
9939
9942
10004
10074
10081
10151
10186
10199
10307
10370
10463
10483
10487
10500
10520
10523
10545
10911
10912
11064
11065
11096
11101
11220
11264
11301
11455
11515
11560
11604
11798
11834
11849
11858
11898
11949
11999
12097
12148
12176
12394
12445
12485
12574
12590
12693
12924
12991
13083
13085
13291
13306
13401
13446
13469
13481
13524
13540
13552
13768
13779
13788
13792
13817
13821
13924
13929
13979
13993
14064
14190
14234
14335
14357
14507
14509
14577
14641
14797
14833
14976
15307
15414
15418
15423
15450
15487
15500
15542
15563
15684
15704
15748
15877
16079
16128
16239
16610
16623
16811
16892
16938
17014
17038
17069
17246
17341
17365
17504
17646
17647
17700
17783
17875
17910
17916
17920
17924
18128
18227
18288
18326
18653
18698
18921
18978
19021
19408
19456
19677
19783
19800
19928
19957
19985
20043
20145
20217
20262
20347
20510
20605
20662
21228
21345
21392
21452
21672
21673
21685
21985
22287
22614
22714
23070
23556
23820
24025
24369
24392
24434
24518
24551
24651
24731
24819
24978
24985
25231
25280
25342
25423
25431
25872
26105
27123
27405
27679
28137
28548
28693
29420
30094
30187
30265
30467
30983
31254
31364
31517
31712
31744
32004
32595
32631
32664
32770
33133
33449
33780
33937
34103
34244
34263
34530
35410
36050
36483
36983
37057
37096
37210
37425
37514
37555
37594
37613
37712
37787
37851
38013
38120
38242
38357
38482
38708
38866
38949
39041
39277
39283
39360
39403
39493
39510
39621
39791
39813
39840
39993
40084
40481
40700
40913
40978
41197
41226
41344
41363
41403
41428
41625
41724
41773
42102
42280
42459
42616
42629
42636
42819
43059
43073
43138
43300
43709
43858
43925
43958
44218
44458
44886
44912
45769
48114
48909
50293
50582
55478
56181
58007
63856
64135
65177
72545
73744
76245
76773
76934
78422
83166
83440
85599
95485
97997
101070
102527
102652
106149
107218
108944
109672
112629
113973
114164
117520
120594
123022
124519
124786
124891
127079
128693
128988
129131
129199
130444
132013
132137
134768
136170
138888
140075
143381
143486
144735
147854
149916
151911
152025
152280
155881
156958
158131
158963
159240
161326
164577
168310
170632
172609
173684
174094
177215
177273
178291
179614
180604
181600
185739
187756
191158
191777
195104
196989
203473
207260
218232
219392
221748
225257
228216
228748
230192
230737
232353
232586
233204
235720
236575
237605
239375
242676
243019
245725
251442
259587
260869
262979
265732
266098
269343
270968
273217
275127
276167
279153
281074
283487
283565
285078
295776
301506
303699
307850
309205
313141
315870
318325
318589
326443
328279
328626
333869
334318
337687
339390
342128
347700
351166
352990
354956
356080
356914
358146
359395
360832
378177
382119
385476
386197
390411
396108
401743
409638
409948
413470
416787
417534
417658
422836
423574
429187
431274
434321
434713
438202
443387
455235
456881
464428
465257
466245
466500
466974
467699
472852
474493
474744
475864
477678
477713
478879
479987
483115
487840
490152
491825
491904
493536
496660
499036
503802
507929
513193
514841
516765
518994
524718
531655
539692
548994
549311
552575
555518
555877
559985
573227
585327
585769
592937
595215
596167
602298
608191
611709
612944
613087
617132
618487
624175
627092
628860
629850
637781
641304
642091
660093
661509
663682
672965
680321
683092
691098
711157
713850
718047
719993
725947
735240
737978
740601
747359
757801
759839
761395
763417
773529
780674
785917
787652
787957
788499
789336
790656
795056
806722
814974
816865
818278
819730
822008
837162
842198
842663
842782
847736
848461
852997
864952
885936
888799
904061
907173
909757
914525
915984
916233
916754
917635
935495
937015
939520
941387
944039
947142
950759
954628
964637
971174
972837
973621
979013
986804
996539
1009692
1013108
1020055
1022228
1030937
1033468
1033820
1041405
1042038
1043127
1043300
1050384
1056303
1061926
1065391
1068101
1068500
1080527
1093361
1093526
1093826
1095055
1095896
1108159
1110713
1111936
1112602
1112793
1112852
1114032
1120639
1129624
1130538
1143187
1146169
1153944
1156223
1161063
1163954
1169333
1171546
1173977
1187165
1191306
1195626
1200306
1200324
1201572
1207725
1208243
1208410
1210236
1231917
1232953
1245684
1254215
1254662
1284736
1290817
1299557
1307225
1308444
1308678
1310439
1316340
1318353
1324906
1326480
1329482
1329963
1333537
1335777
1364487
1373118
1378629
1379485
1386880
1388395
1397545
1402949
1410639
1413120
1418595
1446315
1449130
1449393
1468439
1472177
1472628
1476238
1477035
1480870
1487435
1488056
1492302
1494985
1502349
1510276
1510906
1525891
1537864
1546064
1549534
1550028
1560395
1562388
1572110
1575779
1577135
1577557
1582216
1584313
1600243
1601406
1602445
1602757
1619907
1624178
1628437
1634403
1639228
1648406
1651622
1651914
1659314
1660808
1672735
1674466
1679010
1679259
1684998
1686155
1688035
1690914
1692289
1695917
1696371
1697345
1698106
1699234
1699660
1711920
1716355
1716357
1720131
1723820
1725046
1725325
1727401
1777143
1783585
1784927
1824303
1857240
1871184
1877530
1885870
1887414
1887560
1893312
1895100
1898766
1899896
1906826
1910376
1920280
1930960
1932870
1938174
1942238
1955610
1964868
2009368
2010020
2037306
2038076
2050286
2060514
2064932
2069390
2081806
2107694
2117428
2151646
2152462
2183848
2188316
2228240
2230652
2237666
2243170
2246488
2281866
2317946
2326146
2356556
2361654
2380876
2389568
2394078
2406592
2408716
2418850
2427178
2443258
2444046
2450842
2452778
2454824
2494990
2496930
2534908
2540084
2593716
2616086
2616396
2618508
2623052
2629424
2630504
2644236
2645506
2647502
2673582
2679824
2680522
2685080
2689610
2695532
2698542
2698598
2698706
2700614
2709952
2713774
2714846
2715148
2717132
2722462
2723410
2724988
2760400
2777970
2781112
2797226
2805746
2815434
2825932
2845120
2866996
2889014
2915040
2920950
2928098
2930718
2934356
2936984
2944724
2960298
2965398
2968688
2988970
3010162
3014848
3018337
3018715
3030417
3031876
3039342
3044312
3055998
3056924
3057703
3070794
3071062
3078840
3084278
3113236
3118740
3148645
3157764
3168506
3194886
3212051
3235303
3239187
3352771
3397011
3406561
3508971
3543401
3598061
4023121
4109771
4371741
4416791
4615471
4720381
4787421
4801121
5199211
5361961
5517731
5593911
5658921
5836331
5865071
5958551
5981211
6004111
6179461
6299361
6307291
6342431
6486991
6495561
6499981
6506101
6720231
6769701
6906571
6934911
6947111
6982121
7038021
7212251
7274681
7451961
7540461
7602851
7659891
7708711
7733001
7778531
7853871
7876371
7987711
8000711
8014631
8020801
8031081
8173141
8310561
8697461
8987171
9093931
9182171
9217711
9306301
9312491
9631601
9632211
9751511
9762931
9827891
9965971
9971331
10143731
10148381
10203601
10238631
10285171
10404741
10834751
10887981
11183001
11229861
11277471
11296961
11395531
11406731
11429171
11501101
11508841
11601241
11614111
11744331
11839921
11967091
12096961
12471661
12545151
12711541
13479141
13797691
13996741
13999431
14192361
14317671
14436431
14536831
14731311
15210511
15386791
15471871
15536480
15542713
15543377
15543988
15557473
15558219
15567923
15596225
15623990
15640799
15640848
15652765
15653768
15660477
15667299
15671315
15674251
15677319
15684279
15684306
15685236
15689438
15691977
15710218
15712337
15726649
15732066
15758936
15814942
15838692
15841200
15843165
15972982
15985379
15996864
15997185
16000747
16002278
16027022
16031116
16033280
16035161
16036066
16049071
16050617
16059618
16085689
16089037
16098625
16103773
16142715
16151259
16169343
16174613
16176366
16198621
16232743
16311931
16338631
16362166
16464154
16570996
16611424
16658716
16672096
16680160
16700869
16726732
16791529
16798735
16805836
17358418
20172814
20181019
20271358
20314600
20345905
20349604
20360218
20385562
20404966
20411878
20435416
20449939
20494795
20510446
20528335
20551339
20565712
20724031
22105823
22242426
23964537
24510306
24728183
24928110
27055720
27057673
27057838
27122866
27140497
27156520
27175597
27191155
27300640
27364117
27380221
27476845
27535054
27547765
27572128
27581353
27625771
27644647
27645211
27646777
27669598
27693565
27716092
27744820
27761767
27798700
27799810
27817105
27869484
27871383
27884465
27886714
27899895
27924403
27927095
27936716
27947179
27947921
27948010
27957405
28094275
29009115
29010733
29047613
29057469
29071738
29099432
29115386
29122948
29131195
29137216
29143388
29157047
29192125
29209923
29211255
29226796
29233692
29244914
29258213
29316968
29319200
29501421
29519541
29523622
29524682
29540625
29543333
29564986
29602729
29615419
29623794
29627710
29640031
29670484
29673090
29755139
29783402
29787255
29794300
29810817
29811414
29821442
29822520
29831504
29832069
29889111
29896022
29899928
29914122
29928965
29946275
29963880
29974805
29992699
30007773
30035407
30100405
30137650
30194730
30200403
30283038
30288232
30318459
30369218
30398408
30412252
30416368
30417170
30472971
30514259
30529092
30529730
30548901
30567215
30595443
30598606
30600093
30610355
30634854
30650361
30672019
30696473
30714370
30725645
30732006
30741603
30769359
30774669
30811497
30856576
30876796
30888557
30896737
30905457
30966509
30991327
31007302
31009306
31020841
31029021
31030722
31070973
31080061
31090390
31103120
31103449
31172140
31208573
31209204
31225367
31248065
31296827
31297544
31298004
31301541
31313419
31319252
31325167
31328625
31367431
31370412
31387992
31394077
31421106
31424767
31429594
31438503
31448506
31498417
31518078
31520449
31525614
31535856
31547520
31548792
31618315
31644084
31649667
31654812
31657505
31668659
31670149
31677098
31701248
31702880
31708083
31726532
31748946
31790986
31797942
31805492
31819967
31833200
31849635
31854307
31870589
31875275
31879493
31882301
31883705
31932042
31932731
31983430
31984004
31990598
32004730
32006956
32016906
32021803
32024633
32044938
32058019
32066927
32090868
32113963
32115339
32140582
32142699
32175785
32176103
32184655
32206404
32225730
32235194
32246575
32301681
32302017
32351827
32354751
32356926
32372082
32376022
32377365
32387580
32389649
32421158
32434075
32440842
32440920
32451867
32459102
32461768
32468744
32491420
32522806
32546673
32556030
32561635
32595442
32598762
32603445
32608410
32627258
32628009
32647929
32659721
32669976
32670966
32696309
32713577
32722150
32751493
32752311
32760407
32764561
32781955
32784165
32784737
32795197
32842748
32854013
32864192
32926201
32948146
32949699
32972159
32977660
33008051
33031869
33046106
33076419
33076600
33109104
33129874
33168078
33187551
33194995
33199695
33228745
33232042
33235967
33239512
33250285
33263363
33283858
33284661
33292729
33298750
33305492
33309671
33333932
33435398
33444223
33450215
33470462
33471284
33481426
33483985
33486639
33490641
33520429
33566600
33596879
33618340
33621348
33654851
33679974
33681928
33682137
33760108
33787840
33797837
33800868
33811255
33865243
33868748
33877604
33880576
33881532
33919978
33945504
33974599
34002836
34029339
34031594
34093885
34098622
34107830
34110308
34111873
34149973
34168714
34191713
34202335
34234467
34246003
34247152
34252666
34261097
34268940
34276158
34276313
34286160
34306039
34323652
34342257
34351998
34352584
34385049
34390150
34397062
34441974
34451070
34457060
34460855
34467855
34487881
34491726
34517918
34518288
34550642
34568280
34610234
34612882
34620632
34692249
34708704
34751894
34753512
34758540
34804853
34810623
34832527
34834093
34841031
34844369
34886149
34896993
34904284
34914963
34934984
34962766
34967416
34968620
35008493
35062631
35128270
35150691
35160006
35180848
35181107
35191439
35193456
35232232
35248700
35322329
35344346
35356466
35390395
35474705
35482588
35497249
35520100
35542573
35561856
35567786
35575209
35580368
35581430
35608300
35621839
35652721
35658308
35661016
35662793
35664782
35712214
35728465
35735993
35752657
35773220
35781052
35793405
35810817
35817341
35841731
35848169
35852827
35884107
35912003
35919792
35950803
35953299
35983367
35995558
36002724
36069276
36076994
36087710
36093463
36094392
36098654
36124425
36168038
36241707
36248803
36253880
36255166
36261291
36266626
36283240
36292045
36295327
36295363
36298704
36305051
36311632
36317553
36335402
36385033
36409577
36419931
36427374
36432575
36449254
36459912
36468700
36479606
36495495
36562156
36583105
36593749
36598186
36625764
36644610
36654419
36659701
36660866
36677698
36683093
36696017
36722553
36740013
36753181
36776160
36777790
36780730
36809558
36824816
36829241
36834514
36840295
36853590
36893526
36897030
36917886
36936232
36944482
36946195
36957144
36991232
36994750
37003893
37011633
37028700
37049881
37084520
37093596
37094468
37096843
37112442
37124780
37140982
37149222
37162530
37234673
37235630
37262792
37282818
37296920
37301658
37314712
37333304
37434264
37497003
37501878
37520551
37522074
37533355
37545051
37610865
37619789
37619885
37621218
37627586
37632416
37675919
37713901
37721141
37722725
37727268
37727399
37729135
37735880
37739941
37754847
37756277
37780538
37794049
37794168
37815761
37828117
37859556
37867869
37867880
37867891
37867899
37885598
37931738
37946689
37947145
37967761
37974411
37987137
37996609
38001707
38005776
38013686
38019472
38036474
38045466
38065711
38069802
38098544
38122272
38130465
38139013
38141202
38141279
38141639
38206730
38233811
38255422
38266435
38269887
38297191
38312805
38421243
38427001
38449349
38534051
38542453
38554398
38569814
38572070
38594007
38594102
38599048
38606502
38611701
38630457
38650663
38675289
38675506
38722056
38741818
38742662
38800942
38823095
38838215
38851691
38858875
38866331
38872920
38873114
38888464
38891358
38894760
38934022
38975800
38982036
39007267
39038511
39091295
39128817
39153752
39153930
39154021
39154171
39154241
39166191
39182663
39209504
39224496
39237136
39237284
39362247
39382974
39442196
39446260
39489443
39517521
39619156
39630604
39662514
39683755
39692938
39701575
39701896
39702245
39708990
39720882
39724360
39727390
39760470
39763350
39764835
39818466
39829462
39847808
39874133
39877574
39890437
39893020
39894752
39898749
39912827
39922367
39926480
39926997
39927137
39931678
39934097
39950919
39969276
40005999
40009391
40051455
40078303
40100470
40100517
40100557
40100679
40105455
40110741
40111834
40115871
40134478
40135953
40136399
40149134
40152491
40157713
40157784
40160743
40177095
40181940
40184958
40190658
40191071
40201770
40232026
40232211
40232227
40236796
40245234
40245640
40247806
40272459
40280338
40284429
40287194
40304814
40306869
40321320
40328496
40339666
40342718
40347005
40369823
40370993
40375098
40395009
40398270
40398397
40402193
40407480
40408601
40410943
40426713
40427020
40428152
40437157
40442018
40463643
40466259
40492322
40495750
40514753
40517135
40525796
40581837
40582857
40582972
40587167
40587234
40588562
40593603
40593918
40595808
40596747
40597911
40607418
40613368
40627866
40628591
40629054
40630452
40631775
40648907
40663369
40678789
40679063
40714247
40719291
40719322
40724820
40735088
40742829
40744690
40767870
40771290
40774354
40775397
40778201
40779712
40801268
40818891
40824191
40824239
40827975
40837826
40856231
40865490
40889898
40902727
40904810
40906795
40921365
40941950
40960544
40969376
40971259
40973081
40990078
40990236
40992969
40995859
41006765
41018585
41023720
41030531
41033018
41038108
41039652
41060137
41062021
41062588
41063388
41093354
41096713
41099891
41145511
41171392
41197966
41198288
41199637
41207821
41250206
41251909
41252828
41259673
41268741
41279669
41279983
41287051
41291185
41291457
41291798
41292521
41293452
41304365
41326446
41329665
41349230
41350388
41360562
41379331
41404396
41408955
41411126
41412995
41420682
41426007
41430233
41435752
41452758
41461680
41520160
41522467
41552743
41552820
