40755081
484918
38215952
16652077
37183393
34664661
40903138
16692985
156376
2831258
35867886
46671544
833768
954639
43376737
41018492
37321660
46012061
45939372
37590878
40818502
39608793
1564659
34039531
3095324
42162600
43021651
13797691
29638879
42584673
193832
38095687
289548
45027825
7540461
771064
16028388
44442114
33565098
29338490
41791843
44007420
43184223
36132341
38181860
41961537
32390084
37609810
38067335
22536208
38594007
44147799
33455400
42993963
5815311
31766278
21457542
34725190
1477035
38099266
42986642
23650846
32244163
43097358
40374533
37071754
41505538
30518547
34202335
38285285
38182077
34313704
130444
1460367
38186614
42726156
42699716
41547182
42213000
42592435
6796441
37855813
38803386
997522
37054012
37871689
31278966
37045120
37850681
37094341
42104489
32795197
37262792
35586471
35008493
30664787
33618340
38910283
36879805
34021836
37619643
41802346
32406594
41763343
1295513
41689901
41398214
41645642
41420682
37545051
41582800
30004405
34470821
3025051
41613889
41398626
649469
36722553
41430233
38777646
31030722
11277471
36583105
38606502
27175597
41250206
36753181
15557473
39007267
33046106
40287750
10887981
27057838
35497249
326443
37721141
7708711
34268940
33596879
34042846
39931678
37234673
40627321
1619907
2394508
842663
32522806
20314600
41171392
33239512
33848599
34191713
32058019
31367431
38800942
40648907
32898206
34151490
40865490
40328496
39153752
24127490
15623990
35640554
33232042
40280338
32949699
31070973
40517135
28137
35027686
6299361
35658308
36780730
35580368
1080527
32713577
37836622
36625764
36479606
39489443
1895100
35356466
37094468
2723410
39683755
29900950
39818466
39829462
23880474
2660376
33142648
20172814
30444363
40719322
36050
2050286
21281591
32804432
32547426
37947145
39166191
30161279
40437157
40370993
596167
2534908
37885598
38823095
885936
37773542
40347005
36096891
34277316
35566901
35322329
40969376
36969040
33811255
37794049
38866331
36295327
15596225
35291467
33292729
16002278
1373118
33681928
37541334
21614119
5658921
33187551
37294857
221748
40971259
37296920
33471284
16031116
522830
32263125
24397137
36093463
32031508
1584313
2630504
1634403
1932870
15459021
1877530
2815434
33129874
36991232
31726532
13999431
559985
15671315
37727399
35376078
27122866
27645211
11798
24804214
36317553
1324906
37452015
31448506
40398270
38233811
32875814
23179751
33374580
37001434
30369218
31644084
31546437
24655228
