11798
15414
18698
22287
22714
32856
36050
49543
54844
57894
63378
73646
76245
90057
103588
113019
115986
130558
136233
139524
140734
151220
151683
151964
154501
161682
169492
173682
186936
190265
194293
195907
204536
206023
210025
210802
215334
220111
221748
222023
227988
228748
237608
239407
256478
266244
303456
305373
311546
311616
316564
323960
333446
334086
336159
343312
347094
347700
348152
359544
361418
365595
380600
394656
405111
405660
405839
416907
420967
441231
453899
465701
472220
475762
484719
485069
504244
505580
511876
519332
520156
529690
534766
548413
556726
559985
563150
570541
596167
602954
609676
623985
627916
645058
660093
672965
682400
699252
701506
716217
716805
719993
748487
777737
785722
786242
833768
862877
865669
869966
876911
883730
893058
921471
960345
988994
1055958
1080527
1083680
1088701
1102101
1144857
1152603
1153722
1179002
1193685
1210030
1211732
1222244
1229021
1229659
1233127
1255710
1256231
1258414
1260206
1277444
1284736
1300309
1303699
1305024
1314686
1317718
1329820
1337316
1357931
1384829
1390419
1430907
1433323
1456039
1478550
1481358
1492302
1499067
1503461
1525502
1535619
1546483
1548843
1584313
1608931
1622920
1629777
1634403
1659508
1661822
1688338
1689143
1800507
1821025
1831164
1874454
1877530
1883812
1888084
1892126
1893828
1912404
1942238
2050286
2061274
2137272
2205364
2222796
2251142
2258160
2265710
2286774
2534908
2537372
2550754
2583872
2593716
2597636
2630504
2635494
2679824
2680522
2689222
2811256
2822734
2831556
2847232
2855444
2866462
2878056
2904584
2904740
2920504
3014848
3036211
3056700
3075940
3077638
3120110
3145901
3164091
3168506
3200665
3212248
3226353
3363801
3476181
3566931
3729551
3805061
3870741
4132931
4151861
4207451
4255031
4339531
5944871
6010471
6184071
6299361
6447571
6490561
6691411
6860401
6940511
7090751
7211261
7224011
8530541
8799281
9347051
9627621
10887981
11928401
11938861
12146511
12654551
13776041
13928581
15550759
15596225
15621488
15706969
15797480
16115955
16117810
16127809
16174613
16189237
16214943
16221737
16384288
16507216
16597486
16798735
20172814
20261668
20363731
20407729
27089110
27115486
27169909
27320329
27817105
27871006
27884465
27890078
27915393
27934138
27955328
27966128
27966529
29030326
29057564
29119110
29155833
29167874
29172065
29196716
29245920
29253832
29539863
29794300
29819655
29896640
30007773
30033586
30100217
30101195
30161279
30311231
30444363
30445940
30498621
30538921
30600093
30657041
30687768
30850620
30914159
30962287
30973933
31009306
31030756
31120081
31179030
31189392
31213066
31225367
31254865
31294642
31313419
31353623
31367811
31377144
31378252
31379456
31404463
31405041
31421106
31423211
31426274
31448506
31571358
31587658
31649667
31656728
31684917
31730990
31739698
31786910
31819967
31995113
32043628
32082736
32130725
32181306
32217369
32224897
32301946
32353250
32389844
32394927
32478036
32522806
32677299
32694873
32716706
32742777
32825687
32853698
32897665
32948146
32949699
32961416
32976923
33046106
33108783
33152906
33156596
33194995
33228745
33232042
33288057
33292729
33379984
33403565
33471284
33493428
33552908
33553623
33596879
33619076
33738435
33811255
33868748
33919978
33943829
34059219
34099270
34101977
34104567
34202335
34245809
34268940
34281340
34297224
34306039
34385049
34460855
34462993
34524652
34535980
34548976
34596016
34664661
34680259
34794561
34854916
34934984
34936371
35019422
35039943
35106960
35126382
35126475
35192754
35258030
35260907
35310144
35310219
35313339
35322264
35322329
35356466
35378469
35431180
35468502
35482588
35490899
35580368
35584892
35641278
35652243
35652721
35658308
35700308
35708812
35753583
35755669
35757014
35793405
35810371
35810769
35810800
35811302
35811379
35896778
35961748
35978977
35983367
35997913
36042226
36052637
36077410
36092519
36124522
36139327
36148068
36152472
36156630
36212713
36221420
36228861
36242782
36253880
36265175
36292045
36299528
36363602
36409309
36556814
36559919
36583105
36625764
36654419
36696017
36719575
36722553
36742325
36749107
36753181
36838004
36865090
36937450
36991232
37041530
37043833
37045120
37054012
37076955
37104031
37148431
37150861
37212632
37221599
37234673
37262792
37289646
37296920
37425820
37501878
37516314
37545051
37580198
37593386
37624508
37684601
37701161
37722812
37725674
37779628
37783796
37794049
37857312
37864378
37867891
37873266
37885598
37910913
37930916
37962948
37989779
37991224
37992647
37993205
38017095
38033330
38042215
38053082
38061995
38091745
38134135
38141504
38146830
38146950
38146992
38147073
38147294
38147425
38147479
38151428
38204030
38219123
38227790
38233811
38236337
38246013
38300443
38353535
38421243
38424129
38426012
38538968
38546417
38594102
38622085
38630457
38631141
38640178
38661234
38662155
38662648
38663449
38669006
38677204
38677300
38677674
38852139
38852205
38861356
38862178
38885654
38888464
38962779
38972322
38972428
38972874
38987674
39164742
39206715
39219898
39407638
39442196
39596864
39597855
39598059
39598827
39666126
39701575
39701825
39701896
39702002
39703539
39704064
39826347
39890437
39892986
39898749
39969276
39978456
40272866
40274153
40275505
40280338
40328496
40347005
40405551
40865490
41250206
41428590
41569682
42538580
42734274
43884592
44442114
44549923
45288716
46006290
