40574364
43158835
36413583
46689782
41399936
35951610
44070277
38215952
42027587
35322329
47752079
31781162
46328525
33567901
30136276
47698924
39410289
34951373
29027196
41350753
44599867
38538968
39140353
45803840
46659603
34268940
35520100
47427344
2238228
32676884
37183393
39362247
30430820
40328496
46477152
833768
869561
41856164
33298365
28094275
47318977
3020399
47227341
41110482
47188647
47223195
24655228
28137
47172457
41578923
35949017
41285607
45002913
34439726
30283038
31421106
37590878
42297858
36677803
11967091
16652077
33887023
46132779
36058595
45760437
2864498
1200306
885936
47018601
38141274
13999431
39880797
46670601
34039531
596167
34664661
33667720
40903138
41367194
30664623
31797942
33012343
16073157
26105
3190499
32685060
785703
1398529
16692985
29931219
45023377
46770543
42405041
38504120
44425546
45479234
46752967
34288861
45227760
46694091
38254966
45379431
46752747
31641561
46749877
44165505
35867886
38181860
39645605
32638739
35356466
13797691
43791882
43060808
34161684
44235508
46001613
35857284
35870138
31660678
45802257
38002155
20172814
46153013
45908079
36253880
36660866
6299361
45184976
33052341
514070
35580368
45715724
35008493
45525248
37061663
42811248
1634403
46437645
1877530
954639
119376
2050286
46425603
789336
16050617
38594007
42046778
29541566
11798
41283546
46213112
46379939
46378985
45391268
952584
350737
559985
38095687
32222579
36050
39243483
36957144
185778
