9134
11798
17321
26105
36050
39450
68971
75898
88966
157910
166602
180604
190954
253770
289548
347700
350046
350737
351192
359395
396927
400322
413515
423574
429966
454122
514070
549368
559985
569993
585384
588088
589941
596167
602538
675509
772947
776180
781716
785703
831528
859357
907078
930146
954639
998536
1007746
1018173
1036937
1051286
1085145
1136020
1176411
1180900
1181507
1183427
1187734
1251955
1313728
1329506
1333083
1368810
1392545
1447995
1458835
1460367
1470788
1493839
1537768
1564659
1582540
1634403
1682811
1737201
1796237
1873720
1892260
1898930
1993354
2050286
2082128
2238228
2429876
2450842
2574908
2707220
2724988
2729330
2795598
2864498
2940804
2955762
2990378
3032431
3115912
3494671
3670151
3931101
4132931
4232141
6314531
6455781
7158451
7179401
8188801
8892541
9965971
10325951
10400551
11229861
11304551
11967091
12715361
13797691
13935221
14026241
14350631
14382921
14642661
15293811
15517331
15571125
15615189
15623990
15640419
15640799
15671315
15789805
16050617
16113739
16652077
16692985
18032854
20163121
20172814
24655228
27093694
27128602
27231073
27326674
29015921
29072050
29099846
29127118
29145300
29163642
29241296
29564986
29638879
29777439
29802461
29931219
30283038
30348316
30692628
30712294
30917191
31007302
31032137
31082396
31172140
31251565
31264380
31448506
31654607
31660678
31670543
31766278
31797942
31887466
31904885
32001709
32023809
32029613
32046663
32185847
32221815
32290947
32390084
32408277
32496812
32516956
32595977
32775498
33012343
33076938
33106804
33152906
33292729
33327964
33461345
33520429
33548178
33565098
33583715
33597645
33657373
33667720
33671938
33682517
33718512
33721731
33741778
33788293
33864894
34039531
34059576
34074992
34176815
34243702
34261097
34268940
34315187
34373689
34387564
34439726
34520336
34607339
34702735
34753197
34766731
34815842
34844519
34853053
34867697
34886224
34934517
34935669
35008493
35021150
35180320
35182649
35192754
35199195
35294013
35300210
35462867
35580368
35600879
35703455
35709810
35829902
35867886
35941718
36092519
36162187
36358059
36392766
36405493
36436287
36448300
36464174
36466227
36496295
36515417
36544939
36548223
36557501
36578450
36638973
36660866
36726098
36766421
36808298
36818350
36863105
36879618
36919501
36954591
36957144
36964504
37036907
37043833
37061663
37096030
37127115
37149222
37183068
37183393
37220460
37314712
37321660
37546190
37639320
37679126
37748639
37787672
37937240
37937293
37939823
37962279
37987137
37987387
38139462
38181860
38182077
38218070
38218223
38252875
38302428
38385633
38502299
38504120
38538968
38594007
38667277
38768672
38894593
38987320
39155143
39209504
39243483
39455306
39458854
39508887
39608793
39645605
39880797
40023910
40101476
40304817
40479611
40498342
40574364
40663165
40668999
40755081
40765587
40772045
40902096
40903138
41018492
41099041
41196633
41464994
41583566
41834390
41846285
41856164
41871077
41998150
42027587
42065309
42157258
42172914
42173059
42200942
42218055
42297858
42473008
42581711
42584673
42586385
42734274
42775176
42811248
42880339
42913775
42970899
43016837
43076820
43077956
43236174
43291768
43348474
43390741
43458771
43494458
43547493
43686943
43726966
43734740
43740077
43853811
43891028
43891961
43947541
44027486
44163777
44182551
44214452
44220531
44233189
44235508
44238567
44265267
44269315
44270317
44279975
44412070
44415429
44442169
44457819
44459233
44513121
44572569
44652948
44714844
44851114
44851715
44900121
44902260
44944707
44957931
45055193
45055722
45107432
45107850
45158155
45303557
45343032
45348917
45380219
45467915
45471556
45479448
45516540
45525248
45531017
45573792
45596405
45773803
45818068
46001613
46006290
46089001
46132621
46132779
46133173
46140724
46196797
46208977
46277367
46302587
46437028
46473934
46481292
46487027
46519065
46578483
46585159
46592628
46719510
46738063
46811360
46877593
46877709
46885838
46907541
46910152
46926713
46928913
46937386
46957817
46972263
46991491
47018001
47018112
47061639
47177102
47183125
47389416
47491543
47505555
47523972
47551612
47593530
47632571
47643906
47653635
47663542
47664735
47692480
47717659
47720550
47799520
47833542
47833716
47834641
47842542
47865553
47925338
47935124
47949810
47958105
