50365
52403
72077
94578
124021
124112
130422
135841
155957
200114
285392
291676
293360
293823
298777
301578
309686
312027
321507
324506
354921
374901
386530
395537
405194
406967
429187
442890
448086
474266
515942
520353
530487
532388
535401
557471
559985
564634
586176
596167
600355
704624
710617
767613
775902
789861
793787
802035
807297
829009
857771
961339
975165
1000920
1029322
1034379
1070734
1134473
1171095
1172857
1176635
1207925
1245670
1248644
1265463
1271633
1292435
1313728
1335595
1348614
1373117
1400590
1408541
1409942
1426450
1430045
1441214
1445367
1501458
1505563
1548815
1565203
1579928
1632346
1642310
1686752
1694198
1782509
1795051
1845748
1860504
1902868
1949488
2028236
2038830
2070976
2123332
2129266
2223560
2297994
2327210
2345840
2359830
2412222
2432312
2433762
2443288
2617164
2679296
2696110
2703310
2730436
2750538
2831258
2832632
2871598
3026463
3059623
3074426
3074674
3124904
3133191
3320221
4014831
4484741
5062931
5931981
6376841
6676751
7741121
7820531
8209711
8283481
8620191
8697201
8941921
9194001
9449081
9533641
9874161
9926201
9964961
12194661
12382921
13797691
14049321
14157751
14505171
15062741
15537469
15577685
15596225
15669026
15977999
16073157
16652077
16798735
20172814
20258869
20263285
20319658
20378002
27147124
27211354
27231115
27251110
27363235
27442969
27722032
27765871
27893034
29030104
29078247
29104797
29201097
29207041
29511097
29534449
29552144
29638879
29650066
30029323
30168158
30333783
30470012
30785076
30902134
30912109
30983847
31113701
31236442
31449194
31693795
31697164
31750948
31754004
31799875
31985691
31988577
32130723
32174227
32280161
32561635
32614406
32685060
32703498
33047561
33049419
33374454
33468346
33589764
33958048
34033128
34039531
34143865
34193904
34283320
34341499
34370273
34390441
34393523
34439726
34443780
34515467
34673770
34702153
34875187
34926296
34934772
35008493
35017723
35045645
35349796
35586471
35651472
35664241
35878322
35906528
36058595
36142896
37183393
37222377
37619225
37809441
37919024
38494340
38504120
38997624
40328496
41587978
42363200
43158835
44165505
44519246
45068262
45525248
45803840
46132621
47411493
47442894
47527882
47606246
