36050
124519
127079
142862
147072
182460
218373
275428
339390
350737
361367
418756
420967
514070
559985
592937
596167
613345
659933
691098
790656
819730
833768
853534
854738
859357
885936
904061
917635
929531
954639
986818
1002557
1014302
1200306
1294039
1298648
1313728
1393088
1433568
1604359
1634403
1681501
1747505
1784641
1796693
1910376
2020832
2050286
2142170
2269306
2326728
2704510
2756024
2771294
2825932
2833210
2864498
2988970
3028447
3157764
3187241
3190499
3706211
4045281
6004111
6299361
8292911
8988411
10271821
11967091
13797691
13825821
14036451
15231521
15640419
15652765
15700661
16050617
16068181
16073157
16432171
16586800
16652077
16794937
20163121
20163223
20172814
20329657
20399395
27373033
27962017
28094275
29330355
29524682
29541566
29902611
29931219
30008136
30136276
30283038
30430820
30664623
31140147
31248312
31298004
31641561
31660678
31887466
31962476
32103335
32419639
32444603
32561872
32624709
32653535
32676884
32924305
32976222
33008968
33012343
33052341
33285919
33292729
33472377
33609538
33644001
33881532
34039531
34136822
34288861
34323577
34351925
34602390
34642816
34643835
34664661
34798706
34844519
35008493
35114356
35200183
35309271
35347656
35356466
35586471
35949017
36142566
36253880
36261291
36331681
36341680
36344827
36401953
36409577
36419931
36748465
36783488
36859743
37054012
37061663
37112442
37114482
37183393
37296762
37296920
37321660
37350815
37425820
37451636
37575659
37575793
37590878
37623069
37930916
38095687
38215952
38502299
38504120
38538968
38539709
39139537
39155143
39195144
39645605
39683755
40168236
40212040
40328496
40597911
40707352
40818502
40903138
41283546
41285607
41356491
41359295
41578923
41856164
41975804
42146838
42173059
42256677
42297858
42468526
42493854
42494820
42531162
42789606
43060808
43184223
43199861
44165505
44270317
44433601
44492436
44599867
44716053
44953686
45002913
45184976
45316213
45343698
45384166
45384221
45424770
45426599
45426859
45437577
45787273
45817609
45817836
45830718
45865577
45876116
46001613
46002168
46073472
46132779
46133800
46213120
46279408
46292964
46315435
46383124
46429776
46487027
46489649
46513151
46529439
46529463
46529570
46529681
46529709
46530204
46531118
46531170
46531466
46533121
46752163
46760637
46836701
46907305
46957122
46962220
46969039
46972263
47019371
47022912
47026973
47027510
47092466
47137474
47139913
47141319
47167119
47171837
47178196
47178996
47188455
47188647
47189365
47191392
47217989
47223195
47226796
47230914
47335870
47378292
47387143
47392486
47407658
47417343
47439523
47439729
47452882
47454089
