4
10
11
12
13
14
15
16
17
18
20
21
22
23
24
25
26
27
28
29
31
32
33
34
35
36
37
38
39
40
41
42
47
48
49
50
53
62
63
65
66
72
73
76
85
89
96
99
106
107
111
112
114
136
138
141
154
193
260
688
1111
1564
1735
5054
5793
5844
6679
7185
7372
7877
8412
8438
8877
8885
9134
9267
10004
10074
10377
10483
10487
10912
11301
11670
11798
11829
11876
11996
11999
12097
12574
13540
13779
13855
14190
14509
15414
17321
18635
19412
19456
19677
21372
21672
23207
26105
28137
30983
31744
32664
32666
33133
36050
37057
39450
39663
42102
42825
43027
43171
43344
43925
44013
44325
44897
46959
48909
50293
51607
51905
53111
54844
55188
56267
56965
58238
59790
62697
63399
63647
63856
63959
64016
65062
67707
68971
72082
74955
76692
76773
76934
77617
79361
80627
80717
81747
83166
83777
90796
90839
93171
93640
95476
102354
102527
105164
105648
108944
112135
112629
113863
113897
113918
114164
115280
115345
118123
118569
121030
122012
122801
123022
128693
129131
129199
129329
130444
130558
132137
134423
135120
136864
137796
139713
140953
141659
141708
142145
143486
143563
144453
144676
144735
145609
145769
147072
149070
149574
150765
151503
151922
151964
153160
153329
154448
154501
155035
155881
156376
157250
157357
157910
165184
165933
169492
171342
178291
180604
181052
185739
190954
191158
191777
193372
193832
195008
202451
204906
206534
213629
214999
218232
219392
219504
224460
224686
225618
225989
228748
230737
232588
232727
234439
235720
236289
237161
240316
242556
245725
249796
249879
251217
251371
252225
253770
254666
256652
258630
261496
262103
262979
265732
273579
279202
283487
283565
285317
286780
289548
289554
291249
291830
295776
298954
301013
302905
303456
306442
306743
308916
309048
309123
310165
311546
313667
316755
316929
317032
319171
321346
321868
326035
326496
331561
332862
335288
336159
342128
347700
348705
348832
349866
350046
350737
351192
351307
351757
355980
356080
356914
357778
359395
362019
367859
370225
370967
377897
383284
385607
388335
399222
400322
406610
408654
408993
410330
412454
413339
413515
413700
420967
421456
422025
429867
429966
432625
440114
442140
450607
450619
454122
458106
458271
461128
467145
467946
471278
475774
476092
477713
479987
480783
482095
483945
484918
487215
487840
488833
497208
499787
502382
502799
503204
503417
507929
511876
514070
522670
522830
529402
531655
538094
538842
538948
539692
540439
544729
549368
552174
552245
555518
559179
559985
560401
562927
563430
563972
564812
569993
570506
571983
572517
573099
573227
579403
585962
588088
589942
590634
590798
591264
591497
596167
597881
599906
600355
602538
604329
607104
608698
612213
620403
620444
625677
627356
633694
638020
638725
640680
646319
650034
650445
651530
652340
655533
657789
663461
663682
666103
672965
675509
690071
696554
697526
699702
702533
715756
719993
723052
736954
737660
740929
743460
744855
749226
753758
754161
757599
757801
761552
764211
771064
772947
775272
776180
780771
781268
785703
787957
789336
790656
794097
794293
794996
804235
811513
814659
817669
825239
826460
830056
831528
833768
837162
842198
842380
842663
843392
844785
847736
856287
857179
859042
859357
860436
861232
864853
866948
868438
869561
870226
873902
881352
885936
886367
889383
892535
905759
906568
907173
922703
930744
947815
950759
952584
954506
954639
955412
956700
966416
968015
975165
977729
979013
984388
985567
986947
987929
988328
993088
997522
998536
1000050
1000103
1006048
1007746
1008866
1018173
1022228
1022861
1027920
1029377
1032946
1033468
1033820
1035163
1044324
1054091
1055997
1056519
1068008
1072650
1075290
1080527
1083680
1085145
1088437
1092136
1093526
1097728
1110420
1112708
1120639
1132949
1133670
1134513
1134642
1136020
1140447
1146169
1146459
1154796
1169153
1169531
1169568
1170875
1171095
1179613
1180900
1183427
1183892
1194427
1195626
1200306
1201332
1201621
1223633
1225331
1225514
1228529
1236224
1242418
1245684
1246984
1251873
1251955
1254662
1254889
1255710
1281900
1284048
1289194
1293750
1310332
1310439
1313728
1324906
1333083
1339787
1339967
1348603
1349101
1354597
1364487
1364938
1366361
1368322
1368810
1369502
1373118
1380427
1382548
1385151
1412537
1430045
1435856
1440338
1443982
1445832
1450237
1451909
1458835
1458875
1460367
1461358
1467486
1470788
1471513
1472430
1474421
1477035
1478550
1488056
1493839
1495148
1500327
1501012
1502356
1507511
1508454
1510906
1511330
1513401
1515190
1517084
1518211
1534380
1537283
1537768
1538897
1548136
1550107
1555852
1557713
1563881
1564659
1565687
1566188
1571432
1571790
1571867
1573474
1574114
1575466
1575779
1578106
1582216
1582540
1587327
1589060
1589279
1600110
1607903
1608618
1615461
1619557
1621375
1624178
1624504
1630966
1634403
1636454
1636716
1638457
1638840
1639228
1642155
1642310
1644196
1657358
1661700
1666542
1672026
1672546
1679010
1682811
1683427
1684998
1691013
1692677
1695917
1696371
1696844
1701337
1703035
1706767
1707084
1707839
1718135
1729134
1738537
1741663
1748193
1755543
1759595
1761167
1766941
1768405
1788769
1794175
1795591
1796237
1805535
1818663
1834812
1845046
1849402
1857240
1860176
1873720
1877530
1880300
1887414
1889774
1889862
1892260
1895100
1895246
1898766
1898930
1903292
1909080
1909724
1910430
1923328
1924516
1932138
1932870
1934362
1940432
1942238
1952070
1964526
1972562
1975098
1993354
1994290
2009368
2015590
2015776
2022582
2029812
2038076
2041152
2044570
2044694
2050286
2066900
2086172
2091054
2125416
2136142
2141954
2142876
2144976
2145458
2151646
2157384
2175660
2186258
2190572
2196880
2204776
2205364
2215016
2219624
2226414
2227096
2229176
2230652
2234476
2238228
2257932
2267696
2268970
2274000
2280808
2291928
2295436
2317890
2324744
2332348
2334606
2365508
2380752
2392872
2394078
2394508
2418850
2429876
2450842
2462972
2465208
2474340
2474458
2474860
2505654
2508696
2534908
2550436
2557612
2560106
2567778
2568744
2573946
2574794
2574908
2581328
2614862
2618508
2620788
2621356
2630504
2631490
2636336
2660376
2661640
2668778
2689610
2694846
2707220
2713774
2716774
2722462
2722854
2723410
2724988
2728334
2744810
2756024
2757018
2766262
2777454
2785044
2790348
2795598
2798020
2798602
2811256
2815434
2831258
2837734
2851182
2861564
2864498
2867696
2871618
2882012
2890140
2940804
2944986
2955500
2955762
2981972
2988830
2993962
2994480
2995484
3001406
3010000
3012008
3014848
3020399
3022921
3024310
3024929
3025051
3025588
3025749
3032431
3034532
3039134
3039342
3041085
3043392
3049907
3050151
3055894
3063756
3065870
3075476
3076087
3083950
3092941
3095324
3095369
3100942
3105081
3109509
3117636
3118740
3119605
3122373
3124052
3126954
3133376
3134643
3136011
3140811
3153275
3153411
3163170
3168506
3170300
3171265
3172294
3172424
3178636
3190499
3202184
3212248
3226353
3235457
3315701
3373881
3387621
3430751
3536441
3576381
3664281
3670151
3684401
3775021
3803671
3812551
3823561
3931101
3961461
4008431
4045281
4056571
4075961
4098391
4100271
4132931
4137871
4232141
4255031
4311591
4371741
4464111
4492701
4704611
4719401
4720381
4745831
4768471
4801071
4803181
4917821
4981411
4993381
5033551
5045391
5109041
5216031
5287711
5316611
5375001
5416941
5460651
5477351
5580171
5617901
5658921
5666771
5788381
5815311
5891051
6002901
6286601
6299361
6307291
6314531
6328601
6370871
6373591
6441261
6455781
6486991
6490561
6495561
6499981
6529121
6569771
6586301
6604351
6604821
6647601
6654481
6796441
6906571
7011261
7049211
7086231
7125561
7128081
7154901
7158451
7179401
7220461
7406441
7532751
7540461
7546591
7552111
7595571
7659891
7708711
7733001
7764571
7783511
7843741
7876371
7916571
7942951
7985671
8188801
8329381
8431361
8458681
8504761
8507811
8599771
8604821
8620191
8768181
8859801
8871361
8892541
8896231
8960031
9035721
9117261
9172831
9347051
9361461
9504571
9701681
9724811
9945651
9961841
9965971
10020731
10171741
10171791
10298341
10400551
10441301
10559921
10694991
10794301
10887981
11229861
11272311
11277471
11296961
11508841
11535031
11553101
11614111
11621411
11829551
11967091
12064581
12111721
12128141
12187991
12204791
12289271
12410691
12469781
12478751
12656501
12693151
12711881
12715361
12783121
12844151
13741421
13797691
13825821
13959421
13999431
14026241
14028151
14046131
14072271
14094211
14099171
14126761
14213341
14317671
14331111
14350631
14382921
14449321
14464261
14503411
14505171
14522191
14634791
14658981
14731311
14788301
14859201
14871071
14938371
15099071
15102371
15108091
15137361
15231521
15238601
15386791
15407291
15420311
15459021
15538457
15557473
15569913
15574434
15578934
15582766
15583108
15587234
15596225
15611881
15615189
15623990
15631017
15640419
15640799
15652350
15652765
15671315
15674567
15684306
15684676
15689438
15692059
15701888
15706158
15706969
15707110
15720647
15724439
15724838
15729279
15750046
15751396
15763159
15771729
15789805
15794652
15797557
15799268
15816217
15818758
15822613
15834143
15839074
15843165
15938450
15965138
15968056
15972982
15988020
15990622
15994618
15996864
16000747
16011232
16028388
16030160
16031067
16031116
16035161
16037073
16044663
16047736
16050617
16054127
16067006
16069225
16069970
16072171
16073157
16083992
16084020
16089037
16096191
16099995
16103358
16105336
16105854
16109080
16113739
16117522
16119574
16123375
16137460
16158500
16166620
16167469
16169343
16169562
16174613
16198435
16200157
16202778
16210973
16213182
16281223
16333990
16353691
16360258
16365565
16369510
16389685
16404949
16430257
16432171
16457329
16463851
16478077
16499668
16507216
16575364
16600822
16642348
16652077
16683925
16692985
16695088
16710268
16741120
16764574
16786798
16791529
20114968
20172814
20201428
20223091
20310952
20314600
20316166
20328433
20329657
20366206
20390872
20411878
20426323
20435623
20445427
20448532
20478610
20505799
20508721
20543008
20548858
20551219
20555602
20810700
21463242
22242426
22647238
22659442
22890204
23179751
23906682
24470165
24655228
27004822
27022555
27092449
27093694
27115000
27119470
27123661
27126532
27128578
27138115
27158524
27181903
27182938
27233215
27239512
27247861
27275434
27300640
27332995
27345721
27364744
27397057
27401893
27453715
27468427
27474610
27481207
27544747
27547765
27571639
27581353
27583600
27625771
27645211
27649561
27681226
27684526
27719479
27730573
27765025
27784066
27797506
27799810
27823636
27831985
27861880
27869484
27871383
27876262
27880042
27881758
27887242
27888568
27889049
27896356
27913213
27928495
27937298
27962017
27963076
27963330
27965453
27966128
27970421
28094275
29000216
29004482
29015921
29027196
29027299
29047171
29065021
29072050
29076414
29077421
29078196
29083128
29094601
29099199
29099432
29099846
29122409
29127118
29129925
29131195
29145300
29159992
29170535
29216657
29221194
29222399
29226796
29231377
29241296
29266950
29290019
29300262
29317550
29323571
29501552
29526143
29532581
29534878
29541566
29561077
29564986
29570863
29572803
29574106
29579428
29583888
29584654
29596609
29612157
29616322
29632585
29638879
29639158
29649316
29650066
29653756
29659327
29663232
29670537
29753835
29777439
29783635
29786748
29787255
29797490
29810412
29810817
29811681
29813854
29815920
29821975
29833472
29876391
29887929
29889111
29899928
29902611
29925408
29931219
29954711
29966206
30007773
30008136
30031760
30101195
30118060
30136276
30149526
30151239
30161279
30167634
30171681
30194730
30199458
30204857
30205043
30206755
30229260
30242089
30244965
30251532
30262906
30280713
30282901
30283038
30291452
30317077
30333472
30336008
30348316
30369218
30398408
30410782
30418201
30418299
30430820
30444363
30479845
30534608
30547307
30551173
30551620
30553957
30560271
30567215
30586476
30600093
30629942
30639903
30642217
30650361
30664623
30680058
30682077
30689179
30692628
30696473
30717800
30736887
30739720
30767096
30767445
30787053
30790382
30811539
30832553
30850436
30852887
30854756
30872093
30872897
30899600
30902134
30903420
30905246
30917191
30920027
30932782
30935981
30949407
31007302
31008489
31009306
31009960
31011116
31020335
31020841
31024889
31030137
31049200
31063177
31065768
31070973
31079851
31082396
31082953
31084605
31107057
31120081
31128614
31135906
31140124
31140147
31170808
31172140
31172637
31205188
31209204
31215547
31219844
31234166
31248009
31248065
31253909
31255056
31264380
31287507
31296827
31311518
31317053
31317582
31318660
31319252
31321106
31326340
31328671
31338676
31365504
31366253
31367431
31372272
31394077
31398394
31408319
31409774
31414309
31421106
31432310
31443615
31446665
31448506
31472094
31474582
31478315
31478552
31484816
31498417
31500572
31512952
31513049
31520449
31525614
31534848
31539488
31540271
31546437
31560489
31560932
31562293
31563728
31594832
31606957
31623338
31631768
31641561
31644084
31649667
31651113
31654607
31656728
31660678
31668659
31675925
31677098
31682030
31683324
31720491
31727017
31729428
31746630
31747800
31759977
31766278
31773402
31781162
31785692
31790986
31797942
31805492
31811199
31811984
31833200
31849635
31856030
31880815
31882301
31883705
31887466
31887697
31887735
31897817
31904885
31905511
31906263
31916219
31918971
31923832
31925269
31943119
31948211
31974640
31988181
32001709
32013038
32023809
32029613
32041576
32043445
32044124
32091568
32097641
32121342
32124275
32130725
32133313
32133689
32139827
32141726
32176103
32182070
32183085
32185847
32198539
32198828
32198988
32209267
32221815
32222388
32244163
32260606
32272739
32288681
32300368
32302017
32306543
32316612
32325098
32333011
32350297
32352848
32361220
32362460
32370155
32370298
32376022
32389844
32390084
32390437
32393997
32403046
32406594
32409459
32410289
32419639
32430037
32433769
32434218
32437808
32440842
32444603
32448260
32454918
32482095
32487050
32496812
32510395
32512868
32516956
32522806
32525768
32527440
32540078
32547426
32556030
32556320
32560799
32561562
32561635
32580326
32586285
32595977
32602679
32602742
32603445
32612141
32620597
32622629
32625132
32636782
32638739
32649855
32653535
32676884
32685060
32689351
32699705
32703125
32705368
32718041
32722484
32724775
32747470
32749326
32752311
32761555
32775498
32775926
32781955
32804997
32816893
32859159
32903380
32927554
32949699
32976222
33008968
33012343
33015800
33028865
33028937
33046106
33046825
33052341
33054806
33061919
33072830
33085387
33106804
33108783
33114324
33117158
33128903
33132170
33146438
33149140
33150806
33152906
33156596
33182533
33187551
33188785
33194995
33196227
33208975
33211102
33232042
33244267
33250285
33258697
33263363
33278126
33279450
33281892
33292729
33298365
33306125
33306221
33307262
33307638
33359260
33364333
33372429
33375253
33430228
33432979
33433065
33433912
33434295
33445727
33450215
33453663
33455400
33461345
33467222
33471284
33481426
33497839
33518320
33520429
33537616
33548178
33564612
33565098
33567901
33580073
33580409
33591923
33596879
33597645
33605464
33610498
33614426
33618340
33620027
33650487
33667720
33671938
33679974
33718512
33719282
33719411
33721731
33726393
33726771
33731680
33738390
33740996
33741778
33748078
33755892
33780078
33786471
33794146
33807494
33811255
33816330
33821919
33823716
33843176
33860932
33864894
33876379
33876697
33877176
33877527
33877604
33878360
33880811
33881883
33885428
33887023
33897158
33900379
33931346
33945504
33949447
33956771
33958611
33997138
34013172
34021836
34039531
34059576
34074480
34083253
34092648
34093276
34110308
34116230
34130437
34134004
34149952
34161633
34165800
34168362
34176815
34191636
34196472
34200672
34202335
34232185
34243702
34244102
34251417
34256015
34257553
34257982
34260520
34261097
34268940
34271915
34282381
34285559
34285713
34288861
34297033
34297224
34306039
34313704
34315187
34321778
34325794
34334606
34341137
34352584
34374004
34384448
34385049
34387564
34390150
34395888
34397644
34439726
34450292
34466369
34470821
34475518
34491726
34498386
34498981
34506808
34511692
34519834
34528170
34548203
34548976
34549154
34550986
34573480
34580834
34595388
34595855
34597884
34610234
34623214
34651665
34654025
34656089
34664661
34673542
34676343
34686544
34693922
34702735
34705505
34708704
34714895
34723667
34725190
34726732
34730060
34741193
34744119
34753197
34756906
34759938
34761440
34803208
34804432
34815842
34819729
34828223
34829884
34840697
34844369
34844519
34850744
34853053
34854332
34854916
34856429
34857022
34867697
34868094
34884676
34886224
34931179
34934517
34935669
34963301
35008493
35017071
35021150
35024888
35039943
35041140
35046363
35049478
35068344
35090321
35100975
35106960
35108622
35110826
35124946
35128270
35134764
35180320
35180848
35182649
35191439
35192754
35206587
35208076
35241545
35244434
35257421
35276844
35278912
35283189
35289124
35290150
35293985
35300210
35309271
35310219
35322329
35332354
35356466
35378469
35388257
35390395
35407403
35414919
35417620
35417834
35425599
35445722
35450311
35454432
35455309
35470032
35480995
35481401
35491226
35491893
35497249
35505555
35511833
35520100
35551110
35561457
35567786
35577790
35580368
35586471
35597765
35599985
35600879
35601687
35613147
35617157
35621769
35637240
35638474
35640554
35648534
35652424
35652721
35654053
35658308
35669250
35703455
35704433
35707061
35710369
35710686
35733175
35735993
35743226
35743322
35755127
35756611
35762054
35776140
35776862
35787021
35793405
35816075
35817341
35821663
35826714
35834054
35841731
35848891
35849191
35854170
35857256
35857284
35859219
35864069
35867886
35870138
35874337
35875426
35875830
35877616
35895277
35906528
35919792
35935521
35935601
35941718
35949017
35951610
35959134
35969597
35976020
35981618
35986072
36039555
36040285
36042986
36055964
36058595
36076994
36080478
36092519
36092838
36094392
36105711
36109407
36117710
36119661
36123906
36132341
36142896
36145829
36145887
36149962
36161663
36167527
36168038
36174982
36177229
36180558
36180595
36198175
36199759
36200075
36203306
36213874
36223368
36230720
36233947
36239950
36247416
36253880
36261291
36266626
36267057
36270805
36274227
36274489
36276701
36288848
36295327
36298228
36299528
36303628
36304422
36313076
36317553
36320428
36331681
36333586
36341680
36342408
36351009
36353300
36353935
36355207
36358059
36370538
36375907
36386163
36386885
36392766
36400299
36402740
36405493
36409572
36413583
36421773
36432575
36466227
36468700
36474796
36477621
36479606
36482773
36485470
36495495
36496295
36504922
36509586
36513805
36515417
36517155
36523232
36524396
36538189
36556814
36557501
36561605
36566001
36566912
36568691
36569450
36573686
36576341
36578450
36583105
36614161
36614252
36622363
36625764
36633842
36637954
36639468
36643797
36645695
36650218
36653644
36654419
36659701
36660866
36663285
36665980
36674859
36677803
36682596
36685101
36696017
36705075
36722553
36726098
36730561
36733157
36745623
36746727
36747329
36748465
36749107
36753181
36762392
36766421
36775060
36775132
36775529
36777790
36783488
36792599
36804885
36808298
36824816
36826146
36828046
36838596
36846620
36851315
36859743
36863105
36865090
36879718
36879805
36881448
36887514
36900036
36901530
36912670
36919396
36919501
36934797
36937146
36947166
36947262
36954591
36957144
36964504
36991232
36992274
36995972
37003893
37005980
37011633
37012756
37016653
37020281
37023570
37027429
37028700
37036907
37043833
37045120
37048405
37054012
37055960
37058800
37061663
37070519
37071754
37075133
37076955
37078428
37094468
37095337
37096030
37098117
37103833
37111569
37112442
37114482
37114522
37123750
37124606
37127115
37140982
37141018
37146733
37150861
37162171
37162530
37174539
37177606
37183393
37191019
37191067
37199454
37208712
37218092
37220460
37224976
37228149
37234673
37251405
37253745
37270043
37273877
37282818
37290276
37292563
37295966
37296122
37296920
37297552
37299172
37299366
37313925
37314712
37321660
37322158
37340658
37350815
37355927
37361145
37365283
37374584
37391952
37413241
37418291
37418504
37422961
37425820
37426813
37433288
37436558
37445627
37445882
37451636
37452015
37460392
37461354
37467782
37474465
37477497
37512420
37518532
37520186
37522074
37525145
37545051
37546005
37546190
37550336
37580198
37583211
37583643
37588115
37590878
37593386
37594761
37603651
37603730
37609810
37619643
37623667
37624508
37624871
37638400
37639320
37642160
37649021
37649449
37649718
37656045
37663535
37667091
37668966
37672932
37673632
37674286
37684601
37690739
37701161
37712691
37722812
37723536
37725674
37727633
37736681
37741202
37748639
37750044
37751400
37754298
37756277
37758960
37761769
37775536
37775650
37787672
37788492
37794049
37809441
37815761
37820613
37832306
37835801
37842897
37847929
37850681
37855813
37855931
37859556
37869714
37871689
37871739
37871976
37881385
37885530
37887801
37921378
37927004
37928042
37929828
37930916
37937240
37937293
37938416
37938734
37950741
37950767
37951232
37962279
37978482
37987137
37987387
37992647
37993205
38000457
38001692
38002155
38010354
38012361
38017095
38022316
38025506
38032583
38036381
38037858
38065482
38067335
38084248
38087037
38095687
38099266
38104917
38121509
38121701
38127848
38136722
38139462
38141504
38141639
38153176
38170666
38181860
38182077
38186614
38186706
38188975
38189050
38193439
38194308
38204030
38215952
38218070
38218223
38233811
38239400
38246013
38252875
38254966
38255710
38273490
38282085
38284073
38296369
38300443
38302428
38339964
38358689
38378876
38385633
38388777
38391762
38404594
38410490
38410704
38413069
38420098
38421243
38441833
38447743
38459912
38468690
38493267
38502299
38504120
38508273
38531018
38533717
38535689
38538728
38538968
38545678
38546252
38547419
38564916
38565443
38566770
38579246
38580835
38593543
38594007
38594102
38606502
38611319
38621689
38622085
38630457
38631141
38637515
38640178
38648240
38659844
38669006
38678207
38708605
38713696
38726359
38747840
38751106
38753165
38767706
38796319
38800942
38836103
38850077
38856816
38858875
38860749
38862178
38866331
38870132
38873307
38887000
38894593
38894847
38907515
38910283
38912565
38921637
38923186
38927846
38933575
38945241
38957184
38962779
38975205
38987674
38997259
39007267
39011023
39012655
39022392
39039170
39056349
39072259
39118454
39125648
39128817
39139537
39140353
39147621
39149585
39150735
39155143
39166191
39202466
39203082
39206715
39243483
39249006
39253729
39325124
39327860
39336136
39359241
39360762
39362243
39391346
39406531
39410289
39423203
39432003
39442196
39446734
39469361
39471098
39480855
39493094
39498303
39535400
39536893
39539062
39545839
39584269
39594122
39608793
39623249
39644011
39645605
39648620
39662668
39666126
39672592
39683755
39685860
39688519
39692938
39708990
39709609
39715419
39719010
39747150
39760422
39761054
39807286
39808500
39823387
39825738
39826347
39827109
39853044
39859222
39874516
39877621
39880797
39886727
39889486
39889644
39892594
39895988
39899470
39914632
39931678
39946181
39963370
39969276
40023910
40033263
40041746
40090747
40097591
40101476
40125266
40127134
40137289
40144312
40149813
40152266
40157713
40157784
40158083
40168236
40182447
40183722
40202215
40218556
40225654
40244676
40286802
40287750
40304817
40328496
40344160
40347005
40363561
40374533
40375098
40376269
40388727
40398270
40409819
40421756
40464318
40479611
40517135
40538385
40562679
40574364
40595838
40596747
40600923
40611069
40630452
40636150
40638943
40640270
40648907
40653131
40655771
40680602
40688911
40701193
40703703
40704817
40708147
40720638
40723201
40724820
40730287
40735688
40755081
40765587
40771680
40772045
40784818
40814290
40818502
40818891
40827416
40841626
40852884
40865490
40875351
40877485
40878503
40902096
40903138
40908765
40940986
40945157
40969376
40976240
40982067
40982320
40990078
40990236
40991499
40997679
41003588
41007236
41011363
41018492
41023720
41030531
41046728
41064061
41080787
41093354
41103846
41110482
41110867
41145511
41170699
41172101
41213338
41234612
41250206
41265174
41266356
41268741
41283546
41284833
41285607
41300795
41305994
41306593
41324465
41349230
41350753
41351953
41359295
41363461
41367194
41386918
41398012
41399161
41399936
41416708
41429084
41429684
41436722
41441868
41452758
41464994
41474719
41477852
41505538
41507229
41514691
41547182
41552743
41552820
41569682
41578923
41582800
41587978
41591751
41593559
41593843
41600761
41611890
41615480
41618615
41622579
41632851
41645642
41660094
41661858
41669770
41689901
41714204
41731753
41752041
41763343
41777543
41785821
41791843
41818793
41819191
41834390
41835338
41856164
41864342
41870536
41871077
41905998
41928997
41961537
41963216
41985646
41992563
42027587
42032081
42046778
42056861
42084939
42089141
42104489
42116343
42150444
42157258
42162600
42168267
42173059
42177082
42197749
42200942
42212886
42213061
42214974
42230726
42251486
42279793
42297177
42297858
42314463
42315412
42329757
42341279
42370667
42373885
42405041
42425241
42425397
42425580
42425764
42440304
42447539
42468315
42468526
42473008
42493097
42520168
42521535
42532721
42537305
42551688
42554160
42559624
42560032
42568576
42569603
42581711
42584673
42586385
42592435
42599602
42600140
42615572
42624021
42634391
42662669
42673553
42691754
42698273
42698420
42698502
42723564
42726156
42731418
42734274
42742458
42744699
42774864
42777602
42779955
42811248
42814603
42846508
42847742
42849987
42852451
42872167
42876052
42880339
42896238
42913775
42914761
42929614
42970899
42986642
42993273
42993963
43001894
43016837
43021651
43033878
43044654
43057309
43060808
43065481
43076820
43077186
43078019
43088536
43096306
43102385
43104337
43111418
43112703
43137707
43145135
43158835
43172247
43184223
43200487
43206733
43221649
43222751
43234802
43236174
43253587
43273366
43325047
43332102
43343138
43343894
43348474
43361093
43376737
43383305
43390374
43413766
43453841
43456314
43458771
43462365
43471503
43494458
43500576
43535373
43535873
43535978
43547493
43553478
43563980
43565942
43597266
43601805
43608312
43610478
43612058
43680919
43686943
43698619
43701102
43712100
43726966
43727521
43734740
43740077
43760470
43762390
43762870
43803536
43821616
43829295
43847832
43855044
43868759
43876331
43878019
43882475
43885995
43887655
43890577
43891028
43894753
43905654
43923609
43924687
43940988
43947541
43952949
43956641
43959310
43973375
44002156
44002493
44003248
44007420
44011125
44011738
44011887
44019246
44020514
44022837
44027486
44030022
44070277
44077883
44081214
44085570
44110573
44114714
44125296
44129259
44138952
44144004
44165505
44167080
44169385
44180414
44181773
44182551
44186802
44189667
44192326
44214452
44214748
44219091
44223052
44225465
44231662
44231697
44233189
44235508
44238567
44239137
44265267
44279975
44283738
44285321
44298062
44324824
44338476
44399210
44406483
44412070
44430385
44433601
44433865
44441525
44441567
44441639
44441695
44442072
44442114
44451964
44459233
44465942
44469761
44474780
44502841
44503863
44513121
44519246
44536810
44545745
44549364
44566600
44572569
44599867
44606767
44621843
44643776
44648586
44662622
44686439
44717279
44724275
44729966
44730652
44747247
44752682
44754418
44758691
44766777
44775968
44782872
44789299
44798093
44803077
44807056
44815756
44838960
44851114
44851715
44863496
44890658
44901037
44902124
44902260
44909512
44911373
44935421
44937028
44953686
44955861
44957853
44957931
44965526
44967214
44978239
45002913
45006365
45007213
45007706
45009792
45023377
45025690
45030226
45076958
45082986
45084328
45107432
45107850
45109725
45113964
45132026
45140431
45142387
45158155
45176306
45184352
45184976
45205418
45210371
45214309
45214657
45214839
45215023
45225367
45227449
45227760
45235954
45239781
45253219
45262319
45272125
45273880
45288716
45297853
45303065
45316213
45343032
45348917
45367544
45383269
45384326
45391268
45400694
45410408
45435960
45437577
45450183
45459052
45462678
45471359
45471556
45472699
45472865
45490374
45505081
45510587
45516540
45519214
45521473
45523925
45524839
45525248
45531017
45542671
45543273
45553162
45555458
45555468
45558296
45564515
45574745
45574977
45575711
45587233
45587754
45589383
45609863
45622192
45626922
45639247
45663081
45671028
45692230
45692734
45702702
45715724
45715796
45715971
45751041
45755862
45756365
45756987
45757654
45760294
45760437
45760737
45770796
45770929
45773803
45780548
45785289
45787273
45789566
45800673
45803840
45811143
45813267
45816942
45817609
45818068
45820839
45830718
45833528
45865577
45883866
45896058
45900523
45917637
45947284
45962927
45981674
45984961
45986956
46001613
46001729
46002168
46006290
46012061
46012759
46025386
46034804
46046013
46055891
46067854
46089001
46091660
46099706
46119721
46122518
46132621
46132779
46133173
46140584
46149233
46153013
46173759
46186358
46186765
46194282
46208977
46212896
46213120
46216072
46216789
46219823
46226352
46238314
46245577
46258121
46258510
46258807
46269091
46278897
46279408
46287249
46301843
46302587
46312370
46314871
46315435
46323667
46328212
46328326
46337786
46345088
46346458
46365487
46378985
46383124
46388705
46390048
46393156
46402932
46409715
46419476
46419811
46420212
46424470
46425603
46429479
46429776
46431669
46437028
46437274
46441158
46441283
46441307
46441989
46453821
46454010
46460529
46462044
46463231
46465268
46471799
46473934
46476068
46479731
46481292
46482869
46487027
46490987
46492982
46498865
46498885
46498974
46499017
46499043
46499067
46499104
46499138
46499169
46499197
46499308
46499344
46499426
46499921
46499955
46499986
46500005
46500028
46500125
46500147
46500161
46500180
46500193
46500222
46500264
46500289
46500319
46500335
46501547
46504632
46505586
46507888
46514375
46517772
46519065
46528273
46528285
46528308
46528325
46528342
46528363
46528371
46528393
46528415
46528845
46528860
46529348
46529364
46529377
46529386
46529404
46529418
46529439
46529463
46529570
46529681
46529709
46529783
46531118
46531170
46533128
46537646
46537850
46539243
46540812
46546063
46554512
46564196
46576248
46576641
46578483
46592628
46594008
46611537
46619169
46632286
46635654
46643607
46647708
46659603
46671544
46674708
46677500
46687273
46689782
46692857
46698715
46711477
46716354
46719510
46724568
46734922
46736256
46738063
46750391
46752967
46753016
46755081
46793178
46795141
46908782
46939557
46950649
46957122
46964809
46969039
46972263
46989502
47004401
47019456
47020892
47022469
47022912
47032040
47054439
47061639
47101780
47122833
47131837
47139913
47140209
47152649
47153504
47167119
47176019
47177102
47183125
47185038
47185291
47186337
47188647
47192419
47193351
47206111
47221767
47223195
47227341
47234878
47249961
47253962
47280314
47283880
47287944
47318977
47324560
47338444
47346164
47349661
47351895
47351929
47358620
47365209
47366808
47368273
47376659
47389416
47392880
47397569
47397948
47408097
47411493
47414616
47417343
47426681
47427344
47440558
47450512
47452640
47454089
47454267
47459659
47470333
47473590
47477154
47478439
47482793
47484822
47487031
47491543
47496356
47508580
47516299
47516831
47519240
47520005
47523972
47527882
47529210
47531399
47559898
47564957
47565670
47566404
47567430
47569242
47583656
47586890
47588578
47590413
47593968
47596117
47596371
47602163
47603769
47606246
47610242
47616452
47621182
47628530
47630757
47643906
47651446
47653635
47656344
47656494
47658877
47663542
47663974
47664735
47665460
47698924
47705390
47717548
47726522
47728664
47729792
47734735
47736866
47738794
47752079
47752135
47777095
47778906
47788452
47789018
47789456
47799520
47809115
47814088
47823900
47835931
47838291
47842542
47846790
47854978
47857021
47861889
47871442
47892769
47914269
47940543
