41285607
36413583
40678592
30692628
47389416
1571432
32676884
38215952
833768
30136276
29931219
33667720
34664661
30283038
40903138
16692985
39645605
38254966
34714895
1555317
37546190
954639
44412070
42046778
45830718
46006290
37321660
13825821
40818502
29638879
43016837
34039531
1564659
32444603
37036907
45719378
41569682
29887929
8892541
34387564
13797691
42200942
42584673
34176815
20390872
44007420
193832
45107850
15640419
35290150
289548
29004482
41846285
38391762
35192754
33650487
1892260
14634791
15583108
16028388
771064
15231521
20329657
31525614
34271915
36161663
434713
41791843
41170699
16099995
44549923
36149962
33565098
38012361
44442114
38095687
27089110
44233189
37609810
32390084
44206841
38894847
43612058
44146627
44168690
44141251
44140778
44139241
44085511
44085570
39853044
44020514
41514691
34306039
5815311
43698619
347700
31766278
20314600
15754928
34313704
1895100
43502686
42986642
41084166
32244163
43390374
43376751
42993963
38001692
42747208
35482588
37642160
39480855
38182077
34202335
42537231
1460367
38285285
41587978
42465394
40437157
42726156
37933037
42699716
41547182
130444
42634391
41505538
32183085
3989901
42213000
90796
37855813
42592435
42595421
42556317
42549059
10887981
2811256
31985691
950759
42435268
42413569
997522
42311020
6796441
42267379
34804432
42266974
412971
27175597
29534878
37850681
37871689
42104489
37096030
42170732
35586471
28137
7708711
42125646
42101987
41655329
2091054
35757014
36879805
35008493
39692938
41752840
41477852
39969276
41879381
31421106
30527052
37094341
32406594
40273095
15671315
34466402
33015800
39823387
32246575
3153572
41051127
16027022
37061663
39822000
37631762
41783347
41763343
37619643
37626759
34021836
1295513
41714204
6906571
1310439
41398214
32376022
32603445
36400299
41657338
31589386
235720
41197966
41683713
36253880
41618405
39498303
37624508
29071738
37545051
41645642
35497249
32302017
30004405
27453715
38594007
32074879
34470821
41329665
41622781
3025051
36494446
885936
41399161
41613889
41398626
34268940
1634403
31916219
29099432
39174653
39931678
30007773
31267339
34761629
41558803
31172140
2944724
36722553
37054012
35356466
40908765
40801268
41552820
41552743
3407761
40630452
36409577
40582972
1765385
40593918
2630504
36050
1093526
39324081
35640554
40328496
36753181
549840
30983
41452758
37299366
38866331
33618340
15596225
20172814
2050286
41430233
35580368
1080527
31424767
39683755
3134202
1877530
219392
36583105
36660760
1443679
41250206
36168038
36991232
41420682
37794049
37011633
40005999
29653756
33187551
31995113
11798
38606502
30369218
35106960
39007267
41416377
37627586
37885598
41411829
41411126
37234673
1584313
31448506
41404396
33284661
38233811
33471284
36479606
35322329
31448101
559985
37987137
596167
35793405
33596879
37003893
36427374
38630457
522830
34261097
390411
38437890
41264968
124891
41006554
