1094
1994
7946
11033
11798
13624
15542
16079
21452
28137
34630
35709
36050
44088
64482
64625
74399
76773
76934
78139
81685
106149
106363
116028
120797
124519
124891
125605
130352
135556
146804
147339
151408
172609
178581
179202
180604
181052
183072
191777
196989
232586
235400
238538
242311
261067
273037
276121
276167
276873
285078
318325
318429
322240
323344
325161
333026
335556
335913
338884
339060
339669
360142
360528
364497
371181
373187
385476
396905
401743
409638
426466
427958
431745
451170
457574
458709
471312
475864
478879
485983
487722
494408
505090
508744
514841
522830
523157
553161
559985
573227
573357
589055
596167
608174
618487
627356
645745
660093
679235
690240
724252
725174
733073
752324
764932
777948
790656
819730
825385
829612
850273
852997
857914
884061
888799
889924
891241
905396
906422
909757
935556
965614
975165
1007963
1013108
1030720
1037034
1067211
1068500
1081591
1093526
1095896
1110713
1120639
1127706
1128269
1140002
1161063
1171546
1176724
1187165
1193799
1195626
1208410
1212998
1230444
1254796
1255710
1260820
1268490
1279447
1281289
1293251
1316340
1333537
1342207
1373118
1373471
1379485
1397545
1430045
1460367
1464067
1466162
1510367
1517837
1534367
1546064
1546229
1549960
1560395
1577135
1584313
1598615
1619556
1619907
1620364
1631158
1634403
1638001
1640712
1677987
1681929
1718717
1720131
1721580
1767487
1768817
1784927
1792457
1821929
1865772
1874836
1877530
1882844
1901062
1918054
1932870
1964868
1970500
2015684
2050286
2063336
2084254
2109696
2220672
2273796
2283838
2328626
2394508
2399382
2410676
2420410
2428546
2487744
2616086
2616396
2618508
2630504
2690852
2717132
2723410
2724988
2733096
2740522
2744114
2809652
2815434
2844362
2938534
2988970
2992018
3066199
3071062
3087248
3088331
3090835
3136950
3139813
3160329
3168506
3210855
3239187
3407761
3475081
3726791
3899521
3909281
3925921
3991201
4045281
4229681
4615471
4618891
4720381
4896441
5658921
6004111
6134101
6299361
6569241
6837951
6947111
6982121
7204611
7314851
7550541
7708711
7733001
7794381
8020801
8422041
8806041
8898841
9372121
9632211
9920201
9971331
9976211
10058821
10083131
10887981
11096711
11229861
11388691
11395531
11472521
11601241
12505391
12711541
12825411
13479141
13870111
13913261
13956661
14138631
14436431
14799031
15027071
15108091
15360721
15524131
15557473
15558219
15568327
15577671
15596225
15623990
15652765
15671315
15738802
15821040
15838574
15838692
15965272
16011849
16030539
16039001
16049028
16059618
16080559
16126575
16151259
16163291
16333216
16700869
16768387
16798735
20172814
20186902
20314600
20398645
20418649
27057838
27095458
27128602
27140497
27175597
27364117
27373033
27645211
27646777
27669517
27673474
27715426
27966128
29006722
29046066
29057469
29131441
29135728
29185215
29226796
29311548
29318698
29560440
29564986
29570863
29631282
29639022
29639134
29670484
29783402
30062930
30100405
30120885
30152636
30161279
30171310
30175607
30242089
30369218
30514259
30592746
30678560
30696473
30758307
30856576
30909289
30933832
30956101
31012209
31030722
31179346
31225367
31323758
31367431
31380902
31422447
31448506
31500023
31503910
31518078
31525614
31535856
31644084
31649667
31656290
31670149
31677098
31748946
31819967
31842890
31866120
31876585
31932042
32121280
32163878
32164442
32184655
32235194
32246575
32296114
32306756
32343740
32354751
32376022
32518965
32522806
32563173
32613627
32634084
32752311
32764561
32808457
32826592
32949699
33062685
33158741
33166411
33169272
33187551
33232042
33235967
33239512
33303922
33305180
33326052
33342123
33432979
33471284
33481426
33518344
33553623
33596437
33596879
33607930
33618340
33654851
33719282
33760447
33796579
33811255
33869553
33872590
33936592
33951111
33958611
33986398
34035000
34037346
34060440
34110308
34129980
34168714
34186536
34191713
34202335
34210380
34246003
34246338
34259852
34261097
34268940
34276313
34286160
34295100
34306773
34321382
34352584
34356164
34370669
34372135
34388262
34390150
34440135
34440140
34449894
34460855
34463553
34467799
34484753
34487881
34615822
34633210
34669493
34682616
34703123
34873566
34906213
34932181
34934984
35070941
35120872
35203123
35255573
35293744
35294231
35322329
35335241
35340499
35352164
35356466
35390395
35395610
35418268
35448006
35451343
35497249
35515177
35575649
35580368
35586992
35640554
35651223
35652721
35658308
35724360
35742426
35744825
35787021
35793405
35799814
35848169
35864069
35887278
35894037
35900979
35944270
35956245
35980682
36002724
36076994
36093463
36140103
36168038
36183151
36233627
36241707
36247580
36253880
36266626
36271970
36278998
36295327
36298204
36335402
36383890
36409577
36425302
36427374
36449254
36479606
36495495
36515417
36566912
36569522
36583105
36591724
36594053
36625764
36654419
36666642
36683093
36699419
36722553
36722746
36730289
36749982
36792136
36809558
36824816
36839756
36840295
36852617
36859743
36916795
36936232
36941026
36944482
36956799
36976602
36991232
37001549
37017489
37035206
37044528
37049902
37054012
37065747
37075396
37090790
37094468
37139096
37157974
37158235
37158499
37162530
37168576
37234673
37255107
37282818
37284828
37296920
37328700
37405852
37414941
37459399
37464390
37480297
37522074
37545051
37611550
37627586
37646660
37681631
37722487
37732734
37766436
37794049
37803372
37843534
37852255
37863361
37913706
37930916
37987137
38070409
38098544
38098665
38122272
38130465
38141202
38206730
38233811
38387444
38483979
38534051
38572780
38594007
38606502
38630457
38800942
38866331
38894593
39007267
39075075
39083471
39141921
39153752
39153836
39161576
39282451
39362247
39384780
39394678
39442196
39448420
39454484
39471098
39489443
39493019
39539062
39606100
39683755
39728232
39753652
39764083
39775220
39780782
39818466
39826543
39861707
39869983
39906579
39920088
39925934
39925985
39926997
39936255
39969276
39991221
40136324
40157713
40245234
40278828
40280338
40328496
40369823
40376269
40398270
40437157
40462184
40466259
40517135
40593603
40593918
40627321
40628322
40629054
40663722
40708274
40720705
40801268
40818891
40824239
40865490
40887720
40894437
40906795
40908765
40990078
41060137
41062021
41063564
41071149
41096713
41099350
41099891
41104265
41131470
41133586
41138563
41138733
41139726
41141011
41142388
41144343
41144592
41145511
41146982
41147355
41149425
41150829
41152168
41153799
41154108
41154250
41165095
41176849
41184476
41197966
41199637
41207821
41212298
41240864
41242464
41245856
41247190
41250206
41254811
41259888
41268741
41279983
41280317
41280535
41284576
41304419
41349230
41378298
41420682
41430233
41445447
41452758
41483061
41689221
43583238
43583469
44743816
45051228
