30692628
46743233
42333356
47846790
47972301
7595
46345088
27896356
44011125
45505081
47925116
47646274
47619920
873381
36413583
37987387
47646128
47619611
43157388
37538969
149574
40678592
47799520
46898611
47796641
34607339
47176019
47767266
31781162
975165
47732363
30348316
46635654
1701337
29650066
47651703
38117256
46442156
44536810
1749855
39827109
46301843
37009309
47569242
47358620
35949017
42286107
42425241
46659603
44070277
47519240
27820279
888652
47496356
37367732
47482793
32653535
1313728
32676884
47440760
47436666
339390
36748465
30136276
38215952
47387143
31954631
39410289
869561
42459225
23979973
45525248
34385049
36643797
45692230
47295548
16652077
41359295
47188647
47226796
47223195
33028865
3124052
47183125
46323667
45760437
47177570
41070118
34134004
15789805
47139913
47123350
477575
44442169
885936
40183955
44220531
1206892
2864498
47018112
35959134
37590878
31265564
34664661
46487027
29931219
46928215
42172914
32602742
40388727
43740077
34935669
40946154
42218055
46928913
44285272
32685060
37183393
40903138
38829623
37788492
36726098
31660678
34656089
38065482
44736857
39880797
46001613
833768
38504120
45023377
16692985
41656148
316755
37941413
40436877
41913784
35867886
34853053
42459643
42494235
45818068
39645605
46132779
38538968
954506
46734922
45800673
2831258
27138115
44165505
46671544
39886727
41928997
41286185
29531463
38984387
36167527
43044654
33012343
44782872
34306039
46006290
514070
9134
43376737
44238567
46219823
44412070
41250206
46465268
46425603
30229260
29777439
35704433
45316965
42046778
45830718
45303065
44909512
1562665
38579246
40940986
37951232
42632101
44433601
46388705
1734019
46046013
46315435
42297858
42537305
37690483
32699840
39140353
33347414
1085145
42530973
40344160
954639
46314871
45450183
37321660
952584
45531017
35703455
34714895
46213120
41193047
29099199
46012061
358146
42734274
29922594
44279975
44851715
45521473
44027486
46025386
31355987
42494588
31923832
1683427
15783326
597881
588088
36207688
31953324
46060844
33741778
42273696
43104337
33278630
45184976
45984961
33864894
4730761
1029377
34595388
15664203
45274605
1582216
31720491
1672546
44572569
16166620
8507811
33132170
31887466
45814510
37036907
502799
16457329
42938445
44011098
1564659
45790854
16174613
16072171
40453033
45259581
1460367
34039531
45743978
36785613
45739812
43016837
36496295
41282414
35141083
1445832
45210371
8804651
31797942
42569671
42586385
39243483
3115912
45573792
20478610
45362797
36092519
36668700
39608793
2269306
1470788
39155143
8040491
45516540
45316213
31534848
44775968
36887514
39720820
36947411
40577916
42535274
34094382
33644561
2574908
45365492
44231662
45373191
29562754
29638879
9035721
34387564
45343032
36370607
38251952
35021150
42584673
41539468
40704817
2186258
3032388
36058595
44214452
44838960
42299151
34059576
570506
45184352
39876830
41834390
33279450
36485470
45219755
2040840
45246820
31313419
42517159
8604821
38531018
41834161
16322410
43348474
45220368
29522105
38827683
32747470
39914632
45202337
20329657
40735688
34731593
34466402
45158155
45107432
45107850
42200942
1200306
1873720
33292729
43021651
37297552
36520210
45068149
34947124
45043488
45055193
2944724
29004482
45041699
20505799
44182551
42816392
41819191
45032157
38536854
1267690
3119206
27375106
31128614
14871071
45007706
45007394
44991240
44990668
474744
44987856
44978239
31155103
14634791
44225465
38532655
954437
289548
39657770
35192754
43113031
771064
39670270
822983
35300210
42742944
40328496
44880372
2365508
34769114
38089566
38184493
34354588
440114
42065313
3071155
11967091
44819382
33061919
32561562
31484816
44840226
3140811
16764574
3814771
38843411
49695
16028388
44789299
40304817
33696472
43686943
15583108
34451841
34844519
15231521
35787021
44754418
34884676
15587234
42279793
35648534
44748278
23990212
9503481
1473720
44736514
38593543
39442196
43471503
2031862
40246466
43601805
34297224
15420311
34285559
38630457
44283738
36466227
37424273
1146169
34271915
24655228
44680255
43492226
38611319
35212389
11229861
33832904
36037985
2785044
8127411
44688714
36132341
16429783
34837945
33580073
33495562
41899593
8892541
193832
44640077
43463012
13999431
36161663
39494336
12711881
36761353
41170699
34374004
15623990
35976020
40765587
41626953
43869336
38350148
44578271
42440304
34043044
39747150
39930901
29580903
33650487
36392766
44442114
28137
33551478
41300795
37932013
44513121
43184223
15386791
34253782
40269349
37830402
36399362
32057404
42433551
44512962
15574869
3089224
42056861
36313076
41929263
44503128
13797691
35759892
1228529
42913775
35857256
2581328
37050730
35757014
42845708
44487748
44440138
16099995
42364898
36645695
35316373
37174539
33565098
37777524
31020335
4409291
1146459
44386195
15558219
44081214
44457516
191777
31808713
39397094
33263768
20390872
40674424
906380
44399210
36419886
41533789
12128141
29015921
32703125
4206701
2050286
40685043
36640525
37643848
36292045
35818409
31525614
33052341
434343
640522
42698273
866939
35688115
36436287
33726771
36808298
27089110
253770
31975906
27120823
43662639
39023405
2724988
36538189
1696071
44235508
37937240
38098596
30152636
37043833
34315187
44382330
38181860
33741882
40078341
37623035
41966625
17782450
39305017
36645361
3156019
29870936
41648804
42309775
41752041
29540625
33461345
2566714
4134501
44332583
33796498
6455781
40041746
38708605
43227750
44317576
38036381
40820287
42165840
39895988
40921471
180604
32898491
43338743
39147621
20810700
36663285
36766421
34243702
38547419
37460392
44283486
37965600
34093276
37609810
16195604
37592484
21956
35299584
35955830
43096460
41213212
31420428
42643524
37937293
44233189
42445531
41514691
41942173
15798631
39428983
31322608
42690543
42162557
32390084
33266287
41689901
1204656
42393371
36149962
42291231
32458413
33564612
30567215
38012361
3030417
10671381
44241334
35869112
13825821
31620
31206770
43974325
1368322
44229132
35343687
16158500
35418208
43140368
15744715
16271947
38262153
249789
20445427
37700230
42224139
35100975
1338095
2482814
42087836
2995484
29787255
41001452
34268940
36351009
42703817
42162600
44022426
30696473
44203347
36753181
36524396
8246851
37871689
38447743
43063877
44114714
292488
966443
30439180
348705
40904906
42509615
42253092
40421756
42242382
42936594
31640025
33455400
42212886
2045124
42491656
2373998
41959632
35191439
40648907
2860116
42397821
35166066
42777602
42469581
41961537
42497891
40818502
39826963
44127096
36279110
41587978
37313925
917635
15706969
41284605
42884138
1380144
43613951
43254360
351192
35658866
35811575
43612058
37061920
20166991
35510327
29218730
37234673
38067335
44160258
11924551
31845531
44154564
819604
37555494
42287516
2041258
3163170
43515466
35652721
27527992
38091766
38252875
31594832
39618050
32868662
42592435
36359674
43853811
44145362
16037073
27881964
268431
44139241
36261291
36233947
37603651
44008011
30483110
35155132
1284048
2992796
34833265
278778
42165045
11345741
43008071
6906571
37775362
35852716
43176547
41443032
37974305
24989
33925978
39202478
36515417
43773432
480783
220195
37355927
35068227
1634403
43566415
42397454
318429
29291258
33671938
42378143
4115131
34158054
42427561
34475518
17341
34725190
41680235
43390704
35152782
36504922
41856164
42748965
35490102
37750693
37426813
37904608
710382
32960574
36247416
32650782
37218092
41978460
42279161
39824073
15687288
38017154
30004405
1304113
43292204
1807735
32705368
37513111
2141954
41082955
13584221
43445067
30741603
40448993
34294040
41322498
33956771
43558125
41398626
2293556
31765476
32176103
39117598
32483482
42032081
35826270
42070451
39890015
33748078
1662024
3406561
36494446
652340
1136020
585327
38354906
38655141
37790713
1496505
240917
34450292
33519027
31552785
37199454
44020514
15683839
1895100
31296846
41130565
38275809
32789864
35470973
37928042
36863105
90796
31976226
34288861
1874706
41450735
29797490
37061663
2209130
44045534
16115449
43878019
36323846
32121342
41429684
30194730
38186706
42468526
1784927
37137556
42356176
31670543
42902045
34736064
1593617
42476684
15838692
40600747
43324797
833269
837162
2836434
30397677
39427169
31875275
44007420
27583600
36385359
6586301
41711478
15840919
30426544
269343
31982095
368046
43361976
37048405
37672932
17966551
372916
6772891
16317475
36353300
42991383
41459364
537358
32736059
32211627
38945553
39480855
37623667
27357460
27832783
2955500
15652765
36266626
29268144
16091343
36547894
36119661
43855044
42416662
43505129
6355641
420615
34828999
33590741
34266068
3157764
1994680
3049907
41015918
16059618
42993963
411258
30484191
2965132
36490695
33825128
41303431
30411115
42177082
2714846
1347657
11553101
34285705
40005999
37094341
27970421
30955769
36665881
30161279
39007267
40380203
36901530
39539796
1171095
37859556
2145458
38759943
42779420
37456975
41361405
43139508
34093729
43313802
43544155
35182649
35223115
40682417
34612997
886370
2295436
36370538
32352848
33093107
43161095
42804788
1080527
42983434
39498303
3421821
37975890
16096191
7768841
41527614
3168506
36796383
36695229
29584654
43273366
36737005
30369218
43316446
32451867
38535678
560401
38282354
34340446
15596225
516765
38001692
7708711
37275114
291249
27962264
41686889
3001406
1573031
34863666
38098591
36449254
30828256
34098622
35785530
5617901
38859302
614021
38428368
1707839
37991944
31455264
40158083
34407386
16005986
31974640
36200075
33281892
9270081
32258997
852997
34766700
39592726
34123820
38894847
36562699
39672445
498657
16153502
38016812
40405701
43834030
15566595
39360762
32865280
35126582
42798547
31090390
37076296
30551173
41730539
36838596
1180120
1215755
234439
41517513
39892594
37967761
39150735
43015757
173684
42230726
33146438
3064384
39336136
42156053
40825781
1709978
1755395
38095687
39853044
36145887
35810978
35727758
42381039
42000998
2151646
43499023
29501552
37978482
38721257
39777410
34000110
1389071
39889116
38836103
4981411
43239340
2317946
388335
38910283
34396654
43956145
41142750
42905728
39721431
32746160
15821271
32654664
39354233
31835410
991182
1239972
43234802
41391596
36720307
1218945
15992724
37620596
123022
37718132
31317582
40851512
32362460
27959120
43060808
32997483
43267714
31285273
41436636
3061684
36459387
40701193
35289124
16980046
38292454
39932515
32262262
41585171
39655565
2308954
43574801
1357561
43336838
27452803
40075373
42763152
1663103
35710686
33599119
10711851
42508219
33150410
35986072
414862
42170792
32787535
30479845
33740996
42986642
42870502
40022083
29832069
31966372
2781112
32454918
27884465
40287750
41877913
16004390
1910430
37075133
137883
230737
30283038
3931101
40652263
40708147
35586471
35455246
16195407
2225780
41547182
35842531
42527675
514744
14774231
39747463
1117124
42581711
35317334
31747972
43882475
674538
1334955
30548901
38367511
40852884
29966206
30614743
737660
33062685
892387
29974671
34407263
43772759
1292300
111375
43722814
29585315
43471161
15794652
37216929
42872167
42647858
36222729
42574251
41011363
1899896
12471661
10887981
9158771
180294
5733021
37165220
3034532
43763359
42279100
3220506
31799136
43631919
37709854
42010939
36317553
31766278
29159283
2268970
38677419
27449548
41046728
487840
34605877
35335689
29670537
34313704
34384307
34176815
37520186
33312225
39489443
39702608
40758638
42221463
33507078
2827104
40755081
16050617
35350930
43977010
42698420
1077666
37096030
42800383
1065391
43309687
9347671
39758427
34744290
43008201
30518547
39061573
35697700
36320428
32337262
37341234
41583566
31869643
42502130
34836135
41885060
904061
42779955
37586611
438096
38564916
32895618
35495855
36177229
699702
2263350
39958193
16231491
36042986
35672472
31524327
37921378
43069923
1442700
42886258
41281870
596167
31131833
43829295
2570456
15762023
34629354
41101320
43916019
37797944
36042022
5505101
35534821
39633428
1913306
33113932
33827049
895632
32222388
33885428
37112530
34397644
42341279
29534878
31172637
1051286
35284656
40667420
31311518
15815877
2847770
41907946
36527696
36650346
38609021
29162618
1579133
41283546
3044312
33329099
150943
2894782
39446734
41670506
40638943
38565443
43535373
2722854
43535978
32512868
15990622
1279321
2662136
34959417
12545151
38305300
38314134
43973375
34796486
42393610
43005528
39694044
36593749
118123
40250636
38143680
156958
20493409
34415985
1820553
39969276
1346216
33333932
41128286
36849632
33208975
1207492
36180278
1136495
32976222
15674567
1774953
42762695
555836
249796
40479611
35459255
32123126
41591751
43504288
36241754
39447256
646319
3235457
43448575
356914
20529232
731769
40331536
38197268
42739940
38494680
1739665
38099266
37721491
416693
33211844
43643105
1134513
39333685
39011023
39347237
37580614
41837022
38186614
1061777
36141184
355980
40033263
36582847
39656439
34769463
38808141
30914879
31744
42757420
13566561
1508454
43343712
10988401
463958
563430
5658921
907173
2676056
2810454
16169343
34025737
42528841
35240960
40689661
32561635
36144287
31543514
35130958
35310395
15335371
1346677
34959361
330617
43152389
30440362
35096518
37832306
29815920
2815594
36826146
39726868
34030732
38226981
30790382
15636139
30682077
144453
38753165
32300368
37332376
41909906
19819306
38766635
32184655
35803299
32288681
7853871
31676460
38218223
27038161
32752311
39382054
37409164
35637375
968030
37842897
1254280
20436838
2889014
37146733
38174594
2859156
30629094
10706731
1390081
36623864
42873696
5199211
31021532
35028069
31215547
31193547
34815842
847736
30553957
36018007
34931179
30692888
33221994
31654607
33731680
30664623
33015800
43535873
37413241
38010354
36991232
38986229
43876331
1589279
39380507
5815311
43158835
43698619
32133313
37054012
31448506
35200183
34074480
43803536
20172814
42726156
35322329
38594007
35971388
16126486
34741193
32444603
36660866
842663
15671315
43727269
6796441
36747329
43200487
38104917
35497249
1877530
2811256
37668966
30040614
35356466
20314600
36583105
32244163
37191019
43332102
119376
6299361
32363494
34829884
33719411
35580368
11798
43287747
350737
43578869
35008493
347700
559985
36050
38870132
43256026
2526536
