569
11798
18128
28137
36050
75898
115914
119376
132137
181052
197648
219392
306743
348705
349648
372677
446295
453153
559985
578177
595874
596167
628860
649469
655533
787652
819604
885936
1003115
1053903
1055997
1059294
1085669
1093826
1167248
1198813
1310439
1336423
1397526
1508454
1565687
1619907
1634403
1838262
1877530
1895100
2050286
2162468
2194976
2350512
2394508
2475598
2630504
2679824
2831258
2987484
3014848
3025051
3220572
5023171
5709121
6880751
7130251
8089021
9347051
9945651
11229861
13797691
13825821
14883251
15386791
15592264
15596225
15994542
16027022
16128899
16131003
16232743
16353691
16695088
20172814
22410569
27453715
27757705
27911335
27947179
27966128
28006407
29099432
29099868
29126540
29131195
29229321
29521709
29616322
29663232
29821442
29832069
29876444
30101195
30242089
30307841
30444363
30616300
30694965
30717800
30810214
31081682
31120081
31128614
31142858
31248312
31303592
31448506
31546456
31549124
31554685
31566381
31649667
31849548
31916219
31930598
31960182
32004730
32068945
32092843
32135047
32299025
32306230
32324943
32355871
32522806
32605852
32776513
32779166
32789690
32883304
32892341
33015800
33158741
33194995
33234650
33292729
33432979
33471284
33481426
33596879
33811255
33862118
34085666
34085698
34085752
34167774
34191713
34198658
34211522
34385049
34460855
34470821
34508594
34562915
34711755
34715872
34804853
34950087
35238563
35310144
35322329
35331659
35342420
35347656
35356466
35497249
35531087
35580368
35710628
35773220
35793405
35833655
35976180
36124425
36168038
36253880
36266626
36274489
36299528
36362831
36368416
36400299
36409577
36410007
36444626
36474119
36479005
36494446
36503942
36559269
36583105
36655420
36722553
36729822
36753181
36762829
36809558
36814615
36827285
36842978
36860724
36879718
36991232
37011633
37043833
37104031
37162530
37212632
37248556
37298467
37361145
37436558
37545051
37580198
37631762
37709761
37809441
37867912
37873266
37930916
37970369
38018690
38037233
38139013
38141504
38151428
38254742
38322629
38339964
38421243
38424129
38594007
38606502
38669006
38675081
38851691
38861356
38945158
39007267
39075695
39203993
39498303
39819640
39819713
39819805
39820244
39925985
39927406
39950919
40005999
40306869
40450491
40613368
41016923
41051127
41062588
41099350
41207821
41240864
41245856
41247190
41250206
41278044
41278521
41278978
41281733
41282351
41282639
41287051
41290692
41291185
41326778
41327188
41327506
41327917
41328519
41328885
41329606
41331077
41335630
41350388
41356307
41388309
41395341
41397406
41397655
41397895
41398012
41398141
41398171
41398214
41398626
41398925
41399161
41399278
41402330
41420682
41430233
41435752
41452758
41522467
41552743
41552820
41568424
41572066
41582800
41613767
41613889
41614933
41619006
41619908
41622781
41636176
41645642
41689901
