2125
11798
26105
28137
31581
32666
36050
62697
68971
72082
89743
95216
110720
113863
117640
119376
155328
157910
178583
193832
225646
226958
235800
253770
254666
265652
289548
308916
309123
312741
317032
318767
332862
341579
347700
348832
349648
351307
356041
360262
370225
372916
374587
383284
387318
404310
408993
413339
413700
429966
439038
442140
463601
471278
480783
482095
503204
514070
522830
539737
559985
561841
580507
588088
589942
595215
596167
598964
642891
667529
702533
704369
707486
725834
735298
757599
771064
775272
789336
825239
833768
842663
859042
860436
877848
885936
912187
935100
950759
952584
954506
954639
958365
979013
987929
1007746
1019388
1029377
1057099
1057349
1060611
1066995
1085145
1110420
1141092
1171095
1195626
1200306
1201332
1214767
1223633
1228529
1250217
1310000
1310439
1313728
1335045
1339967
1365886
1382548
1389142
1477035
1492146
1507511
1531072
1537768
1550107
1566188
1573351
1574114
1577022
1599959
1621475
1623928
1634403
1638840
1642155
1642310
1675240
1679010
1682811
1683427
1695917
1707754
1723486
1751121
1755543
1779883
1796237
1803125
1805535
1834812
1854036
1857218
1857240
1877530
1889774
1895100
1910430
1972562
1975098
1994276
1994290
2038076
2050286
2142876
2162396
2163862
2208186
2229176
2328724
2335586
2400736
2434764
2435408
2450842
2450934
2456338
2474340
2502990
2557612
2567976
2629290
2630504
2663638
2670030
2680900
2708474
2723410
2738540
2756024
2757018
2811256
2831258
2864498
3010000
3012008
3014848
3020399
3039342
3050157
3055894
3062141
3083950
3100942
3140811
3155661
3163170
3177420
3387621
3430241
3492191
3576381
4253061
4255031
4518291
4720381
4745831
5617901
5658921
5815311
6299361
6455781
6531371
6796441
7128081
7546591
7663821
7708711
7764571
9347051
11049441
11229861
11277471
11967091
12128141
12313291
12711881
13797691
13825821
13854491
13999431
14001651
14046131
14285791
14317671
15231521
15583108
15587234
15596225
15640419
15640799
15652765
15671315
15689438
15692059
15692862
15693409
15706969
15843165
16035694
16050617
16057915
16072171
16099995
16116741
16126486
16158500
16169562
16174613
16242679
16279135
16575364
16652077
16692985
20172814
20201428
20314600
20324083
20390872
20478610
20505799
20540611
20543515
22210938
23569701
24187306
24655228
27060391
27083704
27092716
27093694
27175597
27239512
27242581
27364744
27471196
27887242
27962017
29004482
29015921
29027196
29065021
29078196
29153283
29206201
29510848
29526143
29532581
29564986
29575366
29638879
29777439
29787010
29931219
30008136
30136276
30150892
30244965
30328896
30398408
30418201
30418299
30492224
30551173
30637956
30642217
30664623
30677469
30703189
30811539
31007302
31008489
31056807
31082396
31145399
31172140
31172637
31248009
31394077
31409774
31421106
31448506
31474582
31500862
31513049
31525614
31560932
31562159
31654607
31656728
31677098
31766278
31781162
31811984
31871931
31894808
31948211
32001709
32023809
32133313
32177469
32182070
32222425
32244163
32288681
32306543
32350297
32370298
32390084
32444603
32454918
32496812
32516273
32636782
32653535
32747470
32854013
32929368
32976222
33012343
33015800
33105481
33152906
33178885
33211102
33211844
33263363
33279450
33292729
33364458
33455400
33461345
33548178
33565098
33580073
33597645
33618340
33650487
33667720
33718512
33721731
33731680
33796498
33949428
34021836
34103746
34119786
34176815
34202335
34261097
34268940
34271915
34288861
34297224
34321778
34385049
34387564
34460855
34491726
34595388
34651665
34656089
34664661
34693922
34725190
34730060
34738565
34761440
34803208
34804853
34829884
34844369
34844519
34884676
34886224
34934517
34947124
35008493
35021150
35191439
35192754
35200183
35241545
35279376
35309271
35322329
35356466
35366575
35388257
35497249
35561457
35586471
35608300
35640554
35698797
35703455
35759391
35787021
35849191
35889893
35949017
35950803
35951610
35959134
35976020
36042986
36058595
36092519
36145887
36161663
36165552
36180558
36233832
36261291
36275640
36313076
36353300
36392766
36485470
36493041
36515417
36538189
36562003
36614161
36645695
36660866
36663285
36678340
36722553
36766421
36845327
36863105
36957144
36980246
36991232
36992274
37036907
37043833
37045120
37048405
37054012
37061663
37096030
37140982
37183393
37191019
37216298
37282818
37297552
37313925
37321660
37350815
37355927
37451636
37528275
37545587
37590878
37592484
37594761
37609810
37623667
37638400
37642160
37703948
37718132
37754298
37850681
37855813
37859556
37871976
37881385
37921378
37928042
37933037
37937240
37937293
37987387
37996980
38010354
38012361
38065482
38067335
38087037
38095687
38099266
38104917
38181860
38182077
38215952
38254966
38255710
38284073
38285285
38420098
38425091
38447743
38504120
38531018
38564916
38579246
38594007
38630457
38777646
38873307
38894847
38910283
39342444
39354233
39480855
39498303
39618067
39747150
39895988
39969276
40008024
40016523
40041746
40101476
40212040
40265005
40284234
40287750
40328496
40344160
40375763
40376269
40465984
40526551
40541260
40648907
40678592
40704817
40720638
40755081
40818502
40903138
40940986
40982320
41011363
41018492
41023720
41128286
41170699
41300795
41306593
41416505
41418436
41418847
41436914
41441868
41477852
41505538
41547182
41576793
41591751
41645370
41688552
41730539
41819191
41856164
41871077
41884150
41892042
41963216
42027587
42056861
42116343
42162600
42165840
42177082
42200942
42203069
42206419
42223633
42251486
42257680
42297858
42302985
42329757
42366482
42366825
42416353
42416689
42440304
42447539
42451284
42486292
42486647
42521473
42521647
42559502
42560032
42584673
42586385
42592435
42593502
42598935
42647292
42647997
42695142
42698273
42716963
42723534
42726156
42731418
42734274
42800144
42821807
42833322
42846305
42913775
42919766
42925195
42986642
42993963
42994420
43021651
43076820
43078019
43104337
43114806
43274118
43332102
43334118
43371440
43376737
43418373
43420096
43477110
43535873
43535978
43565942
43601805
43612058
43686943
43698619
43712100
43726966
43811159
43821616
43869336
43953304
44007420
44070277
44114714
44125296
44129259
44165505
44166388
44181773
44214452
44225465
44235508
44283738
44412070
44412078
44442114
44459233
44513121
44711628
44717279
44782407
44782872
44783537
44851114
44909512
44967214
44978239
45027229
45084328
45107850
45109725
45132026
45142387
45158155
45176995
45184352
45192869
45201718
45303065
45450183
45480497
45521473
45531017
45639247
45671028
45818068
45830718
45865577
46006290
46012061
46025386
46132779
46213120
46219823
46258121
46279408
46314871
46315435
46393156
46425603
46437274
46487027
46500147
46500161
46500180
46500193
46500222
46500264
46500289
46500319
46500335
46500374
46504632
46514375
46528253
46528273
46528285
46528297
46528308
46528325
46528371
46528393
46528415
46528826
46528845
46528860
46529348
46529364
46529386
46529404
46529418
46529439
46529463
46537646
46546063
46734922
46738063
46795141
46972263
47176019
47188647
47223685
47392880
47496356
47627083
47628530
47652747
47752079
