43158835
34243702
826882
1451909
47857021
47971245
36310347
2618508
46345088
46635654
46576248
36413583
40574364
34607339
43762390
45007213
35657092
34168714
40678592
46185226
37750044
1582540
675509
47799520
40529543
30229260
30692628
47752135
44298062
33567901
33679974
36353300
47131837
29561077
6328601
40023910
529402
1430045
36129044
37270043
31394077
38385633
35906528
38302428
46828838
46301843
44545745
38022316
44070277
1701337
47532853
35532108
35949017
6002901
37546190
8458681
35703455
47520005
43894753
2636336
47359805
484918
8859801
34439726
32121342
1313728
37124606
475774
37736681
36851315
31781162
1515190
46689782
30136276
15789805
975165
38215952
42961572
47369356
377428
34656089
38783981
31409774
47223195
37808009
15709125
34134004
44599867
44585952
45525248
33072830
15596225
14505171
43956641
2864498
41064061
16652077
46515161
44109474
27899351
47026973
40519201
37183393
32595977
37590878
13825821
39149585
34664661
34136822
46487027
38535689
46969039
30664623
31974640
15611881
36040285
46012061
46529783
16692985
40903138
1447995
27715426
29931219
27187243
596167
780171
29266950
36576341
45227449
331561
42880339
753758
833768
8292911
43208417
33012343
31759977
38254966
38504120
16008429
31641561
37987137
46514375
38538968
35867886
44902260
1085145
44165505
41003588
38181860
39645605
34205024
45818068
44955861
35648534
27861880
31140147
45450183
40940986
36954591
40755081
46529377
46213120
46529310
35577790
46529290
46529247
36261291
46529093
46529073
46528893
46528879
46528297
46528285
39672592
31995113
39688519
33597645
46500335
46500264
46546063
46500222
37314712
37723536
9361461
36863105
46500193
46500180
46537646
46500147
35106960
16117522
602538
46219823
45830718
46500125
723052
46500028
46279408
46500005
46499986
46499955
46499921
46499426
46499344
46499169
46499197
46499138
46499104
46499087
46499067
46499043
46499017
46498974
46498994
46498950
46498885
46498820
46498788
42811248
46498761
46498733
46498711
41639851
46498688
46498660
46498627
46498588
46489362
46508778
46487117
46485295
46486148
46484862
46483909
46484424
46483659
46482869
46482828
46481250
46481249
46480577
46480341
46479947
46479010
46422064
46478755
46421422
46420212
514070
35309271
781716
46001613
44412070
50974
45303065
46006290
46046013
42297858
46025386
42046778
43712100
40101476
46315435
37177606
30398408
41933350
45521473
46314871
40344160
45551869
46067854
43565942
24655228
3039342
38087037
42734274
39807286
46076276
27758434
2238228
39621372
45082986
38894593
41286185
35941718
44451964
3166641
31887466
43762870
29323571
43494458
1008866
27913213
46099706
33741778
37251405
36295327
1368810
43104337
1683427
1029377
33548178
40735688
522830
36496295
15689438
32625132
40877485
4132931
45671028
37028700
39243483
43740077
45820839
37036907
44574477
1564659
36614161
40784818
30718260
42586385
33292729
30008136
954639
34595388
30007773
3020399
9134
40818502
44775968
35182649
33178978
44758691
41856164
2186258
41689901
32638739
31248009
42162600
35425599
33251267
13797691
29638879
36442947
45422707
45316213
26105
34884676
41441868
34176815
1738537
313667
32133313
35021150
29145300
35586471
42584673
1051286
35300210
33132170
1460367
15231521
44554342
39969276
39455306
30418201
1333083
15729279
38218223
400322
36058595
44214452
5658921
450607
36449254
40704817
38531018
36515417
30736887
31432310
30979395
1195523
334993
30832553
30790382
3025749
15640419
253770
37297552
42200942
32410289
29004482
14046131
36663285
1898930
289548
45007706
40738444
37649449
11967091
38391762
771064
37292467
27128602
33359260
34271915
3184129
43686943
44782872
34844519
42177082
37199454
15587234
32288681
42279793
1615461
41300795
38630457
38410704
43601805
336159
16099995
976952
36900036
36132341
1508741
36645695
193832
41791843
36161663
12711881
42056861
39747150
43869336
44442114
33565098
44235508
44081214
12128141
36808298
3032431
38095687
36292045
33052341
20390872
36149962
31976226
37609810
1335045
38012361
38708605
36566912
1993354
37592484
43612058
38293106
43973375
32390084
31766278
13999431
38067335
1895100
33455400
29584654
36233947
480783
29291258
35727758
32976222
34741193
44007420
15102371
41514691
38677419
595215
20248777
37921378
32775498
144453
37048405
43956145
33719411
33881883
41591751
3014848
37426813
43535873
43535978
38099266
20201428
528570
2332348
31654607
35986072
37623667
41963216
1589279
41110867
5815311
34829884
33925978
32029613
37234673
32444603
35495855
33004543
37191019
35971388
41283546
20314600
38874523
43553478
43334118
40648907
42986642
9018511
39604976
36660866
6796441
38910283
32244163
39899470
42993963
1679010
34725190
204906
36392766
1510906
40589506
43097358
37620755
42900919
16174613
8431361
32603445
38285285
40720638
40982320
37121970
37642160
27799810
90796
34886224
34313704
32182070
42104489
16050617
37111569
3055894
39895988
42726156
34261097
130444
42102
37313925
42213000
42592435
42116343
37855813
29072050
2831258
2811256
1488056
40397977
997522
34202335
37146733
29534878
2689610
37045120
34804432
28137
27887242
37850681
42197749
1648582
39480855
38182077
37096030
37098117
37871689
33188785
33211844
37043833
41899444
24522829
37061663
30619106
37054012
39249006
35191439
36879805
429966
1857240
33150806
1228529
35008493
9961841
2333358
40627321
31421106
32406594
41062588
15671315
34470821
34466402
33015800
36400299
3126954
3153572
41763343
41826197
15838692
37619643
41785821
34612997
36223368
1295513
41250206
33596879
34021836
39931678
35531087
35356466
41051127
41645642
35322329
39498303
35793405
41420682
37545051
35497249
9945651
8697461
32046340
38594007
41398012
41399161
36722553
3025051
1934362
885936
20172814
35773220
3899521
41398626
1634403
36879718
41558803
31448506
31172140
2944724
40328496
35580368
11798
36050
29564986
2630504
5731651
1093526
39324081
36991232
2050286
1877530
37724180
559985
