29931219
30283038
34664661
40903138
954639
1470788
32133313
4132931
36496295
34039531
35586471
34176815
43021651
42584673
44002493
289548
31525614
31484816
37061663
44283738
16099995
44331410
44513121
29824808
35580368
36808298
38181860
44433327
33565098
37096030
38067335
1634403
6299361
32444603
11798
350737
35008493
37043833
36149962
34315187
559985
37609810
44380257
33015800
36313076
6796441
42993963
42986642
16050617
32182070
36050
37672932
32929368
35356466
596167
37855813
41477852
33548178
37850681
37871689
20172814
2050286
36370538
41645642
40328496
36722553
