36583105
37078428
16150578
44165505
4548751
844785
30240854
46345088
42501030
47663542
15657732
4426601
93640
45757654
44803077
46592628
40945157
46576248
1471893
4803181
47898686
43961557
289548
37124606
596167
1895100
44138952
46302587
46226352
35657092
43236174
35951610
47752135
47491543
47868102
41283546
8343371
47389416
43686943
47854978
1092136
1564659
37962279
44412070
2230652
47838291
3124052
37638400
47778906
36696017
36677803
38099266
37075133
30692628
41582800
45023377
24655228
16044663
47728664
36353300
46542374
1515190
34466402
33054806
7338381
514018
47698924
2008142
43952237
36142896
39410289
15756177
35134764
30136276
29027196
44298062
46210041
38557447
45176306
14505171
119376
1642310
35390395
690071
47658877
47656573
47652747
45525248
47651703
35008493
47619495
13797691
40328496
44536810
36660866
43376737
43894753
8859801
42986642
37191019
16457329
36753181
628860
36887514
47131837
864262
43077956
30369218
46117940
46213120
32444603
34268940
44474780
41546018
35520100
2022582
29573752
20410096
36080478
15996864
38870132
31995113
40940986
11798
37061663
16642348
34550986
7876371
47477025
40982320
38385633
44007420
1450237
34664661
38215952
40464318
37991224
47368273
11272311
14688721
894969
833768
36748465
26105
35356466
38001692
1430045
44545745
37054012
47397948
33375253
1508454
46487027
34439726
29621956
39895988
47527882
37619643
34656089
27175597
33599119
41856164
34385049
46659603
869561
15596225
47192419
31448506
31623338
35703455
3168506
40818502
36058595
39139537
1697345
31683324
33800629
1066611
36421773
44070277
36413583
37321660
46989502
47049846
42993963
32669976
33015800
256652
33719411
456957
42200942
34271915
21614119
16010326
43016837
33187551
350737
35372757
47470333
36538189
39969276
757801
39886727
1332384
6929351
37672932
6906571
112629
32676884
1096416
1797635
34387564
47478439
613087
36772578
27138115
885936
36851315
37183393
38504120
29541566
29638879
33292729
1068500
47487031
35875426
522830
47427344
47473590
38095687
76934
47122833
1899896
13999431
39310677
43967104
1628933
47482163
559985
35734508
864853
2560106
90796
42698273
30444363
41547182
20172814
35949017
47468131
29650066
2831258
36050
35867886
35793405
1932870
33333932
1313728
27874103
663682
40903138
3773111
35586471
2785918
47454089
46908782
1877530
15671315
41576793
36168038
16070873
32966742
645654
1562989
30161279
34313704
