41287492
48027507
46058368
46345088
37124606
37078428
47914269
47857021
2782366
47997114
47989090
30336008
43494458
46635654
155881
2029812
44189677
34900751
483945
46473934
41286185
45757654
45023377
44803077
40574364
43667547
47939488
47940925
47940558
14382921
8620191
44022837
42970899
83166
38032583
46592628
45940735
4803181
46012061
16158500
36168038
336159
34884676
39011023
14427401
975165
38084248
37496489
44599867
10887981
20810700
32692179
3302934
10711851
175457
42804354
44536810
47663542
35704433
3119605
3124052
29027196
33375253
46312370
72491
42065309
35951610
35549764
1450237
43158835
40755081
37962279
46578483
7540461
6647601
43236174
35657092
47799520
38413069
20508721
43894753
35749953
1171095
30008136
47707578
15671315
47397569
8458681
44545745
166380
968015
1251955
952584
44412070
47389416
40678592
47176019
47777095
30692628
30229260
1571432
44070277
47627083
15684306
47508580
14505171
41576793
31781162
32676884
2560106
36748465
38215952
30136276
41655905
47188647
47207979
45525248
47177570
29931219
37590878
34664661
16652077
46991491
33012343
514070
40903138
30283038
42173196
833768
38504120
36143876
596167
35867886
46514375
46738063
2380978
954639
16050617
37546190
1168460
2864498
46213120
46504632
46481292
43376737
46477463
41018492
45113964
2831258
46437274
44851715
42046778
46006290
45521473
1119273
1085145
37321660
40344160
35059806
44459233
39623249
45576633
45525753
3076070
32409459
24655228
34714895
45524877
45586785
45760437
33741778
46089001
45523925
46073472
43104337
40818502
45587754
45589383
29541748
43924687
588088
40479611
3505851
45847721
37036907
42586385
1564659
37290276
34039531
45739812
34595388
32717564
41569682
41856164
37788492
45316213
13797691
42584673
16468306
34387564
29638879
44007420
45210371
45254536
43734740
1146459
40735688
32747470
31525614
43686943
42200942
45107850
45107432
1873720
43021651
35290150
289548
34844519
31128614
193832
44225465
38391762
35192754
35300210
14634791
11967091
27629623
34176815
15231521
33461345
44129259
16028388
42913775
36496295
20329657
42279793
8892541
32288681
15587234
34271915
43601805
16764574
37061663
36161663
42440304
2573946
41791843
35314358
41170699
33650487
12711881
38181860
41300795
27246763
37592484
34297224
43184223
16099995
36149962
44502841
593933
33565098
39517521
37043833
38095687
44442114
43016837
41011363
27089110
37609810
2995484
38410704
44332583
44332766
38708605
9006571
32390084
42698273
44022426
32444603
36863105
351192
44146627
1910430
43612058
38067335
44145862
38894847
36660866
29291258
44087794
37649718
36305051
41306593
41514691
230737
35200183
32781955
7011261
32976222
43897408
2811256
14788301
2268970
5815311
43878019
32352848
10834751
223069
37693563
2721352
31766278
40682417
347700
38594007
36777790
37191019
43698619
38012361
33741882
33719411
36313076
4215241
15754928
43533752
31314215
43502686
40648907
1589279
1146169
42993963
977729
30026118
24728183
36824816
42986642
597881
38001692
38099266
42747319
34725190
41591751
35482588
20201428
40374533
42592435
32534149
43233698
37071754
42235052
42423802
36295327
42543996
42424264
42499512
38285285
42993059
40982320
2098570
37313925
27550213
39895988
41587978
112629
33342123
1289194
29124792
2662766
34373068
34313704
14705631
42726156
38182077
1378629
32182070
37299366
34202335
219392
42860779
76044
1460367
42822494
3055894
36696017
1349101
37877331
30548156
37672932
37933037
40720638
34385049
31316544
301013
1477035
1648582
29153283
34288861
7708711
130444
42634391
41547182
41593019
90796
3989901
42213000
42595421
37855813
42569603
42556317
42549059
33146438
35310395
2452778
5658921
42504952
36327691
29532581
2738540
36233832
950759
42413569
33188785
1952070
41003588
997522
42311020
36180558
34149973
1534367
37282818
15706969
6796441
30418887
36255166
42267379
1281687
42266974
2689610
1153944
27380221
42201057
42151956
1874836
39480855
29534878
34804432
672965
37045120
39249006
42197749
36863247
42181381
36828046
42104489
37096030
37008112
37098117
28137
35586471
34089808
14471931
34232370
37871689
37094341
37987387
37850681
251548
181052
34535980
30335172
38564916
42125646
40199202
36538189
36573470
34306039
3899521
36879805
2944724
109672
15797480
35757014
29131195
1092002
172609
38244450
30664787
35008493
559671
7876371
34466402
1651057
37389267
36341680
40375098
40597911
39969276
36434583
41894038
34193274
30527052
41886895
1605053
41879250
1059294
39950919
39824396
37665863
37526528
35322329
39823387
10038881
41801985
41752544
1516280
3153572
29616322
36240658
38910283
41062588
39822756
41691630
41690513
40273095
27103804
41250206
31654812
39821355
39826859
11229861
36142896
1975098
32376022
16232743
41783816
41783347
39821228
27799810
37446469
41763343
36223368
29889111
41477852
34427918
39820487
41420682
41041317
32522806
37619643
613087
29653756
33596879
1628437
10520
1295513
15386791
34021836
242676
1072075
41714204
38066376
1201572
40629077
39820244
39819805
39819713
39819640
493763
1318353
6906571
37361145
1388397
35356466
30876796
3025588
34475932
41657338
36050
4787421
1494985
39498303
41689901
3565161
818278
31248312
37756277
987519
39007267
235720
41356307
775272
41329606
7430491
41683713
41331077
41645642
35531087
33015800
37054012
21915986
915984
33227839
37436558
2394078
2091054
615562
37545051
35727758
136170
38141583
37867912
11183001
30004405
1582216
35580368
33212535
31715801
870203
41398012
41636176
34470821
35497249
1163954
731740
1906826
30616300
30634854
1536721
36400299
35390395
32004730
20150803
41328885
41622781
41618715
2389568
41328519
3025051
34098622
41619908
917635
7602851
41327917
41619006
38777646
33811255
41327506
15752031
41615480
38945158
41399161
15497521
20172814
41613889
35773220
587558
40328496
27957405
3168506
41398626
649469
36879718
29143388
31916219
41602418
33292729
477713
41601902
1634403
33681928
32543426
423574
29099432
2630504
31744
41601391
1684998
41600886
53111
1895100
32560780
35793405
356914
29787255
29831504
2050286
29902611
38838215
559985
42102
31974640
4615471
11798
1877530
443387
1496505
33945504
27122866
36722553
31296827
30161279
260869
35106960
5502861
31644084
30369218
31995113
390411
16805836
2009368
36583105
36991232
1557713
2393070
16075111
13999431
11744331
34261097
