7627
10520
31744
36050
42102
42819
43073
53111
54518
63959
64864
72256
72491
73744
76044
76245
76934
83166
96703
109672
113003
119376
122365
123793
128693
130444
136170
139713
143381
155881
161670
165241
166380
169492
170354
172609
175457
180604
181052
182065
183485
188532
193832
194365
198203
201632
213292
219392
220263
223069
228267
228748
235720
237608
242676
246140
251548
256048
256652
260869
274115
289548
301013
303699
306743
313301
313667
314293
315877
323637
331418
336159
346551
350737
353810
356181
356914
360832
361339
370435
378152
379969
385838
390411
427127
427958
443387
445899
446295
460086
465257
475697
475864
477713
483945
485918
493763
497208
502382
507308
514070
520141
524480
524718
541246
553161
559670
559671
559985
580779
582805
587558
588088
593933
596167
600355
602129
613087
615562
622237
627356
655533
675247
692634
696220
703836
730321
731740
764211
766330
790299
790656
818278
831091
833768
857179
870203
882367
882710
886367
899858
915984
917547
917635
933983
935189
950759
954639
968015
977729
984786
987519
1053903
1059190
1059294
1072075
1085145
1085669
1088210
1092002
1117022
1119273
1127176
1146459
1153944
1163954
1165974
1167248
1168460
1171095
1179102
1201572
1204576
1223928
1244765
1251955
1281687
1284736
1318353
1340482
1349101
1350412
1361544
1373118
1378629
1388397
1397526
1426020
1464484
1469842
1477035
1494985
1496505
1498719
1516280
1534367
1536721
1557713
1564659
1571432
1582216
1587874
1605053
1612850
1615915
1618042
1628437
1630592
1634403
1647870
1651057
1654766
1684998
1685356
1715073
1728501
1730799
1748957
1806057
1847648
1857358
1871494
1873720
1874836
1877530
1878180
1895100
1906826
1938856
1952070
1963600
1963654
1972872
1978684
2009368
2029812
2050286
2064342
2083900
2090184
2099736
2167124
2194976
2220672
2227824
2257306
2267930
2327924
2380978
2381740
2389568
2393070
2393674
2394078
2400158
2410378
2447530
2452778
2514434
2531326
2560106
2573946
2593808
2606240
2635130
2650672
2651158
2662766
2670044
2709952
2728334
2760020
2811256
2816076
2831258
2864498
2968688
2976368
2995484
3022003
3025588
3053542
3057166
3057643
3057703
3069262
3076070
3088240
3109509
3119605
3168506
3182556
3185736
3198933
3209096
3220269
3226353
3231064
3258603
3263255
3291158
3302934
3304998
3309341
3311881
3505851
3536441
3565161
3670151
3782821
4023151
4064611
4098391
4150211
4215241
4615471
4694251
4780931
4787421
4895061
5377741
5413471
5502861
5543211
5643951
6080831
6255621
6422281
6541621
6647601
6720231
6880751
6947111
7128081
7216171
7221621
7430491
7540461
7560841
7602851
7784011
7876371
8132501
8274141
8376371
8458681
8892541
9006571
9399641
9494801
9961841
10038881
10432531
10529761
10711851
10834751
11182581
11183001
11229861
11744331
11967091
12081121
12180721
12711881
13561451
13779801
13797691
13803811
13999431
14046131
14427401
14505171
14634791
14644011
14733561
14788301
15225431
15231521
15238601
15386791
15455541
15497521
15587234
15589792
15596225
15597086
15623990
15665530
15671315
15684306
15731053
15752031
15763159
15777277
15812146
15816217
16005543
16023074
16028388
16037694
16046124
16050617
16075111
16076158
16099995
16101208
16107611
16111260
16119574
16141632
16158500
16208612
16232743
16468306
16611424
16652077
16652785
16653979
16764574
16773343
16802494
16805836
20172814
20242633
20263771
20326693
20329657
20420107
20425318
20457094
20508721
20810700
21915986
24455447
24655228
24694309
25392830
25509867
27027436
27089110
27103804
27122866
27239512
27246763
27364924
27380221
27416791
27527125
27565363
27569611
27629623
27679414
27757705
27799810
27883805
27904413
27908659
27957405
27966128
28094275
29020031
29049851
29059772
29061043
29066950
29091894
29092166
29099432
29124792
29143388
29162846
29164309
29199209
29200380
29262487
29266950
29307307
29521709
29541748
29571623
29591225
29595822
29596609
29616322
29634471
29638879
29640031
29653756
29753835
29777884
29782089
29787255
29794189
29813854
29831504
29889111
29902611
29931219
29974805
30004405
30007773
30008136
30040614
30100405
30101195
30136276
30161279
30229260
30242089
30283038
30291452
30307841
30336008
30348316
30407419
30411022
30417170
30418887
30477306
30521461
30527987
30548156
30570489
30573229
30634854
30692628
30712289
30723950
30866494
30876796
30878237
30884061
30929570
31027722
31128614
31157875
31173140
31211959
31213066
31225367
31296827
31311534
31313419
31328625
31353623
31362800
31399655
31426412
31428160
31431900
31448506
31525614
31534015
31603289
31627400
31644084
31649667
31654812
31671876
31730448
31759977
31766278
31781162
31811751
31840658
31849548
31922802
31959505
31985691
31995113
32004730
32028887
32044253
32066927
32130725
32154765
32201730
32209267
32222425
32222512
32222571
32222617
32242403
32276072
32288080
32288681
32306230
32327800
32355871
32390084
32409459
32426210
32448550
32486492
32504440
32512868
32522806
32534149
32543426
32554504
32556320
32560780
32568697
32614942
32662280
32676884
32692179
32698748
32714052
32717564
32747470
32764561
32775926
32849702
32890809
32898389
32919319
33008051
33012343
33117863
33145512
33146438
33158741
33169219
33209104
33212535
33227839
33232042
33292729
33342123
33369108
33375253
33438780
33450215
33461345
33471284
33478703
33494850
33521438
33541730
33565098
33596861
33596879
33619385
33636505
33638884
33650487
33652552
33663611
33673049
33681928
33687535
33694461
33713157
33741778
33778662
33787992
33801589
33811255
33843725
33849889
33855558
33891926
33902359
33945504
33950943
33968532
33988072
33998332
33998362
34004421
34016792
34039531
34061238
34063962
34064706
34071430
34077065
34085666
34085804
34085850
34089808
34090270
34098622
34110308
34137634
34144549
34152313
34174720
34176815
34191713
34194247
34198658
34202948
34212482
34218848
34231198
34232370
34244057
34257553
34261097
34268270
34271915
34287282
34295100
34297224
34306039
34313704
34325280
34340841
34366407
34372926
34373068
34385049
34387564
34415223
34418902
34449618
34460855
34463553
34471558
34475932
34498888
34508594
34527730
34540481
34549154
34564227
34568262
34569928
34575699
34587704
34595388
34608438
34608746
34611842
34622045
34622597
34622626
34654937
34664661
34667049
34678171
34681461
34696134
34704798
34711755
34712675
34714895
34715872
34736542
34751237
34754454
34759402
34763310
34764266
34779107
34787575
34810223
34810454
34820068
34832252
34844519
34845440
34845659
34854051
34859047
34859321
34860748
34873457
34883174
34884676
34910924
34912088
34912368
34912878
34915240
34923139
34927435
34934721
34935671
34939374
34947124
34956876
34959264
34962139
34962575
34968703
34969295
34969999
34975848
34988573
34988835
35008493
35012720
35012900
35014479
35029355
35038673
35059806
35082686
35086110
35102898
35106115
35106960
35111215
35119567
35119871
35125890
35126945
35141024
35147240
35192754
35219481
35261795
35277908
35282063
35282162
35283128
35286861
35290150
35294013
35300210
35314358
35318317
35324749
35332911
35335513
35344224
35345942
35346444
35347656
35347897
35360059
35381471
35383644
35390395
35395714
35411159
35418429
35453597
35455309
35467713
35468631
35472771
35482588
35488534
35500107
35501646
35542288
35553707
35572118
35577858
35580368
35586471
35589842
35632488
35643370
35658308
35704433
35708359
35708442
35708812
35708830
35710628
35727758
35749953
35757014
35791948
35793405
35814616
35876827
35882979
35883137
35886829
35913707
35950803
35951610
35956465
35976180
35997913
36002724
36036876
36116340
36131473
36137424
36142896
36143876
36149962
36153868
36159055
36159271
36161663
36168038
36171768
36215514
36240658
36242782
36244142
36253880
36292045
36293098
36298704
36299528
36305051
36309414
36327691
36335589
36338772
36342850
36399498
36413583
36432575
36448909
36496295
36525623
36538189
36555786
36556814
36572768
36573271
36583105
36635716
36661015
36693868
36748465
36762829
36766767
36776160
36777790
36824816
36834514
36865090
36886397
36908867
36980246
36990448
36991232
37008112
37036907
37043833
37047665
37061663
37076955
37096030
37111418
37112422
37118048
37123750
37178043
37198383
37217701
37218161
37222860
37290276
37295891
37299366
37301952
37321660
37325863
37418301
37496489
37513675
37514173
37516167
37516255
37516298
37516314
37516337
37516400
37545704
37546190
37562137
37590878
37609810
37665863
37701161
37779628
37788492
37871054
37873266
37879770
37885282
37928050
37930916
37962214
37962279
37987137
38003559
38018690
38032583
38053993
38061995
38084248
38095687
38141504
38142003
38181860
38215952
38222928
38236337
38246013
38296369
38297191
38317762
38330455
38351464
38388521
38391762
38410704
38413069
38493267
38504120
38546529
38631141
38640178
38669006
38708605
38729323
38838215
38862178
38887000
38922067
38982354
39139415
39218372
39517521
39623249
39674253
39724098
39730028
39775220
39829462
39838328
39926480
40152491
40283481
40328496
40344160
40421756
40442860
40479611
40540186
40541035
40613368
40678592
40735688
40755081
40767870
40818502
40877485
40903138
41011363
41018492
41030531
41062588
41170699
41278978
41300795
41309914
41328519
41356475
41458704
41514691
41555061
41569682
41576793
41618715
41655905
41791843
41856164
42046778
42065309
42173196
42200942
42279793
42440304
42584673
42586385
42804354
42913775
42970899
43016837
43021651
43104337
43158835
43184223
43236174
43376737
43494458
43601805
43667547
43667603
43686943
43734740
43894753
43924687
44007420
44022837
44070277
44129259
44138952
44225465
44332583
44332766
44412070
44442114
44459233
44477919
44502841
44536810
44545745
44599867
44851715
45107432
45107850
45113964
45210371
45254536
45316213
45521473
45523925
45524877
45525248
45525753
45576633
45586785
45587754
45589383
45739812
45758736
45760437
45847721
46006290
46073472
46089001
46213120
46312370
46328212
46437274
46441158
46441283
46477463
46481292
46504632
46514375
46578483
46738063
46991491
47122833
47176019
47177570
47179247
47188647
47207979
47338444
47369708
47389416
47397569
47508580
47549840
47627083
47663542
47707578
47777095
47799520
47892769
