4
10
11
12
13
14
15
16
17
18
19
20
21
22
23
24
25
26
27
28
29
30
31
32
33
34
35
36
37
38
39
40
41
42
43
44
45
47
48
49
50
51
52
53
54
55
57
58
59
60
61
62
65
70
71
72
75
85
89
93
94
96
99
105
106
107
111
136
141
154
159
162
163
164
165
169
171
179
191
193
199
207
212
217
220
238
260
262
267
270
272
287
294
297
298
315
316
317
345
346
396
417
423
439
449
470
481
508
556
569
570
595
627
688
698
776
790
799
810
823
832
864
877
905
929
931
941
947
965
992
999
1004
1011
1063
1074
1094
1111
1125
1204
1208
1358
1372
1373
1405
1446
1503
1548
1564
1584
1608
1668
1700
1721
1726
1731
1783
1884
1932
1957
1991
1992
1994
1997
2004
2010
2094
2125
2134
2142
2149
2157
2250
2385
2390
2392
2472
2530
2601
2646
2686
2749
2789
2795
2806
2833
2844
2864
2922
2985
3061
3103
3200
3255
3263
3286
3288
3446
3483
3583
3672
3867
3919
3971
3991
4385
4557
4855
4862
5003
5042
5054
5077
5216
5270
5288
5406
5411
5486
5708
5793
5807
5823
5824
5829
5844
5968
6031
6033
6036
6039
6062
6086
6141
6158
6214
6289
6392
6403
6507
6556
6588
6622
6640
6679
6686
6706
6719
6796
6840
6857
6859
6861
6862
6886
6910
6922
6928
6951
7012
7028
7052
7064
7078
7159
7185
7372
7375
7383
7385
7425
7487
7627
7701
7711
7760
7820
7852
7877
7888
7913
7935
8006
8015
8068
8077
8097
8121
8135
8161
8166
8222
8241
8242
8243
8267
8326
8412
8433
8438
8454
8519
8533
8626
8648
8684
8740
8838
8852
8877
8885
8924
8957
8960
9082
9134
9240
9279
9365
9384
9403
9497
9589
9608
9611
9620
9636
9650
9669
9701
9717
9750
9765
9828
9857
9875
9878
9891
9924
9929
9939
9942
9961
10000
10004
10073
10074
10081
10094
10151
10199
10236
10247
10271
10307
10370
10377
10466
10483
10487
10493
10520
10541
10575
10620
10911
10912
10956
10976
11029
11030
11064
11065
11079
11096
11101
11128
11161
11191
11220
11256
11295
11301
11341
11348
11439
11440
11455
11474
11488
11515
11560
11564
11584
11600
11604
11641
11670
11798
11829
11830
11831
11838
11849
11885
11905
11925
11929
11949
11977
11999
12062
12097
12100
12148
12176
12213
12337
12338
12410
12424
12445
12485
12521
12554
12574
12605
12693
12730
12802
12831
12880
12924
13057
13085
13255
13283
13297
13335
13359
13401
13414
13440
13446
13481
13524
13540
13552
13700
13768
13779
13792
13817
13821
13849
13855
13874
13877
13924
13941
13979
14115
14190
14279
14357
14509
14514
14709
14785
14833
14976
15414
15418
15450
15487
15520
15542
15563
15695
15704
15748
15758
15760
15772
15901
16006
16079
16128
16509
16610
16623
16647
16811
16863
16892
16912
16938
17014
17038
17102
17137
17236
17246
17247
17321
17327
17341
17360
17446
17599
17632
17646
17700
17783
17786
17790
17833
17875
17879
17916
17920
17924
17962
17976
18128
18326
18442
18617
18635
18690
18698
18896
18910
18960
19021
19022
19065
19107
19257
19412
19456
19473
19677
19957
19985
20010
20064
20145
20160
20347
20510
20605
20660
20662
20773
21025
21072
21228
21315
21335
21350
21372
21441
21672
21673
21901
21954
21985
22354
22614
22714
22743
22800
23139
23148
23455
23804
23998
24363
24369
24434
24450
24731
24819
24927
24978
24985
25070
25211
25220
25342
25423
25431
26105
26361
26401
26821
26901
27107
27536
27644
27679
27844
28137
28166
28548
28817
28999
29089
29250
29300
29420
29497
29626
29739
29771
29844
29860
30084
30187
30467
30582
30857
30898
30983
31041
31063
31254
31315
31338
31708
31744
31896
32253
32664
32666
32798
33133
33258
33387
33449
33777
34844
35107
35407
35496
35702
35709
35893
36045
36050
36222
36393
36512
36757
36859
36983
37057
37210
37287
37425
37514
37712
37851
38155
38242
38415
38499
38591
39283
39360
39419
39546
39663
39743
39993
40121
40189
40233
40238
40400
40412
40530
40640
40703
40913
41197
41226
41351
41428
41625
41724
41773
41834
42033
42102
42141
42201
42262
42280
42430
42444
42459
42616
42629
42807
42819
42931
43138
43318
43583
43890
43925
44218
44458
44514
44603
44804
44827
44912
45009
45026
45048
45147
45230
45521
45582
45599
45676
45711
45769
46273
46448
46874
46959
47176
47199
47244
47307
47329
47423
47564
47591
47606
47776
48114
48302
48567
48746
48909
48946
49069
49101
49343
49944
49972
50052
50090
50232
50293
50422
50497
50596
50599
50684
50824
50974
50988
51107
51127
51268
51466
51607
51692
51905
52036
52051
52313
52394
53111
53132
53216
53347
53471
53943
54164
54202
54213
54280
54286
54442
54541
54550
54618
54628
54691
54701
55295
55478
55501
55559
55691
55758
55899
56059
56181
56267
56496
56732
56751
56798
56884
56935
56965
57141
57166
57589
57755
57972
57990
58007
58238
58246
58535
58556
58901
58970
59111
59277
59359
59790
59860
59940
59995
60019
60216
60596
60640
61003
61155
61399
62192
62523
62697
62901
63148
63378
63399
63446
63524
63647
63837
63856
63935
63946
63959
63980
64016
64043
64114
64135
64406
64500
64689
64864
64959
65004
65122
65177
65409
65513
65546
65668
65690
65768
66027
66086
66108
66493
66497
66589
66665
66802
66849
66951
67214
67567
67707
67711
67813
67905
68164
68262
68806
68971
69098
69134
69152
69285
69350
70070
70114
70155
70404
70477
70488
70844
70992
71310
71328
71956
72057
72064
72082
72121
72256
72368
72602
72691
72857
72959
73059
73181
73306
73643
73744
73838
74103
74561
74587
74778
75103
75471
75573
75665
75898
76044
76077
76099
76145
76245
76541
76599
76611
76683
76692
76773
76934
76988
77096
77185
77224
77249
77468
77617
77622
77864
78251
78422
78433
78751
78789
78807
78845
79242
79361
79408
79520
79724
80015
80341
80376
80717
81668
82202
82309
82898
83079
83166
83418
83710
83777
84236
84265
84336
84437
84822
84851
85023
85307
85536
85568
85599
85796
85886
86014
86020
86038
86077
86322
86549
86715
86720
86985
87019
87182
87230
87400
88025
88206
88612
88824
88966
89092
89254
89346
89363
89473
89866
89883
89889
90062
90201
90297
90312
90796
90839
90932
91052
91205
91347
91589
92181
92219
92243
92561
92732
92825
92863
93104
93171
93248
94091
94395
94709
94979
95000
95047
95180
95216
95476
95485
95502
95548
96012
96035
96086
96212
96703
97149
97194
97260
97287
97669
97997
98184
98389
98548
99450
99465
99597
99731
100613
101070
101193
101634
102326
102354
102527
102652
102766
103242
103549
103834
104251
104355
104497
104559
104607
104641
105164
105244
105534
105648
105857
106026
106149
106382
106471
107218
107363
107754
108069
108478
108645
108659
108944
109008
109041
109049
109567
109568
109672
110267
110334
110561
110700
111276
111571
111759
111769
111791
111880
112135
112155
112371
112494
112629
112736
113238
113240
113381
113401
113811
113863
113918
113973
114164
114176
114684
115345
115718
115770
115791
115794
115913
115914
115986
115987
116028
116221
116231
117520
117722
117762
117765
118129
118143
118302
118569
118734
119102
119168
119376
119437
119609
120104
120151
120464
120552
120594
120936
121030
121044
121063
121134
121141
121281
121392
121917
122012
122013
122197
122365
122413
122462
122646
122801
122994
123022
123190
123444
123793
123840
124187
124363
124378
124519
124572
124786
124891
125164
125409
125714
125916
126100
126299
126300
126356
126596
126670
126784
127079
127089
127109
127610
127625
127793
127839
128215
128582
128670
128693
128810
128988
129096
129131
129199
129329
129398
129858
130005
130120
130236
130256
130444
130446
130558
130895
131106
131132
131468
131501
131665
131775
131833
131925
132010
132013
132056
132137
132263
132439
132480
132526
132527
132796
132931
132958
133032
133613
133686
133813
133845
133928
133955
134328
134351
134423
134473
134760
134768
135029
135120
135165
135323
135454
135635
135690
136002
136031
136156
136170
136289
136599
136657
136971
137035
137398
137412
137501
137699
137796
138169
138225
138355
138481
138888
138944
139253
139286
139437
139494
139524
139578
139600
139673
139709
139713
139978
140075
140644
140734
140740
141366
141491
141659
141708
141709
141745
141747
141849
142017
142080
142455
142465
142862
142886
142996
143261
143381
143410
143486
143563
143570
144055
144406
144419
144572
144676
144735
145480
145546
145885
145917
146100
146403
146889
147035
147576
147825
147854
148223
148301
148591
148745
149070
149807
149826
149886
149999
150090
150135
150479
150507
150524
150751
150765
150910
150928
150943
151069
151175
151220
151379
151503
151683
151718
151759
151911
151967
152025
152155
152280
152356
152464
152831
153044
153160
153215
153329
153346
153388
153485
153792
153989
154162
154333
154448
154501
155035
155066
155599
155756
155840
155881
155886
155940
156032
156129
156597
156736
157020
157250
157312
157357
157910
157929
158131
158470
158498
158613
158654
158963
159073
159306
159918
160161
160237
160539
160586
161132
161326
161452
161468
161497
161554
161616
161682
161875
162064
162185
162186
162369
162714
162882
162897
163232
163252
163368
163421
163953
164387
164501
164540
164577
164707
164720
165100
165241
165392
165571
165800
165933
166137
166144
166653
166732
166915
167031
167455
167547
167705
168118
168119
168207
168278
168310
168480
168636
169032
169111
169365
169492
169987
170030
170269
170279
170354
170433
170700
170705
170709
170772
170816
170827
171087
171234
171342
171433
171469
171568
171887
172471
172566
172609
172673
172800
172926
173053
173064
173209
173274
173389
173554
173684
173717
173792
173985
174094
174450
174524
174651
175602
175768
176402
177030
177222
177293
177305
177403
177483
177583
177735
178209
178285
178291
178472
178473
178583
179202
179322
179349
179614
179708
179768
179884
180098
180163
180294
180315
180373
180467
180523
180604
180617
180885
181016
181052
181072
181245
181600
181631
181802
181815
182065
182258
182285
182439
182460
182551
182650
182756
182881
182908
182951
182966
182967
183485
183767
183893
184000
184065
184313
184703
184740
184848
184920
184938
184969
185338
185457
185739
185778
186056
186421
186974
187145
187233
187552
187756
187766
188058
188202
188420
188549
188664
188680
189442
190265
190701
190933
191158
191690
191777
192270
192890
192921
193166
193233
193253
193858
194228
194365
194470
195040
195104
196989
197149
197280
197648
198203
198228
198732
198918
199572
199612
200079
200647
200690
200773
201274
201317
202029
202086
204446
204906
205118
205288
205349
205398
205755
206333
206461
206930
207260
208130
208238
208308
208324
208374
208430
210025
210233
210802
210824
211170
211677
211693
212416
213251
213292
214228
214285
215257
215402
215587
215856
215888
216144
216507
217053
217096
217118
217488
218082
218218
218232
218373
218428
218821
219392
219483
220740
221095
221248
221477
221532
221748
221797
222023
222534
222801
222822
223153
223483
224019
224460
224690
224851
225257
225646
226461
226490
226846
227113
227510
228056
228216
228271
228436
228748
228911
230192
230673
230737
232353
232586
234114
234231
234297
234438
234439
235277
235321
235720
236628
236838
237418
237544
237605
237901
238559
239179
239375
239890
239920
239964
240089
240623
240935
241467
241981
242223
242676
242813
243014
243019
243072
243251
243344
243717
244697
244775
245154
245479
245725
245752
245959
246282
246463
246629
246790
246923
247118
247470
248945
249762
250170
250989
251217
251442
251548
252013
252225
252305
252311
252560
252567
252762
253305
253688
253940
254313
254435
254692
254870
254965
255254
255620
255868
255911
256048
256115
256185
256342
256478
256690
257297
257466
257690
257973
258246
258707
258748
259218
259587
260065
260322
260549
260812
260869
260953
261241
261705
262121
264218
264337
264360
264516
265732
265807
266098
266781
267206
267648
267709
268274
268431
268813
269061
269312
269343
269474
269592
270436
270578
271684
271698
271963
272299
272629
273134
273422
273579
274951
275011
275127
275151
276141
276167
277149
277351
277703
277957
278665
278840
279201
279435
280036
280389
280924
281480
282087
282534
283487
283565
283592
283838
284932
285078
285840
285983
286325
286897
287172
287371
287477
288005
288179
288258
288688
289097
289186
289753
289924
290005
290130
290140
290441
290859
292216
292310
292528
292917
293139
293374
293730
294210
294786
295495
295616
295664
295776
296666
296743
296761
296816
297015
297094
297460
298227
298617
298776
299162
299455
299563
299601
299696
299776
299978
301013
301225
301373
301505
301506
302410
302774
303026
303195
303210
303456
303699
304111
304920
305373
305552
305653
305687
305744
306225
306442
306622
306722
306743
306795
307371
307725
307943
308176
308206
308564
308884
309398
309655
309977
310033
310038
310165
310183
310368
310531
310577
310796
310965
311120
311214
311268
311279
311505
311546
311770
312596
312624
313096
313141
313488
313662
313667
314202
314317
314384
314699
315089
315325
315447
315602
315877
316134
316154
316333
316407
316428
316634
316708
316886
317431
317449
317556
317567
317810
318126
318325
318429
318699
318767
319171
319205
320519
320653
320736
320953
321102
321159
322926
323060
323232
323315
323374
323461
323494
323698
323728
324208
325096
325649
325973
326021
326443
326479
326862
327160
327798
328024
328279
328368
328610
328626
329074
329596
330617
330860
330965
331032
331219
331561
331564
331614
331748
332862
333058
333107
333423
333541
333547
333869
335223
335273
335556
335616
336159
336296
336634
337687
337776
337876
337985
338524
338669
338776
338800
339034
339200
339390
339627
340360
340810
340887
341071
341734
341756
341814
342128
342262
342917
342943
343390
343974
344067
344371
344527
344857
345279
345832
345859
345884
346539
346589
347094
347185
347483
347700
347800
347839
348152
348465
348681
348705
348802
349145
349648
350108
350419
350524
350779
351166
351192
353344
353634
353717
353810
353946
354072
354956
354998
355209
355418
355422
355698
356041
356540
356914
356959
357237
357736
357746
357778
357780
358146
358322
358463
358689
358984
360008
360050
360078
360298
360392
360832
360931
361090
361339
362677
362780
362835
363845
364173
364562
364724
364953
365572
365771
365813
365969
366144
366415
366595
367593
367779
368040
368046
368492
369114
369171
369986
369992
370225
370761
370781
371069
372316
372441
372577
372677
372916
373000
373095
373149
373376
373381
373613
374221
374247
374360
374635
374779
375229
375443
375579
376050
377512
377817
377897
378152
378177
378399
378939
379478
379966
380012
380141
380154
381026
381547
381829
382119
382653
383229
383392
383404
383466
383637
384510
384629
385476
385607
385838
386197
386241
386899
387122
387866
388574
388653
388828
388845
390411
390497
390627
390924
390963
391710
392182
392522
392709
393219
393394
393868
394656
396027
396068
396410
396640
396927
397814
398915
399175
399222
400610
401716
401743
401881
402259
402819
403103
403445
403841
404836
404840
405111
405378
405486
405860
406265
406857
407319
407504
407932
408102
408362
409063
409821
410189
410943
410964
411454
411500
412241
412971
413199
413858
414419
414635
415366
415571
415573
416109
416683
416891
416974
417077
417143
417361
417804
418018
418177
418194
418403
418756
420401
420541
420615
420695
420749
420768
420967
421464
421889
421967
422530
422836
423205
423574
424487
424930
425231
425987
426011
427466
427544
427721
427958
428754
429187
429212
429577
429603
429790
429966
430622
431022
431255
431858
432819
433814
434085
434713
435308
435383
435422
436273
436667
437572
437718
437846
438202
439279
439985
440056
440071
440153
440397
441231
442065
442140
442530
442618
443387
443638
445550
445899
446089
446111
446295
446386
446529
447043
448923
449062
449915
450724
450870
451404
452355
453240
453392
453899
454122
454499
455235
456145
456450
456480
457058
457412
457578
457740
458204
458271
458954
458982
459180
459901
460152
460543
460766
461027
461128
461224
461351
461353
461516
461585
462700
462859
462940
463309
463622
464081
465257
466240
466398
466500
467112
467281
467741
467764
468079
469476
470736
470772
471141
471543
472185
473083
473313
473388
474363
474493
475014
475029
475697
475723
475774
475962
476062
476092
477080
477343
477394
477643
477689
477713
477728
477788
478421
478712
478879
479143
479472
479920
479987
480211
480955
481248
481515
481564
481746
482738
483006
483042
483115
483945
484230
484280
485069
485079
485335
486208
486513
486601
486780
487215
487253
487840
488468
488833
489603
489698
489949
490152
490693
490826
490848
491046
491330
491422
491441
491815
491840
491895
491904
491949
492799
493581
495484
495486
496610
496660
496710
497078
497208
497811
497939
497973
498657
498854
499471
499563
499787
500017
500391
501266
501277
501704
502093
502382
503069
503317
503709
503986
504168
504244
505185
505735
505918
507308
507649
507749
507929
508120
508382
508398
508781
508938
509345
509775
510511
510614
511001
511868
511876
511903
512875
513425
514018
514275
514841
514946
515348
515683
515777
515865
516033
516765
517072
517779
518315
518646
518755
519422
519516
519945
520156
520268
520796
521637
521987
522072
522825
522830
524414
524480
524718
526129
528510
528570
528688
528975
529445
529570
529659
530143
530341
530469
530926
531252
531300
531655
532342
533150
533600
534543
534766
535197
535550
536065
536148
537838
538043
538472
538948
539494
539692
539862
539937
540206
540216
540439
540446
540613
541049
541246
541508
542084
542261
542545
543227
543722
544286
544963
545149
545412
545518
545853
546323
546446
546689
547500
547994
548413
548994
548999
549119
549311
549368
549434
550460
550520
551310
551326
551776
551797
552061
552101
552328
552575
553019
553112
553357
553552
553822
555877
556398
556622
556726
557118
558281
558578
559171
559392
559670
559671
559874
559985
560000
560379
560748
560810
561357
561369
561672
562124
562537
562918
563150
563695
563750
563897
564507
564553
564812
565560
565737
565791
566585
566608
566636
566842
567018
567756
568356
568426
568573
569094
570214
570318
570742
571886
571983
572048
572082
572230
572342
572547
572606
572944
572975
573099
573227
573243
573349
574228
574426
575575
575967
576375
576425
576591
577004
577012
578177
578182
580158
580779
581468
581616
581856
582124
582208
582526
582703
584031
584380
584654
585019
585279
585327
585547
585571
585573
585651
585962
586076
586895
586948
586953
587756
589941
590190
590289
590579
590634
590798
590900
590994
591188
591202
591269
591388
591693
592399
592740
593933
594787
595215
596167
596390
596531
596805
597295
597355
598615
598738
598901
599906
600355
600753
600990
601020
602126
602298
602551
604142
604153
604321
604329
604896
604940
605393
606151
606352
607363
608191
609008
609074
609351
609560
609954
610282
611660
611756
612748
613087
614316
614442
615010
615309
615445
615562
615769
615948
617118
617637
617783
617951
618487
618637
619151
619948
620212
620438
620955
622183
622828
623478
623658
624050
624175
624370
625027
625458
625677
625868
627089
627092
627356
627916
628080
628644
628860
628955
629076
629299
629809
629850
630399
630802
632142
633211
633539
633568
633678
634072
634587
635727
635944
636322
637429
637781
638378
638557
638731
639822
640680
640898
641304
642091
642648
644060
644711
644896
645953
646276
646319
646371
646900
647030
647534
649469
650144
651094
651369
651498
651530
653045
653380
653620
653668
653967
654122
655533
656158
657789
658645
659560
659677
659906
659933
660093
660389
660465
661191
661509
661518
661591
661777
662412
662805
662820
663461
663682
664374
665188
665246
665728
665923
667882
670096
670260
670843
671316
671420
672965
673130
673158
673324
673541
674844
675521
675566
675781
677269
677495
677893
678744
678971
679039
679292
679478
680109
680294
680321
680434
680617
680704
681152
681850
682986
683601
684617
685223
686173
686361
686861
688663
689490
689838
689987
690198
691254
692683
693165
694041
695544
695754
695919
695945
696554
696752
696837
697159
697203
697526
698175
698551
699675
700000
700282
701771
702290
703836
705117
706409
706507
706581
707239
707486
708541
708586
708599
709123
709193
710911
711157
711271
711627
711668
711894
712646
712962
713050
713216
713850
713883
714236
714237
715537
715566
715612
715925
716217
716805
716927
717020
717244
717766
718047
718071
719715
719839
719993
720543
720857
720861
720869
720913
721158
721309
721608
721767
721977
722185
722213
722250
722297
722660
723447
724052
724381
725264
725507
725517
725532
725947
726426
727183
727236
728100
728756
729757
731091
731625
733932
734156
734394
734412
734912
736147
736954
737354
737978
738716
739402
739733
740280
740601
740752
743358
744306
745654
746401
747106
747594
747675
748487
749627
750070
750766
751715
751858
753005
754014
754642
754669
754794
754837
755162
755693
756285
756690
757117
757123
757420
757519
757599
757801
758065
758532
758844
759112
759601
759839
761259
761395
761537
761552
762572
762585
763396
763417
763504
763747
764211
764710
764741
764761
765940
766330
766997
767472
767650
768294
768751
769893
770851
771717
772230
773529
773967
774335
774896
775089
775098
775272
776634
776676
776919
777737
779777
780267
780475
780635
780674
781268
781660
781926
782019
782533
783107
783510
783714
783811
784016
784695
784699
785162
785700
785703
785764
785917
786242
786296
786673
787005
787120
787269
787465
787652
787957
788229
788416
789222
790299
790302
790412
790455
790656
791025
791992
792062
792194
792456
793418
793672
793840
793866
794097
794293
794996
795458
795645
795859
795992
799609
800308
801328
802679
802735
803778
805378
806305
806429
806794
808381
808606
809357
810606
810866
810959
810973
812380
812739
813805
814659
814974
815242
815370
816275
816809
816865
817267
817330
817669
817776
818402
818419
819080
819531
819604
819868
821623
821775
822008
822165
822221
822523
822983
823131
823136
823202
823395
823835
824099
824376
824478
824923
825028
825397
825512
825621
825833
827293
827496
827837
827847
827999
828235
828255
828501
828986
829489
829690
829980
831214
831269
831670
831689
831740
831763
833009
833269
833575
834022
835228
837162
838425
838910
838934
839067
839319
839960
840597
840601
841405
841611
842142
842198
842380
842663
842717
842944
843146
843186
843584
843752
843878
845465
846272
847595
847736
848363
849318
849785
849927
850714
850813
851851
852015
852577
852737
852997
855176
855945
856287
856511
857109
857423
858950
858958
859258
859665
860634
860924
861615
862599
863053
863527
864952
865574
866158
866596
866939
869966
870203
870226
870479
871019
872501
872941
873495
873844
873908
873958
874344
874850
874917
875000
877307
880328
880510
881352
883089
884061
885315
885936
886088
886151
886367
886866
887116
887471
888044
888458
888685
888799
889383
889807
889875
889934
892535
892688
892874
893439
893467
893900
894150
894310
894383
894693
894969
895038
896485
897175
898201
898524
899089
899719
901795
902583
904061
904354
904451
904567
905247
905554
905945
906990
907078
907173
908865
909382
909757
910622
910864
911360
912477
912895
913803
914236
914546
914561
914715
915548
915591
915695
916233
916472
917026
917547
917635
918454
918644
920915
921471
922132
922371
922891
923538
924207
924306
925247
928584
928632
929296
929942
930326
930717
930790
931446
931954
932255
934054
934194
934430
934718
934841
935189
935495
935968
935985
936844
937015
937851
939851
941387
941885
942133
943327
944133
945150
945322
946283
946344
946578
946625
947023
947142
947424
947758
948050
948416
949897
950360
950759
950829
950863
950985
951579
951988
953277
953422
953572
954370
954628
955051
955327
956295
956685
957030
957824
957901
959700
960447
960934
962207
962343
962530
965739
966931
967541
967817
968552
968633
969226
970301
970351
971253
972031
973621
974234
974838
975165
975210
975628
975631
976235
976366
976580
976952
977598
977729
977961
978668
978714
979085
979815
982168
982280
982455
982561
984786
986733
986804
987438
987495
987519
988553
988912
988994
989387
989836
991019
991388
991758
991872
992633
992829
993088
993411
994253
995968
996785
997154
997522
998015
998957
1000923
1000931
1001713
1001945
1003115
1004384
1004720
1004990
1005401
1005614
1005914
1005979
1007550
1007558
1007746
1009692
1010244
1010350
1010753
1011327
1011340
1012016
1012893
1013046
1013108
1014544
1015295
1015394
1016093
1016824
1018295
1018524
1018783
1018945
1019396
1019838
1019880
1020055
1021987
1022228
1024995
1025083
1025280
1025717
1026597
1026684
1027726
1027965
1030937
1032400
1033268
1033468
1033820
1034060
1034763
1036937
1037589
1037983
1040026
1041405
1041538
1041547
1041814
1043127
1043300
1043511
1043653
1043776
1043927
1045702
1046219
1047560
1051286
1053231
1053903
1054091
1055958
1055997
1056519
1057581
1057664
1058366
1059294
1059920
1061540
1061693
1062243
1062655
1062727
1063057
1063109
1064694
1065165
1065239
1065986
1066042
1066340
1066611
1066654
1068008
1068055
1068219
1068500
1069591
1069720
1070510
1070588
1070963
1071070
1072075
1072353
1072432
1073062
1073325
1073831
1076569
1076902
1077110
1077121
1078309
1078333
1078511
1078918
1079084
1079671
1079677
1079692
1080527
1081591
1082018
1082458
1082526
1083680
1083830
1085669
1088081
1088210
1088353
1088531
1088701
1088783
1088794
1088923
1089858
1091210
1091222
1091619
1091645
1091953
1091965
1092530
1092632
1093361
1093526
1093826
1095055
1095896
1096068
1097688
1097728
1098812
1100217
1100383
1100421
1100792
1102550
1103520
1105365
1106074
1106136
1106265
1106672
1106908
1109299
1109386
1109937
1110320
1110624
1111425
1111525
1111936
1112602
1112852
1113377
1114032
1114560
1114691
1114802
1115011
1115831
1116296
1116537
1117022
1119172
1120639
1121015
1121205
1121495
1122267
1122732
1122741
1123031
1123205
1123898
1124446
1124668
1127291
1127451
1127468
1129480
1129624
1129829
1130144
1130273
1131302
1131446
1131488
1131788
1132949
1134482
1135116
1136300
1136444
1137147
1137633
1138020
1139092
1139162
1139570
1142256
1143749
1144754
1145319
1146169
1146412
1146459
1147277
1148477
1148941
1150366
1151091
1153054
1153220
1153668
1153682
1154369
1154875
1155362
1156223
1156417
1156449
1156452
1157476
1159047
1159932
1161063
1161222
1162173
1162737
1163674
1163932
1163954
1164000
1164108
1164359
1164393
1164743
1167248
1167270
1168911
1169153
1169333
1169376
1169386
1169395
1170258
1170376
1170393
1170875
1170979
1171095
1171400
1171546
1171789
1172857
1172883
1173977
1174061
1174125
1174344
1174874
1175641
1177764
1178049
1179102
1180120
1180131
1180174
1181507
1181577
1183246
1183268
1183427
1183892
1185389
1185960
1186265
1187083
1187114
1187496
1188055
1188842
1188891
1189545
1189853
1190958
1191720
1192592
1193633
1194666
1195626
1195922
1196128
1196522
1196767
1197230
1197315
1197842
1198813
1199465
1199553
1199899
1200306
1200324
1200718
1200792
1201572
1201622
1201745
1202211
1202826
1203714
1204297
1204320
1204656
1204764
1205213
1205944
1206396
1207005
1208410
1210236
1210506
1210815
1211773
1211920
1214419
1214763
1214792
1215237
1215454
1216298
1216850
1217594
1218073
1218733
1220494
1221004
1222244
1222335
1222998
1223034
1223576
1223891
1223928
1223992
1224345
1224795
1225063
1225119
1225514
1226740
1228239
1228511
1228529
1228929
1231336
1231476
1232416
1235918
1236224
1236459
1236698
1237320
1237544
1237564
1239368
1240678
1241657
1241959
1242418
1242958
1243127
1243937
1244100
1245684
1249292
1250567
1250749
1250801
1251541
1254215
1255404
1255710
1256153
1256255
1257776
1257919
1258291
1258748
1259826
1259941
1260624
1261895
1262699
1265234
1265587
1265882
1266777
1266819
1268924
1269184
1270515
1272353
1273594
1274945
1275523
1276297
1276478
1276631
1277025
1277194
1278320
1279924
1281088
1281687
1283962
1284178
1284249
1284259
1284736
1286083
1286661
1287111
1287554
1288030
1289194
1289395
1290235
1290551
1291095
1291615
1293088
1293224
1293426
1293552
1294736
1295189
1295513
1297994
1298334
1298779
1299557
1300309
1300500
1300899
1301507
1301561
1303469
1303937
1304041
1304639
1305319
1307225
1307679
1307769
1308099
1308444
1308611
1308678
1310439
1310783
1311235
1311968
1312041
1312582
1314013
1314403
1314451
1314686
1315171
1315436
1315984
1316340
1317259
1317632
1318240
1318353
1318368
1318380
1320516
1322549
1323137
1323715
1324906
1325297
1326029
1326291
1326480
1327367
1327761
1329482
1332384
1332865
1333207
1334942
1335045
1336225
1337197
1339472
1339684
1339787
1340482
1340531
1341860
1342318
1343062
1343643
1344046
1345124
1345903
1347381
1348093
1348966
1349101
1349268
1349978
1350095
1350353
1350573
1350832
1351537
1351980
1352249
1352563
1356094
1356774
1358038
1359409
1359829
1361180
1361210
1361467
1364487
1366361
1368218
1368322
1369502
1370381
1372992
1373028
1373118
1373532
1374112
1374165
1374578
1375212
1375285
1375578
1375900
1376182
1376607
1378666
1379122
1380427
1381635
1381715
1381739
1382869
1383023
1383726
1383937
1384790
1385151
1386521
1386880
1387033
1388185
1388397
1389386
1390081
1390107
1390207
1391335
1391345
1394198
1394247
1394586
1395339
1396145
1397526
1397545
1397686
1397752
1398529
1399801
1400410
1401036
1402570
1402949
1403021
1403084
1403752
1403792
1404741
1405266
1405299
1405614
1406545
1406766
1406999
1407537
1407722
1408559
1409349
1409790
1412286
1412522
1412537
1412757
1412789
1413120
1416132
1417532
1418566
1419548
1420627
1421449
1425103
1426341
1427500
1428901
1430045
1430848
1431699
1433867
1434284
1434753
1434758
1435799
1436939
1437402
1438458
1438703
1438982
1440338
1440595
1441196
1441225
1441672
1443088
1443223
1443249
1444041
1445036
1445566
1445780
1447065
1447542
1447780
1447995
1448312
1448915
1449130
1449393
1449874
1450230
1450237
1450516
1450750
1450964
1451388
1451679
1451680
1451966
1452153
1452812
1452872
1453395
1455538
1456136
1456488
1456961
1457806
1457863
1458283
1459707
1460058
1460153
1460367
1460641
1460941
1462038
1464344
1464484
1464543
1464805
1465190
1465210
1466341
1466829
1467268
1467317
1468244
1468432
1468439
1469049
1469281
1471893
1472628
1473741
1474942
1475990
1476238
1476924
1477155
1478550
1479881
1480031
1480128
1480611
1480870
1481203
1481369
1481502
1482214
1482263
1484195
1484925
1486506
1487435
1488056
1488527
1488559
1489658
1490937
1492302
1492780
1493046
1493567
1493918
1494985
1495812
1496505
1497959
1500314
1500327
1500598
1500956
1501987
1502349
1502356
1502973
1503461
1504381
1504998
1505047
1505529
1505612
1506629
1508454
1509282
1509883
1510351
1510906
1512758
1512999
1513483
1516280
1517084
1517183
1518211
1518838
1519143
1519617
1519893
1519916
1520298
1520595
1521087
1521589
1522647
1522808
1522896
1523063
1524483
1525197
1525544
1525768
1525891
1527523
1528325
1528527
1530743
1531949
1532238
1532576
1533364
1535123
1536227
1537014
1537298
1537325
1537864
1538203
1538350
1538826
1538897
1539077
1539835
1539891
1541895
1543880
1546064
1546069
1546084
1547273
1550051
1550107
1550251
1550612
1551751
1551890
1551935
1552162
1552808
1553550
1553869
1554523
1554610
1555484
1555676
1556042
1556068
1556535
1557111
1557423
1557484
1558235
1558692
1559560
1559810
1560395
1561952
1562388
1562952
1563311
1563749
1564241
1564688
1564740
1565285
1565687
1566127
1566428
1566809
1567060
1567930
1569955
1571432
1571867
1572110
1572988
1573474
1574834
1575466
1575779
1576907
1577870
1578525
1579038
1579085
1579133
1579424
1579966
1580705
1581076
1581117
1581574
1582216
1582573
1583547
1583948
1584313
1586227
1587161
1587865
1588191
1588682
1588691
1589060
1589300
1590077
1590773
1591151
1591601
1591673
1592207
1592236
1592472
1592775
1593129
1593564
1593676
1594285
1594950
1595404
1597606
1598168
1599871
1600007
1600243
1600743
1601000
1601190
1601406
1601956
1602445
1603066
1603286
1603318
1603363
1603744
1604322
1605035
1605046
1605053
1605100
1605969
1606126
1607108
1607765
1608398
1608618
1608810
1609047
1611938
1612046
1612850
1613318
1614093
1614721
1614866
1616149
1616154
1617480
1618419
1618750
1619550
1619557
1619907
1621014
1622232
1622742
1622920
1623166
1624089
1624178
1624302
1624360
1628437
1628908
1628933
1629235
1629472
1629777
1630592
1630966
1631884
1632482
1632672
1633123
1634403
1635370
1635511
1638624
1639040
1639228
1640190
1640420
1640434
1640973
1641319
1642839
1645539
1648258
1648406
1649033
1649170
1649622
1650198
1650234
1651057
1651681
1651914
1654517
1655666
1655722
1656182
1656484
1657347
1660111
1660808
1661762
1661822
1662423
1662887
1664241
1664251
1665083
1665738
1666264
1666994
1667237
1668407
1669502
1669647
1672276
1672735
1673149
1673555
1673885
1674466
1676519
1677960
1677987
1678453
1679010
1680013
1680354
1680956
1681503
1682555
1682811
1683859
1684998
1685076
1685304
1686140
1687227
1687321
1687614
1687831
1688338
1688622
1688956
1691180
1692185
1692227
1692268
1692579
1693405
1693592
1694257
1695069
1695917
1695952
1697345
1697611
1698106
1698253
1699660
1700577
1701381
1701453
1702168
1703788
1704295
1704972
1705709
1706092
1706106
1706675
1707598
1708255
1708792
1709734
1709978
1710173
1710893
1711017
1711179
1712392
1712469
1712613
1712682
1713850
1714970
1715484
1715829
1716355
1716357
1716451
1716621
1716742
1716916
1718606
1718693
1719692
1720131
1720914
1723820
1724053
1724565
1724668
1725244
1727401
1727590
1727647
1727824
1728501
1729134
1729671
1730685
1731419
1735397
1737097
1737201
1737273
1738997
1739665
1740381
1740627
1740785
1742393
1745065
1746007
1747457
1747743
1748193
1749413
1755395
1755507
1757989
1758945
1761167
1763107
1766775
1766941
1769633
1769859
1770603
1773003
1774953
1775315
1775783
1779433
1779481
1779551
1780027
1780205
1780219
1780551
1781157
1781743
1782607
1783585
1784155
1784249
1784641
1784927
1787567
1787759
1794677
1795591
1795727
1797635
1798107
1799881
1800077
1800779
1801703
1804807
1806027
1807325
1810665
1810793
1811011
1811721
1812763
1812889
1814893
1815113
1815829
1816419
1816685
1817377
1817665
1818013
1818403
1819459
1819763
1820663
1821281
1822577
1822945
1823053
1824169
1824433
1825877
1826429
1830426
1832724
1834008
1838262
1838704
1838834
1839384
1839620
1841296
1842362
1842916
1844576
1849402
1849462
1851680
1851914
1855976
1857240
1857358
1857956
1858718
1858744
1859874
1860918
1862924
1864770
1868800
1870502
1870814
1871494
1873114
1877196
1877530
1880248
1882560
1882624
1882768
1883970
1884938
1885870
1887148
1887414
1887570
1887896
1888084
1888188
1888348
1889934
1890208
1890360
1891130
1891352
1893296
1893312
1893504
1893752
1893828
1895100
1895246
1895438
1895578
1898766
1898930
1899134
1899318
1899540
1899896
1901372
1903202
1903470
1904670
1906826
1912404
1912626
1913346
1914016
1915498
1916178
1916986
1917286
1917900
1922180
1924354
1924516
1924656
1925036
1925332
1926048
1929708
1930912
1930960
1932870
1934362
1935268
1937186
1937354
1938856
1939158
1940244
1940432
1940864
1942238
1944874
1945124
1945300
1946104
1949336
1950762
1951866
1955610
1957642
1959252
1959860
1961384
1963648
1965620
1966068
1966544
1968702
1975098
1976590
1977790
1978564
1978684
1980372
1980422
1980722
1981162
1981524
1983728
1984828
1986032
1989186
1990424
1990488
1991668
1993354
1995706
1996482
1998132
1998970
2000322
2002508
2002880
2005320
2008264
2009368
2010020
2011504
2013016
2015590
2015776
2018314
2021770
2022364
2022582
2024144
2026504
2029550
2029812
2030050
2030918
2032612
2033708
2034152
2035624
2036154
2036626
2037332
2037516
2037762
2038076
2040090
2041152
2041954
2043228
2043944
2044570
2044694
2045010
2045684
2048070
2050286
2050402
2052682
2053462
2053824
2055086
2055602
2057194
2057230
2057716
2057894
2061230
2062070
2063052
2064932
2066900
2068538
2070980
2071044
2074904
2076982
