36050
256652
336159
596167
885936
1092136
1368322
1450237
1632439
2050286
3092941
3119605
3190499
4993381
6299361
7775981
10887981
11967091
15724439
16050617
16174613
16260796
16652077
27913213
29650066
29931219
30136276
30161279
30283038
30664623
30692628
31923832
32685060
33012343
33052341
33741882
34607339
34656089
34664661
34947124
34951373
35141024
35549764
35586471
35657092
36058595
36353300
37054012
37061663
37750044
37937293
38095687
38504120
38910283
39007267
40574364
40903138
41359295
42297858
43158835
43184223
43686943
44165505
44284849
45184976
46226352
46315435
46898611
47177102
47338444
47427344
47799520
