9134
11798
25342
28137
36050
43925
84822
85796
93248
102326
119376
144453
147854
149807
175863
190795
193832
206534
210233
219392
228748
253770
270672
283487
289548
311676
311770
313488
315870
326035
336159
347700
348802
350737
351192
368046
372916
384629
406610
416683
418020
440114
478879
480783
487840
490152
502799
511876
522830
529883
537838
538094
538842
541632
559985
585962
590798
596167
613087
663682
668973
731769
752160
771064
775272
787582
806722
822983
842380
895632
918644
948718
950759
954437
967541
979013
997522
1020055
1077666
1146169
1146459
1149124
1170875
1171095
1172857
1200306
1206892
1215755
1228929
1314451
1334955
1335045
1347657
1368322
1380144
1442700
1449393
1470788
1480870
1538897
1564659
1589279
1634403
1639228
1642310
1648582
1693740
1788769
1805579
1873720
1874706
1877530
1892260
1895100
1910430
1932870
1959252
2050286
2053748
2064172
2141954
2162396
2175706
2186258
2215016
2225780
2230652
2268970
2365508
2418850
2534908
2574908
2581328
2630504
2631490
2721352
2722854
2785044
2811256
2815434
2876652
2955500
3014848
3025749
3030417
3032431
3095324
3140811
3157764
3163170
3235457
3543401
3643111
3849781
3931101
4132931
4808241
4873751
5375001
5416941
5617901
5815311
6299361
6654481
6668751
6723151
6796441
6906571
7708711
8014631
8246851
8329381
8431361
8458681
8604821
8892541
9035721
9158771
9347671
10711851
10887981
11229861
11396131
11506971
11553101
11967091
12128141
12711881
13797691
13825821
13999431
14220091
14634791
14651811
15102371
15231521
15420311
15459021
15583108
15587234
15594926
15596225
15623990
15640419
15652765
15671315
15674567
15706969
15749141
15751396
15754928
15783326
15991012
16002278
16028388
16030160
16031116
16039001
16072171
16099995
16107611
16110003
16120323
16126486
16153879
16158500
16174613
16188527
16231491
16281223
16369510
16542901
16733167
16764574
16798735
17782450
20172814
20201428
20314600
20328433
20329657
20390872
20449939
20478610
20505799
20724031
20810700
20811919
20985255
21170408
21175567
21281591
21330156
21414957
21429021
21453815
21457542
21484664
21614119
21638452
21646553
21737547
21859725
22031858
22072943
22217193
22333350
22392847
22401491
22407271
22409513
22428800
22536208
22653145
22814620
22981085
23105378
23106006
23163521
23179751
23186174
23267048
23300227
23300545
23307464
23312471
23325759
23374066
23626041
23650846
23734671
23761476
23855538
23910907
24022210
24113105
24114484
24127490
24147987
24175489
24181303
24397137
24420421
24470165
24507988
24510306
24577572
24655228
24773004
24794707
24804214
24807214
24843847
25002804
25159037
25233752
25294448
27064408
27089110
27103804
27122866
27246763
27449548
27799810
27871383
27878703
27884465
28001957
28010274
28040373
28060376
28094275
28187832
29004482
29015921
29050556
29055640
29071738
29099199
29131195
29145300
29158526
29217144
29226796
29266332
29291258
29317550
29319482
29584654
29638879
29787255
29797490
29809978
29810412
29824808
29829293
29831504
29896447
29991367
30007773
30008136
30031760
30040614
30050560
30085243
30137038
30140934
30160470
30161279
30165273
30202991
30229260
30263821
30333926
30369218
30396983
30407419
30411134
30418299
30421191
30551173
30567215
30567393
30574224
30651869
30659317
30664623
30679721
30696473
30736887
30790382
30793280
30905457
30999430
31007302
31036599
31082396
31089854
31128614
31155103
31172140
31172637
31208581
31239370
31244791
31248312
31311518
31322608
31408319
31430838
31432310
31448101
31448506
31525614
31534848
31546437
31548495
31572339
31594832
31622964
31644084
31654607
31727017
31729428
31766278
31773402
31790437
31887466
31951846
31966372
31971836
31974640
31985691
31988181
31995113
32004730
32031508
32043628
32045153
32099691
32133313
32135047
32177469
32185231
32192510
32207333
32244163
32255189
32288681
32306543
32333011
32352848
32363494
32390084
32402248
32405332
32430037
32444603
32512868
32522574
32522806
32543517
32570358
32638739
32650782
32669976
32683231
32685455
32691973
32703125
32714052
32718041
32722142
32722484
32747470
32775926
32781955
32844436
32860450
32866452
32875814
32895618
32898206
32898491
32960574
32976222
33015800
33047022
33052341
33059753
33072830
33106804
33108783
33116657
33117158
33132170
33187551
33208975
33211102
33239512
33258697
33263363
33292729
33307638
33312225
33337670
33446198
33455400
33461345
33471284
33478703
33521438
33564612
33565098
33580073
33583715
33590741
33591923
33596879
33615881
33618340
33621348
33633235
33650487
33669799
33684791
33719411
33723183
33726771
33731680
33738390
33741778
33741882
33748078
33834879
33846126
33848599
33856254
33864894
33867695
33869676
33877176
33881883
33888773
33893168
33953237
33957505
33965445
34016023
34021836
34039531
34059576
34067758
34074480
34093276
34094382
34125624
34151490
34161633
34176815
34191713
34243702
34257553
34261097
34265652
34268940
34271915
34281074
34282381
34288861
34297224
34306039
34313704
34315187
34385049
34387564
34395888
34407386
34466369
34548976
34586694
34595388
34723761
34725190
34741193
34749543
34757573
34758460
34769114
34790188
34815842
34829884
34844519
34850744
34856429
34858547
34884676
34931848
34947124
34959361
34982262
35008493
35012720
35021150
35027686
35106960
35192754
35200183
35241545
35246303
35277384
35279376
35289124
35290150
35292835
35300210
35317334
35322329
35324749
35326018
35356466
35358772
35366575
35376078
35390395
35404855
35417620
35418208
35425599
35447882
35495855
35497249
35542573
35561457
35561856
35572160
35580368
35586471
35617157
35640554
35652721
35656086
35703455
35712214
35727758
35737067
35756611
35757014
35759892
35787021
35848990
35862196
35887859
35911395
35935521
35936718
35950803
35971388
35976020
35986072
36042022
36042986
36058595
36065727
36090835
36092519
36096891
36116131
36117148
36124425
36132341
36137424
36144287
36145887
36149962
36159250
36161663
36200075
36215514
36228861
36233947
36242782
36244142
36244407
36247416
36249297
36271156
36272466
36292045
36295327
36301034
36305051
36313076
36327691
36331764
36335729
36336532
36338772
36342850
36359674
36370607
36381214
36392766
36401953
36402091
36402740
36410518
36413583
36419624
36422432
36432575
36458297
36463615
36466227
36485470
36504922
36538189
36561605
36562699
36566912
36570026
36573470
36582847
36583105
36602212
36614161
36625764
36633842
36645695
36654419
36660866
36663285
36664238
36682596
36696017
36722553
36726098
36727459
36736140
36737005
36742325
36748613
36753181
36766421
36785613
36808298
36828046
36838596
36863105
36865090
36879805
36886397
36887514
36900036
36906347
36908366
36934797
36954955
36964504
36969040
36991232
36995972
37036907
37043833
37048405
37049902
37054012
37061663
37071754
37076955
37094341
37094468
37096030
37103833
37140982
37141906
37165220
37168576
37183796
37191019
37191067
37198383
37203463
37212632
37234673
37282818
37290276
37294857
37299366
37311097
37313925
37334267
37361145
37391952
37413241
37418291
37418301
37423604
37425618
37426813
37436558
37444157
37457391
37474465
37490933
37495749
37499649
37501878
37513111
37541334
37545704
37546477
37547324
37554994
37573495
37580198
37592484
37593386
37595972
37603651
37609810
37620363
37623667
37631762
37636558
37649718
37658138
37686917
37701161
37715574
37718132
37722812
37725674
37730952
37743248
37752269
37754298
37756277
37772465
37779628
37788492
37794049
37807862
37822533
37830557
37855813
37860989
37873266
37885598
37921378
37930916
37933037
37934649
37937240
37937293
37946689
37950741
37953347
37962948
37978482
37979101
37979149
37987137
37987387
37991224
37993821
37994257
38001692
38010354
38012361
38017095
38018690
38020149
38033330
38034973
38059708
38067335
38087037
38095687
38099266
38104917
38138069
38141309
38141504
38143680
38146280
38153176
38181860
38182077
38184493
38186706
38197268
38198062
38202997
38204030
38205989
38222928
38227316
38233811
38236337
38246013
38255710
38285285
38305440
38391762
38421243
38424113
38424129
38441833
38447743
38499949
38529251
38531018
38553073
38564916
38590644
38594007
38594102
38607770
38613416
38630457
38631141
38640178
38677419
38708605
38732564
38733844
38803386
38862178
38866331
38870132
38874523
38881519
38894847
38962779
39007267
39009764
39022392
39033410
39098781
39101441
39117598
39140353
39206715
39226901
39243483
39255036
39290158
39298121
39302931
39358608
39362247
39369709
39380507
39442196
39480855
39498303
39517521
39525009
39584269
39604976
39608793
39644011
39657995
39670270
39692938
39728638
39747150
39747463
39747505
39807286
39818209
39819713
39819805
39820487
39825738
39827815
39853044
39858516
39876830
39899470
39914632
39922367
39931678
39950919
39951343
39956902
39958193
39958830
39969276
40041746
40144078
40157713
40166260
40212040
40245872
40272459
40273095
40284234
40290809
40302253
40304817
40328496
40338874
40370993
40374533
40375763
40376269
40397977
40398270
40421756
40437157
40465984
40519653
40545787
40549863
40571483
40600904
40627321
40642553
40648256
40648907
40678789
40708147
40714247
40727333
40735688
40738444
40740440
40765587
40797599
40818502
40865490
40877485
40960544
40988671
41003588
41011363
41018492
41022086
41023720
41103846
41128286
41130565
41133436
41141990
41170699
41203402
41225405
41250206
41282414
41283546
41303431
41306593
41311573
41324465
41328521
41383642
41386918
41393224
41418980
41436636
41441868
41473737
41514691
41533789
41547182
41570707
41587978
41591751
41612329
41645642
41655329
41660094
41673491
41689901
41704420
41723789
41763343
41791843
41805046
41815820
41834161
41834390
41836843
41837022
41850586
41852820
41856164
41864342
41867272
41871077
41873830
41879250
41884150
41905998
41907077
41909906
41923563
41924323
41939084
41942173
41963216
41992373
42003157
42056861
42081635
42116343
42127022
42133595
42156302
42162557
42162600
42165045
42165840
42177082
42181874
42200942
42213061
42235052
42253619
42279793
42289107
42329757
42370667
42393610
42427108
42468526
42527675
42536044
42536984
42538183
42538580
42545381
42584673
42586385
42592435
42598840
42615392
42678816
42698273
42699716
42726156
42729759
42737897
42780295
42808286
42809583
42809802
42834714
42847742
42849987
42854446
42913775
42917578
42925195
42943421
42986280
42986642
42991383
42993228
42993963
43001172
43014810
43015434
43016837
43021651
43032483
43094975
43097358
43103457
43110190
43158835
43178718
43184223
43195241
43208417
43208777
43223103
43227750
43232312
43234802
43256406
43273366
43287747
43292204
43294898
43309687
43320929
43332102
43334118
43348474
43371440
43383305
43386096
43404599
43413135
43427804
43435362
43458483
43460079
43463012
43477110
43480106
43487716
43502686
43533752
43535873
43535978
43547035
43548734
43552826
43553478
43556893
43558125
43565942
43578869
43583238
43583469
43597266
43601805
43602313
43609102
43612058
43644657
43681234
43686943
43698619
43718955
43734740
43775670
43803536
43821616
43822270
43848003
43862187
43869336
43876331
43878019
43882475
43885995
43905654
43907326
43912940
43915907
43923609
43956145
43968096
43972051
43973375
43982336
44002493
44003248
44007420
44022426
44077883
44081214
44087794
44088527
44114714
44129259
44145862
44146627
44147799
44152988
44160258
44166824
44173792
44182551
44186106
44203347
44225465
44233189
44235508
44241334
44269315
44283738
44382330
44398790
44399210
44405486
44442114
44445012
44457516
44459233
44477045
44487748
44502841
44503128
44512962
44513121
44567181
44567508
44640077
44648586
44671877
44686439
44688714
44719985
44724275
44736514
44748278
44754418
44758691
44775968
44789299
44807247
44838960
44840226
44851114
44880372
44883119
44894326
44932052
44978239
44990668
44991240
45024167
45025690
45032157
45041699
45043488
45068149
45107432
45107850
45140431
45151235
45185374
45202337
45205992
45220368
45229380
45235566
45246820
45253219
45316213
45318521
45343032
45356503
45373191
45447015
45472699
45531017
45573792
45622192
45720045
45724109
45738376
45743978
45760437
45883866
45984961
45990846
