595
7383
10151
11798
12148
13255
16892
26105
29555
31315
36050
37096
43073
61339
76773
78139
86020
102326
104811
110267
122197
122801
124519
124891
128693
130444
131455
134768
135866
144419
152280
164707
167705
168233
169492
180294
180604
181052
181600
183787
185739
185778
191777
195104
196989
198185
203657
210824
213246
213251
226846
228748
232586
251217
251442
253274
253940
256115
267648
268274
301225
302628
311546
311770
313218
320765
328000
328279
331418
336159
339390
342253
344857
347700
347839
356041
357778
360050
362721
374221
374782
380012
380154
382396
401743
405357
409948
411071
421889
422530
422836
425231
430821
438000
443190
443235
443638
458271
461027
462171
465227
475697
478879
485069
496838
502948
502967
510311
511876
514275
514841
517072
520212
522830
529290
546075
559985
568356
585327
585769
590798
592937
595215
596167
599906
615997
617783
637781
638731
655533
660093
669412
672965
693986
700460
704111
711566
713850
718097
733121
736147
750661
751677
768294
774335
779777
809704
816865
819604
829690
837162
840597
841611
842380
842663
850714
852464
852997
855993
873495
887346
888799
889325
895632
914041
915591
917026
917547
918644
922703
945099
950759
954488
962207
970676
971174
976097
979085
982280
997522
999339
1032946
1041405
1044072
1059294
1071797
1072075
1082965
1088210
1088353
1092530
1102115
1123031
1132645
1142275
1145319
1146169
1161063
1169153
1172039
1174061
1183268
1185882
1195626
1197990
1200306
1210180
1231925
1236224
1254215
1265587
1278320
1298668
1308099
1311968
1320516
1322549
1332879
1339047
1349101
1349803
1368322
1403021
1427500
1438458
1445036
1450341
1476997
1477035
1480464
1481841
1484195
1488056
1492302
1506629
1510810
1518776
1525502
1538350
1552808
1565040
1566428
1571432
1571867
1582216
1589300
1602757
1605053
1608711
1610564
1613464
1625030
1628437
1634403
1648406
1655432
1661819
1662887
1668407
1673149
1673334
1673568
1677987
1688338
1698106
1766401
1769633
1781157
1796693
1826429
1831164
1849364
1849402
1877530
1895100
1900398
1910376
1932870
1949088
1964868
1966350
1976618
1990332
1993354
2011504
2020832
2035512
2045684
2050286
2082960
2083900
2116326
2139350
2190890
2199208
2205858
2232520
2240618
2310652
2317946
2328102
2334578
2339528
2376614
2408716
2408800
2413582
2425008
2450842
2495956
2510104
2544816
2571472
2587798
2614102
2616396
2630504
2635572
2639922
2689610
2696374
2698598
2702604
2714706
2724988
2760400
2763138
2783282
2790264
2797226
2808072
2811256
2815434
2816076
2825932
2831258
2867366
2874552
2905118
2944646
2944724
2961252
2965078
2980110
2988970
2990076
2993250
3012300
3031816
3040919
3041097
3049907
3057703
3088327
3105081
3110598
3111846
3118113
3126954
3134148
3134202
3142539
3147489
3148764
3168506
3172424
3198468
3201563
3204446
3226353
3228130
3234155
3239329
3444521
3450631
3452061
3505851
3509431
3543401
3565161
3709571
3726791
3821271
3860331
3867101
3912951
3918431
3935931
4020761
4147401
4184801
4189291
4269301
4365301
4548751
4768471
5048441
5187781
5331841
5502861
5593911
5836331
6029801
6071991
6285901
6426461
6490561
6506101
6521491
6560451
6935141
6947111
7011261
7220461
7260461
7273571
7294161
7341631
7417151
7704701
7708711
7733001
7870241
8019001
8031081
8112301
8338261
8355201
8371671
9036891
9066301
9093931
9234011
9267011
9284671
9306301
9347051
9679841
9802251
9880001
9971331
10048451
10144911
10232471
10684671
10804911
10927651
11277471
11332431
11613621
12471661
12546361
12548421
12711541
13797691
13944751
13968161
14022001
14107781
14187041
14580011
14902381
14962591
15161581
15232881
15386791
15387891
15444931
15556201
15596225
15603124
15631017
15671315
15683666
15712337
15725464
15738598
15738986
15741138
15742318
15797480
15800073
15809477
15816217
15963179
15964139
15988498
15989005
15997185
16005502
16014429
16018956
16024259
16035161
16036066
16038895
16048343
16074236
16074917
16089037
16092504
16092723
16103773
16104039
16119236
16120941
16124061
16130666
16142744
16151259
16155183
16158111
16202778
16206838
16218745
16219650
16226389
16254910
16285750
16353691
16432171
16474324
16486999
16500379
16546438
16629034
16659412
16791529
16798735
17987896
20172814
20201428
20238334
20245216
20261668
20306959
20310952
20313526
20314600
20328433
20347942
20372767
20449939
20456914
20473174
20556274
20574376
21641287
24232080
24250561
24294931
24451259
24510306
24522829
24524806
24577572
24920900
25086164
25233752
27057838
27139687
27433246
27564673
27572128
27651388
27657763
27871006
27884465
27886714
27894707
27914683
27925053
27935593
27940960
27958007
27965576
27966128
28174596
29012077
29062726
29069516
29071738
29083372
29099432
29102116
29103781
29127714
29139209
29185926
29220892
29221194
29232490
29233080
29262487
29264527
29286489
29295503
29311548
29319167
29326128
29330355
29501421
29518689
29534545
29554791
29555092
29594526
29594787
29596609
29616322
29653756
29668604
29753096
29753687
29786941
29797618
29821968
29889111
29889317
29925408
30004405
30007773
30035407
30075611
30094911
30101195
30137038
30138982
30161279
30175088
30204077
30209811
30250183
30291452
30294306
30314130
30369218
30408900
30434280
30444363
30471596
30495123
30514259
30527052
30533152
30651773
30657603
30658040
30664787
30669795
30696473
30767445
30770314
30796255
30803818
30805420
30819324
30850436
30866494
30878203
30912259
30919902
30921547
30924486
30963336
30974790
30994227
30999690
31009306
31027171
31030722
31058524
31059380
31085593
31100692
31104550
31120081
31137134
31145911
31166809
31172140
31179697
31209702
31213066
31225367
31234166
31236362
31253909
31296732
31297879
31313419
31314472
31337095
31351429
31352434
31353623
31367431
31392709
31394020
31402780
31421106
31429093
31448506
31468642
31485258
31503779
31518078
31562403
31565802
31573944
31589386
31592905
31615487
31649667
31654812
31656728
31663851
31664103
31675925
31716641
31721242
31751832
31762199
31765476
31773402
31777555
31778840
31784876
31789456
31799709
31812135
31819967
31853910
31875275
31880237
31901303
31910726
31916219
31917424
31949355
32007875
32113963
32163760
32209304
32210694
32223444
32224897
32235194
32238444
32266069
32276072
32302017
32322832
32325098
32325385
32328199
32353250
32369156
32376515
32405332
32416836
32426694
32461768
32476761
32481386
32495456
32496589
32522806
32553978
32603445
32626780
32647929
32649855
32670966
32708504
32708572
32752311
32757769
32764561
32773774
32775926
32824967
32825687
32835722
32854013
32865280
32883304
32899373
32914001
32949699
33008335
33015800
33027931
33028732
33046106
33108783
33114290
33139928
33146496
33152076
33152906
33162704
33187551
33188785
33194995
33199695
33232042
33239512
33250285
33284661
33292729
33317521
33327662
33357514
33366706
33368068
33432979
33441332
33446198
33469781
33471284
33477557
33486639
33490641
33509595
33551478
33553623
33558476
33580409
33596861
33596879
33653320
33726771
33731680
33738435
33750638
33858079
33868145
33873735
33877176
33880900
33909517
33961670
33998332
34016023
34020087
34020916
34021807
34099270
34100156
34110308
34126443
34132804
34164316
34191713
34229931
34232185
34244057
34245809
34247152
34248062
34257553
34261097
34268940
34276158
34284915
34294569
34297251
34306039
34310985
34331226
34344564
34352360
34352584
34361378
34444822
34451841
34465456
34470821
34497633
34498608
34507751
34512328
34535980
34562368
34562915
34580161
34584074
34612882
34633210
34635637
34642816
34659333
34689217
34704798
34721815
34725570
34742982
34768668
34770777
34777381
34787347
34792726
34798706
34804432
34804853
34837945
34855714
34857022
34868094
34875080
34927367
34932181
34934984
34963885
34964086
35019422
35021018
35025826
35082686
35104103
35108768
35114356
35141024
35141362
35158730
35160006
35180848
35215581
35222912
35243680
35245714
35247320
35279376
35300985
35310219
35310337
35322329
35323071
35326018
35356466
35371914
35376078
35415201
35451149
35455309
35460965
35468845
35469105
35469813
35482588
35490102
35490514
35497249
35537506
35561457
35580368
35586471
35596215
35621839
35640554
35648987
35652243
35652721
35656016
35658308
35664782
35712214
35727758
35735993
35741367
35746933
35747647
35757014
35759892
35782682
35793405
35810817
35853735
35884650
35887278
35911395
35913877
35944277
35944663
35993393
35997913
36014370
36036876
36040285
36060602
36093463
36098654
36120562
36121028
36148068
36159271
36168038
36173179
36213196
36223368
36253880
36266626
36274489
36286667
36288727
36288848
36292045
36295327
36295363
36298704
36299528
36314942
36318098
36342850
36344827
36347721
36394019
36400299
36409309
36410813
36427374
36432575
36448909
36449254
36452476
36488471
36493352
36495495
36515770
36517229
36528469
36538189
36556814
36559919
36563188
36566912
36573271
36583105
36586702
36623461
36625764
36635716
36635794
36648390
36648487
36654419
36655420
36656233
36661015
36666664
36693868
36696017
36703081
36722553
36753181
36776160
36777790
36811176
36824816
36832113
36834514
36838004
36840295
36850525
36853489
36859743
36863247
36865090
36886397
36893526
36991232
36991716
36997281
36999950
37002742
37007693
37008112
37011979
37012895
37021876
37023570
37026430
37043833
37047324
37049869
37049881
37054012
37069775
37073549
37076955
37094341
37094468
37111418
37112272
37123750
37125314
37129322
37134045
37135673
37142230
37145938
37164254
37177773
37178043
37182818
37183785
37190648
37198383
37198784
37217701
37222860
37225712
37234673
37235630
37244995
37250090
37251111
37262792
37282818
37289646
37295073
37295891
37296165
37296762
37296920
37296953
37297434
37297707
37298259
37299366
37301013
37301952
37311097
37321239
37327196
37333669
37333746
37333845
37334216
37334300
37346379
37349915
37355927
37379263
37418291
37418301
37424366
37424424
37424632
37433288
37435296
37452015
37457391
37473991
37483467
37488562
37488592
37498520
37499480
37501878
37505335
37513906
37513937
37514173
37516117
37516167
37516194
37516255
37516298
37516314
37516337
37516400
37516426
37516502
37516540
37545051
37551670
37562137
37566402
37573495
37576921
37579599
37580198
37580266
37583032
37583092
37583339
37593386
37601318
37604289
37610865
37619643
37623019
37624508
37627586
37636558
37637139
37650635
37662607
37665863
37673287
37684601
37690739
37694265
37697252
37700391
37721193
37722725
37722812
37724804
37725674
37727399
37727633
37730952
37732499
37734906
37756277
37765581
37772164
37773136
37776066
37779628
37780005
37781885
37794049
37802587
37804293
37823935
37841360
37848908
37850681
37851820
37854338
37854389
37855262
37855314
37859030
37864767
37867891
37867899
37873266
37879770
37885282
37885598
37887801
37890727
37894220
37903642
37910913
37928050
37928524
37930916
37931943
37946689
37950741
37958032
37962214
37962948
37962980
37963652
37965347
37970376
37973509
37974411
37974464
37974644
37976909
37980289
37981224
37987137
37988042
37991224
38003559
38010354
38017095
38018690
38021449
38025506
38029999
38030201
38030727
38031148
38048212
38053993
38060536
38061995
38083324
38084081
38115763
38115944
38121423
38127331
38127643
38127708
38138929
38141202
38141279
38141504
38142003
38146735
38146887
38147121
38147176
38147231
38156001
38182077
38192611
38197268
38199624
38202997
38204030
38206730
38222928
38233811
38236337
38246013
38250001
38277422
38297191
38317762
38321544
38322377
38322629
38333376
38338672
38353535
38376300
38388521
38421243
38424129
38425091
38494340
38499804
38507188
38528749
38534051
38537275
38546417
38546529
38594007
38594102
38605590
38606502
38613501
38622085
38630457
38631141
38631436
38640178
38647757
38661057
38662250
38663170
38663403
38671488
38671828
38671921
38676794
38676955
38733844
38756691
38785029
38799712
38802564
38838215
38848628
38852185
38852275
38852386
38858875
38862178
38866331
38868815
38870935
38885697
38885749
38886256
38886336
38886464
38886514
38886658
38886722
38894593
38910283
38945158
38954467
38962779
38963248
38971685
38972138
38972521
38972600
38972981
38975800
38982036
38987406
38987674
39005347
39007267
39028054
39060203
39100158
39111402
39131207
39137729
39140479
39153836
39153930
39154021
39154241
39161111
39195144
39206715
39214281
39227414
39244752
39244887
39254184
39255036
39324081
39325112
39325124
39362247
39363822
39372167
39374179
39394678
39400359
39448420
39462231
39471235
39496313
39498303
39539062
39547403
39573295
39590162
39595747
39598982
39599718
39610258
39625671
39630604
39655339
39658987
39673163
39701665
39701734
39702198
39702217
39702345
39702650
39702742
39703712
39703825
39704223
39724098
39757497
39775220
39816835
39819640
39819713
39819805
39820487
39821087
39821228
39821476
39822000
39822756
39823387
39824229
39824396
39824650
39826347
39826543
39826859
39827109
39827986
39828779
39829462
39832060
39835662
39845579
39846735
39847854
39861327
39887793
39891758
39894049
39894289
39921391
39925985
39926847
39927137
39927686
39931678
39937603
39950919
39954214
39969276
39977913
39978086
39978284
39978366
39978571
39978674
39978783
39980846
39981498
39982325
39992594
40005999
40008996
40051729
40053365
40100470
40136399
40138103
40149134
40152491
40155808
40157713
40177095
40184158
40190689
40191071
40194915
40228221
40245234
40245640
40272642
40273095
40273966
40274359
40274534
40274940
40275860
40280338
40299186
40304814
40320023
40328496
40360764
40365229
40369823
40395150
40398270
40405511
40407095
40428152
40429570
40437157
40448737
40462184
40495750
40514753
40580918
40582972
40593918
40596747
40613368
40629077
40629432
40629437
40630452
40714247
40738444
40742829
40757191
40767870
40778201
40779712
40781897
40797384
40801268
40813040
40818891
40824191
40824239
40827975
40865490
40890455
40904810
40908765
40915013
40921365
40969036
40970137
40970201
40970290
40970787
40972221
40972505
40972689
40972755
40988671
40990078
40990236
40992969
41006765
41018585
41030531
41031394
41060137
41062588
41096713
41099350
41125613
41139726
41145511
41183815
41184732
41189286
41197966
41203402
41240864
41242464
41245856
41247190
41250206
41251909
41268741
41278044
41278521
41278978
41279434
41279669
41279773
41280317
41281733
41282351
41284427
41285142
41287051
41289152
41290692
41291185
41291798
41292521
41293452
41314818
41325546
41325937
41326448
41326778
41327188
41327506
41327917
41328519
41328885
41328961
41329606
41331077
41339543
41349230
41356307
41379331
41380671
41388507
41395464
41396196
41398214
41398626
41399161
41404396
41420682
41428693
41428896
41430233
41433897
41441976
41461680
41466505
41477852
41504742
41522236
41548128
41552820
41568424
41572066
41578248
41582800
41593559
41594828
41598280
41600886
41601391
41601902
41602418
41622070
41622781
41636176
41638624
41644195
41645642
41655329
41657338
41665237
41671656
41689901
41690513
41707236
41714204
41739373
41763343
41771314
41775802
41783347
41786562
41791653
41801985
41809846
41824132
41826197
41835338
41836843
41850586
41853826
41856164
41862323
41873830
41875881
41886838
42104489
42170732
