1495148
30229260
40678592
31781162
38504120
29931219
30136276
885936
35959134
34664661
40903138
16692985
44513121
514070
954639
44412070
38252875
46315435
37321660
42162600
35586471
31887466
45820839
42468526
42586385
34268940
34595388
33052341
2162396
29638879
2186258
45316213
37282818
42584673
44648586
13797691
34387564
33726771
32747470
31525614
45158155
2238228
38095687
37114522
34844519
1873720
36058595
31988181
43021651
289548
37937240
45027825
41819191
36538189
11967091
36660866
30790382
34297224
28137
33461345
33279450
43601805
37758960
12128141
42279793
37043833
37096030
11229861
37313925
12711881
44114714
37355927
193832
44442114
38012361
43612058
43610974
33565098
38181860
20390872
37937293
37609810
32444603
32390084
43334118
38067335
36863105
33455400
40648907
39011023
42527675
37054012
44007420
39480855
42993963
29584654
37061663
37075133
37921378
38099266
41306593
33015800
33719411
3014848
20201428
41591751
35200183
5815311
36313076
31448506
41963216
40465984
33004543
347700
6796441
20314600
34725190
38594007
32244163
42986642
39956902
33467222
38182077
38285285
32182070
36845327
34202335
1895100
1460367
3055894
37881385
41441868
33105481
37933037
40720638
31316544
42726156
32370298
1477035
32929368
32854013
36180558
37850681
41547182
33822124
2630504
2482814
37871976
42648524
34261097
42213000
119376
6299361
90796
7708711
41688552
37855813
42592435
42257680
38873307
34288861
37859556
757599
596167
36991232
41477852
33548178
39969276
38087037
40328496
35322329
5658921
1335045
35497249
1877530
2738540
39498303
39249006
997522
41570707
35580368
42452426
2811256
34021836
37871689
33811255
15671315
1200306
35008493
20172814
35356466
2050286
11798
559985
42289107
36050
29215490
