38022316
47439872
38504120
38215952
16652077
37590878
16050617
37183393
42297858
33667720
34664661
40903138
34243702
16692985
156376
39645605
36143876
38254966
35867886
46671544
833768
36253880
954639
43376737
33116657
44412070
41250206
37321660
46012061
42360764
42734274
42162600
35630430
178291
45939372
45883866
39243483
45847721
32898206
39608793
34039531
43885995
34595388
16072171
31534848
29638879
43021651
42584673
36145887
13797691
34176815
34387564
32703125
35021150
3095324
31432310
36964504
38095687
45043488
289548
20505799
45027825
193832
7540461
38391762
771064
35300210
35192754
44129259
36538189
38630457
7011261
16028388
37043833
8892541
33565098
41791843
12711881
44007420
43184223
42913775
33052341
31654607
39517521
37609810
34710325
35727758
36132341
38181860
41961537
43583238
44279822
44233189
32390084
22536208
33455400
351192
38594007
24459798
38067335
1077666
33015800
39853044
32352848
10171741
5815311
36313076
31448506
31766278
38564916
40465984
347700
20314600
15754928
41730539
38099266
34042846
23650846
32244163
35257421
42993963
27550213
31314215
42177082
43097358
42986642
34725190
39956902
36957144
37071754
34151490
29900950
37642160
41505538
38531018
39480855
2268970
30518547
39666126
33227839
43047861
38285285
1477035
41587978
15459021
38182077
32182070
42780295
1975098
34202335
36845327
42593502
42846305
1460367
34313704
39895988
1335045
3055894
42726156
27175597
41441868
37881385
39644011
29226796
42699716
41547182
37474465
21330156
42213000
6299361
90796
42592435
31036599
37859556
1895100
29099432
757599
39969276
41892042
38087037
41278898
37061663
37855813
36780730
32875814
41570707
37294857
37850681
2738540
27884465
35580368
42452426
35027686
2811256
36093463
36583105
28040628
40577916
38803386
42447539
42329757
35497249
37296920
40627321
34947124
41051127
997522
1200306
38088613
37001434
42406930
40328496
37794049
33129874
29753096
35356466
33718512
37054012
42372802
16002278
31367431
31546437
36753181
42361468
24804214
2944724
38777646
32522806
39776010
24655228
24022210
33848599
33374580
842663
15652765
36938904
41645642
2689610
1080527
36050
37045120
1612850
37871689
33292729
41003588
36991232
36233832
35640554
35322329
6796441
36722553
39931678
7708711
42271006
34277316
21614119
37727399
37947145
11798
32031508
1373118
13999431
36468700
20172814
34804432
40287750
2050286
2630504
37619643
37885598
1171095
41655329
2394508
596167
33811255
27122866
30664787
35531087
15706969
1877530
885936
41688552
5658921
38823095
15596225
24397137
35586471
31172140
39166191
33681928
1324906
33596879
32713577
36317553
30444363
39498303
33187551
39249006
32263125
37541334
37096030
34021836
31726532
37094468
37094341
16031116
37452015
41398626
559985
38910283
31644084
15671315
2534908
29534878
23179751
10887981
39007267
1932870
27645211
33239512
31070973
41477852
