11798
36050
90796
119376
230737
347700
559985
596167
757599
997522
1200306
1460367
1877530
2050286
2482814
2630504
2738540
2811256
3055894
3061777
5356351
5658921
5815311
6299361
6796441
7708711
11229861
11967091
12128141
13999431
15596225
15671315
16107611
16126486
20172814
20201428
20314600
27081484
29153283
29215490
29584654
30026118
30567215
31082396
31448506
32182070
32244163
32390084
32444603
32651932
33004543
33455400
33467222
33548178
33811255
33829013
34021836
34202335
34288861
34315187
34385049
34460855
34725190
34844519
34886224
35200183
35322329
35356466
35497249
35520100
35580368
35597765
35787021
36161663
36186317
36313076
36538189
36722553
36845327
36863105
36991232
37054012
37061663
37096030
37111569
37592484
37609810
37709854
37850681
37855813
37859556
37881385
37921378
38067335
38099266
38182077
38285285
38410704
38447743
38531018
38594007
39007267
39011023
39117598
39480855
39498303
39666126
39956902
39969276
40274339
40304817
40328496
40421756
40465984
40648907
40911229
41306593
41477852
41514691
41547182
41570707
41680235
41688552
41711139
41765648
41961537
41963216
42037219
42156302
42289107
42452426
42592435
42593502
42726156
42846305
42986642
42993963
43477110
43612058
44127096
44283738
44717279
