40818502
43961936
35793405
47663542
27896356
40574364
40442860
44284849
46411886
35951610
34656089
44070277
44165505
37121970
30161279
14026241
1450237
38296369
1092136
47734735
38385633
44298062
39410289
24655228
43762390
42027587
350046
27913213
1430045
47658877
47338444
30348316
35134764
30136276
37191019
30712289
40328496
47575799
833768
38504120
47427344
256652
41856164
33375253
14505171
43953832
14522191
37183393
885936
32689351
41436722
47346164
30872897
41867272
38215952
33667720
41285607
38541316
16652077
44536810
37546190
47188647
45023377
37590878
45002913
45692230
35008493
15596225
44599867
40903138
43956641
29931219
30664623
2864498
596167
37871739
1842362
33012343
46590620
46750391
6299361
46210041
44144004
37177606
45184976
46315435
42527675
46006290
42297858
37951232
42046778
45830718
37321660
3088005
38300443
46089001
39243483
46226352
46132364
46012061
37054012
44030022
42162600
45818068
2707220
33741778
40940986
15729279
954639
44953686
559985
35654053
34032473
30229260
45558296
2785044
43383305
37938771
42586385
33900379
33292729
37061663
45474174
37787672
37815761
45471556
2162396
44007420
36995972
45225367
36353300
29638879
30007773
39198616
440114
44838960
45210371
45219439
34867697
45109725
40735688
44114714
33015800
34844519
44225465
2238228
45072018
36663285
36058595
44549923
15231521
43686943
289548
37313925
843392
42056861
34176815
33461345
44789299
20172814
27128602
35976020
44214452
43601805
36466227
34271915
38095687
33565098
44442114
38181860
34297224
33052341
44443752
2143966
44399363
44390105
32654664
44338968
44305741
35586471
44264696
44257444
44254879
44233378
33829013
44022426
38662155
44088527
38860322
43974325
44040556
40287750
42993963
43956145
43959105
36583105
38677419
43936598
886088
43809849
43698619
39853044
36654419
43751932
31254865
43579612
42986642
20201428
39498303
591264
37933037
33564612
41992893
43110190
43080990
37921378
40468761
328279
34313704
35356466
36050
213668
240917
32761184
39583157
1112602
1869134
1137526
30600093
35965164
31726532
2723622
