41753120
42333356
46345088
47675271
34867697
47663542
47997114
14382921
46473934
47267180
42501030
40982320
30664623
41286185
44163777
45757654
44803077
43236174
47940558
47937217
36660866
37054012
35793405
46012061
47646274
47619920
29027196
27896356
47646128
47619611
46226352
559985
35951610
44736857
41283546
16096191
43686943
357778
47854410
29777439
37962279
40574364
43639350
15596225
47389416
42027587
46185793
47452640
35322329
38095687
31394077
30251532
37609896
47778906
149574
45023377
34607339
37583211
47596371
42200942
33881883
36772578
256652
30161279
47726396
46019884
44298062
41856164
44165505
45757801
47723991
33567901
34951373
36353300
30692628
47705549
32198539
2041152
47566579
47566404
37273877
2186258
43997516
1092136
47698924
39410289
47694511
46635654
47559898
7733001
47690171
29650066
47651446
44766777
44519246
46210041
497208
43638617
33548178
45756987
20172814
30935981
16174613
38065482
39203082
46179917
43016837
30136276
40818502
44197434
289548
31500860
47658877
37748639
45981674
885936
35949017
8329381
16161871
43637867
43637611
47619495
43637396
43637240
43636982
43636765
6499981
38067335
37270043
46472758
46442278
35906528
46442156
37512420
36040285
47633742
47630757
31540271
47628530
40328496
41367194
37191019
37937293
31759977
46441989
46441435
46057587
45968710
3049907
46058368
46020057
47621182
480783
37634426
46019657
47412419
45760294
41350753
46328212
46441158
42425764
46441307
46506990
39243483
39827109
46411886
46441283
46328525
46328326
47616452
46302587
336159
46302271
13825821
46301981
46471228
41630304
32209191
46301843
7546591
32703125
44474780
47273088
35787021
38385633
44070277
15724439
46213120
43762390
1251955
37513111
47606246
15231521
47602163
31685805
46554512
47593968
36804885
47593059
47338444
16213182
34059576
38870132
1701337
42425580
40940986
40982067
38001692
47532853
47586890
42425397
38504120
2574908
29887929
36496295
1085145
41583566
45521473
32676884
33292729
33726771
36050
219392
9669531
43740077
44545745
34134004
44007420
2864498
15420311
34664661
596167
30229260
41578923
1877530
40464318
45525248
47368273
46208977
47459659
46025386
38215952
1563881
38453768
44536810
1867824
34884676
1450237
31172637
37623667
36748465
44599867
30283038
46659603
40168236
833768
40755081
39886727
8458681
1557713
42286107
47176019
35704433
43376737
26105
40877485
40903138
1430045
39139537
41514691
41632851
33114324
33650487
15640419
20508721
33012343
31887466
1313728
47529210
7220461
47427344
