9134
24978
36050
156376
185778
193832
289548
336159
350737
440114
480783
502799
514070
585962
596167
771064
833768
885936
954639
1085145
1171095
1470788
1473720
1683427
1820663
1873720
1877530
2238228
2636336
2864498
3032388
3140811
3168506
4098391
4132931
6299361
7532751
9035721
11967091
14505171
15231521
15583108
15610035
15724439
16050617
16158500
16764574
20172814
20390872
20478610
20508721
27889049
27896356
27917898
29579428
29638879
29810412
29931219
30007773
30136276
30229260
30283038
30549617
30567215
30664623
30917191
31082396
31140147
31172140
31248009
31287507
31525614
31641561
31727017
31759977
31766278
31821866
31843159
31923832
31988181
32288681
32390084
32444603
32561635
32586215
32638739
32685060
32747470
33012343
33015800
33052341
33106804
33182533
33292729
33298365
33359260
33461345
33565098
33650487
33741778
33811255
33843176
34110308
34161633
34176815
34271915
34297224
34306039
34387564
34595388
34651665
34656089
34664661
34714895
34844519
34884676
35008493
35021150
35024888
35134764
35192754
35241545
35580368
35586471
35613147
35631378
35703455
35757014
35787021
35867886
35874337
35949017
35959134
36039555
36058595
36059352
36466227
36496295
36538189
36660866
36682596
36748465
36749107
36783488
36804885
36808298
36863105
36954591
36995972
37036907
37043833
37054012
37061663
37177606
37183393
37191019
37290276
37296920
37313925
37321660
37590878
37788492
37938734
38012361
38095687
38181860
38215952
38239400
38252875
38273490
38502299
38504120
38535689
38538968
38594007
38869253
38910283
39007267
39022392
39072259
39243483
39359241
39410289
39442196
39688519
39969276
40168236
40212040
40328496
40344160
40375763
40376269
40388727
40436877
40498342
40903138
40940986
40997679
41170699
41250206
41283546
41359295
41547182
41591751
41611890
41856164
42046778
42056861
42162600
42213061
42297858
42584673
42586385
42914761
42993963
43021651
43078019
43104337
43158835
43184223
43376737
43453841
43519671
43686943
43727521
43740077
43762870
43827158
44002493
44007420
44055731
44070277
44077883
44125296
44165505
44331410
44412070
44430385
44433601
44442114
44457516
44459233
44536810
44572569
44599867
44719985
44729966
44838960
44851715
45001984
45007706
45132026
45184976
45244552
45303065
45343032
45362797
45521473
45760437
45787273
45789566
45820839
45830718
45838881
45865577
45876116
45921150
45981674
45984961
46001613
46006290
46025386
46046013
46133173
46186765
46213120
46219823
46258121
46277257
46315435
46425104
46431669
46465268
46481292
46487027
46549382
46750391
46752747
46753716
46803804
47004168
47188455
47338444
47368273
47427344
47734735
