9134
11798
28137
36050
119376
156376
193832
206534
289548
336159
347700
350737
464935
480783
514070
559985
585962
588088
596167
771064
833768
842663
843392
885936
952584
954639
1029377
1085145
1200306
1284048
1313728
1354597
1383510
1430045
1634403
1642310
1674665
1873720
1877530
2050286
2145458
2238228
2365508
2450842
2566714
2567778
2574908
2721352
2831258
2864498
2942492
3032388
3032431
3124052
3931101
4132931
6002901
6299361
11229861
11967091
13797691
13825821
13999431
14505171
15231521
15596225
15623990
15671315
15706969
15729279
16028388
16030160
16050617
16099995
16652077
16692985
20172814
20390872
29015921
29145300
29291258
29584654
29638879
29650066
29777439
29783635
29931219
30136276
30161279
30229260
30251532
30283038
30348316
30369218
30430820
30567215
30664623
31082396
31140147
31172140
31172637
31372272
31448506
31513049
31525614
31654607
31729428
31781162
31974640
31988181
32288681
32390084
32444603
32561562
32638739
32676884
32747470
33012343
33015800
33028937
33052111
33052341
33132170
33292729
33455400
33461345
33565098
33650487
33667720
33726771
33829013
33863795
34176815
34243702
34268940
34281074
34313704
34315187
34387564
34419423
34439726
34460855
34475518
34595388
34664661
34844519
34884676
35008493
35021150
35182649
35192754
35281191
35322329
35356466
35520100
35520508
35580368
35586471
35657092
35787021
35788757
35959134
35969597
35971388
36058595
36092519
36161663
36233947
36292045
36313076
36413583
36504922
36538189
36566912
36645695
36660866
36663285
36863105
36887514
36954591
37043833
37054012
37061663
37096030
37183393
37191019
37313925
37321660
37590878
37592484
37609810
37921378
37928042
37937240
37937293
37962279
38012361
38067335
38087037
38095687
38099266
38181860
38215952
38254966
38413069
38502299
38504120
38535689
38538968
38547419
38579246
38594007
38609195
38677419
38708605
38894847
39117598
39354233
39480855
39498303
39592726
39621372
39969276
40144312
40183722
40284234
40304817
40328496
40344160
40376269
40479611
40498342
40648907
40678592
40818502
40903138
41011363
41018492
41023720
41170699
41286185
41359295
41514691
41578923
41591751
41689901
41856164
41946144
42056861
42177082
42214974
42279793
42297858
42313173
42468526
42581711
42584673
42586385
42734274
42847742
42913775
42993963
43021651
43104337
43221649
43334118
43383305
43612058
43686943
43712100
43734740
43855044
43869336
43885995
43916019
43956145
43973375
44007420
44059715
44070277
44081214
44114714
44182551
44203347
44225465
44229132
44233189
44248822
44331410
44412070
44442114
44513121
44519246
44545745
44599867
44715994
44838960
44902260
44909512
45023377
45032157
45033057
45084328
45109725
45158155
45184976
45303065
45450183
45521473
45558296
45692230
45760437
45803840
46001613
46006290
46012061
46046013
46213120
46258510
46314871
46315435
46323667
46487027
46689782
46734922
46969039
47123361
47131837
47152853
47167119
47176019
47177102
47183125
47188647
47411493
47452605
47569242
47625282
47628530
47643906
