47663542
14382921
564507
40574364
44412070
30692628
29777439
47726396
46487027
44536810
44070277
46659603
833768
41856164
219392
47496356
33860932
47468131
1313728
32676884
47452605
39688519
30430820
32653535
20172814
38215952
35949017
41018492
47378292
47349661
47366808
41867272
47188647
47335870
37183393
32041576
39007267
29541566
33472377
16652077
41359295
47161437
31887466
47223195
24655228
28137
46323667
14505171
44716019
44716053
46752967
7373991
45023377
596167
45817609
47172457
40818502
34935669
36954591
29621512
2215016
45002913
885936
39672592
29931219
42297858
47167119
37321660
41578923
38504120
785703
36887514
33012343
46752747
44169385
40903138
42065309
37674286
34829884
