11798
26105
28137
36050
119376
256652
350737
514070
559985
596167
690071
785703
833768
885936
954639
1200306
1313728
1354597
1398529
1430045
1443249
1450237
1458875
1634403
1701337
1952448
2050286
2560106
2756024
3190499
4993381
6299361
7128081
8896231
9035721
11967091
13797691
14505171
14522191
15596225
15724439
16050617
16652077
16692985
20172814
20508721
24127490
24655228
28094275
29541566
29650066
29931219
30136276
30161279
30205043
30229260
30242089
30283038
30336008
30348316
30664623
30712289
30935981
31140147
31641561
31660678
31766278
31892722
32638739
32685060
33012343
33052341
33467222
33887023
34161684
34268940
34439726
34607339
34656089
34664661
34867697
35008493
35356466
35580368
35586471
35780359
35793405
35857284
35864069
35867886
35870138
35949017
35951610
36058595
36073279
36080478
36249297
36253880
36421773
36614252
36643797
36660866
37054012
37061663
37183393
37391952
37590878
37611941
37962279
38095687
38181860
38254966
38502299
38504120
38535689
38594007
38850077
39140353
39362247
39645605
40328496
40376269
40574364
40755081
40818502
40903138
40945157
41359295
41591751
41630304
41856164
42297858
42405041
42698273
43060808
43184223
43740077
43791882
44002156
44070277
44165505
44235508
44298062
44474780
44519246
44599867
45002913
45023377
45176306
45472699
45908079
46001613
46132779
46153013
46345088
46442156
46487027
46674708
46694091
46770543
46972263
47022912
47167119
47177102
47188647
47223195
47227341
47427344
47477154
