46743233
10141841
46860034
47997114
47971245
44011125
37124606
47880055
3119605
40678592
1564659
47389416
47818218
47835931
47176019
47734735
43494458
1571432
1701337
47652747
126356
1749855
680321
36270805
46505586
31880815
47458057
44545745
31781162
32676884
2560106
38215952
885936
47188647
40464318
33803439
47273088
30136276
41576793
33129938
46445891
29931219
47092466
16652077
37183393
35663695
34664661
514070
30283038
40903138
32685060
38504120
38254966
33580409
33012343
35867886
45818068
44165505
1085145
253770
833768
36167527
16050617
46605831
3288959
39688519
46494637
37451636
43376737
44412070
2831258
40719322
46389361
46006290
45830718
42297858
46315435
37321660
46314871
954639
46012061
35059806
44851715
39623249
41777543
38957184
2707220
37991224
24655228
45184976
31995113
31887466
46089001
480783
37590878
43104337
34039531
45817836
39243483
2020124
33615892
43734740
44459233
2785044
37036907
44572569
1434753
34884676
42586385
31773883
4098391
45766331
914715
45738376
45724109
43885995
45719378
34595388
32717564
41569682
2371444
12627461
41856164
45573792
34708704
843392
36092519
3200546
42162600
45516540
45513062
33728679
31534848
310796
31965164
37788492
15231521
29638879
45316213
40131983
33106804
3220985
35733175
29554701
34387564
35021150
16658581
36496295
43882475
45210371
45266118
440114
44182551
29887929
45107850
32429161
206534
45140431
45107432
30790382
15640419
42712747
29889111
30778891
45072018
2944724
20505799
7540461
289548
38391762
44782872
3049907
193832
44225465
43686943
31372272
35300210
35192754
1892260
935495
27629623
336159
1628437
44129259
31854024
34176815
34844519
44887382
42440304
35290150
11967091
44862983
44819382
31773402
16028388
35887859
15583108
20329657
14634791
36359674
35787021
42279793
44203347
16764574
771064
34271915
44283738
32288681
12711881
36161663
36623461
2037306
41791843
33650487
27246763
44007420
41170699
44502841
44567181
31880619
44549923
39033410
2302726
35976020
33580073
36808298
34243702
13797691
42913775
35757014
33565098
30122588
16099995
33295735
39517521
502093
20390872
33052341
3056320
44442114
38095687
3198933
34710325
43016837
36538189
44390304
44388961
37937240
27089110
37043833
38181860
30796255
8751721
41648804
1481369
41752041
38708605
14626361
41011363
36149962
37592484
43973375
44233189
170632
37609810
41689901
36233947
15386791
32072208
34268940
44022426
15740932
44206841
37555318
33455400
38594007
44168690
43612058
38067335
32363494
42527675
39117598
35861222
44146627
43332102
44141251
44140778
44139241
2722854
34741193
1584424
44088527
44087794
44085511
44085570
41303431
31172140
44003248
10298341
36863105
41514691
36305051
44020514
2145458
165191
842380
33015800
43956145
31654607
251442
36566912
36504922
27103804
31525614
1349101
36413583
12064581
36660866
39380507
33881883
2268970
32133313
5815311
307850
36737005
43821616
34829884
16144293
38870132
970814
1153944
38012361
36313076
31448506
36696017
2721352
38531018
629076
32248147
11004781
39969276
35971388
37061663
41250206
32522806
43601452
37881385
333869
36777790
39853044
32444603
565560
3170300
43698619
42846208
15596225
34288861
41505538
31766278
3062739
29209923
27799810
33741882
43661330
41128286
267648
36656233
29785974
1143187
32929368
41283546
43565942
37191019
1468244
40328496
9500511
15754928
3141431
36098654
37165220
165933
6929351
7430491
36905639
1477035
34534224
37140982
43578869
4023121
27175597
41864342
1910430
43556893
43553478
43552826
2534908
22268985
16126486
7708711
3039342
308176
35297357
42156302
34548976
31314215
35580368
35652721
1944874
331561
661509
1859874
41852820
43502686
40648907
1642496
40245234
35106960
15843165
31120081
34804432
43140368
37150861
31248312
2142194
34886224
32217369
32835722
879982
36200075
950759
15525451
32713577
904061
35041363
3094442
1624504
12410691
29244291
29311548
864853
38894847
38534051
1895100
35735993
6299361
34281074
32781955
120594
1589279
35497249
1146169
14341541
310165
285078
32276072
35257421
42177082
37873266
36654419
37096030
34385049
47244
2811256
31548792
628860
20172814
42217844
32677551
27884465
43390374
32357332
1388397
347700
42183391
27109402
350737
30161279
35495855
28174596
43376751
43376250
4768471
245725
35875426
36583105
38785498
1171095
219392
42592435
815666
43273366
43361976
20201428
39498303
591264
37649718
30600093
1582216
265732
1906826
41591751
35326018
42986642
477575
3174008
469333
13999431
24586455
34725190
27138115
41386918
34980528
2230652
10238631
33292729
33187551
35586471
9701
37474465
11798
28094275
228748
1869134
30793280
37921378
31972541
348802
390411
596167
29832069
595215
37727399
38001692
29787255
35356466
16104208
42993963
37313925
38099266
37885598
36295327
33719282
715925
689838
11295101
124891
31792308
30664787
16091343
30369218
559985
37673181
611709
37234673
36050
3030090
8458681
12471661
35008493
27122866
6129851
37070519
32717252
1932870
10887981
35480995
40116294
522830
6342431
352990
42235052
37576455
52313
239964
6796441
34261097
39480855
