11798
26105
28137
34857
36050
39743
48302
76245
76773
78422
90796
112629
113381
119376
127079
128988
135120
135165
153160
187756
190954
193832
206534
215287
232586
253770
269343
269592
289548
313488
313667
314624
315089
337687
347700
350737
356914
357656
368046
374712
390411
391572
398945
408993
423574
437442
440114
447522
449307
461132
468561
475029
478879
480783
484918
487653
487840
502382
502799
514070
522670
541632
549368
559985
588088
596167
597881
599077
627356
650034
757599
771064
787582
789336
793866
806003
806722
819730
829489
830845
841653
842663
885936
886367
904061
912479
917635
950759
952584
954437
954639
976952
979013
987929
997522
1013108
1023000
1029377
1067211
1072650
1082965
1085145
1085669
1129760
1146169
1146459
1171095
1173977
1179102
1223073
1227675
1236224
1254796
1284048
1310439
1313728
1322549
1369502
1375212
1403021
1460367
1488056
1504998
1540311
1544512
1546064
1564659
1579348
1582216
1589279
1602757
1634403
1648582
1672546
1676744
1693740
1695885
1703589
1737201
1747505
1784641
1794175
1820663
1845438
1877530
1895100
1898930
1907932
1910376
1910430
1929708
1975098
2050286
2091054
2199248
2215016
2238228
2269306
2332348
2339528
2365508
2408800
2495956
2551158
2557292
2574908
2608132
2618508
2685180
2709952
2756024
2785044
2786038
2811256
2829134
2831258
2833210
2840548
2892882
3010438
3014848
3025749
3032388
3039342
3055894
3056654
3120581
3124904
3140811
3168506
3169669
3178636
3226204
3670151
3931101
4255031
4455891
4873751
5689921
5815311
6299361
6495561
6499981
6796441
7121601
7708711
8188801
8431361
8533061
8892541
9241201
9340141
9347671
10092801
10171741
10693181
10804911
11229861
11388691
11656431
11967091
12128141
12471661
12711541
12711881
12829181
13797691
13825821
13943411
13999431
14046131
14317671
14505171
14532391
14938371
15231521
15420311
15583108
15587234
15596225
15623990
15652765
15671315
15692059
15706969
15710218
15722471
15725917
15729279
15974211
15991012
16030160
16031116
16050617
16117522
16126486
16137364
16303108
16341847
16347346
16362166
16630303
16652077
16692985
16722820
16764574
20172814
20201428
20314600
20478610
24507988
24524806
24655228
27055405
27139687
27262423
27364117
27887242
27889049
29004482
29014324
29015921
29031983
29217144
29524682
29534878
29584654
29606433
29638879
29663232
29786748
29931219
29939733
30008136
30026118
30035407
30040614
30136276
30167091
30229260
30281794
30283038
30567215
30664623
30664787
30696473
30767445
30774669
30917191
31049200
31082396
31140147
31144224
31225367
31248009
31248312
31298004
31308821
31311518
31313419
31314215
31403486
31409774
31432310
31448506
31461285
31516581
31525614
31625815
31641561
31654607
31670149
31759977
31766278
31781162
31785692
31797942
31901303
31962476
31976226
32121342
32133313
32182070
32183085
32244163
32276072
32288681
32295746
32306543
32352848
32363494
32376022
32390084
32437808
32444603
32454918
32512868
32556320
32561872
32625132
32670286
32676884
32747470
32854013
32895618
32976222
33004543
33012343
33015800
33028937
33052341
33091360
33102029
33117158
33132170
33152906
33158741
33178885
33208975
33211102
33250285
33258697
33275372
33292729
33326226
33354865
33455400
33473720
33495562
33548178
33565098
33580073
33580409
33603982
33628317
33667720
33681928
33719411
33726771
33740996
33741778
33827403
33849889
33881532
33881883
33900827
34021836
34039531
34061238
34176815
34182730
34191713
34193900
34202335
34245608
34251417
34261097
34268940
34271915
34286495
34288861
34295100
34303954
34313704
34315187
34323577
34334041
34341137
34351925
34387564
34397644
34407263
34419423
34460855
34508149
34510669
34528612
34548976
34593174
34595388
34656089
34658632
34664661
34684131
34693922
34708704
34725190
34741193
34798706
34829884
34841031
34844519
34857022
34858547
34867697
34884676
34886224
34892118
34901306
34904284
34953152
34977221
34997300
35008493
35021150
35191439
35192754
35200183
35300210
35322329
35324749
35356466
35366575
35495855
35497249
35520100
35545889
35566901
35580368
35586471
35594274
35597765
35608300
35613147
35628321
35637240
35638360
35648534
35673092
35727758
35787021
35811719
35848990
35867886
35874337
35959134
35971388
35976020
35986072
36037985
36042022
36042986
36064567
36092519
36132341
36143876
36144287
36149962
36161663
36180558
36200075
36203865
36233947
36249586
36253880
36286132
36287808
36292045
36295327
36295363
36313076
36315690
36341680
36401953
36402740
36413583
36449254
36467183
36473143
36479606
36485470
36496295
36515417
36538189
36561605
36614252
36645695
36653666
36660866
36663285
36677698
36716699
36722553
36747329
36753181
36762078
36766421
36785613
36845327
36863105
36900036
36964504
36991232
37008112
37008656
37023570
37043833
37045120
37048405
37054012
37061663
37094468
37096030
37103833
37112442
37121970
37140982
37177606
37191019
37191067
37208826
37236185
37253745
37256267
37275838
37282818
37313925
37321660
37425820
37426813
37451636
37474465
37583092
37583148
37583784
37590878
37609810
37623052
37623088
37623667
37627586
37642160
37668966
37720975
37758960
37764819
37788492
37847929
37855813
37871689
37881385
37921378
37928042
37937240
37978482
37987387
38001692
38010354
38012361
38022316
38034973
38037858
38067335
38075283
38087037
38095687
38099266
38181860
38182077
38186706
38215952
38254966
38277422
38297191
38384906
38447743
38502299
38504120
38531018
38535689
38554750
38564916
38594007
38611319
38613416
38630457
38677419
38708605
38713696
38721048
38870132
38874523
38894847
38907515
38949265
38967876
39053745
39118395
39128809
39171173
39359241
39380507
39447288
39480855
39498303
39506642
39604976
39645605
39669394
39747150
39853044
39892594
39895988
39899470
39922367
39958830
39969276
40003995
40089827
40212040
40228776
40284234
40304817
40328496
40344160
40374533
40376269
40405701
40421756
40465984
40526910
40571678
40600923
40627321
40628427
40648907
40701193
40703452
40704817
40735688
40765587
40800194
40818502
40824827
40895321
40903138
40982320
41011363
41022086
41041317
41128286
41170699
41259602
41300795
41306593
41328885
41359295
41379331
41386918
41412995
41429684
41441868
41458347
41514691
41533789
41569682
41576793
41583566
41587978
41591751
41627755
41663718
41674517
41689901
41733434
41781937
41791536
41819191
41834161
41834390
41852820
41856164
41871077
41963216
41994884
42056861
42127022
42156302
42177082
42183391
42183532
42184121
42184348
42200942
42213513
42218158
42223633
42230726
42235052
42259021
42297858
42393610
42440304
42464567
42465569
42468315
42468526
42473008
42496165
42498965
42499512
42499674
42504883
42504952
42505019
42505051
42505170
42507190
42509572
42527675
42530976
42536984
42584673
42586385
42592435
42625228
42633117
42647447
42647521
42655800
42672758
42672985
42673070
42682157
42698273
42713458
42717401
42726156
42734274
42742248
42742458
42796422
42809540
42809802
42811248
42822881
42834714
42845180
42845311
42845516
42845567
42846508
42913775
42942949
42943514
42945290
42945580
42945953
42946296
42946445
42965279
42967213
42972430
42973977
42986642
42993963
43016837
43021651
43062835
43076820
43097358
43104337
43118484
43129302
43137546
43140368
43149305
43172247
43200487
43205377
43208417
43223103
43273366
43332102
43334118
43371440
43400552
43403685
43458771
43466121
43477110
43500576
43507308
43535873
43535978
43548734
43566415
43578869
43583238
43597266
43609102
43612058
43641267
43657145
43680919
43686943
43698619
43712100
43718955
43734740
43762870
43767743
43769762
43803536
43821616
43848003
43855044
43876331
43885995
43956145
43973375
43981790
44007420
44011250
44070277
44114714
44129259
44145362
44152988
44165505
44182551
44225465
44233189
44235508
44332583
44399210
44412070
44442114
44459233
44492436
44513121
44592281
44599867
44611598
44671877
44717279
44724275
44758691
44789299
44807247
44838960
44862282
44909512
45007394
45032157
45107432
45107850
45109725
45132026
45184976
45242863
45303065
45316213
45426599
45437577
45525248
45760437
45817609
45830718
45847721
45865577
45876116
45984961
46001613
46002168
46006290
46133800
46186765
46213120
46219823
46314871
46315435
46487027
46489649
46514375
46760637
46885838
46928913
46953947
47004401
47022912
47054439
47092466
47144878
47188647
47378292
47408796
47427344
47484822
47516299
47520005
47526733
47588578
47645071
47710350
