31540271
31773402
16073157
27175597
5292291
45789566
47971245
47997114
47995217
27715426
34935669
32602742
37864378
46635654
43639163
46576248
47663542
47941790
46473934
32185847
39466686
563972
44055731
47940925
44803077
4803181
47930026
47925116
43157388
47176019
47799520
37962279
38296369
149574
1430045
29777439
37632996
30692628
40678592
47569242
33596879
43494458
1375382
39410289
36353300
44519246
979013
47652854
47652747
1701337
47644540
46983516
47618463
46301843
34974311
47590413
219392
39139537
35949017
47427344
24655228
44747247
47520005
30161279
6002901
44070277
37124606
40442860
914525
47131837
37251405
47458848
1313728
31781162
47305556
47277109
47358142
29650066
47358591
47428114
33114324
45002913
47426893
44599867
40168236
36748465
30136276
39170812
47408796
38215952
39510587
47376659
869561
41576793
15755356
40464318
30283038
47239265
14505171
46908782
47226796
47223195
47206111
41350753
33887023
47192335
37590878
38032583
47178996
47177570
47141319
16652077
47101780
1435305
885936
46245577
42297858
46133173
35959134
156376
46487027
40388727
34664661
36080478
33667720
32696309
35600879
37183393
44285272
43740077
40903138
16692985
30736887
29931219
43947541
833768
37820613
15610035
46794154
38504120
6906571
46752163
31641561
46750391
45818068
29810412
44165505
46514375
34656089
46734922
36094392
34853053
39886727
10441301
41286185
45865577
27861880
35867886
36954591
38538968
39880797
33012343
33597645
46140584
3039342
46533128
16117522
372379
15724439
46501547
46504632
37951232
46494637
35309271
38273490
46001613
46476068
514070
44412070
5580171
45525248
46429479
44909512
45303065
41871077
44169385
1136020
33548178
46431349
16050617
40940986
29541566
45521473
45263566
10171741
42046778
43712100
40101476
45574977
45830718
46315435
39072259
46006290
1664251
1085145
46012061
46258510
180604
40344160
34714895
46314871
588088
46219823
45574754
37321660
39623249
46001729
952584
46132779
46258121
36496295
46213120
45576633
45525753
35874337
35703455
38957184
40755081
36055964
44851715
46196797
46212896
44030022
45876116
31923832
5216031
45524877
46067854
35704433
45577590
33740996
38541316
46133800
42581711
45586785
36614252
3373881
39369587
46091660
45523925
33741778
30229260
2394508
40786301
45184976
45587754
35182649
45589383
15729279
30135960
2707220
38082292
1029377
43104337
36614161
45564831
43924687
43383305
35613147
34039531
16030160
674578
32133313
20505799
490152
4132931
1582216
45760437
43734740
36809558
44459233
30696473
34651665
40479611
45531017
45817836
45896058
2262378
45856997
37036907
41582800
39243483
2864498
33132170
806722
3049907
2389568
43762870
837162
357778
42213061
44433601
44011098
1564659
37290276
45794456
39608793
2373152
785711
37638400
42586385
32638739
36180595
45770929
45762505
39282866
45132026
36785613
36494446
45739812
3020399
34282381
1341149
635944
30008136
40648256
45721209
1239972
1072650
36405493
41283546
40278458
2029812
8519
32775926
34295100
1604322
3192038
30007773
45343032
937015
31515185
1575779
34854916
316755
12545151
954639
41426139
1684998
45362797
45236322
10684671
1250749
36887514
29786748
894969
43885995
34475932
10298341
31032137
1488527
35889893
45447015
30574224
14190
747359
13825821
374779
45573792
164707
390411
20478610
45205992
34708704
31205188
39663
1041067
37005980
32319784
15828281
31498417
1090005
262103
27899351
36092519
37947145
43373445
427870
37833786
310223
1074794
40772045
16069970
34595388
38001692
336159
34884676
40818502
23906682
31534848
831214
1007746
1079084
1156452
40245234
30479845
1180120
37026128
45346944
44447339
29599869
42393610
3229232
31887466
718047
8390941
32206597
33623446
45519214
32302017
34257553
1390081
42168267
132137
37496489
29670537
1623319
6829511
36166468
319171
2317946
62697
32726147
65177
32543426
539937
30630871
1899540
36900036
36181902
15862074
198897
35706338
36566001
45346432
15972982
27831985
1720014
30123282
7303881
30596458
36039555
3188854
229746
34039957
41856164
2269306
440114
42162600
44775968
13446
124891
34630035
34093276
42102
41689901
3407761
39969276
15231521
45474068
2574908
45426599
44492436
40228776
4808241
34176815
45316213
34387564
45375891
29131195
13797691
1470788
34850744
35021150
45340437
36370607
42584673
29638879
42936594
45318746
40704817
2186258
36058595
45304031
35279376
45297853
44214452
31063177
44838960
9035721
34059576
41834161
40304817
44572569
45109725
37654088
30377356
32747470
595215
1538897
33152906
34867697
45188156
15640419
45107432
45107850
45142387
40982320
30790382
1873720
33292729
43021651
2785044
45055193
16764574
656158
43016837
29004482
45032157
2238228
41819191
43458771
44978239
2365508
44225465
20316166
41583566
289548
35192754
771064
39354233
1628437
44129259
37313925
37704831
36485470
35757014
11967091
44862282
39498303
16028388
36753181
34844519
43686943
33461345
3140811
15583108
35787021
32288681
15587234
39747150
31525614
42279793
9503481
34738565
39592726
38630457
36466227
37096030
34271915
16099995
44707710
44283738
34385049
11229861
32722484
42200942
36413583
42440304
8892541
41300795
12711881
44592281
36161663
37220460
31248009
42913775
33650487
44513121
31797942
35580368
44442114
36392766
77617
15623990
28137
33034499
40498342
193832
591264
37932013
34297224
37355927
41170699
42177082
43184223
36222354
44522715
42251486
33580073
42056861
36313076
38181860
33565098
41963216
43882475
44457516
191777
37191019
20390872
30431450
12128141
29015921
4206701
38095687
33052341
253770
20314600
102354
37623088
15420311
33881883
3931101
36538189
37937240
37043833
36645695
34315187
44235508
1593617
36808298
35322329
2566714
44332583
42473008
38708605
31513049
10520
36145887
20201428
37592484
36663285
36766421
38547419
27040234
44279975
34243702
34815842
37937293
44233189
41514691
36149962
37609810
32390084
36625537
35964482
42698273
30567215
13999431
35869112
1459183
44229132
915984
1368322
16158500
43062835
43334118
33829013
34313704
40328496
8329381
2995484
34452852
40005999
34268940
43855044
30369218
43158835
44022426
119376
32444603
34741193
44007420
950759
42527675
44114714
35356466
36351009
42647669
40421756
37921378
44187132
16174613
1639228
2452778
33455400
904061
44097297
40648907
842198
38594007
42469581
31642395
108944
155881
1388397
1910430
522830
917635
3168506
15706969
33211102
351192
2920036
1895100
2394078
42235052
1589279
2618508
1080527
90796
43612058
38067335
31654607
39480855
31766278
35139219
44154564
356914
44152944
43515466
37282818
31594832
43332102
42592435
38447743
43853811
842663
29584654
41547182
36261291
36233947
26105
1284048
2145458
31448506
42986642
2831258
38894847
37426813
38143680
43566415
1634403
35586471
37061663
1171095
36177229
44003248
36504922
20172814
38099266
32976222
35497249
31974640
36863105
37672932
37054012
43273366
42993963
34475518
359395
33748078
40041746
39117598
36659701
15671315
39007267
16353691
5815311
44059715
3118740
41303431
11798
38677419
39853044
2204776
350737
43956145
44037003
35520100
36042986
38104917
480783
35971388
559985
15652765
6299361
1877530
30664623
31172140
596167
15596225
347700
41591751
35008493
370225
1228529
33015800
43413766
36050
33618340
34829884
35191439
36660866
5658921
1695917
33085387
35986072
43460079
