4
10
11
12
13
14
15
16
17
18
19
20
21
22
23
24
25
26
27
28
29
30
31
32
33
34
35
36
37
193
569
2157
2686
5844
8438
8877
8885
9701
9891
10151
10271
10487
11798
11977
12148
12991
13085
17360
17632
17924
18128
19021
19456
21335
23139
25007
26105
28137
30983
32798
33387
36045
36050
37712
39494
39743
40121
41773
42033
44458
48114
48302
49343
50608
51588
51607
54442
57166
62697
64989
66665
70477
73506
73744
74955
75898
76773
76934
77585
77617
77864
79288
82898
83947
86985
88612
89889
90057
90796
93171
93248
97149
97669
101070
102090
103012
106382
107286
108671
109802
112629
113381
113401
113863
114164
115345
115609
115927
119376
121030
122012
123022
124519
125409
127079
128988
130444
140734
141373
145945
147884
153215
167705
169211
169492
183485
191777
192890
204536
218373
219392
230737
236575
239129
252560
253305
253940
260869
268093
269474
273217
275428
276167
289270
293374
311546
315089
315447
315877
316350
322504
323232
323315
326035
336159
347700
351192
380154
398945
400923
401716
409948
415571
420401
420967
422530
443387
445899
451855
457471
475697
477575
480654
480783
486009
486092
496660
503317
504704
511876
518646
522830
531655
534213
538842
539692
540439
541632
585327
591264
594787
595215
596167
610984
627092
628860
629111
635944
637781
639822
649469
655533
657374
657789
659560
672965
674578
691098
721767
757519
761552
764761
779374
787652
790656
794097
802735
806003
819730
827898
835538
837162
842663
854738
864952
888799
889807
897332
904061
915846
917635
927925
928407
967541
971174
977729
979013
982280
986947
996539
997522
1002557
1014768
1021190
1041663
1043127
1080527
1082965
1095055
1096068
1112852
1114050
1117022
1129624
1131247
1146169
1164359
1167248
1169395
1171155
1173977
1195922
1200306
1200324
1201332
1208410
1214763
1215755
1227675
1227708
1236702
1239972
1246699
1254796
1255710
1259826
1264583
1264966
1277025
1281687
1282456
1292300
1308444
1314013
1316340
1331412
1349101
1361467
1373118
1388185
1397545
1438458
1460367
1477035
1487435
1499307
1504998
1521589
1534367
1540311
1544512
1554523
1582216
1583948
1584313
1589279
1600243
1602757
1608630
1619907
1625030
1634403
1639228
1648406
1648582
1651365
1683183
1695885
1703589
1729134
1730025
1737201
1751607
1769633
1784249
1784641
1787759
1796693
1849364
1849402
1877530
1882768
1893312
1895100
1899540
1903292
1910376
1910430
1930340
1930960
1964868
2020768
2043944
2050286
2128720
2141954
2230652
2268970
2270350
2330372
2394078
2394508
2397964
2407802
2408716
2408800
2418850
2522454
2550754
2553122
2600870
2602410
2630504
2658158
2679824
2683536
2689610
2700614
2709952
2717132
2721352
2724988
2757634
2811256
2815434
2827104
2845120
2944724
2993250
3014848
3020399
3028403
3050157
3055894
3064390
3072288
3092638
3094442
3095369
3109509
3163587
3168506
3172294
3187241
3196252
3222013
3226353
3233290
3239316
3421821
3431801
3536441
3543401
3670151
3706211
3899521
4255031
4377451
4416791
4455891
4808241
5502861
5815311
6285901
6342431
6490561
6506101
6521491
6586301
6781141
6796441
6906571
6982121
7050671
7115281
7263681
7321611
7679861
7694071
7708711
7784011
7916571
7980651
7987711
8127411
8158961
8174081
8292911
8357561
8697461
8836231
8878971
8988411
9347051
10148381
11177381
11208191
11277471
11388691
11436821
11535031
12471661
12711541
14466541
14532391
14962591
15386791
15420311
15543377
15558219
15567923
15568441
15578934
15591700
15596225
15631017
15652765
15706969
15754928
15785160
15797480
15806356
15812064
15844560
15929370
15936338
15963179
16002278
16025345
16027022
16031147
16049071
16050617
16089037
16096191
16115449
16126486
16158500
16174613
16432171
16487341
16586800
16630303
16686505
16700869
16768339
16794937
16798735
16805836
19255159
20172814
20201428
20314600
20347216
20366986
20385562
20436838
21915986
23611534
24250561
24294931
24328586
24451259
24577572
24728183
27057838
27080734
27222079
27290266
27364117
27375778
27483856
27572128
27624037
27799810
27814894
27871006
27884465
27937681
27966128
29019936
29031983
29083128
29094601
29099432
29131195
29135728
29177743
29185215
29185926
29217144
29255724
29263308
29295503
29319200
29330355
29534878
29540102
29541962
29543333
29565203
29584654
29602729
29634419
29653756
29786941
29793560
29794300
29834706
29887812
29902611
29966132
30004405
30007773
30007985
30040614
30054388
30101195
30117473
30161279
30167634
30224103
30261169
30283743
30306142
30314130
30340909
30344192
30369218
30444363
30471596
30495123
30514259
30526732
30529092
30567215
30664623
30692888
30696473
30714370
30770314
30774669
30777160
30790382
30849241
30899600
30953521
30960535
31009306
31020335
31024889
31086356
31089854
31110722
31120081
31213066
31225367
31248312
31298004
31313419
31314215
31372272
31392366
31414862
31421106
31525614
31541043
31545627
31548792
31562403
31589386
31594832
31627450
31642395
31646859
31654607
31686376
31691811
31700740
31718672
31723319
31726532
31751832
31766278
31773402
31789456
31797942
31819967
31831367
31833200
31844088
31849635
31854307
31858645
31863732
31875275
31889907
31890863
31893630
31904185
31904734
31912962
31916219
31923832
31933560
31985691
31995113
32103335
32110680
32121342
32133313
32182070
32191288
32210694
32217369
32224897
32231904
32235194
32244163
32288741
32352848
32389844
32406594
32419639
32426694
32430037
32444603
32454918
32487050
32512868
32522574
32522806
32559782
32561872
32597240
32649855
32663767
32677551
32703125
32713577
32718041
32751758
32764561
32780609
32849808
32854013
32868509
32949699
32953133
32974461
32976222
33008968
33015800
33087980
33108783
33152906
33187551
33194995
33211844
33212535
33232042
33235967
33239512
33245263
33250285
33292729
33333932
33342123
33354865
33432979
33450215
33471284
33493428
33553623
33564612
33580409
33583715
33618340
33654851
33681928
33694312
33718067
33719411
33731680
33741778
33760108
33767949
33877176
33881532
33909240
33945504
33974599
34016023
34021807
34021836
34042846
34063573
34074480
34087062
34093276
34094382
34098622
34099270
34160064
34164316
34168714
34191713
34193900
34202335
34257005
34261097
34281340
34288861
34295100
34313704
34323577
34351925
34352584
34423482
34470821
34512328
34527149
34534224
34535980
34548976
34556375
34560512
34602879
34633210
34708704
34715872
34726732
34741193
34748427
34751894
34752860
34768668
34798706
34804432
34810623
34829884
34840440
34840508
34841031
34854916
34855714
34892118
34904284
34905277
34914963
34931378
34936371
34945677
34968620
34991471
35019422
35039943
35067291
35082518
35082686
35100173
35104103
35106960
35128978
35138900
35158730
35162790
35200183
35210517
35250484
35257421
35279376
35291334
35300985
35310219
35310395
35318227
35322329
35376078
35388257
35418208
35432457
35441909
35455246
35455309
35482588
35495855
35497249
35516148
35551698
35580368
35597765
35608300
35615031
35637240
35640554
35652243
35652721
35658308
35662793
35673092
35684017
35710349
35712082
35735993
35745278
35755669
35757014
35759892
35810800
35818409
35829343
35841731
35857033
35862908
35875426
35884107
35884650
35911395
35969575
35971388
36002724
36026727
36078619
36083111
36115816
36124076
36142566
36144287
36168038
36180558
36199759
36200075
36208662
36228861
36233947
36242782
36243841
36271156
36288848
36295327
36304422
36313076
36328735
36331681
36333406
36341680
36378265
36401953
36413583
36437426
36448909
36468700
36478175
36479606
36489386
36556814
36557918
36566912
36579027
36589939
36607708
36625764
36626226
36644610
36656233
36660760
36660866
36666664
36677698
36680035
36683373
36693868
36696017
36719575
36722553
36737005
36742325
36747329
36753181
36776160
36777790
36780730
36791991
36793121
36809558
36812193
36818413
36824816
36838004
36853590
36859743
36863247
36864743
36865090
36879805
36880657
36991232
37021809
37021876
37041530
37045120
37047665
37048405
37050730
37054012
37055960
37061663
37075133
37076221
37076955
37094468
37096030
37103833
37111569
37140982
37148431
37149222
37150861
37180271
37191019
37198784
37209949
37212632
37228347
37234673
37262792
37296920
37311882
37313925
37328700
37355927
37413241
37433288
37474465
37513675
37513847
37513937
37514092
37514126
37514173
37516117
37516194
37516255
37516298
37516314
37516337
37516400
37516467
37516502
37522074
37545051
37562083
37573495
37580198
37602016
37603651
37610865
37619643
37623236
37624508
37627586
37628066
37642160
37649718
37665863
37672932
37673632
37681738
37687841
37688251
37694265
37708873
37719703
37722725
37724804
37730952
37752269
37754298
37756277
37765017
37765581
37773136
37779628
37783796
37789638
37792904
37794049
37802587
37804293
37804630
37811920
37815761
37823935
37827451
37832826
37835991
37836622
37841360
37845187
37848908
37850681
37850855
37855813
37855931
37856176
37859556
37864378
37867891
37868201
37870985
37871689
37871976
37873266
37877331
37880563
37881385
37885598
37891199
37891606
37901054
37903642
37908584
37910913
37921378
37928050
37930916
37931046
37933037
37946689
37950741
37953251
37953347
37958032
37962701
37962948
37963733
37970376
37973509
37978482
37987387
37991224
37996929
37998304
38001692
38003559
38010354
38012361
38014261
38017095
38018690
38030201
38030290
38052802
38053993
38056966
38059708
38061995
38084081
38087037
38099266
38104917
38122272
38127331
38127643
38138929
38141202
38141279
38141504
38145156
38150141
38151428
38166329
38182077
38202997
38204030
38206730
38208588
38209265
38209809
38233811
38242740
38246013
38250001
38259161
38277422
38285285
38297191
38298290
38317762
38320672
38321544
38322377
38324124
38325697
38418245
38418267
38421243
38424113
38447743
38483979
38501671
38531018
38534051
38546417
38564916
38566645
38570373
38590644
38591222
38594007
38594102
38606502
38607770
38607775
38613416
38614688
38622085
38630457
38631141
38638408
38640178
38640667
38661234
38662648
38669006
38671488
38671828
38671921
38677786
38689862
38733844
38780006
38780819
38802564
38803386
38838215
38858875
38861157
38861356
38862178
38866331
38870132
38872920
38874523
38878926
38885985
38894847
38910283
38945158
38954467
38962779
38967167
38987674
39005347
39007267
39100158
39111402
39137729
39139965
39140353
39153477
39154171
39177401
39206715
39209707
39224496
39298121
39327860
39359241
39394678
39397094
39432003
39442196
39471235
39480855
39498303
39597363
39604976
39606100
39625671
39644011
39655565
39664521
39673163
39683755
39702245
39732964
39821087
39821355
39825738
39826155
39826347
39827986
39829462
39847854
39849063
39853044
39855206
39877574
39890437
39893020
39893216
39919187
39921862
39927656
39938314
39969276
39980846
39982325
39982723
39992594
40005999
40110741
40149134
40150336
40183955
40184958
40199202
40232227
40245234
40284234
40284916
40287750
40342718
40374533
40398270
40421756
40427020
40428152
40465984
40495750
40517135
40523916
40526216
40571678
40582857
40595808
40596747
40613368
40629077
40629437
40638514
40648907
40675485
40678789
40682417
40704419
40714247
40719291
40720638
40767870
40774354
40817405
40856231
40865490
40902727
40905161
40921365
40980427
40982320
40992969
41006765
41018585
41062588
41096713
41128286
41203402
41240864
41250206
41280317
41283546
41290321
41291185
41303431
41306593
41324465
41325546
41326778
41328521
41328634
41331077
41350388
41386918
41399161
41411126
41412995
41420682
41426007
41430233
41435752
41441868
41477852
41505538
41514691
41533789
41547182
41587978
41591751
41593559
41598280
41645642
41665237
41689901
41711478
41730539
41752840
41763343
41775802
41804218
41826197
41850586
41852820
41879250
41905998
41907077
41963216
41973868
41992105
41992318
42104489
42116343
42127022
42156302
42183391
42184121
42184348
42213000
42213513
42217525
42217712
42217844
42218158
42235052
42424264
42447539
42464283
42468526
42499674
42504883
42508219
42536044
42536984
42537231
42538183
42538580
42584748
42592435
42599814
42629037
42640321
42647569
42672758
42713458
42726156
42729759
42747319
42747410
42764878
42773177
42773492
42808286
42809540
42822494
42834550
42846208
42846508
42855817
42860779
42900919
42917578
42925833
42943514
42945580
42946296
42964899
42975274
42986280
42986642
42993059
42993963
43015582
43015805
43088536
43097358
43110190
43115345
43129302
43140368
43147314
43148989
43164727
43172247
43208417
43221649
43223103
43234187
43236004
43273366
43278510
43291768
43292970
43328137
43332102
43358689
43358930
43376250
43384540
43390374
43400552
43403685
43410312
43420283
43422272
43458483
43463012
43466121
43475288
43477110
43487716
43500576
43502686
43516533
43533752
43548734
43553478
43556893
43565942
43597266
43600306
43601452
43609102
43610974
43641267
43644657
43661330
43681234
43698619
43718955
43767743
43775670
43803536
43821616
43848409
43862187
43890481
43915907
43953304
43956145
43968096
43972051
43981790
44007420
44011250
44020514
44024000
44032142
44033958
