36583105
16150578
44165505
4548751
844785
30240854
42501030
47663542
45739577
15657732
4426601
93640
45757654
47940543
2587798
44803077
46592628
40945157
46576248
1471893
4803181
46012061
47898686
43961557
43960829
289548
37124606
44138952
36413583
46328212
42027587
46441158
46302587
46226352
35657092
43236174
35951610
47752135
47868102
41283546
8343371
47389416
43686943
47854978
1092136
47491543
37962279
44412070
2230652
47838291
38796319
3124052
47835931
1797635
37638400
47778906
36696017
43950123
1674665
34168362
36677803
38099266
37075133
30692628
41582800
45023377
46487027
33881883
24655228
36772578
38296369
16044663
47728664
36353300
46542374
38189050
34466402
76934
6929351
7338381
514018
47698924
2008142
43952237
36142896
39410289
15756177
29027196
46210041
497208
38557447
14505171
43016837
119376
1642310
47651430
35390395
690071
47658877
40344160
47656573
885936
47652747
45525248
47651703
35008493
13797691
16652077
45176306
44536810
37512420
36660866
112629
43376737
31540271
8859801
42986642
41367194
15596225
37191019
628860
31880815
35949017
47131837
41547182
864262
43077956
757801
30369218
46117940
46213120
43762390
32444603
34268940
38022316
44474780
41546018
29143388
35520100
2022582
29573752
46554512
20410096
36080478
1899896
15996864
38870132
1895100
31995113
40940986
2406592
90796
11798
33163042
2785918
37061663
39007267
16642348
33292729
864853
34550986
7876371
47477025
35867886
40982320
44007420
1450237
34664661
1332384
38215952
45789566
20508721
40464318
645654
37991224
47368273
11272311
14688721
894969
833768
39886727
36748465
26105
35356466
522830
40328496
38001692
1430045
33114324
35875426
37054012
47397948
33375253
1068500
38385633
29650066
1508454
6906571
29621956
34439726
39895988
613087
47527882
350737
37619643
34656089
27175597
33599119
41856164
34385049
39969276
44545745
596167
46659603
20172814
869561
34844519
32676884
27138115
1932870
484918
47192419
1096416
32966742
31448506
31623338
1877530
35703455
3168506
41514691
37234673
37183393
34313704
15231521
47519240
29263585
40818502
38910283
36058595
39139537
13999431
1697345
1564659
31683324
45002913
33800629
1066611
44070277
35793405
38504120
47427344
2560106
37321660
36168038
46989502
33012343
40903138
47049846
559985
35734508
39310677
42993963
36887514
1474421
16070873
32669976
33015800
256652
36370538
33187551
663682
456957
30161279
42200942
1562989
27874103
34271915
35586471
2831258
15671315
21614119
16010326
1628933
30136276
36496295
2631490
36050
42116343
36233947
43956145
