5054
6679
7627
8438
8877
8885
10520
10976
11798
11876
12148
12931
13570
14190
16892
17962
18069
18635
19065
20662
22287
26105
28137
30857
32798
32856
33449
34844
36050
38155
38499
42825
43925
49695
55163
55478
58750
62523
63935
64135
64864
67721
72064
72082
73306
73744
75898
76245
77617
78139
84822
90310
90796
92752
95180
109567
113863
116460
119376
123022
128971
129391
129858
139494
139709
145958
149807
150185
150792
151220
151503
152025
154501
157020
163472
168038
174875
183124
183767
190795
193253
195008
195104
199147
204536
214874
216696
228748
229746
230737
237161
237544
239964
244025
245725
246282
251442
261370
265807
266781
267599
273422
277833
286780
287534
288179
291249
295776
296314
296816
299563
302410
302905
303264
304668
308564
308822
310165
310796
311546
312624
313488
314165
315870
318589
320480
321102
321334
325495
326035
328279
328846
330860
332862
335669
335671
336159
341756
345279
345668
347700
347839
348705
350737
351192
352498
356914
359395
363845
366415
368046
368495
369017
369266
370225
372677
374221
382396
383415
384629
390497
393592
395643
396759
397814
401716
405054
412971
415366
417658
419147
420401
420541
420615
422530
423574
429187
435085
436667
445069
446242
446529
450619
453899
460766
461128
462171
463601
464249
465227
475774
477713
479143
480103
480783
482095
485310
491422
496660
500854
508958
509775
511876
514744
522830
524465
529334
530839
531252
531655
539552
539692
540439
541508
541632
549311
549368
552328
553822
555836
555877
559985
561672
570506
572288
573099
573227
579467
584380
587963
589025
589698
590289
590798
591188
591388
595215
596167
597881
599906
624175
625677
633539
635944
640522
644060
651530
665923
668973
672965
673376
677893
686361
689838
709123
710382
711894
717766
719993
722660
725453
731769
733932
740789
744687
747675
752175
754794
757420
757599
757801
761552
761919
766869
779777
786242
786296
787582
805698
806003
811059
813848
815583
817336
822221
825239
828235
835603
837162
842198
842663
849318
852015
861785
861855
864952
866402
870479
873381
879072
886370
889807
891716
892535
907078
914236
915613
944133
950360
950759
954370
966443
968030
972837
977729
978911
979013
986804
986947
989374
991182
997522
1000205
1014887
1030771
1038790
1039249
1043300
1046410
1047560
1051286
1054091
1057810
1060662
1065391
1068008
1080527
1082526
1088081
1095055
1096068
1102360
1102550
1104545
1112852
1113421
1113802
1117475
1130273
1134513
1136495
1146169
1156223
1156452
1157476
1160008
1163674
1165533
1169386
1169905
1171095
1180120
1180900
1183892
1189943
1192592
1200306
1201332
1204764
1206399
1215755
1222244
1222756
1224345
1228511
1228529
1228929
1239972
1250848
1252630
1268431
1289194
1292300
1296478
1298334
1301533
1310439
1311968
1320516
1322549
1329218
1335045
1349101
1350095
1351537
1354354
1366361
1368322
1370381
1375507
1380144
1380427
1389071
1398923
1400410
1404797
1406766
1408559
1419063
1420444
1435305
1440338
1446315
1454595
1460367
1475448
1475498
1477035
1478231
1478550
1482263
1485108
1485320
1488056
1488527
1492302
1503461
1505047
1507414
1508454
1510906
1518211
1521589
1522808
1531319
1534367
1539891
1546064
1554523
1554829
1554895
1557713
1565687
1566809
1567562
1573031
1576715
1579038
1582216
1584313
1589279
1590067
1600110
1607765
1612850
1619907
1626848
1634403
1635370
1648484
1648582
1656484
1661064
1667237
1667257
1668506
1677531
1679010
1688338
1690156
1692677
1693740
1695517
1696071
1696371
1700577
1704800
1716621
1723820
1725275
1726351
1727590
1729671
1730025
1734259
1737201
1737273
1740785
1751481
1755395
1758945
1766401
1766941
1774953
1780945
1782607
1784927
1787583
1794175
1797317
1811011
1817377
1831164
1834008
1842362
1864770
1875638
1877530
1885586
1889774
1893312
1895100
1899896
1903292
1906654
1910430
1913306
1921764
1922180
1924516
1932870
1948092
1949164
1950762
1975098
1984978
1996334
2019322
2022834
2031212
2038076
2041258
2043228
2050286
2051586
2057230
2057894
2060514
2078778
2084692
2091054
2098570
2114052
2129348
2141954
2144976
2145458
2149464
2158038
2175706
2183326
2189616
2212216
2215016
2227096
2230652
2233070
2242494
2263350
2265316
2268970
2269736
2270100
2279154
2286670
2317890
2326980
2330372
2332348
2333358
2350152
2353958
2364434
2368364
2371444
2372808
2373998
2380600
2384610
2394078
2394508
2406592
2413582
2418850
2443258
2450842
2452778
2457130
2468932
2482814
2489724
2495762
2497998
2518968
2538938
2566714
2570456
2572946
2588102
2597636
2600676
2603098
2609050
2620788
2630504
2641362
2644236
2647502
2648196
2658038
2663082
2676056
2689610
2698844
2702876
2715074
2715148
2721352
2722854
2723410
2738540
2744378
2758850
2770336
2781112
2783028
2785044
2787950
2810584
2811256
2815434
2822734
2825932
2831258
2833210
2833560
2834332
2851816
2854614
2868238
2871618
2882894
2899692
2920504
2927112
2930034
2930718
2943264
2945202
2953366
2965588
2978638
2986410
2991522
3001406
3006820
3010000
3014848
3019142
3020399
3022921
3025051
3031596
3032431
3033131
3034294
3039134
3039342
3041097
3043392
3046862
3047909
3050754
3055894
3055998
3064384
3075940
3077324
3077971
3095369
3098193
3102321
3103208
3113236
3118740
3120406
3122234
3124904
3148645
3148876
3155668
3157764
3158956
3163170
3168506
3168700
3170300
3172294
3173826
3178636
3184993
3203440
3210924
3212051
3219753
3226723
3228871
3233290
3235457
3236249
3239316
3239683
3315701
3397011
3407761
3432151
3442121
3473691
3477441
3644381
3684401
3692151
3823561
3846811
3856401
3880611
3899521
3931101
3988501
3989901
4003951
4023121
4064611
4100271
4180231
4223511
4255031
4341061
4409291
4414061
4416791
4556141
4557621
4575811
4615471
4696141
4720381
4730761
4808241
4873751
4896661
4981411
5074891
5123551
5133701
5143021
5280151
5406761
5416941
5617901
5658921
5731651
5789441
5815311
5915371
5965091
6162341
6221251
6234671
6285901
6299361
6317141
6355641
6426431
6441261
6447741
6490561
6499981
6569771
6571511
6586301
6692861
6763021
6769701
6796441
6864111
6966241
7011261
7074961
7086231
7092521
7115281
7154901
7366881
7406441
7474171
7595571
7602851
7603691
7608141
7687271
7708711
7736001
7764571
7821731
7876371
7968211
7985671
8188801
8400001
8458681
8530541
8573931
8574361
8599771
8608031
8660521
8678971
8789621
8806041
8960031
9088911
9117261
9312491
9518771
9602621
9657391
9714781
9724131
9803361
9828811
10038881
10044291
10141841
10148881
10171741
10238631
10512781
10540591
10559921
10646341
10729131
10817071
10907941
10920881
10929261
10988401
11022591
11096711
11236851
11275511
11277471
11344851
11351361
11514541
11885331
12032211
12038821
12197821
12222121
12222701
12230341
12231431
12678671
12711881
13584221
13701591
13825821
14000441
14005901
14085291
14189751
14194161
14392951
14496961
14771181
14774231
14871071
14923481
14934891
14962591
15044061
15063711
15102371
15165701
15328071
15407291
15553966
15582766
15596225
15602093
15602343
15603152
15626380
15652765
15652776
15660477
15669026
15671315
15679694
15681128
15681686
15692059
15701888
15706969
15710218
15718009
15723721
15723957
15736994
15738598
15739524
15741505
15749431
15753773
15754928
15762023
15776829
15783943
15794652
15795597
15796153
15797561
15803166
15804023
15812725
15823252
15824591
15834143
15837595
15843165
15843825
15844212
15929370
15972864
15983363
15984710
15990428
15990622
15991012
16002278
16003233
16012710
16020567
16022145
16027022
16031116
16031147
16033322
16040292
16045249
16049071
16050617
16058164
16058992
16083012
16088218
16089037
16091343
16096481
16103773
16104039
16104208
16105336
16107040
16123375
16126486
16127809
16147721
16157877
16158500
16165505
16169343
16174613
16202956
16206077
16212520
16227966
16256350
16281223
16288024
16338631
16373920
16432171
16434682
16445740
16469824
16476865
16498372
16500814
16525237
16542901
16553065
16665880
16681006
16694692
16697587
16700869
16772128
16798735
18917647
19255159
20114968
20166991
20172814
20181019
20201428
20219656
20222428
20235478
20264296
20314600
20342908
20347216
20366986
20374468
20404966
20411878
20434801
20445427
20524954
20529286
20540962
20575849
21175567
21484664
22102816
22333350
23082636
23163521
23246593
23611534
23650846
23979973
24064841
24252121
24281495
24294931
24328586
24387080
24510306
24524806
24665401
24920900
24980800
27057838
27078529
27080734
27093694
27103804
27110887
27122866
27131233
27139744
27222622
27236557
27262423
27275434
27290266
27294415
27356590
27360502
27364744
27371317
27375778
27379201
27433246
27446824
27452803
27453715
27461884
27470602
27482509
27498010
27513193
27521617
27548944
27550213
27583600
27604441
27608992
27633784
27645211
27683320
27694312
27710278
27717268
27733513
27744820
27754726
27774424
27799810
27823636
27832783
27871024
27876262
27884465
27887242
27899895
27906719
27917898
27926816
27928491
27931727
27933340
27934138
27937681
27942260
27942424
27960025
27960976
27962282
27963844
27964549
27965576
27967110
27967462
27970421
28077968
28088801
28094275
29004632
29012187
29018221
29028753
29029432
29047508
29055467
29055640
29072050
29074813
29094601
29108233
29122948
29130548
29135082
29145237
29152231
29153283
29182947
29185215
29222399
29226796
29233080
29254599
29260389
29263585
29268144
29291258
29307419
29333654
29519828
29528057
29534604
29534878
29538311
29545632
29546835
29551687
29554701
29584654
29602729
29610001
29610461
29627411
29636833
29642097
29649313
29649316
29670537
29753096
29784554
29787255
29798958
29804021
29810412
29815920
29826029
29832069
29872546
29889111
29902611
29956289
29957996
29966206
29974671
29975115
29991367
29995483
29996962
30004095
30007773
30025540
30025610
30026118
30043591
30075042
30101195
30106313
30123282
30137038
30138982
30148203
30149526
30152636
30194730
30196526
30264783
30267446
30282275
30285921
30288707
30312262
30341507
30369218
30397677
30411115
30412648
30418201
30426544
30439180
30440362
30467556
30472098
30472971
30475787
30479845
30487445
30498621
30498899
30514259
30518547
30529092
30551173
30551620
30551734
30553957
30558604
30559119
30569616
30607864
30610092
30615152
30615930
30636151
30651773
30653674
30656028
30664623
30664787
30682077
30696473
30697601
30717800
30730767
30740043
30746348
30748911
30764203
30766864
30788504
30789540
30790382
30794814
30802763
30818693
30828256
30849241
30855153
30861356
30872311
30884525
30884919
30888881
30896737
30903005
30914265
30932943
30955769
30960535
30995556
31007302
31008489
31020335
31020841
31021532
31024889
31036852
31062364
31065473
31065768
31076711
31085859
31089854
31098619
31111395
31120081
31142858
31145399
31155103
31166809
31172140
31172637
31177786
31193547
31202768
31206770
31209702
31225367
31239370
31246236
31248312
31254865
31277678
31278864
31289584
31296846
31311518
31313419
31313992
31314215
31316544
31321106
31354612
31357000
31365702
31392608
31405041
31409774
31429594
31440151
31448506
31455264
31478986
31501323
31512725
31525614
31534497
31539424
31539632
31541043
31546437
31550854
31552797
31555594
31563620
31567807
31588250
31589725
31594137
31594832
31606957
31614888
31622964
31640991
31642395
31644084
31649667
31649951
31654337
31654607
31660724
31661642
31662331
31670149
31674502
31695290
31698941
31699232
31724664
31726532
31727017
31766278
31784386
31788627
31798936
31799136
31800233
31811984
31817700
31818335
31820168
31831770
31835410
31838224
31840861
31858645
31863732
31869643
31875823
31880237
31882301
31887204
31887697
31889211
31901303
31904734
31904885
31916219
31920518
31956739
31962476
31964758
31966372
31974640
31985691
31986394
32002193
32029613
32043628
32047423
32053110
32073992
32092288
32121342
32124275
32130725
32133313
32135037
32154972
32161916
32176103
32177469
32182070
32183085
32183742
32191288
32209267
32222388
32233983
32235194
32238822
32259939
32262262
32288681
32299566
32302017
32306543
32311466
32320126
32325098
32333477
32348854
32352848
32353250
32355700
32362460
32370298
32376022
32378851
32384815
32389844
32390084
32390437
32405332
32419639
32420405
32426694
32440920
32444603
32450243
32454322
32459102
32460313
32468065
32473478
32512868
32516956
32522574
32524320
32527440
32543131
32543426
32546673
32556030
32573179
32582743
32594680
32603445
32620327
32639908
32647929
32648848
32669976
32680162
32698748
32703125
32705368
32707797
32712974
32713577
32722142
32725953
32746160
32751493
32761184
32764114
32764561
32775926
32781955
32787932
32788040
32789864
32820854
32833699
32840141
32854013
32856254
32866452
32867594
32868485
32868740
32868758
32886435
32911803
32922471
32948146
32972292
32976079
32976222
32997483
33002152
33004543
33015800
33016336
33046106
33047758
33052341
33062685
33085387
33105481
33108783
33128532
33129061
33133443
33142648
33150410
33152906
33157365
33159288
33179635
33187551
33199695
33203311
33207353
33208975
33211102
33211844
33222995
33232042
33239924
33247409
33250285
33263768
33266287
33269308
33276191
33281892
33289144
33292729
33295110
33307638
33320936
33354865
33358197
33364458
33430228
33432979
33445727
33446198
33455400
33465986
33471284
33471300
33475346
33485834
33499398
33500176
33502252
33522190
33524382
33528412
33537616
33564612
33580409
33580509
33590741
33596861
33596879
33597645
33599119
33614426
33654851
33656768
33670740
33672786
33673610
33674954
33694407
33708185
33719282
33719411
33721731
33721921
33726339
33731680
33738435
33740996
33741882
33748078
33754680
33761057
33782875
33785964
33787992
33794146
33796498
33796590
33804502
33811255
33820495
33822124
33825128
33839511
33860377
33868748
33877527
33881883
33885070
33885428
33897158
33924275
33925978
33929456
33949096
33953207
33956771
33957475
33972104
33992055
34000110
34008499
34021836
34025737
34030732
34034378
34064706
34070440
34074480
34084520
34085850
34089685
34093896
34094382
34094748
34097214
34105121
34107830
34110308
34125476
34128392
34134361
34144549
34149973
34151490
34158054
34166040
34168714
34176815
34192384
34202335
34207761
34210953
34214738
34232185
34234467
34243702
34245809
34257005
34257553
34261097
34268940
34271915
34281340
34282381
34288849
34288861
34294040
34296259
34296751
34306039
34310489
34313704
34329643
34342257
34346367
34351925
34360203
34384307
34385049
34388172
34390150
34402401
34405800
34407263
34407494
34415985
34416599
34417771
34427918
34440335
34445964
34450292
34457060
34460855
34461310
34462018
34463758
34466402
34475518
34502735
34508389
34511692
34514115
34517156
34520336
34526221
34535844
34535980
34542559
34545247
34548976
34550986
34551922
34560843
34605877
34612882
34612997
34623214
34624520
34636875
34658386
34664661
34676622
34711755
34715859
34716391
34724797
34724942
34730060
34741193
34767548
34768739
34769463
34781609
34794488
34796486
34796639
34798706
34803208
34804432
34809043
34823024
34829884
34834788
34837945
34849337
34853928
34858547
34870585
34874562
34886224
34891921
34915451
34924353
34931378
34933873
34934517
34934984
34947686
34950386
34953507
34959361
34967396
34971269
34971738
34980528
35003996
35008493
35025382
35041581
35042853
35049693
35051047
35060820
35064645
35068227
35082518
35082686
35083859
35089575
35096518
35096570
35114144
35125821
35130958
35145246
35149560
35152570
35155098
35155132
35158730
35166066
35169328
35173049
35191439
35192754
35193915
35200183
35229823
35245209
35257421
35260708
35265577
35266418
35271425
35279376
35289124
35290150
35296632
35301602
35304154
35307061
35307212
35310144
35310219
35310395
35316373
35322329
35350930
35355049
35356466
35363777
35366575
35370640
35371354
35374051
35378469
35378818
35380747
35392879
35403254
35404855
35412494
35454027
35455246
35457212
35460965
35465536
35470032
35470973
35472386
35482588
35495855
35497249
35505555
35510327
35520100
35522855
35531087
35537506
35551698
35555374
35561856
35567786
35570359
35574314
35580368
35586471
35593526
35597765
35599492
35608300
35628604
35637240
35640554
35648534
35652721
35658308
35669250
35673092
35677310
35688115
35710349
35712082
35724429
35725748
35727945
35735993
35755127
35756611
35757014
35773220
35776140
35783624
35793405
35801098
35802271
35803299
35807034
35810769
35816938
35817341
35818409
35829343
35834581
35842531
35848990
35853157
35869112
35869871
35875426
35885962
35890284
35912829
35919415
35919570
35919792
35922798
35955830
35956760
35965164
35971388
35976496
35978821
35983367
35986072
35997913
36014370
36018007
36036876
36039976
36042986
36050166
36052561
36058595
36073914
36074507
36075581
36076438
36082472
36115311
36119661
36131226
36132853
36135310
36136652
36137424
36141184
36142896
36144287
36145887
36159250
36161663
36165552
36168038
36177229
36180278
36180558
36180975
36182821
36197702
36200075
36203514
36215514
36222185
36223368
36225038
36233832
36233947
36238523
36239950
36248803
36261291
36266626
36268093
36271156
36274489
36275342
36275640
36279110
36290947
36292045
36295327
36296257
36297461
36299528
36301675
36304422
36310347
36313076
36314884
36317553
36324644
36327691
36328847
36332719
36333406
36335729
36336044
36341590
36353300
36359674
36366713
36368416
36370538
36373333
36378265
36381054
36386885
36394019
36399164
36399362
36400299
36401953
36405332
36409309
36410007
36410237
36410813
36413583
36432575
36434583
36437360
36442205
36449254
36452411
36468700
36474119
36475245
36478175
36479413
36486454
36491530
36494446
36494876
36501167
36504922
36515417
36525623
36538189
36544939
36547894
36556814
36573772
36575242
36578765
36579394
36582847
36583105
36593749
36594778
36605420
36606159
36625764
36629856
36635916
36654419
36656233
36660760
36660866
36693868
36695229
36696017
36712009
36720307
36722553
36737005
36742325
36743056
36746727
36747329
36749654
36753181
36762191
36769189
36774493
36777790
36787133
36787515
36791452
36791991
36798846
36799745
36805279
36808298
36811176
36817265
36817999
36818413
36821766
36824352
36824816
36826146
36829362
36834514
36838596
36842978
36851315
36856328
36862953
36863105
36863247
36865090
36873512
36879805
36889238
36890221
36891275
36900036
36912670
36914072
36952015
36966646
36983482
36991232
36993767
37003893
37004820
37019685
37021809
37026430
37027133
37028526
37042692
37043833
37045120
37047665
37048405
37050730
37053649
37054012
37061663
37061920
37069775
37070519
37071754
37075133
37076221
37079430
37082741
37085027
37094341
37096030
37098117
37103393
37103833
37103992
37104031
37111298
37111569
37112530
37117582
37121970
37140982
37146733
37150861
37153982
37158721
37174539
37175890
37176656
37180271
37182435
37183068
37191019
37198784
37203463
37208672
37209324
37211804
37217446
37217701
37230188
37230710
37234673
37245504
37245529
37248556
37251132
37265827
37282818
37291091
37292968
37296165
37299366
37301013
37307181
37311097
37313925
37316388
37316459
37332488
37341234
37346379
37351851
37355927
37379263
37380528
37389267
37391952
37407113
37413241
37418291
37426813
37429872
37446469
37446624
37451870
37456975
37459399
37474465
37477497
37488562
37499008
37501878
37513111
37513906
37516255
37516337
37516400
37516502
37520186
37534871
37545051
37546005
37550456
37551670
37555494
37567334
37573495
37579608
37580198
37582224
37584972
37586501
37590552
37594761
37602016
37612113
37612903
37616095
37616581
37618230
37619643
37620363
37623667
37631762
37637410
37642160
37649399
37649575
37649718
37654748
37656426
37667091
37668966
37672932
37674286
37681738
37690893
37693563
37701161
37709854
37718132
37720975
37721008
37721491
37725674
37727399
37727633
37734906
37735880
37739941
37741665
37750133
37751400
37754298
37756277
37767077
37779628
37780374
37781737
37790713
37793572
37794049
37804258
37809441
37811684
37823431
37823935
37832306
37848382
37850322
37850681
37853585
37855813
37859556
37860989
37867912
37867919
37871689
37871976
37873266
37877331
37881385
37885598
37887801
37909269
37918277
37921378
37929556
37930916
37933037
37935106
37938416
37946689
37947464
37963342
37964412
37968571
37973784
37976683
37978482
37978638
37979149
37987137
37993821
37997924
38001692
38003559
38007337
38010354
38012361
38023795
38024362
38030067
38033296
38034909
38034973
38036381
38037858
38045052
38053993
38066376
38087037
38088613
38091766
38095687
38099266
38099471
38101457
38104917
38105919
38117256
38125985
38133183
38141202
38141504
38141589
38143254
38147377
38147425
38147479
38152334
38155064
38164641
38166035
38169903
38174594
38182077
38186614
38197268
38202997
38204030
38208588
38209265
38226981
38230936
38231462
38233811
38243115
38246013
38260096
38274762
38285285
38285434
38292454
38292509
38300929
38305300
38312805
38314872
38315537
38322629
38326298
38339964
38350148
38354288
38354906
38374990
38391762
38398601
38418267
38424129
38424186
38428368
38459255
38493267
38494340
38494680
38517709
38531018
38534051
38545678
38547419
38549183
38549396
38553073
38564916
38565443
38571978
38572780
38575226
38576635
38590644
38594007
38594102
38606502
38607770
38607775
38613954
38614688
38614936
38630457
38640178
38643071
38647675
38648240
38650254
38661234
38661471
38662339
38662648
38663449
38676955
38677419
38677555
38688693
38689323
38691666
38699646
38708605
38733844
38751335
38753165
38753615
38760693
38766635
38771576
38772894
38779902
38798348
38802202
38803386
38808141
38809910
38827683
38836103
38860322
38866331
38870132
38873307
38874523
38876307
38878926
38885654
38885736
38886256
38886514
38894593
38894847
38910283
38917852
38930625
38937425
38957733
38962455
38962779
38967238
38972138
38972322
38972428
38972874
38980478
38987674
39004156
39007267
39009764
39009781
39039313
39041563
39048441
39061573
39081228
39081827
39083943
39095655
39099310
39117598
39128817
39137427
39146226
39147621
39150735
39161363
39170041
39172651
39178964
39194620
39216844
39220162
39237693
39241523
39249006
39255036
39298121
39310677
39325124
39327860
39353287
39354233
39373361
39374179
39380507
39386278
39397048
39402501
39406531
39407638
39408797
39415432
39415497
39423203
39432003
39437876
39445772
39452402
39457308
39458090
39474905
39480855
39484114
39484472
39489443
39493019
39498303
39517521
39543310
39592726
39594122
39595272
39597855
39598059
39598655
39602753
39604976
39626335
39633428
39640767
39644011
39645605
39652820
39655565
39666126
39670270
39672445
39683755
39693359
39693368
39694044
39701575
39701896
39702245
39702608
39702742
39703712
39726868
39756942
39758427
39761287
39767475
39776010
39777410
39795367
39805407
39807286
39819640
39819805
39822756
39823387
39824073
39824229
39826155
39826347
39829462
39842813
39853044
39856792
39889116
39892594
39894049
39894378
39894519
39895988
39897751
39898749
39899470
39910105
39921391
39922367
39926480
39926997
39927137
39927406
39932515
39956902
39958830
39969276
39978674
39982723
40005999
40007365
40013924
40046097
40088312
40093572
40094595
40096857
40097636
40099414
40106870
40118711
40134478
40140241
40142526
40167219
40182119
40184958
40197645
40198831
40199202
40212040
40220768
40231729
40232026
40232644
40245872
40246466
40258042
40272642
40273095
40284234
40284916
40285093
40287750
40304814
40306869
40327133
40328496
40331536
40331625
40362860
40367430
40369823
40374533
40375098
40380203
40387089
40390485
40396427
40397977
40398270
40405511
40405701
40407095
40418283
40421756
40430364
40443676
40450491
40452978
40453256
40465984
40469949
40478260
40479611
40493150
40517135
40523916
40526326
40571097
40571483
40571678
40580814
40582972
40593918
40594139
40613368
40618674
40624244
40627321
40629432
40638943
40648907
40652263
40654340
40680602
40682417
40689661
40708147
40714247
40720638
40721620
40730728
40741939
40769856
40772045
40773323
40774354
40786301
40795043
40801268
40803907
40810883
40818502
40829172
40830143
40863767
40865490
40866800
40891828
40908765
40928265
40934735
40934906
40944188
40956110
40969036
40970290
40972605
40975859
40979761
40982320
40991499
40994595
40995859
41003588
41014794
41015685
41018585
41030531
41036138
41041317
41062588
41069860
41082955
41084166
41104490
41106800
41109624
41111279
41128286
41133334
41141990
41142750
41144592
41177041
41177783
41196820
41206537
41207821
41244891
41245856
41246230
41249601
41250206
41251909
41265174
41270125
41278044
41278521
41278898
41278978
41279983
41280317
41280639
41283546
41284605
41285835
41290692
41291798
41292521
41293452
41303431
41306593
41306960
41307228
41314827
41315789
41317049
41324465
41326778
41327506
41327917
41328519
41328521
41329606
41331077
41335973
41349230
41350433
41355033
41355655
41356307
41360562
41363461
41366804
41379331
41386918
41391596
41398626
41399161
41412995
41426139
41429521
41429684
41441868
41459364
41461680
41464489
41464994
41477852
41495725
41499506
41505538
41511205
41514691
41522467
41525752
41527614
41533789
41536230
41547182
41548870
41552743
41552820
41558803
41561251
41567537
41568424
41569532
41570707
41571698
41572066
41582162
41582800
41585171
41587978
41591751
41600886
41601391
41601902
41602418
41618405
41622781
41623823
41641375
41642746
41645642
41647510
41648804
41655329
41658884
41660094
41670506
41680616
41683713
41686765
41689901
41693191
41700439
41711478
41714204
41723789
41725232
41730539
41730861
41742797
41752041
41752840
41763343
41765011
41771314
41771818
41783347
41786713
41787121
41791536
41802346
41803207
41804218
41804421
41809846
41815406
41819758
41835338
41836843
41837022
41843337
41850586
41866439
41877913
41879250
41879690
41884150
41887198
41888765
41894309
41905099
41905998
41907077
41907946
41914564
41924625
41926634
41942303
41946144
41959497
41963216
41971191
41973868
41979593
41980671
41992177
41992267
41992373
41992413
41992488
41992563
41992755
41992796
41992836
41992893
42000998
42001813
42002807
42004353
42008813
42009995
42012303
42018995
42025015
42029318
42029492
42029653
42058476
42066815
42069465
42071226
42072806
42074300
42075382
42084939
42104489
42113335
42116343
42125559
42127022
42127610
42135097
42138476
42139091
42143330
42144115
42145099
42147424
42156302
42165840
42170732
42170792
42174931
42176701
42177039
42177082
42177636
42181381
42181911
42197749
42203069
42206419
42211580
42212886
42213000
42213513
42217712
42230726
42230744
42232579
42235052
42235230
42241428
42251486
42257680
42258435
42265421
42266974
42267323
42267379
42269470
42271727
42272970
42278764
42279100
42280583
42286443
42290971
42298128
42307131
42311020
42311917
42319832
42329757
42344284
42345032
42352434
42353942
42358625
42361017
42361826
42372802
42381039
42391011
42393610
42400830
42405041
42406930
42413569
42415995
42423802
42424264
42424488
42425021
42435507
42443207
42448682
42449270
42449332
42457045
42457191
42457290
42457466
42459554
42460468
42464774
42464980
42465423
42465494
42468526
42469951
42474020
42476684
42480378
42483783
42496683
42496760
42497891
42499116
42499674
42500733
42504952
42505081
42505170
42508219
42509572
42513793
42517397
42527675
42527799
42528235
42530900
42536044
42536984
42537231
42538183
42543996
42544180
42544380
42544433
42545381
42549059
42549099
42554160
42554724
42556338
42563840
42569671
42578144
42584748
42591118
42592435
42596122
42598461
42598840
42615392
42625228
42634391
42640321
42646996
42647858
42662669
42678816
42692109
42696290
42696903
42697033
42699716
42710633
42713034
42723054
42726156
42742248
42747208
42761250
42762695
42763984
42773177
42773326
42777602
42781918
42784417
42798547
42808286
42808702
42808871
42809031
42809287
42813855
42822494
42823455
42831350
42834311
42834417
42834601
42834714
42837557
42842440
42842572
42845567
42846508
42846722
42847350
42849733
42849987
42855456
42872167
42872363
42891359
42892780
42893171
42896238
42902453
42909304
42912857
42917578
42925195
42929466
42938981
42940492
42940766
42941811
42942885
42942949
42943421
42945774
42945953
42946109
42946573
42946715
42952085
42958283
42972430
42975942
42977077
42983434
42986280
42986642
42993059
42993228
42993273
42993327
42993963
43001172
43002104
43005528
43008071
43008201
43012843
43015582
43015700
43015757
43025309
43028335
43032483
43036475
43036792
43040430
43041227
43049078
43051214
43060808
43062718
43065481
43069923
43078528
43088536
43097358
43102877
43104704
43106764
43110190
43113645
43114274
43115345
43116395
43118312
43130698
43133441
43138566
43140368
43147314
43149314
43152389
43153307
43154623
43154792
43155392
43156523
43156785
43156944
43157306
43158835
43170266
43171845
43172247
43178718
43185434
43190063
43200487
43202816
43205267
43205377
43208286
43208417
43223103
43236004
43240027
43242287
43249130
43253651
43256173
43262708
43272813
43273321
43273366
43276081
43277138
43281362
43287747
43290981
43291768
43292970
43294898
43302055
43306146
43309687
43309699
43313802
43316446
43317791
43320929
43327698
43332102
43334118
43335752
43336838
43343712
43348474
43354373
43371205
43375369
43376751
43383305
43384540
43390374
43390704
43392188
43397962
43400552
43404599
43405431
43413766
43418373
43418885
43418951
43420491
43422272
43435362
43438880
43443793
43445067
43447243
43448575
43453841
43453883
43458483
43463012
43467685
43468061
43470275
43471161
43477369
43480106
43480397
43487716
43492176
43499023
43500317
43500576
43502686
43504288
43516533
43519671
43523673
43525627
43533096
43533556
43533752
43535373
43535873
43535978
43538236
43547035
43547209
43547218
43548174
43552254
43553478
43556893
43557570
43558001
43558125
43565942
43574801
43587453
43587916
43588415
43593876
43596909
43597266
43600306
43606039
43608960
43609102
43610478
43610799
43610974
43613951
43618160
43631919
43634241
43635333
43642445
43643105
43644657
43646184
43649202
43655927
43656576
43661022
43661999
43662639
43665532
43666984
43670746
43674898
43681234
43682953
43684853
43692957
43693574
43698619
43700496
43708439
43710874
43711141
43711967
43714303
43717555
43719501
43721139
43722814
43724496
43725087
43728647
43729600
43732791
43736659
43746276
43747917
43749176
43751828
43760220
43760427
43763359
43767882
43769550
43770594
43771022
43771057
43772284
43772759
43773432
43773448
43775670
43776519
43782338
43786017
43792169
43798049
43801591
43803536
43804105
43813090
43816127
43819557
43821616
43821934
43822791
43822999
43823359
43824322
43824485
43825889
43826080
43829295
43829465
43834030
43834516
43840197
43843450
43846723
43851515
43855044
43859304
43861425
43862112
43862187
43868082
43873615
43876331
43878019
43880377
43882475
43884094
43884592
43885450
43886603
43890481
43890898
43895983
43897408
43898321
43900442
43903216
43905138
43905654
43907237
43907326
43912940
43915079
43915907
43916019
43921725
43921852
43922559
43923285
43923609
43928973
43933524
43935133
43939062
43939348
43939538
43939843
43940405
43941114
43943154
43950082
43953304
43953992
43954433
43956269
43956337
43956401
43959105
43967039
43968096
43972051
43973375
43974325
43980464
43981210
43982336
43986657
44003248
44007420
44008840
44011250
44020514
44020932
44022426
44022817
44024000
44028845
44032142
44033958
44040556
44045534
44068099
44071528
44332583
