42333356
46487027
47646274
47619920
196726
36413583
1495148
47646128
47619611
46302587
3119605
37183393
47389416
47176019
40678592
47004401
47734735
44070277
45756365
47652854
38117256
8153821
39827109
36270805
42286107
42425241
15789805
44953642
47349661
31781162
32676884
1313728
36748465
833768
47223195
42459225
47335552
30872897
47188647
30136276
40936840
34664661
33667720
30283038
33012343
42172914
43987811
40903138
33444223
42218055
29931219
16692985
38504120
41656148
33580409
41913784
42459643
35867886
42494235
39645605
45023377
46734922
16050617
6906571
46001613
43060808
39886727
36816474
1477035
36954591
38538968
29777439
46153013
514070
3288959
16117522
46494637
43376737
41018492
39226111
37951232
789336
42632101
43222751
41871077
40344160
42046778
40101476
45830718
40992884
46006290
42297858
42530973
37433288
37321660
45531017
33485651
38957184
45184976
43413766
43076820
40467667
44027486
43686943
42494588
1601000
46178713
46067854
37991224
40241860
9347671
46121289
46089001
13825821
45379972
46045898
46045651
1029377
43740077
46027645
43104337
30229260
32625132
32409459
40818502
44459233
30140934
45908079
35182649
37290276
4132931
34651665
33132170
45626922
37036907
16174613
41091419
1564659
31560489
42213061
38001692
37005980
34370273
36785613
954639
45738376
30008136
30679721
7876371
34039531
480783
45724109
43885995
36891275
45264247
42586385
34032473
42936594
45343032
41569682
2136142
35586471
44775968
31887466
34903603
33106804
37320079
34595388
44433601
45184352
39243483
34295100
2041258
41856164
37987137
34161633
34427918
36753181
31209204
36142896
38594007
37860758
42162600
16072171
29151145
34149952
3101490
41282414
45092208
37058800
32638739
35652721
41283546
44182551
41789847
29638879
45471359
15640419
37788492
34714895
31972541
32373798
13797691
32809758
34850744
36901530
41503642
43021651
119376
2098570
45316213
1993354
5321391
42200942
2457130
42393610
42081635
41441868
45365492
40308083
866939
1974654
33430228
10256221
8425811
1051286
34583011
440114
34387564
30551173
43639742
20328433
228748
1411376
43319601
6569771
772230
918454
29097157
1294972
2879148
29317550
1877530
3076087
36058595
1470788
502799
41080787
42584673
44007420
43140387
43855044
2059828
38032583
36777790
1146459
206534
34867697
40735688
16137460
36481637
35289124
1873720
42712747
29889111
29004482
193832
11967091
44225465
771064
289548
35192754
44129259
2574908
2501972
44789299
34271915
34844519
15231521
44782404
44819382
35290150
336159
42279793
34176815
16028388
3140811
35887859
35787021
20329657
14634791
32288681
16764574
36161663
11304551
44283738
16099995
32004730
32133313
2785044
36644610
36132341
36623461
41170699
8892541
41791843
35314358
36092519
42056861
39747150
27246763
37220460
20269321
44513121
33650487
31880619
39033410
35580368
40714247
34297224
38067448
43184223
38181860
29015921
29145300
35757014
31654607
33565098
39517521
37043833
20390872
191777
37191019
12128141
44442114
38095687
33580073
34710325
347700
33052341
20314600
43016837
31512725
253770
31525614
37937240
27089110
34315187
15596225
41648804
41752041
37937293
35322329
36808298
36766421
39895988
37592484
41505538
36663285
37609810
41514691
34243702
39061573
2394508
44233189
16798735
36149962
32390084
41689901
30567215
33829013
40328496
35390395
36645695
37873266
33455400
29143388
41001452
36351009
34268940
33292729
30369218
44022426
41303431
6299361
351192
41587978
37871689
35356466
41591751
44097297
33015800
38958050
2995484
38053993
35191439
350737
41250206
15706969
43973375
1080527
43612058
42592435
38067335
39480855
43378723
36538189
39498303
44154564
787652
36660866
1895100
29584654
37096030
1589279
41398626
31172140
35008493
36233947
35497249
34829884
2145458
42986642
31448506
36863105
2831258
38894847
34962537
29902611
43348474
42832604
44090049
32444603
1634403
2722854
29163642
42993963
15652765
28094275
36583105
41177783
31520449
34741193
37061663
1932870
1171095
559985
36654419
11798
38141589
10887981
42366758
6796441
31766278
20172814
596167
43334684
27122866
36050
38099266
37426813
