10520
22800
36050
43171
113973
130444
131604
139494
163472
174875
226802
247286
251442
283592
303720
315203
328279
330860
332722
337776
343312
394736
396420
432625
437190
440114
480103
483945
490152
495992
535847
539692
549311
555877
590289
591388
596167
686361
716805
719993
757801
759601
761552
764283
794996
804235
842198
862079
921524
967541
1019786
1082325
1083680
1085145
1112602
1152603
1161682
1164446
1175509
1206768
1215755
1225514
1228236
1236224
1267163
1288036
1307254
1346677
1373257
1374057
1478550
1480870
1489658
1492302
1503461
1506156
1508454
1519441
1544234
1632812
1636716
1639228
1660808
1661064
1754173
1807325
1833756
1849008
1878418
1895100
1934362
1937354
1959490
1963300
2021770
2083498
2137878
2244480
2258478
2317890
2326980
2341886
2354946
2406592
2497998
2534908
2560106
2596748
2636698
2730328
2822734
2831258
2904740
2916266
2920504
2947214
2987764
3002636
3025749
3045629
3134563
3138704
3172294
3172424
3203440
3212248
3226353
3600901
4151861
4563031
5469541
5668121
6211971
7209631
7366881
7546591
7613211
7778321
10183301
11744331
11753871
12504471
12711881
14078531
15540805
15596225
16022909
16047736
16061077
16198435
16281223
16569283
16682296
20181019
20252368
20390872
27028546
27115000
27229858
27391207
27416575
27498544
27666523
27876262
27915393
27934138
29057509
29062726
29095042
29161484
29231377
29245920
29300262
29539863
29603423
29610461
29896640
30172157
30240854
30495123
30504283
30570738
30777703
30890992
31281113
31353623
31426274
31493923
31561300
31594832
31623338
31627434
31641561
31656300
31880815
31953210
32012577
32016906
32224897
32542325
32556320
32620327
32652238
32689351
32761184
32823722
32887096
32924305
32948146
32968312
33178978
33503543
33537616
33548784
33551478
33738435
33740996
33796216
33868748
33900379
33910707
33945617
34083253
34094748
34176815
34266439
34271915
34275514
34306039
34317415
34355755
34390150
34486436
34589163
34656089
34714895
34753197
34768093
34832679
34884676
34912506
34921906
35018965
35126697
35191439
35204581
35233176
35246303
35287960
35291523
35293894
35294671
35304154
35326018
35329385
35336842
35372458
35381689
35428940
35434932
35490899
35495855
35508125
35537506
35567786
35587625
35592395
35595754
35623352
35638288
35640534
35869871
35870964
35885962
35943172
35948177
36077410
36144025
36151272
36169631
36215514
36304422
36328062
36333406
36335589
36359709
36392766
36405493
36530386
36538189
36546114
36555252
36594998
36629856
36632737
36696017
36769605
36954591
37076955
37094468
37109132
37134775
37153472
37174441
37177606
37181729
37198711
37202370
37215799
37220460
37226388
37252991
37292968
37341234
37350815
37354395
37459107
37492333
37503795
37505762
37546190
37586719
37656212
37754298
37759290
37764338
37798825
37799623
37854802
37857595
37949350
37964412
37972935
37980108
38001692
38037233
38099266
38107099
38174510
38241514
38257200
38288811
38300443
38302471
38504120
38557643
38565443
38590398
38599794
38681374
38738236
38738770
38833351
38860322
38885967
38930625
39240065
39301169
39347237
39364288
39611013
39649590
39657040
39660622
39660989
39672592
39674642
39679213
39690066
39691334
39693751
39694695
39696132
39722552
39727390
39735064
39758752
39760060
39793410
39796486
39825190
39826543
39829257
39829679
39834705
39850035
39855203
39867364
39874525
39890015
39935789
40024934
40031426
40048441
40137289
40140241
40144312
40171729
40173273
40279716
40280655
40285093
40344160
40396427
40516851
40786301
40854378
40891607
40939380
40982067
40984136
41011363
41023926
41064963
41080787
41084166
41186878
41276605
41294897
41307228
41322498
41370280
41385333
41479336
41578923
41652499
41670506
41723789
42046778
42071226
42142645
42157258
42200942
42208574
42223633
42251092
42272970
42297858
42415995
42527675
42689365
42802658
43016839
43099927
43103211
43107297
43109238
43140368
43276504
43315201
43537360
43538236
43608312
43686943
43701102
43755793
43805960
43976651
44007420
44021015
44051506
44195811
44233189
44268694
44296718
44326405
44365613
44411784
44412070
44433601
44525312
44530005
44536810
44549923
44571152
44682025
44723029
44743124
44743197
44743306
44965526
45002913
45039048
45154978
45272125
45288129
45303557
45443719
45533385
45558296
45591804
45616400
45628346
45678891
45679648
45690559
45692230
45736025
45753601
45808827
45814070
45820734
45829280
45830718
45831423
45832456
45850363
45850810
45878179
45897968
45908017
45908647
45960537
46010936
46021723
46058729
46071683
46078839
46098995
46125050
46154109
46219823
46255444
46260296
46269577
46274132
46278897
46282678
46286925
46314871
46315435
46331939
46334494
46354196
46382965
46385031
46389286
46442829
46472729
46473077
46479731
46531152
46533934
46564487
46572756
46600283
46604262
46626207
46627408
46632699
46644855
46645156
46676257
46694590
46731982
46733477
46747299
46752069
46778015
46781593
46812325
46937618
46951542
46953404
47004534
47018240
47035613
47049326
47067944
47079059
47111100
47168703
47176959
47179359
47239957
47272005
47322888
47341149
47362374
47379613
47385065
47401627
47404851
47426014
47440345
47443162
