35704433
39140353
36583105
16150578
44165505
4548751
35652721
351192
844785
3108598
20445235
30240854
46345088
47663542
15657732
40982320
30664623
93640
45757654
4803181
46592628
40945157
43236174
46576248
1471893
46012061
40574364
289548
29027196
36413583
46302587
46226352
35657092
47752135
47389416
47491543
8343371
47854978
1564659
37962279
29900950
2230652
40168236
38796319
37546190
8620191
37638400
46487027
36696017
37075133
30692628
39249006
45023377
1092136
757599
47704150
47705046
975165
24655228
29896971
1923794
34450786
16044663
36353300
16652077
46542374
38189050
1515190
34951373
47717548
31103983
7338381
43952461
2008142
15756177
47694511
30136276
46210041
2876652
12693151
47651430
36957144
1642310
35390395
690071
47658877
47656573
47652747
47651703
35008493
47619495
13797691
1348093
44536810
36660866
15596225
1701337
43376737
43894753
8859801
40328496
1450237
42986642
8896231
37191019
47623937
628860
39243483
39672592
13825821
45525248
43077956
32444603
27799810
34268940
44474780
29573752
15996864
34059576
47590413
673134
31995113
40940986
37452015
37061663
16642348
34550986
7876371
32376022
47477025
44545745
38385633
44007420
37991224
47397569
833768
36748465
26105
35356466
1430045
33243396
47397948
1504814
39895988
47527882
37619643
27175597
1748193
41856164
40464318
44070277
869561
32676884
9361461
47192419
484918
35703455
47520005
36058595
39139537
1697345
1066611
16457329
47049846
3115912
42993963
456957
33901525
42200942
33375253
43016837
219392
29755139
47470333
36421773
36538189
1332384
32201963
47490869
32246575
1797635
34387564
32685060
47484822
613087
885936
36851315
37183393
38504120
29541566
33292729
47487031
35875426
47122833
1388397
34297224
43967104
47482163
31448506
864853
30444363
41547182
29650066
2785918
41576793
16070873
21614119
645654
47433838
12278231
47368273
90796
36142896
38565443
44030221
2406592
14522191
30161279
350737
39007267
29143388
36050
31070973
6929351
37422961
39969276
39886727
596167
1895100
32217369
36132341
38001692
2491948
16010326
29621956
20410096
5658921
1562989
43740077
46025386
27715426
119376
37124606
32761555
20172814
1508454
1470788
46554512
360050
29638879
15231521
33333932
47004401
33015800
522830
38095687
33945504
279202
47454089
33599119
40202215
2257932
13999431
76934
40818502
31623338
27138115
14688721
559985
1628933
47427344
2560106
15741138
34313704
11798
1313728
256652
40903138
35867886
44270317
33800629
663682
41514691
14505171
29831504
864262
15671315
35949017
31821114
32669976
46571046
47417343
43686943
27874103
33187551
47398570
2831258
2574908
32966742
44599867
1932870
34557198
35586471
1877530
2550436
33012343
514018
38215952
37321660
757801
34612997
185778
33900379
30030878
42056861
44233189
