114
8877
19107
37643
48302
82898
83198
97287
112155
118544
127079
130446
137484
142862
147072
152565
154896
167619
168811
173274
182460
183544
196537
196989
201950
204068
209357
218373
223733
234297
242696
246178
266915
275428
276167
289483
290563
317406
318429
336159
343304
346393
357108
362549
373601
377951
398945
408993
418756
420967
437677
480654
482981
497528
502921
591188
592937
596167
618990
657374
691098
759700
785917
806794
815783
817640
818399
819730
854738
881021
889263
904061
913302
917635
1002557
1006048
1039847
1061873
1071797
1099107
1171095
1171695
1207146
1214763
1214792
1227675
1254796
1297973
1317061
1346197
1393088
1474010
1477035
1489532
1504998
1523467
1540311
1544512
1549970
1555886
1602757
1604359
1608630
1636527
1681501
1695269
1695885
1703589
1711422
1784641
1785505
1796693
1823787
1849364
1910376
1915214
1967740
1973172
1978536
2045684
2128720
2142170
2148368
2205430
2270350
2326728
2366540
2384080
2391708
2657964
2884766
2967570
2988970
3028447
3043847
3055145
3066439
3129110
3157764
3187241
3222013
3706211
4251061
4285731
4377451
4668971
5309671
5593911
6004111
7810081
7952091
8158961
8292911
8710411
8988411
9914771
10120361
10271821
10559031
11184221
11208191
11388691
11420141
11627301
12711541
12719901
12740031
13864731
14019111
14220091
14532391
15096031
15460351
15516261
15567923
15576907
15581427
15680905
15819636
16046124
16048402
16054169
16068181
16130944
16136185
16146092
16149247
16180541
16226389
16242199
16450480
16576999
16586800
16630303
16668697
16794937
20354545
20420107
20658698
27024403
27030220
27031495
27364117
27456391
27472819
27527125
27574849
27624037
27936808
27959849
29015182
29165634
29221477
29330355
29598753
29636020
29753687
29803622
30054388
30122588
30138982
30344464
30388564
30409351
30430726
30431791
30662150
30770314
30774669
30856576
30924478
30974295
31008199
31022411
31140147
31232622
31298004
31314179
31386115
31525614
31562403
31720476
31743894
31759977
31785376
31837400
31901303
31901715
31924536
31926046
31962476
31963533
31973237
32032901
32100685
32103335
32197463
32209304
32249188
32276072
32322245
32376837
32419639
32427230
32450834
32561872
32771529
32876274
32946200
32976222
33002784
33074013
33138770
33275496
33547860
33571394
33677065
33723522
33921946
33959027
33974599
34108620
34193900
34286873
34289658
34301144
34351925
34352584
34377789
34417648
34620910
34636876
34643835
34682333
34746220
34798706
34810623
34845477
34854332
34854955
34886385
34892118
34906025
34942874
35008493
35059811
35114356
35200183
35203747
35323009
35347656
35596215
35652073
35654668
35734291
35843124
35873330
35891221
35954198
35969575
35982504
35988620
36053337
36086519
36118982
36142566
36155570
36281171
36295327
36341680
36344827
36353638
36401953
36409577
36412948
36419931
36435548
36448909
36484396
36507672
36660866
36722553
36816990
36859743
36864420
36925239
36948768
37008656
37061438
37088730
37104063
37112272
37112422
37224122
37234673
37250090
37294235
37295073
37296676
37328700
37333259
37428053
37435296
37499480
37522074
37545051
37554475
37582932
37609810
37623088
37626648
37654095
37688251
37701817
37724804
37729340
37730339
37765581
37802587
37841360
37903642
37925085
37930838
37930916
37934622
37946689
37983263
38056966
38077421
38115768
38127643
38146931
38204744
38215753
38228923
38320672
38321544
38322377
38324124
38378580
38424186
38451638
38535547
38535689
38539709
38658208
38810303
38944231
38945158
39063633
39352929
39606100
39625671
39643232
39879604
39893020
40017799
40131333
40136324
40375763
40376269
40483920
40569958
40594882
40597911
40975859
40991754
41016923
41139726
41141011
41464994
41473903
41584365
41591751
41604885
41691514
41753120
41904086
42154564
42294141
42307599
42493055
42520390
42536044
42707881
43077936
43715893
44072370
44288749
44331243
44585074
44686439
44740341
44742967
44782872
44793929
44856530
44862282
44869601
44884482
44935790
44953686
45107432
45273880
