6679
11798
32664
36050
39813
41342
42502
56953
65668
119376
141271
153878
180740
217888
229984
242556
246282
255830
264232
296485
321479
326479
329753
347700
350737
360182
387961
415638
441518
447354
485000
499787
503204
514070
518108
526125
559985
587861
596167
646734
726602
771588
823198
833768
860090
885936
886367
954639
979013
1002590
1079944
1092136
1177490
1193071
1200306
1270059
1271172
1284872
1313728
1344461
1346246
1347547
1354597
1421409
1427790
1443249
1458875
1530316
1555852
1611391
1626858
1634403
1648484
1675693
1688432
1708511
1887430
1905462
2001590
2050286
2106554
2151538
2234476
2539046
2586784
2645506
2686444
2756024
2802238
2833226
3012008
3028363
3034676
3036902
3069874
3085265
3124940
3159610
3676061
4008231
5437771
5628461
6060991
6287131
6299361
6578581
8234631
8826291
9708581
10826011
10968771
11128011
11296341
11550201
11967091
13797691
14505171
14522191
14815891
15596225
15624281
15652765
15748017
16117522
16141358
16598887
16652077
16692985
16694692
20172814
20417794
20508721
24655228
27173008
27690046
27901963
27926967
27962017
28094275
29027196
29130493
29270046
29541566
29651289
29814981
29825006
29931219
29961795
30047860
30100746
30136276
30229260
30247087
30283038
30293873
30408764
30494226
30664623
31087126
31140147
31328671
31366725
31409774
31448506
31476828
31497209
31641561
31660678
31760437
31766278
31781162
32487050
32561562
32623471
32638739
32653535
32685060
33012343
33052341
33298365
33518559
33536016
33727460
33759822
33816330
33860932
34086656
34161684
34268940
34288861
34399004
34439726
34604280
34656089
34664661
34872165
35008493
35048208
35200684
35281374
35356466
35511010
35580368
35586471
35600123
35704433
35867886
35941718
36012803
36040285
36058595
36080478
36232693
36253880
36274227
36306109
36353300
36363484
36386885
36660866
37054012
37061663
37554994
37590878
37820613
38095687
38124017
38188975
38215952
38235281
38254966
38434979
38502299
38504120
38535689
38538968
38545455
38594007
38626186
38633785
38831363
38857377
39140353
39302563
39645605
40328496
40818502
40903138
40906047
40938940
41856164
42172132
42405041
42537305
42993963
43060808
43184223
43791882
43852715
44048320
44165505
44215481
44235508
44277401
44599867
44672607
45023377
45391268
45558296
45830718
45908079
46001613
46001729
46006290
46132779
46133173
46153013
46219823
46468475
46487027
46501547
46514375
46694091
46770543
46859543
46876370
47022912
47170560
47223195
47438544
