36413583
34268940
38215952
30136276
20310952
29931219
885936
38504120
30283038
34664661
33667720
33012343
40903138
46453821
1458875
38538968
954639
46424470
37321660
45184976
38957184
45298303
32444603
40479611
40818502
44459233
36521007
45494488
45467676
16072171
34176815
45738792
45718524
35586471
34903603
42162600
42742458
45587233
40328496
31534848
44007420
29191177
36995972
42584673
35322329
29106706
32004730
15231521
37061663
38095687
193832
45249359
29810412
15706969
40735688
44416407
45109725
45107850
45140431
44414834
35289124
30790382
34595388
44077883
44002493
15640419
43021651
45025690
44442114
36663285
29004482
45025557
36660866
45007394
27946325
41583566
2365508
35300210
289548
35192754
11118001
44129259
11967091
33263363
1634403
32552021
350737
1877530
31525614
37100183
31654607
33359260
16028388
34844519
33811255
20505799
1477035
34271915
44569023
33279450
11798
15583108
2631490
43686943
3140811
44782872
35580368
33142648
44696896
33015800
36161663
41591751
42056861
559985
35008493
44603311
44691951
44479855
16308229
20172814
42986642
7113861
35787021
37928042
40744182
34297224
42785967
36050
31172637
35191439
1172282
44588006
44128740
32948623
42177082
42592435
596167
37293273
37973784
44556185
44644910
8458681
44605212
33292729
10887981
44700394
33565098
44522108
31955431
