4
10
11
12
13
14
15
16
17
18
19
20
21
22
23
24
25
26
27
28
31
33
34
35
36
37
38
39
40
41
42
43
44
45
46
47
48
49
50
53
54
55
57
58
59
61
62
65
66
67
68
69
70
71
72
73
74
75
76
77
85
89
93
94
96
97
99
105
106
107
111
112
114
125
136
138
141
154
156
159
162
163
164
165
169
171
179
191
193
199
206
207
212
217
220
238
253
260
262
267
270
272
287
294
297
298
300
307
315
316
317
345
346
347
349
358
366
368
377
378
389
390
396
397
404
405
406
417
421
423
431
439
443
445
449
459
465
466
467
470
481
508
515
526
537
540
549
550
553
556
557
559
564
569
570
571
572
581
591
595
601
610
611
619
627
635
674
686
688
692
698
699
706
737
738
743
769
773
776
779
787
790
791
799
803
810
811
817
820
823
824
827
832
852
854
864
870
872
877
885
886
894
897
905
906
910
912
915
916
920
927
929
931
940
941
947
964
965
975
992
996
999
1002
1004
1009
1011
1028
1029
1048
1049
1057
1059
1063
1074
1735
3583
5054
7012
8877
9134
9267
10483
10520
10912
11670
11798
13255
13380
14190
14357
16229
17341
18101
18635
19065
19299
19412
19456
20662
22773
22800
23207
23455
25872
25916
26105
26625
26747
28137
29844
32666
33449
34530
36050
36859
37057
37102
39360
39663
40121
41510
41773
42102
42430
43344
43925
44458
44897
45026
46690
47244
47329
47470
47606
48302
48746
48909
49695
50293
50422
50802
50974
51905
52313
53111
53423
56267
57085
58238
58750
59111
61339
62523
62697
62966
63399
63856
63959
65062
65177
66665
68971
72064
72082
72849
73744
74955
75898
76245
76773
76934
77617
77900
78139
78422
79361
79724
81747
83166
83440
84265
84822
86171
86715
86720
88824
89883
90796
90839
93171
93248
93640
93825
94979
95476
96012
97287
99597
102354
102527
107218
108944
112155
112629
113401
113897
113973
117153
117520
117762
118123
119376
120594
121030
121936
122012
124821
125525
125889
128215
128693
128988
129329
129676
132010
132137
133969
134423
136170
136864
137713
137796
137898
139713
140644
141491
141745
141747
142017
144215
144453
144735
145144
147072
147825
147854
149574
149807
150185
150792
151503
151911
151922
153442
154333
154448
154501
155881
156376
157020
157910
161326
162897
165933
166380
166910
167705
168038
169492
173684
175310
175863
177215
180294
181052
182065
182881
185739
185778
185929
186974
188058
191083
191158
191777
192876
193253
194365
194641
195008
195104
196726
198897
202267
207896
208238
210233
215587
218232
218373
219392
221797
223069
226846
228216
228748
228867
230664
230737
232586
232634
233204
234231
236068
236628
236838
237161
237418
237544
240316
241777
242676
243019
245725
247770
249789
249796
249879
250055
251217
251548
252305
253305
253770
253940
255620
256048
256652
258630
260869
262103
262763
262979
265732
266915
267648
268274
268431
268813
269343
270227
273217
277351
277957
279202
282577
284409
285078
285500
286780
288258
289548
289554
290130
290745
291249
291688
292917
295151
295495
298617
298776
299776
300751
301013
301225
301506
302905
303456
306262
306442
306743
308176
308564
309048
309398
310165
310223
310368
310577
311048
311546
311770
313141
313488
313622
314202
315089
315870
316428
316744
316755
318023
318559
318699
319171
320736
321102
321868
322389
323494
324178
325973
326035
326419
326443
326477
326672
328024
328279
328368
328626
330617
330965
331561
333869
334373
335223
335288
335428
336159
336743
337687
338524
339390
340377
341071
341440
341587
341734
342128
342420
347700
347839
349648
350737
350779
351166
351192
352990
353044
353634
353988
354998
355980
356041
356912
357237
357736
357778
358689
358730
359395
360050
360298
360832
361367
362019
365557
368046
368373
370225
370435
370967
371501
371810
372677
372916
373149
374221
375193
377428
377897
378177
378358
378719
380141
380154
383404
383453
384629
385476
386840
388335
389059
390497
391593
393271
397814
399222
400322
401716
401743
403058
405070
405860
406610
407058
407385
407899
408654
409155
411880
412971
412994
413339
413470
413515
415638
416974
417887
418403
420401
420918
420967
421828
422025
422836
423468
423574
425231
425987
427248
427870
429187
429867
429966
432378
432625
433814
434321
434343
434713
436667
436913
437628
440114
442140
444762
446242
446529
448749
449062
449307
450619
452355
453308
454122
454944
455235
456957
457058
457130
460152
461027
461224
463157
463958
464249
464935
465071
465227
467773
468079
468122
469198
471863
473133
475723
475774
476092
477039
477637
477713
478455
478879
479143
479920
479987
480103
480139
480783
481063
481184
481564
482095
483945
484918
485069
485918
487215
487840
488295
489335
490152
491015
491751
491825
492370
492799
492864
496710
498278
499471
499787
500030
501277
502799
503215
504704
505735
506498
507693
507929
508099
508398
508938
511920
514018
514070
514744
514841
515777
516434
516765
519574
520355
520796
521519
522072
522670
522830
527068
528688
529334
529402
529883
530469
531655
537358
537838
538472
538842
539507
539937
540348
540446
541089
541508
541632
541786
544729
545149
545730
547999
548999
549119
549603
550327
552245
552328
553822
555836
555877
558281
559179
559985
560401
561436
561672
562124
562918
563284
563430
563972
564026
565791
567907
567957
569094
569950
569993
570506
571983
573099
573227
573243
579403
579467
581989
582124
584380
585327
585962
587558
587963
588088
588950
589698
590561
590798
591188
591264
592937
593524
593933
594405
594671
594787
595215
596167
596390
596531
597295
597881
599906
602298
602538
604329
604712
607939
608191
608698
611660
611709
612975
613087
614021
614988
615869
617132
617528
617637
617783
620403
620444
620691
621765
625677
627092
635944
638020
638378
639822
640522
640680
641304
641831
642091
644060
645654
646319
646396
650034
650445
651369
651530
652340
654118
656158
657627
657789
658145
659560
663682
663774
665923
670852
671721
672965
673130
673376
674538
674578
675424
675509
678156
682400
683601
684637
685223
686361
687191
687486
689838
689922
690071
692194
692576
694774
695500
695919
697526
699146
699702
704669
705803
705891
707239
707486
709123
710215
710382
711157
711894
712206
713558
713850
713883
718047
718097
720861
721767
723052
725453
725507
725834
725947
731740
731769
732302
733932
734394
734912
737660
737978
740752
743460
743884
744687
744855
746909
747359
747675
751677
752175
753758
754161
757117
757420
757429
757519
757599
758065
758455
761552
761978
763396
763504
764761
771064
771246
772143
772230
772947
773529
775272
776180
779777
780635
780771
781268
781926
784244
785764
787652
789336
790455
790656
792623
793208
793309
795992
801328
801473
802350
802659
802735
804000
805211
805382
806003
806722
808613
811437
811513
811974
813805
814974
815242
815918
817141
817669
819531
819604
819730
819872
821231
821428
822523
822983
825349
825833
826460
829794
830056
830845
831214
831528
831670
833009
833269
833575
833768
835603
837162
838244
838910
840597
841611
841977
842198
842663
842782
843392
844785
845178
848461
848844
851412
852015
852997
854283
854738
854982
857179
857558
859042
859357
862079
862599
864952
865392
865574
866939
868438
869561
870203
870479
872406
872501
874726
876534
877307
878179
879072
881352
884061
885936
886151
886367
886370
887116
887471
887712
888652
889807
891716
892387
892535
894383
894969
896060
898541
899089
899519
901862
902033
902501
902929
903018
904061
905099
905759
906380
907078
907173
908104
908146
908695
909569
912871
914041
914236
914715
915548
916233
916754
917026
917635
918454
918644
920716
921471
921500
922681
923538
928584
928632
929531
930146
930744
930790
934718
935495
937015
939946
941387
941656
941885
944337
944555
946080
947815
948301
950360
950759
951988
952584
953910
954477
954506
954586
954639
954799
962530
966443
966897
967091
967541
967610
968015
972837
975165
976580
976952
977729
978911
979013
982111
985567
986733
986804
988553
988912
989007
991182
993088
994253
995968
997522
998536
998957
1000103
1000408
1001713
1001945
1002214
1002532
1002557
1004384
1005614
1006048
1006095
1007550
1007746
1008005
1011821
1013108
1013720
1016428
1017514
1018173
1018295
1019388
1019786
1019880
1020055
1021190
1022228
1025280
1025695
1027101
1029377
1030937
1031453
1032946
1033468
1033820
1034583
1034763
1034870
1035403
1035820
1036937
1041067
1041663
1043300
1044072
1046410
1047432
1047560
1051286
1052687
1052718
1054091
1055861
1056962
1057810
1059294
1059773
1060608
1060662
1061540
1061777
1063057
1065391
1068008
1070510
1071516
1072075
1072650
1074794
1077104
1077553
1077666
1078084
1080527
1082526
1085145
1088081
1088210
1088416
1089016
1090624
1091953
1092136
1093526
1093826
1094077
1094090
1094725
1095055
1095655
1095896
1096416
1097728
1100217
1100421
1102115
1102550
1106908
1108159
1108551
1110563
1111936
1112708
1112852
1113421
1115011
1116296
1117022
1117124
1118079
1120639
1121205
1124668
1126892
1126984
1127355
1127451
1132623
1132949
1133145
1134203
1134513
1134642
1135097
1136020
1136444
1136495
1137769
1140447
1143517
1145319
1146169
1146459
1147277
1149124
1150366
1152603
1153038
1153054
1153944
1154875
1155347
1155437
1156223
1156417
1156449
1156452
1157476
1161063
1163674
1163954
1164393
1165998
1167248
1168694
1169153
1169333
1169386
1169395
1169531
1169568
1170393
1170875
1171095
1171155
1172282
1172857
1173247
1174125
1175641
1176411
1177082
1177316
1179102
1180120
1180900
1181507
1183268
1183427
1183471
1185389
1187165
1189545
1192292
1193922
1194427
1195523
1195626
1196504
1199053
1200306
1200907
1201332
1201621
1204170
1204764
1205431
1207492
1207725
1208243
1208290
1208410
1209529
1210236
1210730
1212515
1214763
1214792
1215755
1217645
1218945
1222244
1222804
1223992
1224345
1225331
1225514
1226740
1228236
1228511
1228529
1230123
1231898
1235208
1236224
1236459
1236698
1243368
1244511
1244977
1245684
1247208
1248698
1249215
1249292
1250749
1251541
1251955
1254215
1254280
1255404
1255710
1256153
1256255
1256667
1257678
1257735
1259826
1264966
1265249
1265587
1266829
1267690
1269184
1272753
1275523
1276631
1279321
1281687
1282456
1284048
1286504
1286661
1289194
1291615
1292300
1293750
1295513
1297994
1298334
1298648
1299557
1301533
1303435
1304113
1305319
1306115
1307225
1307679
1308099
1308337
1308611
1310000
1310332
1310439
1313037
1313728
1314403
1314451
1315436
1316314
1317632
1320516
1320791
1322549
1324906
1325769
1326291
1329218
1331109
1331412
1332384
1332975
1333083
1333561
1334955
1335045
1336423
1338095
1339787
1339939
1339967
1341003
1341149
1343436
1343604
1346216
1346677
1347657
1349101
1350095
1350436
1350444
1351537
1351980
1352478
1354597
1354986
1357077
1357561
1359829
1363892
1364487
1364938
1365886
1366361
1367208
1368322
1368810
1369502
1370381
1371503
1373118
1375382
1375404
1376234
1380144
1380427
1382548
1383726
1385151
1386294
1388397
1389071
1390081
1390991
1392661
1393684
1397526
1397545
1397686
1397805
1398529
1398923
1400546
1401013
1401145
1402570
1402949
1403021
1403687
1406545
1407722
1409349
1409722
1410170
1411376
1412537
1413120
1413680
1416432
1420444
1425655
1426151
1427130
1430045
1431636
1432869
1433867
1434161
1435856
1437402
1437475
1440338
1442700
1443088
1443982
1445832
1446315
1447995
1448147
1449130
1449630
1450237
1450341
1450964
1451679
1451909
1452996
1458835
1459572
1460367
1461746
1462015
1466829
1467268
1468432
1468439
1470683
1470788
1471513
1471893
1472628
1473375
1473720
1474421
1475448
1475778
1477035
1478550
1479957
1481369
1481942
1484501
1485108
1485320
1485505
1487762
1488056
1489082
1489115
1492302
1493839
1494138
1495148
1496505
1497030
1499188
1499307
1502349
1502356
1502600
1503461
1504814
1504998
1505047
1505251
1506629
1507511
1508454
1509704
1510655
1510810
1511330
1512999
1515190
1516280
1517084
1518211
1519617
1519893
1520782
1521264
1522808
1524306
1525891
1527523
1534367
1534380
1535900
1536026
1537283
1537298
1537601
1537768
1537864
1538897
1539533
1539891
1541623
1542744
1543189
1546084
1548687
1549534
1549960
1550028
1550502
1557713
1559560
1560269
1561952
1561981
1562388
1562665
1562952
1563881
1564659
1564688
1565040
1565285
1565687
1566428
1566809
1567171
1571432
1571790
1571867
1572110
1573031
1573474
1574834
1575779
1577870
1578159
1579038
1579047
1579133
1579424
1580705
1582540
1584313
1584551
1585347
1587865
1589060
1589277
1589279
1590067
1590101
1592207
1593564
1594950
1596987
1599792
1600007
1600110
1600243
1602961
1604359
1605032
1605053
1607765
1607917
1608224
1609374
1610813
1612046
1613318
1615461
1618439
1619557
1619580
1619907
1621375
1621709
1623319
1625030
1626848
1627427
1628172
1628317
1628437
1630966
1632393
1634403
1636247
1638457
1639228
1642155
1642310
1645539
1647870
1648258
1648406
1651545
1651914
1653140
1656182
1656484
1657358
1659314
1660111
1660808
1661333
1661700
1661762
1662024
1662332
1662619
1662887
1663103
1663250
1664251
1667237
1669502
1671907
1672026
1672276
1672546
1673149
1674466
1677531
1677777
1677987
1679010
1680354
1682811
1683183
1683427
1684825
1686155
1686524
1687227
1688338
1688622
1691578
1692227
1692289
1695348
1695629
1695917
1696071
1696371
1697345
1700916
1701337
1701381
1705031
1706767
1707839
1708204
1708423
1708792
1709978
1710173
1711920
1713850
1716546
1716621
1716742
1718564
1720131
1720757
1720935
1723326
1724565
1725046
1725275
1727590
1727794
1727824
1727911
1729671
1730025
1730685
1730799
1734019
1734259
1738997
1741663
1741979
1749855
1751121
1755163
1755395
1756363
1761167
1765415
1769633
1774953
1781157
1781743
1784249
1784641
1784927
1785505
1786143
1788769
1789803
1790349
1790613
1794175
1795591
1796237
1797635
1803125
1805535
1805579
1807735
1810665
1812889
1816419
1816685
1816687
1817377
1818133
1823053
1826429
1827236
1827450
1831164
1843608
1847596
1849364
1849402
1850886
1851914
1857240
1859874
1861202
1863114
1865854
1869232
1870502
1871210
1873394
1873720
1874836
1875182
1877530
1880966
1882768
1885586
1885870
1887414
1889132
1889934
1891506
1892260
1893296
1893312
1895100
1895246
1898930
1899134
1901316
1903292
1904670
1906826
1906994
1909080
1910430
1913306
1917900
1920280
1923328
1924516
1925036
1928766
1932870
1933250
1934362
1939158
1942238
1944874
1945124
1948106
1951618
1952070
1955214
1957642
1959252
1959860
1960400
1961622
1962364
1962986
1964228
1964526
1966870
1971418
1972562
1975098
1977790
1980544
1981524
1989056
1993096
1993354
1994680
2001590
2002880
2003798
2009368
2010020
2013306
2015590
2015776
2018314
2021770
2022582
2023776
2024144
2026504
2029550
2029812
2029918
2030918
2031212
2033322
2033960
2035512
2037306
2037332
2038076
2041152
2041258
2043228
2044570
2045124
2045478
2045684
2049592
2050286
2053748
2056402
2056794
2057776
2057894
2064932
2065158
2065638
2071540
2073554
2074548
2076982
2078778
2082128
2084372
2084692
2088360
2089848
2090184
2091054
2092816
2098212
2098570
2104524
2106310
2107694
2109812
2116326
2118918
2120656
2121622
2124304
2128570
2130258
2136786
2137878
2138112
2140110
2141954
2142626
2142876
2143966
2144614
2145458
2145530
2149464
2149848
2151322
2151646
2152462
2153190
2155662
2157282
2158958
2160688
2163636
2165670
2166854
2170546
2172164
2174414
2174664
2175654
2175660
2178078
2180884
2182600
2183326
2183848
2186240
2186258
2188316
2196880
2197774
2204776
2205112
2209130
2209820
2212216
2215016
2219624
2225780
2227096
2228240
2229668
2230652
2231046
2234476
2236518
2238228
2238490
2238660
2239650
2242494
2245438
2245614
2245678
2246488
2249352
2251218
2252198
2257306
2257724
2257932
2262056
2262378
2263350
2265316
2267854
2268682
2268970
2269744
2270812
2272162
2273796
2274000
2275630
2277928
2279658
2280808
2281866
2285330
2286800
2288902
2290292
2291928
2293556
2293648
2295436
2298326
2301316
2302726
2303488
2309004
2309080
2312682
2314338
2315786
2316080
2317446
2321518
2324744
2326146
2326578
2330372
2332348
2332404
2333808
2334606
2337668
2339680
2341786
2349216
2350152
2350506
2351330
2356556
2357054
2364434
2365508
2366960
2371444
2373998
2374078
2374278
2376614
2379176
2380876
2382860
2382918
2383356
2384362
2385310
2389568
2393970
2394508
2395034
2397564
2400716
2400736
2404746
2406592
2407374
2408716
2416334
2418058
2418850
2418980
2421214
2421940
2424380
2424922
2430016
2431950
2434206
2438036
2447506
2450842
2451336
2452286
2456150
2456692
2457130
2457274
2459034
2459406
2464152
2465208
2468006
2468932
2474102
2474340
2474458
2478080
2478618
2482814
2488200
2491948
2492870
2494302
2495426
2495956
2497824
2505654
2508696
2514396
2515120
2521114
2521274
2525096
2526536
2528870
2531934
2531996
2534114
2534908
2538938
2540084
2540798
2548510
2550436
2555028
2555546
2555890
2558392
2558872
2560106
2564770
2566714
2567778
2568432
2570456
2571472
2572946
2574908
2581118
2581328
2584540
2585450
2589348
2589504
2590960
2591804
2600676
2600870
2603098
2604976
2611238
2614942
2616396
2618508
2620788
2621222
2623052
2627028
2630504
2631490
2632766
2636336
2637594
2639552
2641458
2644236
2645506
2648570
2651942
2653826
2656190
2658038
2660376
2661640
2662136
2663082
2663722
2664712
2665106
2666072
2675052
2676056
2677554
2678566
2679824
2683016
2684172
2684626
2685080
2686198
2689610
2694846
2698598
2698706
2704114
2707220
2707254
2707502
2709116
2710130
2710664
2710980
2713774
2713992
2714846
2715074
2715148
2716774
2720524
2720886
2721352
2721996
2722246
2722854
2723410
2723622
2724988
2724992
2728334
2729330
2735382
2736404
2738540
2740682
2744810
2756024
2757018
2757554
2763138
2771294
2773120
2773408
2777454
2777970
2779390
2781112
2781454
2782366
2783196
2783282
2784950
2784974
2785044
2785918
2787286
2790264
2790348
2791204
2795598
2796400
2798142
2800924
2804690
2810454
2810584
2811256
2812272
2815434
2815594
2816076
2816342
2820238
2822884
2825260
2825932
2827104
2827480
2831258
2831388
2831626
2833380
2833560
2834332
2835074
2836434
2838498
2840952
2843402
2843486
2845120
2846122
2847770
2848546
2850878
2851030
2851182
2852112
2853234
2854378
2854614
2854654
2855444
2858616
2859992
2860116
2861564
2864498
2868238
2871618
2873236
2873312
2877096
2884918
2888858
2889014
2890414
2893986
2894782
2895802
2896550
2896748
2899692
2901828
2902212
2908076
2909126
2912096
2914464
2920036
2920504
2934356
2935842
2940804
2942492
2943264
2943766
2944724
2945202
2945482
2946524
2949472
2953366
2955500
2956808
2960244
2960912
2961278
2961922
2963162
2965132
2967690
2968418
2968688
2969690
2980110
2980538
2981972
2983182
2988830
2992018
2992796
2993250
2993962
2995484
2997012
3001406
3007474
3008740
3009204
3014848
3016289
3016297
3017434
3017685
3017839
3019044
3019142
3020399
3022003
3024310
3024929
3025051
3025588
3025749
3025954
3026877
3028447
3028530
3030090
3030417
3030562
3030695
3030902
3030994
3032431
3032908
3033264
3033334
3034532
3038514
3039342
3041085
3041097
3043392
3044312
3046862
3047909
3049907
3050151
3050157
3050754
3052020
3055894
3055998
3056320
3056675
3057397
3057643
3057703
3059230
3060345
3060727
3061918
3062417
3063756
3064384
3064390
3065870
3067014
3067517
3069435
3070794
3071062
3075476
3076070
3076087
3077324
3077971
3078422
3081600
3084278
3085559
3085754
3088327
3088732
3089224
3093114
3094393
3095324
3095369
3096085
3098020
3099132
3101490
3102327
3103208
3105081
3105327
3107021
3109509
3110392
3111846
3113519
3113905
3114038
3114230
3114646
3115380
3115912
3119371
3119605
3120092
3120859
3122234
3123349
3124052
3124940
3126954
3134148
3136214
3140811
3141431
3142539
3142613
3142728
3143510
3146774
3148645
3151317
3153411
3153572
3156019
3157764
3159716
3160407
3160979
3163170
3168506
3168700
3168759
3170300
3172294
3172424
3172664
3174008
3178636
3178880
3183343
3183621
3183705
3184993
3185736
3186087
3187173
3188240
3188854
3188920
3190401
3190499
3191863
3192038
3192165
3194011
3198517
3198933
3199496
3199793
3200120
3201994
3203404
3205050
3206424
3210452
3210475
3212051
3212248
3215542
3219026
3219308
3220506
3220985
3222797
3223025
3223238
3226204
3226941
3227140
3228829
3228871
3231996
3232937
3233290
3234529
3235303
3235457
3236402
3236884
3237516
3237581
3238834
3239187
3239316
3239329
3309341
3352771
3363801
3380781
3384141
3389051
3403681
3406561
3407761
3411401
3421821
3425621
3427071
3430241
3430751
3431801
3442121
3472921
3487091
3494271
3505851
3526661
3536441
3561131
3562011
3566071
3568701
3578721
3588611
3659291
3664281
3665721
3670151
3690841
3726791
3744321
3783551
3800501
3814771
3817921
3823561
3828371
3845721
3846811
3868731
3880761
3899521
3905901
3912951
3931101
3935931
3946151
3969731
3970211
3986871
3989901
4003951
4020761
4034881
4045281
4064611
4096911
4098391
4100271
4115131
4123741
4126301
4132931
4134501
4134991
4147401
4171421
4178041
4180231
4192791
4201171
4215241
4223511
4232141
4255031
4273841
4273931
4300921
4319221
4319251
4327981
4355891
4371741
4386541
4408201
4409291
4412651
4416791
4432191
4442811
4445221
4487781
4492701
4531221
4575811
4603321
4605101
4628881
4649721
4673681
4688211
4694251
4696141
4704611
4730761
4745831
4768471
4787421
4803181
4827411
4873751
4904791
4956101
4981411
4983091
4990051
4992671
4993381
5033861
5045391
5046121
5048441
5060171
5074891
5129021
5133701
5135451
5143021
5145121
5154081
5205601
5213021
5275891
5278681
5287711
5313031
5316611
5321391
5331841
5352251
5416941
5438181
5448551
5460651
5484961
5488181
5505101
5517731
5538311
5580171
5593911
5617901
5632591
5658921
5677571
5731651
5733021
5742861
5751241
5788211
5797771
5815311
5822501
5836331
5847201
5879751
5889031
5901521
5921361
5934151
5966451
5981211
5993151
6002901
6009441
6029801
6085781
6087591
6099121
6140641
6162341
6166441
6189471
6193441
6202381
6207401
6221251
6226011
6235281
6243431
6245251
6286601
6291501
6299361
6314531
6317141
6318731
6328601
6350101
6355641
6370871
6372401
6373591
6422281
6438181
6447201
6455781
6467761
6490561
6499981
6506101
6529121
6535071
6540951
6569771
6571511
6580881
6586301
6596861
6603541
6604351
6646161
6647601
6654481
6679321
6698311
6710611
6745951
6754291
6763021
6769701
6772891
6781141
6792881
6796441
6801871
6823931
6829511
6833411
6864111
6864881
6865391
6866111
6867061
6893681
6894451
6906571
6935141
6947111
7011261
7011431
7072601
7081891
7092521
7113861
7115281
7118951
7128081
7134721
7154901
7158451
7166211
7184771
7192801
7220461
7263661
7273571
7281691
7290861
7294161
7303881
7314191
7330061
7360151
7363961
7373991
7379461
7388331
7406441
7414281
7451101
7456411
7478351
7507931
7532751
7540461
7551601
7552111
7568291
7582061
7620071
7627121
7636721
7654501
7659891
7676931
7704701
7708711
7726311
7733001
7734981
7764571
7768841
7778531
7784011
7821731
7840911
7853871
7859441
7863041
7868361
7868791
7879801
7908231
7910761
7916571
7920651
7961181
7985671
8000711
8018361
8020801
8030301
8031081
8040491
8040861
8041301
8046881
8048251
8062781
8068871
8081931
8089021
8124661
8131411
8132561
8135291
8153821
8173141
8176021
8182321
8188801
8220441
8243761
8246851
8283141
8305961
8307341
8310561
8329381
8331371
8334821
8355201
8364271
8390941
8410561
8425811
8431361
8435681
8458681
8507311
8507811
8530541
8577901
8580301
8593571
8604821
8620841
8641831
8654851
8660211
8668301
8678971
8690351
8697461
8741881
8768181
8769861
8782501
8789621
8801351
8804651
8806041
8809731
8862811
8871361
8878971
8892541
8896231
8956761
8960031
8987171
9005681
9006571
9035721
9036491
9063161
9090301
9099451
9110641
9117261
9119471
9158771
9213121
9273241
9276781
9284671
9285551
9306301
9321931
9328951
9333001
9347671
9358531
9385221
9392901
9404311
9410311
9417571
9443021
9486891
9504571
9565421
9578331
9602621
9605031
9605301
9624671
9632211
9634281
9663681
9670011
9681821
9699051
9760631
9769361
9826951
9830021
9855451
9897431
9914641
9945651
9948181
9961841
9965971
10002691
10021891
10046691
10048451
10052671
10059561
10072771
10076641
10148381
10148881
10154631
10171741
10195431
10256221
10266741
10267521
10269041
10274901
10298341
10308001
10309371
10309931
10311951
10313901
10375721
10400551
10400591
10441301
10512181
10529761
10559921
10568991
10583241
10585491
10605261
10646341
10651501
10668511
10671381
10684671
10694991
10700561
10706731
10711851
10728201
10729131
10737631
10747821
10749911
10778991
10788931
10794301
10805751
10814411
10927651
10929261
10939721
10950551
10988401
10994851
11004781
11022591
11084571
11088051
11092161
11096711
11111411
11118001
11183001
11221671
11229861
11260831
11277471
11287201
11300311
11304551
11332431
11344851
11345741
11367181
11390321
11406731
11440241
11507611
11531471
11535031
11536171
11553101
11557451
11561201
11577541
11604601
11614111
11621411
11641381
11646741
11743421
11744331
11753871
11770851
11814541
11829551
11839921
11881381
11885331
11922801
11924551
11932651
11934341
11950821
11967091
12007501
12012471
12012671
12028371
12038821
12064581
12096961
12111721
12128141
12180721
12204791
12222701
12240531
12242591
12245201
12248351
12278231
12279811
12298781
12339601
12342411
12374211
12377541
12386691
12397441
12423781
12431291
12433931
12440481
12441941
12467511
12471591
12471661
12478751
12536931
12545151
12546361
12591511
12597381
12602551
12656501
12660501
12660841
12711541
12711681
12711881
12731031
12783121
12817411
12844151
13584221
13653781
13696411
13701591
13741421
13742911
13770151
13772661
13775221
13797691
13807361
13825821
13912721
13935221
13947131
13959421
13961201
13981871
13999431
14000441
14005901
14026241
14028151
14030851
14046131
14063761
14072271
14085291
14091331
14094211
14107781
14126761
14147091
14158371
14185931
14220091
14261141
14275261
14317671
14341931
14350631
14380361
14382921
14392951
14436431
14449321
14496021
14496961
14500611
14503411
14505171
14516151
14522191
14528311
14536831
14596871
14626361
14633131
14634791
14639951
14651811
14658981
14688721
14690121
14705631
14731311
14740681
14769831
14771181
14774231
14788301
14864301
14881391
14891711
14923481
14930541
14938371
14950211
14992991
15035071
15046851
15063711
15079991
15099071
15102371
15108091
15137361
15176851
15210511
15231521
15232881
15335371
15336371
15349881
15386791
15407291
15418981
15420311
15459021
15462051
15482841
15517331
15525451
15536480
15538457
15538894
15539112
15542713
15543377
15550396
15551522
15557473
15558219
15559884
15566642
15568669
15569913
15570011
15571801
15574869
15577032
15578934
15581377
15582766
15583108
15584145
15587234
15590438
15594760
15594926
15596225
15598119
15598604
15600969
15601971
15602270
15602343
15603152
15609793
15610035
15611293
15611881
15623990
15624151
15626112
15626380
15626760
15631017
15634959
15636139
15640419
15640799
15642790
15652350
15652765
15652776
15657732
15660477
15664203
15665385
15665668
15669026
15671315
15672861
15674567
15675751
15680478
15681766
15683839
15684085
15684492
15684932
15685351
15689438
15692059
15692825
15694270
15695904
15698544
15701011
15701888
15703768
15705396
15706969
15707110
15707737
15709420
15710218
15710410
15712337
15716481
15717800
15718009
15720647
15721376
15721556
15721664
15722305
15722471
15724439
15724838
15725887
15726255
15726649
15727534
15729245
15729279
15729482
15733195
15733201
15735168
15735990
15736127
15736324
15738598
15739304
15741138
15742318
15742829
15744715
15744892
15745048
15745592
15751396
15752220
15754928
15758443
15760601
15762023
15763159
15764613
15769497
15776167
15776829
15782834
15783943
15785160
15787984
15789805
15794652
15794711
15795455
15795597
15796153
15797480
15797557
15798781
15799268
15799621
15801008
15801812
15803166
15804200
15806356
15809477
15809890
15811046
15812064
15814053
15814942
15815877
15816217
15821271
15822783
15824591
15826393
15828281
15829029
15829710
15829823
15837069
15837595
15838692
15839074
15839121
15839635
15840028
15840808
15842297
15843165
15862074
15907190
15936338
15937174
15938450
15962880
15963179
15964309
15967059
15972138
15972960
15972982
15974211
15980507
15984702
15985096
15985379
15986490
15988020
15988263
15988498
15990622
15991012
15992724
15992852
15992904
15996005
15996864
15997048
15997185
15997215
16002278
16003233
16004390
16005986
16008265
16012710
16014311
16017645
16017694
16019253
16020567
16021705
16024259
16027022
16028388
16030160
16031067
16031116
16031174
16032828
16033322
16035161
16035743
16036066
16037073
16039001
16048012
16049071
16050617
16054127
16055666
16058164
16058992
16059810
16060131
16060835
16060886
16067006
16067126
16068579
16072171
16073157
16073677
16074236
16075111
16075566
16075819
16076600
16080559
16083568
16083992
16084020
16085864
16086413
16088020
16088218
16089037
16091343
16093972
16094123
16095809
16096191
16096481
16096515
16098215
16099145
16099995
16101243
16102537
16103358
16103773
16104039
16104208
16106547
16107040
16110003
16110120
16110742
16113739
16114679
16115449
16115955
16116864
16117522
16118712
16119236
16119418
16119574
16120323
16126190
16126486
16127809
16130666
16131003
16131444
16133582
16134122
16136626
16137460
16141495
16141911
16146092
16147721
16150578
16152196
16154362
16157959
16158111
16158500
16166620
16167469
16168205
16168861
16169343
16169562
16169698
16172431
16174613
16180541
16182205
16184652
16187074
16189200
16193019
16194917
16195407
16195539
16195604
16196176
16198106
16198621
16205739
16205806
16206838
16207429
16210973
16214943
16215672
16215782
16217181
16218297
16218536
16219650
16224097
16225253
16229672
16229715
16230026
16231491
16232743
16233757
16252966
16255210
16257463
16266781
16273870
16276933
16281223
16283743
16283896
16285309
16301122
16304542
16308229
16311931
16312741
16323601
16330048
16331641
16337185
16347181
16349470
16353691
16360258
16364221
16366282
16369510
16370005
16373920
16381924
16389685
16394092
16404949
16411936
16420069
16424818
16425502
16430257
16432171
16434682
16434997
16437094
16444381
16445740
16450216
16457329
16461367
16464154
16467574
16468306
16468786
16469824
16470088
16470988
16477750
16478077
16478644
16488277
16498372
16499668
16500814
16504114
16507309
16509976
16525237
16526119
16546438
16547674
16548613
16551967
16566688
16569283
16570960
16586800
16591063
16602835
16608625
16611424
16629436
16642348
16652077
16652080
16655590
16666969
16675072
16676209
16680160
16681006
16686505
16687039
16692985
16693084
16697587
16710268
16713910
16716982
16723420
16727800
16733167
16736059
16741120
16742908
16749982
16751152
16752724
16753546
16753939
16755259
16755601
16764574
16772128
16777879
16780420
16781680
16788367
16791529
16792237
16798735
16808263
16980046
17210692
17782450
17966551
17987896
18032854
18081883
18720697
18785815
18875155
19031914
19255159
19759069
19957750
20013082
20114968
20150803
20163121
20163223
20166991
20169121
20172814
20173210
20177806
20178997
20181019
20181448
20183092
20197342
20201428
20212831
20213083
20217598
20244205
20244988
20263771
20264869
20269321
20271358
20272939
20273317
20279782
20298589
20305594
20310952
20310955
20312071
20313526
20314600
20322700
20329657
20330182
20331820
20342038
20342908
20345905
20347216
20358709
20359411
20362474
20366986
20374432
20374537
20390872
20391589
20402389
20410096
20411878
20412073
20416126
20426323
20430703
20435623
20436838
20445235
20445427
20447113
20448532
20449939
20478610
20482519
20484526
20487505
20487895
20493133
20493409
20495878
20501644
20502685
20503372
20505799
20506339
20508721
20523502
20529232
20531353
20534302
20539633
20555602
20558962
20564065
20565712
20572219
20574376
20575849
20659839
20724031
20810700
20855303
21227287
21290860
21379956
21441365
21453563
21457542
21463242
21484664
21641287
21646553
21737547
21859725
21900021
21910489
22031858
22242426
22268985
22410569
22427161
22457687
22464371
22620945
22647238
22693006
22700512
22798071
22814620
22870373
22947237
23062501
23163521
23179751
23246593
23297986
23491408
23602631
23611534
23650846
23695829
23706801
23731171
23964537
23990212
24009682
24059182
24142218
24148170
24199387
24232080
24234548
24252121
24257583
24270086
24281495
24294931
24308066
24328290
24328586
24339244
24387080
24397137
24404997
24451259
24459798
24510306
24522829
24524806
24565675
24577572
24655228
24694309
24720734
24728100
24728183
24817960
24868847
24920900
24928110
24958609
24980800
25002804
25016445
25086164
25086175
25155050
25162422
25172549
25601947
27010579
27024007
27035578
27038161
27040234
27057838
27064408
27078529
27080734
27089110
27092449
27093694
27098080
27103804
27107023
27108412
27109402
27110182
27110887
27119470
27120823
27122866
27128392
27128602
27138115
27140497
27155863
27156520
27157114
27158524
27175597
27180949
27181375
27183814
27191155
27191794
27196954
27200248
27201106
27203086
27206116
27233215
27236557
27239512
27243754
27246763
27246961
27253336
27253423
27255592
27259183
27262423
27263884
27264499
27267088
27275434
27278854
27287932
27290266
27294685
27299365
27304948
27319069
27320473
27324685
27332995
27335281
27345964
27351742
27352255
27356590
27357460
27360502
27360718
27364207
27364744
27373033
27377800
27379201
27380221
27392644
27395272
27397792
27404740
27404749
27408091
27421045
27424336
27429268
27433246
27448081
27448792
27449548
27452803
27453715
27455299
27457615
27461689
27461950
27468427
27470365
27470785
27472243
27476272
27476845
27486112
27489025
27502099
27504061
27507784
27507997
27508093
27510868
27512458
27513193
27527125
27527992
27534244
27544747
27547009
27547765
27548371
27548944
27550213
27552721
27552883
27554317
27562855
27564673
27569194
27570205
27571438
27573859
27581353
27583219
27583600
27584896
27589270
27590923
27590932
27612961
27616618
27625318
27625771
27629623
27633784
27639841
27644647
27645211
27646777
27647089
27653518
27657226
27660313
27678379
27679414
27682357
27683320
27693565
27705658
27706267
27706711
27707434
27715426
27717268
27718732
27719479
27727222
27733300
27734290
27750553
27750856
27753742
27764383
27765025
27766543
27784066
27789274
27796492
27799507
27799810
27802369
27802972
27807550
27813769
27817105
27818857
27820279
27820498
27821617
27823021
27825415
27830455
27831985
27832642
27832783
27845707
27851275
27861880
27869484
27871006
27871383
27874223
27876262
27878605
27880359
27881114
27882296
27884371
27884465
27887242
27888568
27889350
27891432
27899351
27901078
27903371
27908659
27914683
27915743
27915937
27921269
27925053
27925519
27927095
27928491
27934473
27940960
27942267
27944560
27950664
27952265
27953302
27956656
27958300
27959852
27960976
27962017
27962264
27962282
27963076
27963261
27964549
27965453
27966128
27967094
27967110
27967471
27969029
27969782
27970421
28022315
28094275
28138697
28174596
29002891
29003333
29003392
29004167
29004482
29004600
29005272
29007874
29009065
29009115
29012946
29015182
29015623
29015921
29016187
29018221
29018465
29019936
29027196
29027299
29029999
29031358
29031983
29037646
29039798
29044116
29044493
29047508
29047613
29048773
29053008
29053884
29055069
29055467
29055640
29058274
29058998
29061655
29065021
29068855
29071738
29071926
29072050
29074813
29076186
29076414
29077421
29079940
29081561
29082263
29083128
29089101
29089697
29089792
29094601
29096182
29097157
29097575
29099199
29099432
29099824
29102116
29105957
29106658
29106706
29108233
29122948
29127118
29129925
29131195
29131494
29135082
29137391
29142480
29143388
29144151
29145300
29145955
29148650
29151145
29151505
29153220
29153283
29154364
29155833
29157047
29157602
29158526
29159283
29161484
29162618
29164831
29165738
29171689
29173895
29174536
29175841
29177743
29179492
29182947
29188310
29190583
29191474
29191617
29192125
29192923
29194948
29195578
29198029
29209923
29209971
29210845
29216480
29216657
29218730
29220264
29220600
29221155
29223785
29224828
29224987
29226304
29231793
29231809
29233692
29241140
29241296
29244914
29246880
29249550
29250137
29250206
29250796
29251755
29252926
29252948
29257664
29257842
29259413
29260744
29262204
29263308
29264552
29265674
29266332
29266515
29267027
29268144
29278104
29278921
29280587
29287180
29288257
29290019
29290600
29292792
29293579
29298835
29302068
29306649
29307307
29307323
29307419
29310726
29311179
29311548
29316968
29317545
29317550
29318444
29318698
29319200
29320901
29324312
29326936
29327353
29327354
29330170
29330355
29331714
29333654
29388434
29414451
29501114
29501421
29501552
29503023
29503502
29511020
29511895
29512837
29513217
29513431
29515679
29522105
29523622
29524450
29526947
29533560
29534878
29538311
29540625
29541566
29545894
29553834
29554701
29554791
29555092
29557618
29559288
29561676
29561725
29562754
29564986
29565377
29570863
29572773
29572803
29574359
29574555
29576259
29576822
29576934
29577771
29578582
29580977
29581080
29583888
29584060
29584243
29584289
29584654
29585315
29587128
29589003
29589362
29592922
29594526
29596511
29596522
29596609
29599869
29602729
29606448
29609324
29610461
29614340
29614488
29616322
29621512
29621956
29622686
29624148
29631843
29632585
29636833
29637740
29638879
29640031
29640482
29641081
29644381
29645455
29645724
29649316
29650066
29653756
29657618
29662295
29663232
29663894
29665000
29666182
29669649
29670484
29670537
29719307
29752943
29753835
29755139
29777439
29777884
29779682
29785974
29786748
29787255
29790706
29793560
29794300
29794598
29797490
29798958
29803778
29804021
29809953
29810412
29810817
29813854
29815920
29821442
29822237
29831504
29832069
29833362
29833472
29845179
29870936
29876391
29882106
29887812
29887929
29889317
29889801
29896971
29902611
29913494
29923884
29925408
29928866
29928965
29931219
29933752
29941809
29943066
29966206
29968196
29968896
29969839
29974671
29976376
29991367
29991438
29994312
30000191
30004095
30004405
30007773
30008136
30010836
30011520
30025562
30025610
30026118
30054388
30063280
30075476
30075524
30079195
30081740
30084213
30085165
30094911
30100405
30101195
30106313
30110538
30117473
30118060
30122240
30123282
30135960
30136276
30137038
30138982
30140934
30148143
30149526
30150332
30151239
30152636
30161279
30162697
30163040
30167634
30168925
30171534
30171681
30175088
30177003
30194730
30204857
30206340
30220183
30229260
30239402
30244033
30245223
30245241
30247819
30248927
30250183
30251532
30254150
30254222
30262906
30266802
30279439
30281112
30282511
30283038
30285921
30286055
30289378
30289612
30291452
30293873
30306747
30307683
30307841
30308657
30314130
30317077
30330786
30333472
30336008
30336712
30348316
30351088
30365927
30366532
30369218
30377356
30388577
30388753
30392498
30397677
30398408
30408425
30410782
30411115
30412252
30412648
30416368
30417170
30418201
30426544
30426898
30430820
30431450
30431506
30439180
30440362
30444363
30454219
30457771
30464981
30467556
30472971
30478591
30479474
30479845
30481865
30483110
30490857
30491203
30491627
30495123
30498899
30507463
30509714
30514259
30518547
30524515
30526732
30527052
30529092
30532647
30534608
30537304
30537491
30539384
30539457
30547307
30548901
30551173
30551620
30551638
30553957
30555889
30558185
30558604
30565901
30567215
30570738
30570802
30570995
30580853
30592746
30595443
30596458
30598606
30610778
30614743
30615930
30619106
30620221
30621117
30629094
30630871
30639903
30644775
30650361
30651773
30653674
30653760
30656932
30663807
30664623
30664787
30665322
30667386
30671791
30679153
30679209
30679721
30681090
30682077
30686442
30689179
30692628
30692888
30693515
30693940
30696473
30699685
30704282
30711936
30712294
30717800
30721492
30726603
30730767
30733303
30735707
30736222
30736330
30736887
30739720
30740043
30745723
30746552
30748911
30750705
30764203
30766628
30767096
30767445
30774565
30776898
30787053
30787405
30789540
30790382
30793280
30796255
30803818
30804406
30805858
30809026
30813159
30813280
30815958
30819324
30821373
30828256
30832553
30835196
30849113
30849241
30849955
30854756
30855153
30860071
30861356
30866296
30870210
30873380
30883618
30884061
30892621
30896737
30897704
30897799
30899853
30903005
30903420
30914108
30914879
30915299
30917191
30920027
30934182
30935166
30948944
30949407
30955769
30959101
30959857
30960123
30960535
30976258
30976513
30979618
30984761
30994912
30998571
31001992
31005008
31007302
31008489
31009760
31010578
31010995
31019806
31020335
31020841
31027722
31029021
31030137
31030722
31032137
31036852
31041382
31049200
31053012
31056901
31059146
31060563
