4
10
11
12
13
14
15
16
17
18
19
20
21
22
23
24
25
26
27
28
30
31
32
33
34
35
36
37
38
39
40
41
42
43
44
45
46
47
48
49
50
51
52
53
54
55
57
58
59
60
61
62
63
64
65
66
67
68
69
70
71
72
73
74
75
76
77
85
89
90
93
94
96
97
99
105
106
107
111
112
114
136
138
141
154
156
159
162
163
164
165
169
171
179
191
193
199
212
217
220
238
260
262
267
270
272
287
300
307
315
316
317
345
347
349
358
366
368
377
378
389
396
397
404
406
417
423
439
443
449
465
466
470
481
508
540
549
550
553
556
569
570
572
581
595
610
611
627
688
692
698
699
737
738
769
776
779
790
791
799
810
817
823
824
827
832
850
852
854
864
870
877
897
905
916
920
927
929
931
941
947
965
992
999
1004
1011
1048
1063
1094
1111
1564
1608
1983
3263
3288
4855
5425
5793
5807
5844
6214
6289
6719
6910
7012
7028
7033
7078
7627
8166
8242
8412
8438
8519
8626
8637
8877
8885
9058
9701
10094
10487
10520
11161
11295
11670
11798
13132
13255
13446
14190
14357
15414
16079
17341
18128
18635
18698
19412
19456
20662
21372
21672
23139
23455
24978
25872
26105
27873
28137
29844
30983
31364
31620
31744
33449
36050
36859
37096
38421
38499
39360
39494
39743
41773
42280
42430
44218
45026
47329
48471
48746
48909
49956
50293
50422
50497
50802
51268
51607
52313
53111
56059
59395
60216
62697
65062
67789
69350
74778
79361
86720
93248
94979
96012
96567
96703
100613
104222
113897
113973
117520
119376
121936
123022
141659
141708
141745
143563
144055
144453
144676
149070
149850
150765
153329
153827
154448
155035
155881
157250
157357
161326
161554
162832
164540
165933
166144
167705
168038
169492
180294
184938
185739
190795
194365
207359
214384
239964
242914
253770
269726
276167
278193
281384
288258
288542
290460
301009
301201
309398
310368
311546
312476
315101
316401
317600
325973
331561
332862
339378
341777
347700
349145
351192
352990
360648
368373
371501
380141
380154
406857
412971
417658
425862
427958
437648
446146
449062
457130
461027
467145
469137
470534
476092
477713
483945
487840
488295
488833
498657
502093
505735
507929
508871
510511
511876
516765
528290
529883
531252
540439
549368
552575
555518
559985
560401
561672
565791
585327
585466
585962
596167
608469
624183
641304
649469
654118
655533
659560
663682
677893
692194
692576
695919
710665
725947
739402
740929
749226
774335
775272
780771
781926
805382
806003
806429
808197
808613
842663
852015
873495
890879
903883
906380
907173
934708
935189
942250
944133
976952
986804
988553
994253
1011340
1019880
1034208
1034763
1036937
1054091
1068976
1080527
1106109
1120639
1146459
1150057
1156417
1165380
1169153
1171095
1171546
1177047
1183471
1201572
1224262
1228929
1241657
1245684
1249215
1254215
1255710
1268431
1272753
1292300
1293750
1294972
1295513
1301533
1314686
1317821
1329877
1357077
1368322
1371761
1375285
1385151
1397526
1410170
1427130
1427500
1438458
1448174
1449393
1452188
1460367
1477035
1477155
1478550
1481369
1483013
1488056
1500686
1520782
1538897
1561981
1582831
1610948
1613318
1619557
1631158
1634403
1660111
1662881
1662887
1666529
1676701
1676741
1688338
1695348
1698106
1723498
1725046
1735369
1769633
1784927
1818133
1820663
1843608
1857240
1859874
1861202
1874836
1877530
1884228
1898930
1901316
1906826
1910430
1942238
1959490
1993354
2009368
2039694
2050286
2053462
2057894
2064172
2084692
2093054
2141954
2149848
2155234
2163314
2170546
2173224
2212216
2230652
2263350
2265316
2267854
2271334
2288902
2293014
2316080
2346618
2365508
2369926
2376614
2382574
2382860
2389568
2418850
2456150
2505654
2517864
2531218
2534114
2553122
2566714
2618508
2645506
2698598
2707502
2719276
2722854
2728334
2728764
2797226
2811256
2815434
2831258
2838288
2854654
2880174
2913310
2944724
2951048
2961278
2995484
3014848
3023486
3025749
3044312
3048430
3063314
3070794
3083534
3109509
3123708
3156019
3168506
3201994
3219026
3223238
3226353
3406561
3454711
3795421
3841401
4022351
4085871
4134501
4189291
4206701
4255031
4603321
4832111
5416941
5438181
5502861
5658921
5671591
5742861
5796691
5815311
5962861
6009441
6029801
6291501
6299361
6373591
6455781
6734001
6781141
6796441
6906571
7075451
7413571
7443561
7613211
7708711
7778531
8182321
8329381
8458681
8507311
8620191
8634441
9006571
9030061
9117261
9268731
9270081
9744141
10072771
10232471
10375721
10400591
10664511
10671381
10684671
11059861
11061681
11111411
11229861
11333861
11390321
11535031
11609521
12038821
12128141
12161221
12180721
12578851
12711881
12807341
13645091
13776041
13797691
13981871
13989101
14000481
14005901
14107781
14164161
14192361
14506171
14997731
15099071
15386791
15402801
15420311
15582766
15596225
15671315
15706969
15735168
15738598
15754928
15787984
15794711
15797480
15804175
15808563
15823252
15838692
15862074
15968056
15972138
15972960
16010326
16014429
16024259
16034479
16050617
16054127
16060412
16064964
16096781
16099995
16127809
16131003
16154362
16188527
16219650
16365565
16490560
16575364
16624759
16629436
16716982
20114968
20150803
20172814
20173210
20201428
20328433
20334565
20390872
20430706
20439295
20449939
20528335
21078936
22268985
22659442
22947237
24451259
25086164
27057838
27089110
27128602
27139687
27253423
27278854
27364744
27375778
27453367
27453715
27547765
27548371
27625318
27646777
27667387
27669418
27671011
27757705
27869484
27871006
27872259
27888568
27888627
27963330
27966128
29015921
29018221
29061655
29063377
29071738
29089697
29099432
29105957
29106658
29145300
29210845
29215143
29233692
29244914
29250137
29266515
29292792
29327090
29510385
29524406
29528057
29533560
29541962
29570863
29574555
29576259
29596609
29649316
29663232
29680329
29755139
29780374
29786031
29798958
29802461
29809978
29895175
29933752
29976376
30007773
30026118
30030852
30101195
30161279
30193524
30242089
30250183
30291452
30333472
30397677
30431450
30444363
30452482
30484191
30495123
30549617
30551620
30553957
30558288
30574224
30611678
30619106
30620221
30714370
30725679
30725893
30766738
30849113
30850172
30851776
30872897
30884525
30897391
30914879
30918259
30920027
30949407
30979618
30991006
31007302
31009306
31020335
31030722
31068752
31117534
31213066
31248009
31279290
31296827
31313419
31319252
31402780
31421106
31429093
31503164
31512725
31512952
31525614
31541043
31552785
31609102
31640025
31654607
31656728
31668659
31688477
31694984
31718672
31723319
31724664
31766278
31785086
31789456
31797942
31805492
31810997
31833551
31843701
31844414
31875823
31879493
31880815
31903006
31913241
31916219
31930341
31932042
31940194
31975906
31976226
32004730
32024217
32029613
32031508
32037540
32052148
32073491
32074328
32130725
32175246
32182070
32207772
32238808
32246575
32248147
32281984
32288681
32292609
32325098
32352848
32376022
32377365
32390084
32444603
32455809
32483482
32488276
32503299
32510979
32522806
32543131
32556320
32560303
32569432
32603445
32625132
32626780
32654664
32672998
32694117
32703125
32726147
32750616
32752087
32780609
32781955
32805579
32858672
32898491
32960574
33014500
33015800
33046106
33052341
33115046
33116204
33129874
33141654
33187551
33232042
33245845
33276191
33292729
33305907
33334193
33434492
33455400
33484636
33519015
33533814
33557619
33565098
33580073
33589336
33596879
33616497
33650487
33654963
33655289
33669799
33679158
33681928
33694407
33726771
33731680
33741882
33784658
33796498
33816330
33825128
33839283
33847496
33868145
33890574
33906991
33925264
33967482
34030219
34194840
34198542
34202335
34243702
34266068
34268940
34271915
34281074
34297224
34315187
34341600
34351998
34369683
34520163
34572881
34623214
34669140
34710325
34713968
34724356
34741193
34752346
34766700
34775282
34804853
34828999
34862392
34884676
34885161
34886224
34892260
34903603
34927050
34937707
34970169
35067627
35087560
35114535
35180320
35192754
35256897
35259431
35276301
35299584
35312547
35317334
35322329
35323355
35343687
35450311
35491226
35514614
35578369
35587017
35644370
35694264
35727758
35727945
35757014
35768227
35788757
35809560
35826270
35841731
35848990
35857256
35861222
35889331
35893508
35939667
35950861
35969597
35995558
36088512
36092519
36124425
36132341
36149962
36156541
36161663
36191428
36211753
36214597
36233947
36248511
36253880
36262320
36292045
36295406
36307457
36313076
36386163
36424402
36475245
36498977
36524396
36640525
36645361
36660866
36692239
36713332
36760285
36761762
36808298
36820286
36824352
36863105
36896663
36931932
36933791
36934793
36938953
36964023
37043833
37094468
37112282
37118891
37119843
37119915
37121970
37132112
37217446
37313925
37333259
37490479
37499534
37522074
37555318
37576455
37582932
37583148
37592484
37609810
37620755
37623088
37638400
37643109
37643848
37649449
37663102
37672648
37693563
37728270
37728953
37777524
37784100
37804630
37839092
37841437
37845187
37848532
37890372
37890413
37891293
37891722
37891821
37894565
37900192
37911595
37911757
37927139
37937240
37937293
37942811
37943455
37948666
37952112
37952148
37952181
37982099
38007337
38067335
38091766
38095687
38159090
38170712
38181860
38202997
38207003
38262153
38305300
38314134
38337435
38389337
38393569
38410704
38441833
38444640
38531018
38547419
38564916
38594007
38603441
38661234
38662155
38708605
38763643
38783981
38823095
38894847
39006234
39092283
39101441
39161576
39302893
39404232
39415497
39452402
39476649
39493255
39517521
39549370
39661235
39661772
39694861
39695158
39719014
39726868
39747505
39772421
39779563
39824887
39825192
39849522
39855206
39889905
39892594
39893251
39900601
39909276
39921862
39937702
40046229
40053869
40078341
40091397
40095202
40103203
40150971
40156986
40212040
40234885
40238526
40328496
40376269
40396765
40397475
40398744
40539801
40562657
40581837
40651700
40654340
40678625
40702502
40756077
40883539
40894369
40898393
40973081
40974013
40995594
40998098
41009807
41011363
41018113
41080787
41118617
41126842
41155631
41170699
41172560
41253172
41281870
41300795
41324465
41361405
41372930
41398277
41409819
41441976
41479077
41499334
41514691
41527614
41550007
41592125
41608215
41648804
41669770
41685939
41752041
41791536
41816978
41835338
41898237
41919106
41919737
41961537
42031109
42055903
42056861
42150565
42162600
42173762
42182484
42196207
42215991
42251486
42272970
42291231
42309767
42309775
42374994
42379326
42440304
42445531
42450140
42468526
42470528
42491656
42595006
42736918
42747000
42779151
42827427
42840104
42845708
42873307
42884258
42905728
42913775
42936594
42970907
42993963
43016837
43017526
43062718
43117548
43118484
43234802
43254360
43273366
43291768
43292204
43332102
43332533
43378723
43391195
43418373
43453246
43583238
43583469
43609507
43612058
43619978
43735567
43740427
43749251
43756177
43772342
43799841
43869336
43936362
43980180
44004498
44010229
44013114
44022426
44059715
44063158
44081214
44087121
44088527
44114714
44181773
44183353
44186106
44203347
44205146
44206841
44215092
44224977
44228690
44233189
44235508
44237642
44239631
44241334
44249392
44263210
44276160
44279822
44284072
44301149
44316505
44320286
44327396
44331410
44332583
44332766
44355894
44356825
44365613
44382330
44388961
44390105
44391758
44399210
44419201
44433300
44434518
44435999
44436144
44440138
44441348
44442114
44443425
44445012
44447212
44450186
44455141
44460727
44461741
44464732
44502106
44502841
44503128
44535307
44592339
44595834
44627805
44655434
44671877
