11798
36050
40121
51268
53423
63959
78139
86171
115280
119376
120594
128693
151503
169492
181052
184740
200984
248761
269343
270968
277957
285840
290616
295151
309048
313837
331561
335556
349648
350737
367093
373125
380141
415638
418403
420768
429966
440114
471863
479442
480103
480783
486196
496780
498657
502799
521987
550327
559985
596167
621862
672965
676628
710074
737250
773716
808613
827722
851632
862997
863527
868438
878992
887471
888613
918454
954639
966066
976952
977729
1007550
1021190
1033820
1051286
1117022
1146459
1167248
1170691
1179821
1209529
1307202
1313037
1319517
1324963
1335045
1375331
1397545
1400546
1411376
1435092
1481942
1489658
1508741
1510906
1511624
1518838
1543636
1548545
1662911
1688338
1694296
1720935
1727794
1740381
1753365
1789907
1809849
1816217
1877530
1892260
1895100
2041258
2135628
2166854
2276892
2382836
2385310
2386474
2418850
2457130
2574908
2692668
2695532
2777454
2810584
2811256
2831258
2844388
2854378
2883694
2944424
3025954
3030991
3070868
3073518
3076087
3127209
3158603
3166742
3196252
3200203
3430241
3588611
3752811
3823561
3931101
4646671
6569771
6796441
7094481
7281691
7314191
7373991
7398661
7563351
7564701
7608141
7876371
8188801
8425811
8697461
8806041
8859801
9035721
9347671
9874831
10256221
10529761
10760191
11177381
11725281
12297181
12498171
12660351
13479141
13653781
14094211
14177871
14559791
14712281
14810401
15090111
15420311
15550250
15567288
15568441
15568669
15596225
15598119
15601607
15677908
15716580
15719288
15725887
15773190
15813158
15816217
15828710
16025744
16042080
16073157
16117522
16131003
16160363
16168861
16174613
16181668
16205022
16251133
16376452
16425502
16488277
16505773
16510543
16550443
16572868
16659127
16695088
16713697
16733167
16749982
20172814
20213083
21227287
27041737
27128602
27139687
27196954
27319258
27553780
27565663
27572254
27695374
27875474
27944560
29015921
29071738
29097157
29099432
29127118
29131763
29176813
29249550
29266950
29323260
29637740
29638879
29811414
29931219
30004555
30094746
30241631
30567215
30667386
30732006
30767445
30849113
30890802
31210474
31235180
31236591
31242101
31312623
31412838
31421070
31422415
31439848
31513049
31520449
31536902
31586026
31601335
31697821
31712299
31748986
31784740
31835396
31849548
31879493
31972541
32003071
32029613
32041576
32068945
32079897
32099779
32129526
32133313
32149365
32217369
32295006
32334620
32342128
32345424
32355871
32361797
32437330
32545764
32574051
32625132
32669265
32727295
32765703
32807283
32857040
32903624
33012343
33210078
33274317
33292729
33300265
33326012
33334193
33363448
33430228
33434492
33504559
33565521
33583715
33609544
33699528
33731680
33829013
34030732
34033067
34092355
34155525
34218848
34246869
34281074
34292917
34295253
34355788
34369305
34535844
34583011
34593280
34595388
34714895
34741193
34753197
34761440
34844519
34850744
34903603
34931179
34962537
34963301
35001415
35099573
35163768
35191439
35222747
35362109
35390395
35586471
35610297
35613147
35686111
35687364
35725645
35757014
35777016
35790866
35879996
35904495
36274489
36289060
36333651
36347721
36397096
36525623
36584524
36601633
36623461
36644308
36696017
36879718
36882626
36954591
37049881
37054638
37120827
37165220
37194714
37220460
37274107
37320079
37322530
37390957
37524108
37587895
37609810
37624480
37634426
37663535
37734906
37848382
37963169
37997924
38051626
38067448
38141589
38299241
38300443
38341813
38455722
38663651
38664105
38664568
38713011
38715425
38857629
38857923
38862178
38897983
38910283
38958050
39146226
39404232
39422629
39432003
39447288
39535400
39645605
39688519
39747150
39886727
39931678
40304814
40308083
40560902
40946390
40992884
40995859
41009030
41080787
41128191
41177783
41234612
41275348
41300795
41386918
41503642
41790831
41791796
41975820
41992318
42080510
42393610
42446968
42586385
42799725
42811248
42970899
43222751
43317048
43319601
43331638
43367325
43373445
43383880
43400401
43512762
43532025
43599812
43607458
43615710
43617160
43630015
43676410
43677056
43686943
43760470
43833631
43885995
43897502
43924997
43925062
43925833
43956710
44025321
44057196
44062238
44071841
44090049
44110543
44116173
44194137
44220684
44221070
44222924
44331410
44336231
44339071
44403930
44412070
44433327
44441310
44443425
44616604
44617171
44617726
44704010
44735784
44775968
44811116
45010170
45020449
45048531
45092208
45135470
45135951
45136170
45136265
45266261
45435960
45447015
45479581
45479614
45551869
45602097
45603062
45808966
45811143
45860414
45870011
45878539
45933779
45946224
45946760
46042324
46067854
46209845
46247555
46292994
46424732
46518454
46564196
46623395
46627132
46628244
46628839
46629355
46632286
46698715
46699029
46700055
46760301
46844955
46985356
