9134
11798
22714
26105
28137
36050
39743
43073
48302
71069
117520
119376
124519
135527
142862
147072
169492
194365
196989
218373
253770
256652
275428
290563
339390
350737
355685
361367
377951
384906
395362
413805
418756
480654
484918
514070
559985
585962
592937
596167
613345
657374
659933
691098
711157
789336
819730
833768
853534
869561
878121
885936
904061
913302
917635
929531
954639
986818
1000103
1002557
1075290
1085145
1154089
1200306
1214763
1227675
1237142
1284048
1294039
1298648
1316340
1393088
1433568
1438458
1458875
1470788
1477035
1479881
1540311
1546518
1602757
1604359
1608630
1634403
1642310
1648582
1681501
1695885
1701337
1747505
1784641
1785505
1796693
1877530
1895100
1910376
1975098
2018636
2020832
2050286
2128720
2142170
2186258
2270350
2319140
2326728
2416244
2570456
2571472
2680626
2704510
2756024
2771294
2825932
2833210
2864498
3088005
3105081
3136011
3147489
3157764
3185736
3187241
3222013
3706211
5477351
5593911
5658921
6004111
6299361
7451421
8158961
8174081
8292911
8988411
9914771
10271821
11208191
11967091
13797691
14026241
14036451
14505171
14522191
14532391
15231521
15567923
15587234
15596225
15640419
15700661
16050617
16068181
16073157
16087421
16450480
16586800
16652077
16692985
16794937
20172814
20328433
27024403
27202855
27364117
27373033
27527125
27624037
27962017
28094275
29067933
29316968
29330355
29524682
29541566
29638879
29650066
29777439
29931219
30008136
30054388
30161279
30229260
30281112
30348316
30430820
30664623
30696473
30770314
30774669
30856576
30882266
31140147
31172140
31248312
31298004
31313419
31421106
31525614
31562403
31641561
31759977
31887466
31901303
31962476
32041576
32103335
32276072
32390437
32419639
32444603
32561872
32624709
32638739
32676884
32976222
33008968
33012343
33052341
33258697
33298365
33548612
33609538
33644001
33667720
33741778
33864894
33881532
34161633
34161684
34193900
34257982
34323577
34351925
34595388
34642816
34656089
34664661
34759238
34798706
34810623
34844519
34867581
34977221
35008493
35114356
35200183
35208076
35309271
35347656
35356466
35485540
35580368
35586471
35703455
35743322
35793405
35874337
35959134
36058595
36076438
36109407
36253880
36271156
36331681
36341680
36342408
36344827
36353300
36401953
36409577
36419931
36448909
36660866
36663285
36722553
36745623
36773427
36809558
36859743
36863105
37036907
37054012
37061663
37112442
37114482
37124606
37177606
37183393
37222377
37328700
37350815
37361659
37575793
37590878
37638400
37639320
37802124
37871689
37930916
37962279
38095687
38183281
38215952
38254966
38296369
38502299
38504120
38535689
38538968
38539709
38579246
38594007
38763753
39072259
39155143
39195144
39243483
39252610
39539062
39645605
39688519
39886727
40168236
40328496
40344160
40388727
40574364
40597911
40818502
40903138
41196633
41305994
41359295
41578923
41663718
41856164
41871077
41899444
42027587
42046778
42162600
42200942
42297858
42405041
42425764
42493854
42494820
42537305
42586385
42699517
42801796
43060808
43077186
43158835
43184223
43236174
43493677
43601805
43791882
43821616
44030022
44070277
44165505
44235508
44412078
44442114
44459233
44545745
44648586
44719985
44775968
44851715
45107850
45109843
45113964
45127947
45132026
45158155
45184796
45447015
45505081
45524839
45720045
45721209
45739812
45770929
45787273
45817609
45818068
45820839
45830718
45847738
45865577
45876116
45980047
46001613
46006290
46140584
46153013
46208977
46213120
46219823
46258510
46279408
46313870
46315435
46345088
46383124
46425603
46429776
46434861
46437645
46460529
46487027
46513151
46528371
46528393
46528415
46529348
46529364
46529377
46529386
46529404
46529418
46529439
46529463
46529570
46586234
46760637
46847085
46907305
46970212
47022912
47131837
47144878
47178196
47188455
47188647
47206111
47217989
47227341
47368273
47378292
47411493
47417343
47427344
47508580
47628530
47663542
47675271
47729792
47734735
47752135
47900761
47940543
48012180
48022374
48027507
