33263363
46471114
44232013
46442278
41753120
42333356
37313925
46473934
975165
39139537
41663718
43077186
47675271
117520
48027507
43493677
395362
43236174
2571472
48022374
48012180
47663542
1154089
32390437
47900761
46345088
26105
37962279
27202855
47940543
29316968
2680626
35793405
46140584
45505081
38296369
40574364
43158835
37124606
15596225
41196633
47176019
30229260
47752135
47734735
47729792
46208977
30348316
42027587
36353300
45176306
29650066
47628530
30161279
2416244
42425764
45510587
47368273
1701337
44545745
869561
484918
47427344
47508580
256652
44070277
32676884
47417343
41856164
47439729
30430820
14505171
47131837
47378292
38215952
47349661
45384166
28094275
32041576
3105081
16073157
47227341
40328496
46687273
47230914
47188647
47223195
41359295
47217989
28137
47206111
47188455
47144878
47178196
37183393
45525248
37590878
42297858
11967091
16652077
33667720
47022912
43184223
1200306
47020892
47019456
46487027
35959134
34664661
46970212
41578923
38535689
885936
40388727
2186258
596167
46531170
46907305
40903138
16692985
29931219
46847085
42405041
31759977
38504120
833768
34656089
46760637
39688519
31641561
44165505
40168236
39645605
43791882
33258697
32638739
35356466
45818068
39886727
39155143
43060808
31140147
45865577
34161684
46529570
46529463
46529439
46279408
14522191
38538968
44235508
37054012
46529418
46529404
45817609
46529386
46529377
46529364
38181860
46529348
46528845
46528826
46528415
46528371
46528363
46528393
46528860
46528342
33298365
46528325
46528297
46528285
46528273
46528253
33012343
30281112
36863105
954639
46153013
46513151
36342408
46006290
30664623
2864498
46001613
35309271
514070
29541566
29777439
37061663
46460529
46213120
1085145
40344160
46437645
45113964
35743322
2050286
46429776
37871689
46425603
45830718
37350815
16050617
37638400
42537305
34039531
38273490
38579246
45820839
44851715
42046778
41871077
253770
46383124
13797691
37177606
789336
46219823
6299361
35586471
35703455
15724439
46315435
46258510
46313870
3088005
35208076
46258121
119376
27476272
45184976
46226352
34867581
34161633
38594007
5658921
46001729
44248822
15231521
36058595
36660866
46132779
42162600
42494820
42699517
46223657
46221991
41689901
45876116
32409459
35874337
42493854
35580368
43686943
44030022
711157
45082986
5216031
11798
350737
1000103
35008493
1877530
45132026
31172140
36745623
194365
20172814
45524839
36253880
46073472
36050
9134
31887466
33741778
38183281
44459233
33864894
1477035
559985
45980047
37639320
35485540
45847738
37114482
45447015
34595388
15640419
34844519
45787273
45770929
30008136
45739812
45721209
45720045
32444603
1634403
33052341
1895100
40818502
44775968
39072259
42801796
42586385
39243483
38095687
29638879
15587234
1470788
44648586
39539062
36271156
42200942
31313419
37036907
5477351
45274463
917635
30882266
45242863
45177713
42993963
31525614
44442114
43821616
45109843
36076438
20328433
45107850
45184796
45127947
45158155
36663285
44719985
