37413241
2836434
27126532
32820903
40968668
375786
12245201
251217
29812814
22620945
46471114
46834358
1703035
36928403
46471018
31478552
36484045
41998402
46057587
44606767
46058368
44014101
44739795
249796
30818693
26625
37020281
30813280
27953302
1727911
16490560
48027507
33610498
41033212
40818502
2782366
2936526
46993791
47974602
41641680
34714895
2661640
33337670
1739665
38984394
874726
48005451
43608312
34919086
34903603
37460392
36808298
47997114
41539468
16095319
36995972
46014012
243019
44682025
38037858
2057194
37078428
16751152
7314191
43947541
47955173
41350753
32024954
36709336
33168918
38945241
27569194
46345088
44470372
47972301
33894301
42501030
31032137
40944188
47949810
2457130
14382921
42313173
36947262
715925
42993963
33232042
1954348
46473934
36139558
29003392
44550556
1254280
15642790
32384815
2510104
36437360
40387810
47949602
44163777
47947232
32185847
47941790
16187074
191158
17358418
47940925
47940558
34968620
44585152
39141832
27901078
35793405
36562699
34021808
47933656
4803181
33263768
40945157
2859554
31811199
45149798
1470788
36214250
46012061
38931817
46216789
16126190
47035646
37506362
733932
33113932
7659891
952584
47177102
1239972
188680
1895100
1600110
30123282
12545151
41593559
36497382
46582741
38603441
43413129
36276701
43158835
43903985
35343687
2263350
43931899
20263771
2663082
47871442
41086797
44572569
45149149
32696309
47895983
33052111
34796486
38593543
46411886
46328525
35955830
5216031
46302587
283487
31623338
7876371
27896356
35889893
36607948
35657092
34029339
39061573
37679141
262955
12342411
841611
43348474
39155143
36007427
880499
47882106
35342640
45362797
32333116
29264552
37962279
14596871
42574251
40521804
780635
285078
45292661
22979509
46185793
342128
1380427
40278458
1608224
31677892
37102501
43315201
47869672
32119948
42803399
41283546
35951610
47865553
75898
553822
757599
385476
31744
30457771
46827180
6906571
266915
45505081
2589348
30854756
40118531
47854978
36247416
37750044
38572780
357778
31315712
45725949
35249740
47854410
1450341
38007616
780674
38898679
31918971
8783961
41527614
31186911
46537850
36593749
35561457
47389416
47846790
2491948
44412070
46539941
1325769
47799520
1218945
33072769
10072771
45811143
752175
32493978
27955208
99597
44515368
38796319
42214974
46226352
32879850
149574
20201428
44055731
29833472
36222729
325649
38146280
370225
45298303
47643906
32761184
38488313
33305907
249789
47823900
565560
33304804
33805934
16468306
37550456
772230
2044694
43119832
38860322
47815070
47814088
36677698
35405757
46157750
914936
47052924
37313925
328626
47715168
39702688
16285309
47808562
3025588
953910
42545353
35281191
29307323
39747463
33605464
31090390
9134
14030851
395362
3153411
46898611
3352771
40574364
41548895
37224050
1146169
35322329
16123375
43639177
30733303
44965526
47789456
34960316
3064384
36558073
37620596
42507771
45794208
590634
31887204
3018337
34638196
45078170
27664552
38159556
16055253
3664281
15834143
375443
36471897
29015623
4269301
1156223
41582800
2521114
47777095
45147721
1699660
33606306
39137427
47564957
36421701
37665623
38701668
29572773
40678592
47665460
16119574
40235293
1674665
9321931
33250285
47596117
2227096
3220748
33278514
1738997
36226895
47752135
31781162
47704884
29580977
1685122
31698941
47704150
43494458
37522074
46719510
14028151
37817448
155881
15990428
43285117
34252666
31017565
24022210
37551899
47752079
36889904
44966012
33490376
39549370
34607339
2225780
47749874
20448532
697526
27956656
29896971
15652350
42071259
40439959
842198
1720914
37603651
1497959
1025695
44238169
30903420
5840561
44802443
42242756
47426681
39694044
38036381
47738025
975165
182881
36166468
34868094
8040491
44430385
16398877
16044663
38185184
29157047
31287507
32560799
31536940
43232487
33679974
45565857
45757654
36525395
34913960
29992699
46441158
46441283
2508696
35397485
29621512
46208977
46185226
3120406
44298062
740601
1120639
180294
33888748
44556623
31429594
4696141
33150483
1697345
43162757
31451167
29914122
32726406
33212535
1375382
31801399
37478658
44755891
27927095
33567901
8310561
4873751
37885530
32249085
40954605
33236653
38189050
34815842
137713
45391268
42441712
29519541
45202771
37121970
36094392
29572803
29058998
3085754
36515417
30692628
34977221
37736762
397181
975628
44766777
31965767
440114
1933250
34466402
37881655
330965
41961853
45039048
39853044
20169121
337687
180604
43185113
39282866
33578569
47705549
47455013
896354
42184517
831528
32198539
47690171
36859
40595838
34497639
35593526
15634959
39670270
16158111
40982067
1092136
47221767
2713774
1091965
31394967
198897
3315701
47697321
38071820
1720131
34526221
15756177
461027
16101243
32979253
930744
36396839
41867272
10400551
45485012
32281984
47694511
35536603
30740043
16642348
6495561
35134764
2722854
31898212
45637318
686361
35755127
1651057
3168506
36353300
36040285
46635654
4371211
2349216
1021190
37499351
31540271
33141654
42789606
40137289
37048405
47559898
30205043
45346432
7840911
42027587
34963301
32094030
11429171
373149
9213121
41629366
15809890
46809507
47651446
15420311
699146
16073157
32929368
504704
45774888
46505586
37054638
347839
36771902
40487267
47686888
29585471
2686198
1388395
47663542
45525248
31414309
8182321
35454432
47653635
2061230
38183281
195008
90796
39257639
40600923
40759007
1430045
46210041
31897817
43638945
497208
31520760
7573251
15751396
40703703
234439
1153054
36879718
480783
1938174
29223785
2945482
46328326
1298334
39939581
33548178
46576248
5109041
45756987
31177786
43701102
30254222
10195431
31670543
4045281
50293
44403289
45176306
2038076
6140641
47673982
33168800
36464174
30935981
2960298
30527052
46301981
46543029
29051972
1518211
34935669
39446734
757801
43762870
3024929
34418980
43314416
36477621
7676931
218232
725947
20197342
41611890
20271358
37404238
15724439
41547182
33350682
37835801
34439726
31246756
1663103
42468526
30726248
35499754
40730287
27547765
16174613
40878503
8364271
31311518
1177047
9328951
32002977
46179917
65062
6772891
29561077
9897431
46585159
260869
12693151
43344
46016318
37493677
47473590
43185434
44355894
34829307
3183705
35149276
29191474
45482123
34521755
32887096
208238
4649081
16345036
37927239
47515194
32692179
45863635
33786471
44803077
976952
35317334
336159
1136495
40654395
29579428
34854332
36655068
46554512
2456150
35096518
41559050
2186258
38084248
45793736
45996525
29039798
41723789
2339680
2550436
2364434
1630966
34623214
2252198
47651430
1546064
744855
41338107
38678207
219392
30656932
31500860
43076820
20540962
34313704
45521473
37237812
43373445
1093826
36261291
34487570
1123144
30852887
35378818
31321106
11367181
39886727
117520
1341003
31010995
36064291
1183892
455235
43868759
32701763
46950649
15818758
42673553
38065060
35290150
47658877
44902260
39242507
15821271
37191019
690071
42353942
4184801
46060865
40344160
237418
1065391
979013
34232185
35162659
4100271
30245241
3061684
35375810
257990
35049478
32586285
47351895
37496489
43903255
47523972
31205188
47179247
34448564
35875426
1403021
1874836
32381615
36770941
44233189
38413069
38875555
32724057
156958
1066611
2993962
39178718
8329381
30110538
31880815
36738060
32602679
39171835
16039068
34554855
47652679
37780436
39310677
34390150
710215
14000441
35460965
32482095
45956771
8896231
16116864
47652359
31173901
2698706
3407761
40464318
30426544
79212
18720697
43637867
335288
37576455
34013992
37808009
43236174
43637493
1716546
427870
45817721
43636953
36804885
37224976
12469781
35704433
35995558
34367432
47004401
1140447
32490033
36323018
29047171
36168038
45931867
40033957
16084020
33728463
1471513
47366808
44022837
29969839
35208076
55188
9361461
36180595
529402
2382918
356914
36174982
43667547
45392282
3905901
3239329
42970899
1352478
24234548
33129874
33270605
16266781
47443162
1709978
355980
7075451
1582216
3181822
40436877
16231491
33721921
31922041
44888708
268813
6455781
39693476
46346458
7179401
31974640
30348316
35959134
36882626
44519246
37270043
39203082
27332995
36660826
44279975
951988
571983
352990
31546437
38135314
8124661
944555
44747247
822558
16083992
32029613
34196472
31403714
38296369
541089
3049907
694041
1593617
38274110
37741202
1072650
40232211
29127118
1433907
38218070
31889343
45007213
41414352
47583656
31394077
873902
43837163
36190907
663682
30137038
47644540
1510276
40127134
1051540
34466369
20508721
44724275
47154270
36761762
2383356
32787535
459808
14055211
3081832
44525776
37064392
377897
34835345
968015
46429254
998536
29887929
1638457
15482841
29976376
47628530
9385221
47176019
47397569
36643797
2272162
16464154
37452015
852997
44167080
36772578
3088732
37674286
46667270
40771680
39889116
43600428
1502356
326672
40762006
37016653
37936505
7147071
32724775
2831626
1550028
36887514
32689351
41285607
37848382
46797106
1664251
13825821
30630871
34198542
183767
4596791
32373868
35946847
2434206
29192125
9801691
1258291
42309775
37321660
33047655
5199211
46542374
39139537
7125561
39877621
81698
36687407
16158500
46208381
35597198
499787
36523232
423338
33114324
37564399
205115
31963927
38745652
2295436
44110573
36181902
46180939
1610361
31805492
46356931
39933061
10988401
16308229
38300929
34029033
438423
8458681
15102371
36954591
3200120
27963076
2604976
36291955
41581844
38246129
6734001
37546190
31668659
27639841
3092638
37314712
5742861
29809953
1110563
27836164
595215
43712100
40744182
563972
27649561
27831985
11111411
358730
44311010
44955861
30167634
27122866
35956664
37094468
331561
32603445
42150444
779777
6342431
32569432
46442278
30872897
29501421
39484472
43448575
1695917
2896550
27645211
37265435
40078341
29017155
43276504
1011340
46442156
27902979
29153220
3421821
1305319
31349895
40755081
31170098
30149526
35743226
41014521
33876325
29630927
27138115
29511020
30819324
31995113
39012655
35315526
38933575
8371671
1735
43630015
37512420
38065482
35474367
35906528
47619495
1450237
29777439
47623449
41286185
43762390
1251955
34268940
44474780
30229260
47605745
1701337
47575799
47358620
38385633
44007420
35703455
47554219
31525614
42425241
42039569
6002901
46659603
30161279
33375253
34134004
1495148
47411493
43894753
47508861
47508682
256652
1474421
44070277
47490869
43104337
41632851
35587625
36775060
47484822
34767125
47468131
47122833
37124606
31448506
14505171
44169385
36124522
36726098
32676884
40202215
43997516
1313728
36020360
34288861
34010793
869561
47454089
42116343
2835074
47427344
44599867
47452351
36851315
37391952
44027392
44270317
46689782
26105
29650066
30430820
40168236
2560106
44002156
6647601
30136276
787957
2238228
38136722
38022316
833768
15640419
40442860
33497839
41856164
39672592
47383882
38850077
47131837
47374574
46025386
39410289
47188647
38215952
34656089
38565443
28094275
34094748
38575522
33292729
24655228
44235508
35191439
1060662
43376737
41583566
2831258
34083253
45002913
2864498
46312370
35166066
862079
44838960
40140241
36496295
40328496
44545745
33650487
15596225
37520186
31172637
31797942
16281223
34884676
27892192
1071516
47223195
16652077
789336
45803840
35949017
35008493
30283038
47004168
11967091
3039342
36058595
47022912
1200306
35092488
885936
37183393
47020892
46133173
46487027
13999431
36660866
34664661
156376
46972263
38535689
30664623
37061663
29638879
35356466
46213120
38252875
38594007
37296920
350737
39007267
3190499
46132779
46907541
43740077
40903138
33811255
119376
44182551
1443249
46879905
45227760
1634403
31484816
29931219
31660678
16692985
1877530
785703
13797691
32685060
1537064
38095687
45023377
46818054
46749877
46379939
45214839
45479614
45235954
46814309
37820613
11798
559985
15991012
38538968
31759977
31140147
36050
596167
38504120
42698273
38254966
35844889
38273490
954639
44513121
41578923
44165505
6299361
29541566
46001613
33012343
14522191
37458435
20172814
2534908
38300443
34427918
16050617
37054012
42297858
40786301
1085145
11753871
42584673
43686943
45830718
45154978
39231832
35586471
31644084
514070
37177606
35021150
37638400
35024888
41514691
1564659
37609810
38391762
38001692
34306039
