11798
20423
26105
36050
42200
98426
117585
118712
144693
190954
206368
215678
242556
272438
273579
277291
290352
308521
325495
325783
350737
400322
413515
442748
449692
459219
498162
524090
559985
596167
650445
698188
720833
753247
765669
782808
792093
804161
885936
888392
970814
984218
992273
1069066
1117367
1187710
1194904
1357238
1423611
1425879
1426686
1462734
1482646
1493839
1507511
1513382
1545855
1592482
1639238
1972562
1989492
2215016
2238228
2463388
2500576
2663556
2894366
2973282
3032431
3223955
3334631
4720071
5510821
6299361
6314531
7540461
7552111
8006171
8214351
10894911
10915031
11277471
12647191
14474341
15640419
15699827
15990130
16205797
16387975
16652077
20172814
27093694
27102802
27544747
27681076
27722323
27871935
27910338
29606393
29619889
29640685
29931219
30077464
30182443
30283038
30392814
30409202
30471561
31172140
31193992
31249610
31264380
31373947
31458589
31501182
31561368
31785674
32023809
32033388
32221815
32410289
33012343
33041943
33306221
33571039
33580422
33667720
33680289
33715171
34479452
34490179
34570232
34845778
34905829
35008493
35027643
35491226
35586471
35652770
35688316
35750487
35922141
36080478
36248227
36303516
36357136
36593426
36617455
36705075
36834704
37139479
37181966
37204222
37348099
37601365
37784108
37899665
38218223
38504120
38621795
38853052
38955864
39328145
39508757
39590358
39682258
39851603
39907611
39938708
40567739
40573130
40625226
40903138
41257932
41443545
41445512
41554547
41578923
41613086
41864342
41868403
42220457
42275221
42297858
42302309
42320917
42402874
42820541
43137853
43325047
43429701
43587199
44320219
44485213
44809661
44982262
45108257
45439457
45440581
45488018
45733213
45815851
45829716
45911584
45933262
45997106
46012246
46132779
46335320
46372682
46473430
46506345
46655959
46672832
47004168
47018001
47022912
47073882
