44165505
47997114
36050605
3200120
35793405
35951610
37962279
149574
47832952
31781162
37847929
36353300
29777439
47705390
30136276
44070277
6002901
34714895
47358620
47569242
47368273
47427344
256652
1701337
1313728
41856164
16652077
46477152
885936
38215952
39187044
3020399
34656089
30283038
47188647
47188455
29017155
45525248
29931219
37590878
2864498
36080478
46533121
46533046
46532857
35959134
33667720
46487027
34664661
38300443
596167
40903138
33012343
46532233
46532128
46531466
46957122
46956787
46956493
46531170
40997679
46531026
46530204
46529757
46529734
46529709
46529681
46529602
32685060
38504120
31759977
46689782
31641561
38538968
46734922
35867886
27139687
31140147
46001613
36954591
1477035
34884676
514070
35309271
41018492
37361659
46425603
46213120
44412070
46437274
40755081
41871077
954639
45303065
38273490
16050617
40344160
30251532
35790928
35856961
31766278
39423203
45820839
43712100
40101476
45830718
46315435
41933350
46046013
46006290
46258510
35654053
37321660
35703455
45521473
45450183
46012061
43936362
39747463
952584
45184976
38957184
43413766
46036754
45082986
40671917
46149233
33741778
1008866
45524839
35182649
37027429
38441833
40479611
43104337
45531017
36296257
15729279
588088
33117158
1029377
30242089
30229260
32625132
40818502
37425820
37639320
16030160
43853811
39243483
44724275
4132931
36485470
1324906
43734740
45908079
30140934
336159
31729428
36783488
8507811
34651665
45852614
44459233
37036907
16174613
502799
42468526
1564659
31560489
35241545
41852820
36614161
45787273
42586385
29317550
32775926
45692734
34595388
30007773
42581711
31313419
45639247
356041
34767125
45622192
37638400
33455400
44758691
1146169
20478610
45576214
37361145
43373445
31727017
144453
38001692
35586471
29072050
42847742
44775968
37054012
37058800
45426859
33052341
32638739
45471359
42162600
40101183
36995972
8604821
45316213
37282818
33061919
3032431
41441868
15596225
2186258
289548
34850744
45343032
36405493
29561077
2050286
36808298
20328433
45383979
44648586
45383269
14046131
32779166
44007420
33258697
29638879
42698273
32747296
34387564
43371440
42177082
34630035
35279376
38095687
35356466
35935521
193832
41303431
1470788
41234612
35021150
39022392
31432310
32121230
35366575
41023720
11798
36682596
42584673
2219624
37404001
2238228
37201219
31562293
5658921
35561457
286780
1007746
1695917
1435856
331210
1682811
30008136
20390872
32747470
36515417
39198616
34867697
39969276
44838960
1146459
34093276
30736887
3025749
27128602
40735688
20172814
45184352
45179345
15623990
44114714
44416407
42213061
37964412
45109725
37061663
6455781
44414834
35289124
30790382
122801
36410518
33292729
44077883
1200306
810427
44002493
15640419
45025690
32133313
36370607
44442114
45084328
41864342
40328496
39255036
2785044
37297552
42200942
37788492
36058595
2815434
44719985
15671315
44235508
406610
44894326
31172140
29004482
39354233
31248009
38630457
36174042
36538189
7784011
36663285
771064
43021651
31988181
32444603
33650487
4581761
34176815
38594007
1892260
34354588
44760707
37928042
35757014
36660866
440114
39592726
36726098
41170699
11967091
1171095
29015921
44819382
33046825
42279793
350737
28137
15231521
37292467
119376
6299361
15583108
41689901
3140811
30664623
37100183
33359260
33811255
31525614
35008493
1634403
40304817
40183722
13797691
43686943
34844519
35580368
33015800
35787021
41014521
559985
36050
20505799
39098696
1877530
16158500
1406545
35180320
31172637
15587234
30305457
