30692628
46345088
27896356
35793405
44055731
40574364
47176019
42698273
507755
37847929
39410289
46441307
36954083
34714895
8896231
38385633
45505081
40464318
484918
30161279
44070277
47508682
35968725
32561562
1701337
1313728
43936480
14505171
2835074
40794706
31781162
44270317
30136276
46477152
36464174
3020399
44599867
833768
38215952
35949017
41856164
523089
46908782
47363529
39890885
39007267
45002913
47223195
47188647
38032583
28137
35555374
33131737
43735577
33285919
38504120
47054439
35725514
45525248
30283038
46969039
47141319
37590878
38910283
8620191
41359295
16652077
33667720
47022912
43184223
2864498
596167
15611881
35755669
35959134
38535689
885936
30664623
33012343
38181860
34405207
40903138
37140680
37183393
45785975
38566770
29931219
16692985
31759977
1354597
34288861
38254966
31641561
39969276
32638739
43760470
44165505
42360546
39886727
43060808
1085145
31140147
44902260
35577790
40755081
29777439
16050617
46153013
36342408
36863105
46186765
42297858
40245234
954639
33298365
31172637
122801
46219823
45303065
514070
46454010
29541566
44412070
40344160
46437645
46424470
46422871
35743322
2050286
34844519
46425603
789336
38273490
38594007
38579246
33128903
42046778
15706969
31766278
37951232
989007
36509586
45830718
38300443
45964355
46006290
41871077
35293985
46315435
15724439
46258510
43712100
38001692
27476272
39623249
36496295
34161633
46258807
39880797
42162600
46012061
15231521
46036754
33015800
36055964
44433601
43413766
41283546
1470788
44851715
46216789
37054012
45184976
45082986
41023720
38541316
31923832
46001613
45941848
36745623
2707220
37061663
34149952
33258325
20172814
41286185
40421756
46089001
45818068
1720935
31172140
43104337
40818502
34384448
42584673
45770929
45472699
45343032
26105
31248009
1877530
34161684
1029377
27128602
44451964
480783
36614252
34741193
588088
37290276
40841626
30229260
35417620
45627411
42852451
45789566
35008493
13797691
45984961
33052341
27175597
38651345
253770
3136158
45760437
9134
38390047
29638879
35613147
8507811
29317550
35580368
3168506
44459233
6299361
34595388
336159
37639320
119376
43686943
40328496
36660866
440114
45531017
38095687
37425820
2785044
36058595
43924687
45908079
32444603
35586471
350737
11798
33072830
559985
16457329
40877485
36050
3021728
44898922
37963214
31645604
32134702
45573792
16271947
32376022
35788757
2115792
31432310
29053363
889807
1296478
