2646
8438
8519
9134
11798
15414
17945
26105
32666
36050
48114
50974
53111
68262
72064
72082
73221
78139
85796
90796
102354
104937
109567
112155
112629
119376
122801
128215
131074
132010
136657
137883
143486
150185
150507
150943
155881
158470
172609
182881
182908
190954
193253
193832
198185
204536
207824
208749
209124
210233
218232
221797
224686
232704
242556
249789
250670
251217
252217
253770
258630
262103
262955
273579
279202
283487
285078
289548
301013
303699
308206
310165
315753
317032
331561
333869
335288
336159
336743
347700
348802
350737
351307
352990
356041
357778
359395
360298
365148
377670
378934
384629
387010
398061
400322
402688
407385
409155
413339
413515
414862
416974
422025
429966
433814
454122
465227
480783
482095
484918
499787
500030
502799
514070
521519
522670
539692
549311
549368
552245
555877
559179
559985
581989
585327
585962
596167
597881
602538
607939
608698
613087
629076
640522
650034
689838
691166
710215
719993
744855
757123
757599
772947
776180
779777
801328
819872
821428
830056
831528
833768
835603
842380
843392
859042
865392
866939
870479
872501
874505
874726
886151
886370
914715
916233
922703
942250
944337
954437
954477
954639
975165
977598
977729
997522
1006048
1007746
1029377
1034763
1035403
1036937
1047432
1051540
1054091
1056519
1065391
1068008
1072650
1074794
1078084
1085145
1094077
1095055
1096416
1097728
1110563
1113421
1123144
1129829
1130273
1146459
1149124
1152603
1153944
1156452
1157476
1169568
1177316
1180900
1187734
1201332
1207492
1209529
1225514
1228236
1265249
1325769
1332865
1332975
1333083
1336395
1339967
1350095
1366361
1368322
1368810
1369502
1373118
1382548
1397805
1419548
1440338
1445832
1466341
1470788
1477035
1479629
1484501
1493839
1499307
1505047
1507511
1525891
1532979
1535900
1546064
1550028
1550107
1551721
1564659
1571432
1571790
1573031
1577870
1582216
1593617
1628172
1628933
1634403
1638457
1642155
1657358
1659295
1661700
1672546
1682811
1683427
1709978
1720757
1725046
1734019
1737201
1753661
1796237
1814117
1817377
1857240
1873720
1877530
1899896
1906994
1913306
1938174
1952070
1972562
1975098
2022582
2050286
2142876
2143966
2175706
2183326
2186258
2204776
2215016
2238228
2245678
2265316
2277818
2278742
2285330
2317890
2326146
2332348
2334606
2350152
2364434
2380600
2394508
2418980
2438036
2450842
2453590
2459406
2465208
2497824
2631490
2636336
2661640
2665106
2707220
2707254
2722854
2723410
2724988
2728092
2756024
2757018
2777970
2783282
2785044
2795598
2798750
2815594
2827104
2840952
2845120
2864498
2871618
2940804
2944724
2947282
2951684
2955500
2955762
2965588
2980538
2981972
2996546
3008740
3016297
3018337
3025588
3032388
3032431
3039342
3044312
3049907
3050151
3076087
3081569
3092638
3095369
3119206
3120354
3150783
3153572
3168506
3168954
3172664
3183705
3185808
3188441
3219308
3229232
3235457
3236402
3373881
3389051
3421821
3505851
3664281
3814771
3846811
3885971
4045281
4098391
4132931
4160301
4192791
4201171
4412651
4492701
4696141
4730761
4745831
4808241
4873751
5045391
5060171
5529721
5580171
5591871
5658921
5742861
6002901
6009441
6029801
6065611
6243431
6286601
6299361
6314531
6455781
6490561
6499981
6604351
6772891
6864881
7134721
7192801
7540461
7550111
7552111
7573251
7676931
7748681
8188801
8390941
8431361
8435681
8504761
8507811
8697461
8768181
9035721
9088911
9117261
9158771
9213121
9634281
10021891
10148881
10154631
10238631
10256221
10400551
10559921
10694991
10706731
10778991
10887981
11221671
11406731
11429171
11621411
11743551
11753871
11967091
12064581
12111721
12128141
12441941
12471661
12627461
12660841
12678671
13797691
13825821
13961201
13999431
14028151
14030851
14046131
14094211
14350631
14392951
14496021
14505171
14596871
14634791
14658981
14690121
14731311
14774231
14950211
15407291
15536480
15563217
15578934
15583523
15602343
15640419
15640799
15642790
15652765
15664203
15669026
15671315
15681438
15689438
15692059
15692825
15706969
15724439
15729279
15782834
15794711
15813874
15815463
15838692
15839074
15843165
15962880
15972138
16002278
16010326
16021705
16028388
16030160
16031067
16031174
16058992
16072171
16095319
16096191
16096781
16105336
16107040
16113739
16117522
16118909
16119220
16126190
16137460
16142767
16143588
16158500
16167469
16168205
16169562
16208723
16215782
16338631
16360258
16381924
16389685
16396624
16424818
16430257
16445740
16457329
16525237
16735069
16980046
17358418
17422792
17912113
19759069
20166991
20172814
20181448
20197342
20328433
20329657
20390872
20426323
20485318
20508721
20724031
20810700
21463242
21541878
21910489
23062501
23163521
23179751
23990212
24059182
24655228
25255773
25430138
27084274
27093694
27098080
27128602
27175597
27233215
27379201
27449548
27455299
27508093
27512458
27544747
27547765
27558586
27633784
27645211
27653518
27719479
27753742
27784066
27796492
27831985
27871383
27888568
27913213
27928491
27960782
27963844
27965453
27970421
29004482
29015623
29015921
29031983
29047613
29094601
29106706
29127118
29131195
29143388
29145300
29153220
29158526
29161484
29174536
29192125
29215143
29216657
29217144
29233692
29237731
29241296
29258890
29260625
29280587
29290600
29304691
29307419
29317550
29320901
29452277
29501552
29503023
29510385
29511020
29522105
29546835
29554701
29561077
29562754
29564986
29572803
29576822
29589003
29606448
29638879
29665000
29777439
29822237
29876391
29889111
29992699
30004405
30008136
30010836
30117473
30148203
30151239
30157420
30161279
30167634
30177003
30183054
30229260
30239402
30311062
30317077
30318459
30333472
30348316
30398408
30405524
30410782
30415014
30417775
30418201
30440362
30484712
30498899
30501589
30529730
30539384
30547307
30558604
30580853
30595443
30664623
30693940
30696473
30733303
30736887
30748911
30764203
30767096
30790382
30813280
30816628
30828256
30829801
30832553
30917191
30959101
30991006
30997213
30999690
31020841
31026216
31082396
31083446
31140124
31172140
31173901
31200253
31205188
31209204
31222247
31248009
31255056
31265061
31278864
31299947
31301541
31317053
31318660
31344042
31350064
31409774
31432310
31443615
31451167
31472106
31484816
31512952
31525614
31539488
31546437
31548792
31550854
31560489
31560932
31561300
31562293
31594832
31623338
31644399
31655175
31668659
31668995
31671909
31675925
31677098
31696042
31727017
31729428
31738109
31766278
31773402
31775119
31792308
31799136
31821114
31845415
31847896
31848466
31849635
31866024
31875275
31881503
31887466
31889343
31898212
31923832
31948211
31953324
31986394
31995113
32001709
32004730
32024954
32041576
32043445
32046340
32094030
32124275
32133313
32134702
32143743
32145062
32155331
32166941
32209267
32217369
32257183
32262262
32268420
32272739
32276559
32300368
32311835
32322000
32351136
32377365
32389649
32390437
32398776
32409467
32430037
32444603
32451867
32460313
32493978
32496812
32554504
32560799
32586215
32594680
32613627
32625132
32638739
32676884
32695661
32724775
32747296
32747470
32753354
32775926
32780609
32787535
32826499
32840141
32842748
32844866
32967860
32968312
33012343
33025815
33028937
33047655
33052341
33071087
33072830
33076938
33106804
33119158
33132170
33150483
33168800
33178978
33194995
33196227
33202385
33232042
33251267
33258697
33263363
33270605
33281917
33292108
33292729
33298365
33306221
33326012
33326226
33430228
33500130
33520429
33548178
33551183
33551478
33591923
33599119
33604028
33612690
33681928
33718512
33719054
33721731
33721921
33741778
33786471
33796498
33825128
33825222
33842382
33863649
33864894
33868748
33881883
33901525
33925822
33949096
33952657
33958611
33967482
33982731
34032473
34039531
34042846
34059576
34093276
34093885
34094382
34108609
34149952
34161633
34168714
34176815
34200672
34232185
34234467
34256015
34257005
34257982
34268940
34277316
34288861
34295100
34306039
34315915
34341137
34374004
34387564
34397644
34466402
34495402
34523965
34533100
34538235
34595388
34638196
34651665
34679413
34714895
34723667
34730060
34741193
34767125
34775282
34781901
34793938
34803208
34809043
34833265
34844519
34850744
34853053
34854332
34857022
34867697
34903603
34904085
34913960
34918700
34931272
34934517
34937707
34979354
35008493
35021150
35079820
35087560
35089787
35097759
35106960
35149276
35155714
35180320
35182649
35191439
35203942
35208418
35241545
35269860
35285210
35292835
35300210
35308276
35309271
35315526
35326018
35335185
35355802
35356466
35369242
35388257
35388899
35397485
35401695
35407403
35417620
35433107
35455246
35480995
35491226
35491402
35495855
35511833
35535568
35537195
35547039
35561457
35580368
35586471
35587017
35593526
35599985
35613147
35615409
35617157
35621769
35639143
35648534
35652424
35654053
35664865
35704433
35710369
35732350
35733175
35737067
35743226
35752657
35829902
35889893
35917667
35935521
35949017
35959134
35960520
35986072
36042986
36058595
36075581
36078619
36094392
36139558
36141184
36166399
36167527
36174042
36174982
36214250
36226883
36247416
36249297
36253880
36261291
36263417
36266626
36269131
36271156
36295327
36296257
36304422
36310347
36322417
36324075
36351847
36353300
36358059
36359674
36370538
36402740
36403327
36405493
36437426
36442947
36468700
36471897
36485470
36488471
36510286
36515417
36523759
36549384
36561605
36566001
36575021
36606574
36610427
36614161
36614252
36633944
36644610
36645695
36655669
36656233
36660866
36666664
36682596
36691814
36709336
36719945
36728204
36745623
36749107
36772578
36776850
36783052
36783488
36792136
36804885
36808298
36809558
36818350
36842649
36851315
36901530
36919501
36938953
36954591
36957144
36958431
36964504
36987314
37005980
37028700
37036907
37048405
37054012
37054638
37055960
37058800
37061663
37061920
37075133
37094341
37117582
37118891
37119843
37150861
37182175
37201219
37204315
37218092
37220460
37243017
37251405
37265435
37274107
37282818
37290276
37350959
37351554
37416830
37423790
37425820
37452480
37456975
37459452
37467782
37473305
37499351
37506961
37541334
37545704
37546190
37550336
37576455
37590878
37594761
37619643
37623667
37638400
37641573
37642160
37656045
37656844
37663535
37679141
37702448
37727011
37748639
37754298
37754847
37756277
37780436
37788492
37800615
37839092
37840647
37848382
37885530
37927004
37934324
37937293
37941413
37959406
37971440
37974305
37978482
37987387
38000457
38007210
38071820
38095687
38098591
38098784
38099266
38127417
38128193
38139013
38139462
38141639
38160228
38170035
38181860
38188989
38193560
38199182
38218070
38218223
38219088
38239400
38252875
38354906
38363849
38384906
38468690
38474152
38493267
38495580
38500832
38535689
38538968
38541316
38565443
38594007
38614688
38648240
38651345
38691360
38745652
38832414
38874523
38878809
38898679
38910283
38912949
38921637
38927846
38950785
39006234
39007267
39012655
39022392
39072259
39100607
39102040
39117598
39118454
39125648
39147621
39240572
39249006
39290158
39304397
39310677
39336136
39337082
39354233
39369587
39397094
39415497
39416276
39458546
39480855
39535400
39608793
39648620
39662668
39672592
39686820
39692612
39692938
39694044
39738930
39830960
39853044
39859222
39878705
39908880
39946181
39999839
40024934
40052369
40095988
40140241
40157713
40167219
40259481
40308083
40328496
40376269
40390485
40421756
40436877
40448993
40479611
40553349
40638943
40671917
40703326
40704817
40714247
40735688
40784818
40818502
40877485
40902096
40906817
40940986
40954605
41009807
41018492
41023720
41072746
41073123
41099736
41141990
41156259
41177783
41212169
41225405
41234612
41286185
41350753
41351953
41378777
41381311
41406399
41441868
41503642
41512928
41527614
41547182
41548895
41550007
41569682
41572814
41578923
41582800
41583566
41591751
41600761
41622579
41661858
41664456
41670506
41689901
41730539
41818793
41819191
41834390
41835338
41836843
41850586
41852820
41856164
41864342
41939084
41961853
41994884
42024609
42030580
42032081
42065313
42073577
42128285
42129151
42150444
42157258
42162600
42177082
42196207
42200942
42213061
42273696
42356176
42393610
42405041
42440304
42462899
42523339
42581711
42582992
42584673
42586385
42592435
42640321
42653951
42698273
42698420
42743174
42775176
42789606
42793749
42804788
42811248
42815971
42832604
42847742
42880064
42914761
42921384
42936594
43016837
43021651
43038019
43055636
43057309
43076820
43078019
43104337
43119832
43124732
43140368
43158835
43242287
43255882
43276504
43343712
43343894
43376737
43383305
43383880
43460079
43475153
43480018
43494458
43519671
43566415
43582570
43593549
43609102
43609908
43618296
43642690
43734740
43740077
43762870
43767882
43797771
43826560
43837163
43840381
43853811
43869336
43872832
43887655
43917731
43923609
43959310
43959437
43962411
44002156
44003248
44007420
44011738
44022426
44022837
44041496
44070277
44092278
44159847
44162363
44182551
44183353
44192326
44204975
44214452
44222116
44231662
44235508
44238567
44262970
44265267
44269315
44311010
44331207
44404715
44404929
44412070
44412078
44430385
44433601
44434001
44459233
44463377
44477045
44509699
44512232
44515368
44519117
44531047
44536810
44545745
44549923
44571152
44572569
44599867
44606767
44625354
44648586
44648671
44686463
44729966
44771015
44773477
44775968
44789299
44794289
44802443
44803791
44840924
44856875
44901037
44919928
44932393
44935421
44955433
44957853
44958803
44959195
44967214
44974512
44977762
44990668
45002324
45007213
45007394
45030226
45033057
45035141
45039590
45075598
45075620
45082986
45092208
45107432
45107850
45113964
45132026
45140431
45149149
45158155
45184352
45187408
45210371
45214309
45216534
45219585
45220524
45225367
45244068
45244552
45246820
45253219
45259581
45262319
45266118
45266183
45274314
45288716
45297853
45305081
45313886
45316213
45340221
45340437
45343032
45348917
45365492
45380219
45383979
45415153
45422707
45424770
45445068
45462678
45474068
45482123
45484559
45510587
45512591
45513062
45516540
45523925
45531017
45537743
45543273
45552245
45558296
45565857
45573792
45576194
45587754
45589383
45614074
45622192
45639746
45640833
45645420
45663081
45671028
45692734
45709874
45712160
45715796
45716048
45724109
45738376
45741227
45754438
45760437
45771715
45780702
45785289
45787273
45789566
45794456
45817836
45818068
45832337
45847721
45856997
45878207
45896058
45908079
45912388
45917637
45939372
45974842
45980047
45986214
46004899
46005337
46027645
46034804
46045651
46045898
46049570
46060844
46067854
46073206
46073372
46073472
46085782
46089001
46091660
46095288
46096298
46099706
46121289
46122048
46134061
46136499
46137025
46139438
46173759
46199386
46312370
46424470
46429479
46463231
46465268
46476068
46504632
46507888
46529241
46529348
46529364
46529377
46529386
46529404
46529418
46529463
46529570
46611537
46622536
46627340
46659603
47327363
47335552
47335870
47427344
47516881
