45968710
47752135
14382921
46473934
47900761
47267180
46345088
37864378
47955473
44011125
36413583
149574
37546190
5292291
47698924
1430045
833768
36748465
47427344
44070277
30161279
32561562
1701337
32653535
3049907
47468131
37736681
31781162
47417343
3020399
30136276
46477152
44599867
38215952
41576793
47378292
20163121
47335870
30283038
46687273
41359295
47223195
16652077
47188455
47144878
15596225
43956641
37590878
885936
31843159
12204791
35959134
33667720
46487027
40388727
46970212
34664661
46133173
596167
40903138
38535689
33012343
39672592
46719510
35600879
46012061
32685060
45780548
40755081
46907305
37183393
16692985
1443249
46879905
29931219
44433601
46770543
34656089
31759977
38504120
38254966
2831258
6906571
34288861
46760637
31641561
38538968
46734922
44165505
45113964
31140147
45865577
954639
33564612
36954591
16050617
43044654
30281112
33298365
46153013
34306039
46513151
46186765
1923328
46001613
2864498
36863105
43376737
46494637
514070
46460529
44412070
29541566
46422871
37951232
40997679
38273490
36509586
34884676
42537305
41871077
45820839
40101476
45830718
40344160
46006290
45450183
35654053
1085145
42297858
45184976
44851715
13825821
46315435
43712100
46314871
40144312
37321660
37177606
744855
45479614
45391268
42494820
44459233
45876116
16030160
5216031
347700
45817609
46133800
41018492
30229260
1477035
37425820
45908079
37114482
16288024
36783488
4132931
33132170
41856164
1564659
45838881
502799
30664623
35241545
36614161
45762505
33292729
45739812
31766278
45721209
31887466
42586385
30007773
1895100
44775968
34039531
33455400
39243483
38001692
42847742
2269306
1470788
37497003
32638739
42162600
36995972
37201219
44648586
45426859
44492436
45426599
39539062
1535900
42200942
41283546
23179751
33061919
29638879
44283738
45373191
20328433
45343032
42584673
31313419
45316213
15587234
29317550
44007420
35803299
33258697
34387564
33052341
41023720
904061
31432310
35586471
44531047
36682596
37054012
45306119
39914632
32747470
34867697
39969276
43734740
39876830
1146459
41834161
44838960
40304817
42177082
2238228
44572569
45205992
11096711
45184352
39033410
45183409
45179345
44114714
15623990
42698273
42213061
44416407
37964412
45109725
37061663
40735688
15231521
37413241
45107850
40328496
36410518
34176815
16028388
44077883
1200306
6299361
976952
44002493
34595388
15640419
1873720
43021651
45025690
32133313
36370607
2873236
41864342
39255036
2785044
45076958
37788492
36058595
954437
45043488
917635
11893211
45032157
2815434
31102366
44442114
44719985
38095687
37555494
2723410
193832
34297224
15671315
43624441
44235508
44894326
15420311
44225465
119376
41583566
31248009
771064
30748911
31172140
14658981
38287187
43686943
35192754
29004482
40818502
38594007
41303431
1634403
33565098
38630457
39877621
36145887
44782872
336159
7784011
39889644
29502606
36663285
843392
2365508
38633776
31988181
44182551
29815920
32444603
34654025
34757059
43016837
4581761
40479611
37937293
20529232
440114
41907946
446529
34354588
36726098
39057966
32155331
36496295
40689661
2942492
37051018
44418143
44356983
35585026
35290150
15815877
36520165
33433912
1000408
35300210
33885536
35757014
36660866
39592726
289548
8127411
41170699
11967091
20172814
44862282
1171095
29015921
34844519
33046825
15583108
42279793
11798
350737
28137
34856429
37292467
34753512
41689901
3140811
37100183
33359260
10441301
35580368
33811255
43493677
31525614
35008493
36050
13797691
559985
33015800
35787021
20505799
1877530
35180320
31172637
