11
13
15
17
19
20
21
22
23
24
25
26
27
28
29
30
31
32
33
34
35
36
37
38
39
41
45
46
47
48
49
50
51
52
53
54
57
58
59
60
61
62
63
65
66
67
68
69
70
71
72
73
74
75
76
77
85
90
93
94
96
97
99
105
106
107
111
112
114
125
136
138
141
154
159
162
163
164
165
169
171
179
191
193
199
206
207
212
217
220
238
260
262
267
270
272
287
294
297
298
300
315
377
378
389
390
396
397
404
405
406
417
421
423
431
439
443
445
449
451
459
465
466
467
470
481
508
526
537
540
549
550
553
556
557
559
564
569
570
591
595
601
610
611
619
627
635
686
688
692
698
699
737
738
743
769
773
776
779
787
790
791
799
803
810
811
817
820
823
824
827
832
852
854
864
870
872
877
885
886
894
897
905
906
910
912
916
920
927
929
931
940
941
947
965
975
992
996
999
1004
1011
1048
1057
1063
1067
1074
1082
1094
1096
1103
1111
1121
1125
1131
1140
1157
1161
1163
1176
1180
1182
1186
1198
1204
1208
1220
1230
1234
1258
1262
1266
1270
1277
1292
1304
1309
1321
1331
1341
1345
1358
1359
1360
1366
1372
1373
1374
1380
1396
1405
1417
1446
1503
1508
1516
1526
1544
1548
1564
1576
1584
1605
1606
1608
1634
1636
1698
1703
1711
1721
1726
1731
1735
1751
1783
1784
1836
1878
1884
1929
1932
1941
1957
1992
1994
1996
1997
2004
2007
2008
2010
2072
2090
2094
2125
2134
2137
2142
2149
2157
2167
2179
2250
2265
2267
2284
2290
2291
2303
2378
2385
2390
2392
2468
2530
2538
2548
2549
2577
2578
2601
2611
2686
2705
2749
2759
2773
2775
2778
2789
2795
2806
2820
2833
2844
2859
2864
2869
2879
2922
2989
2997
3017
3021
3024
3061
3077
3103
3109
3131
3146
3200
3219
3240
3255
3263
3264
3341
3343
3350
3353
3356
3372
3440
3444
3483
3520
3583
3660
3789
3867
3919
3924
3952
3971
3991
4007
4557
4753
4855
4924
4943
5003
5042
5054
5077
5216
5286
5288
5349
5396
5425
5486
5678
5807
5823
5829
5844
5962
5968
5995
6031
6036
6039
6083
6086
6128
6149
6165
6214
6221
6281
6289
6312
6331
6387
6392
6403
6452
6508
6519
6542
6556
6584
6588
6622
6640
6649
6657
6679
6686
6695
6706
6719
6735
6781
6789
6796
6838
6840
6857
6859
6861
6862
6884
6890
6910
6922
6928
6951
7012
7028
7033
7049
7052
7064
7075
7078
7087
7116
7159
7182
7185
7323
7362
7364
7372
7375
7415
7480
7497
7627
7701
7711
7760
7820
7832
7877
7896
7913
7918
8121
8135
8161
8166
8242
8267
8326
8412
8433
8438
8509
8519
8533
8562
8587
8626
8632
8648
8684
8724
8787
8877
8885
8924
9082
9115
9134
9240
9267
9279
9307
9472
9543
9550
9611
9658
9701
9712
9785
9857
9875
9878
9891
9924
9939
9942
10004
10074
10081
10094
10129
10151
10271
10307
10370
10377
10466
10469
10483
10487
10493
10500
10520
10545
10575
10611
10703
10793
10859
10881
10911
10912
10956
10976
11029
11101
11139
11151
11220
11240
11295
11301
11309
11322
11341
11422
11423
11440
11455
11488
11515
11533
11560
11584
11604
11641
11658
11670
11760
11798
11799
11822
11830
11834
11876
11949
11960
11977
11999
12008
12062
12097
12100
12148
12176
12338
12351
12394
12399
12401
12410
12424
12445
12485
12554
12574
12605
12693
12791
12793
12802
12851
12880
12924
12930
12931
12991
13003
13054
13057
13083
13085
13128
13161
13169
13255
13272
13291
13335
13380
13401
13440
13446
13481
13519
13524
13535
13590
13594
13641
13700
13708
13792
13821
13849
13855
13874
13877
13903
13924
13941
13979
14111
14115
14190
14301
14357
14507
14514
14537
14769
14785
14833
14976
14991
15124
15263
15376
15382
15383
15390
15404
15414
15418
15419
15432
15450
15517
15520
15542
15544
15574
15695
15704
15727
15758
15759
15760
15772
15877
15901
15938
15979
16006
16079
16102
16128
16229
16347
16437
16610
16623
16647
16688
16792
16811
16863
16892
16938
17014
17038
17069
17102
17128
17166
17243
17246
17247
17321
17341
17360
17446
17599
17632
17651
17665
17668
17700
17735
17770
17783
17833
17875
17896
17910
17916
17920
17924
17945
17962
17976
18069
18074
18089
18128
18153
18206
18288
18297
18319
18326
18336
18442
18443
18617
18635
18641
18653
18690
18698
18896
18910
18921
19002
19021
19022
19023
19041
19065
19107
19257
19297
19299
19359
19412
19437
19456
19572
19582
19746
19773
19783
19957
19994
20010
20064
20099
20262
20662
21335
21672
23455
24392
25797
26105
26625
27679
28137
28363
30187
30898
31517
32552
33449
34844
36050
37096
37102
37632
38566
39494
39743
40530
40720
41262
41276
41724
41836
42531
42616
42819
42931
43073
43375
43669
43925
44218
44897
44912
45230
48946
49600
49702
49884
50802
50974
51268
52179
52754
53111
54202
58007
60627
62697
63170
63399
63431
63647
63935
63959
64016
65062
65177
66849
67716
68262
68316
70404
73306
73744
74133
75898
76044
76145
76717
76773
76934
77019
77617
78139
78184
78422
78433
79242
79361
80667
81747
83166
83626
83651
85307
85536
86038
88612
88824
90062
90796
91145
92181
93248
93640
95476
95502
96591
102527
102929
105534
106753
108478
108944
109049
109390
109672
111081
112155
112525
112629
113003
114259
115791
115914
116058
116060
117520
117762
118123
118569
118713
119376
120522
121030
121653
122012
122453
122801
123022
123499
123840
124786
124867
124891
125409
126100
126299
126300
126356
126965
127978
128606
128693
128988
129199
129329
129930
130444
131010
131074
132010
132527
132796
133751
133971
135029
135120
136156
136170
136474
136864
136971
137713
137883
139585
139713
139776
142017
142455
142862
143381
143486
143648
143841
143861
144055
144725
144735
145958
146901
147035
147825
147854
149070
149826
149886
150792
151503
151718
151922
152025
152155
153989
154065
154343
154392
154448
155881
157020
157196
157312
157357
157685
157910
158177
158370
161303
161326
162675
162750
163171
164577
165000
165191
165241
166380
167063
167705
168480
169492
170354
173554
175863
176028
177483
178291
180098
180523
180604
181052
181072
181124
181862
182025
182439
183485
184938
185739
185778
186033
188532
188773
188777
190168
190795
191083
191158
191416
191777
191944
192034
192151
192436
192876
193832
194278
194365
195008
195104
196143
196279
197661
198203
198378
200776
201114
202211
202841
203258
204074
204446
205639
207999
208238
209357
210025
210400
211638
212158
213198
214196
214416
214723
214874
214942
215617
216011
218232
218373
219392
219504
219610
221138
223657
224686
224690
225630
226186
227859
227988
228748
229862
230627
230737
232353
232586
233301
233871
234128
234297
235418
235720
236696
236838
237161
237544
237605
237608
239222
239890
240316
240427
241829
242696
243072
243780
245554
245725
245884
246375
247118
249796
250670
251442
252868
253450
253770
253940
256666
257393
258235
258442
260869
261252
261840
262103
262155
262763
262797
263908
265395
265643
265732
266360
266769
266915
267633
267648
268813
269061
273217
273437
276141
276167
278778
278840
278845
279202
280623
280749
282196
282534
283782
285078
285602
286325
286457
288198
288258
289548
290232
290852
291249
291769
294573
295151
295960
296816
298967
299430
301013
303699
304985
305472
305834
305838
305842
306743
307456
307840
307850
309398
309977
310223
310232
310368
310577
310796
311546
311770
312469
314293
314317
314426
315089
315870
317105
317406
317705
318023
318559
318699
318884
319009
319533
319880
320158
321102
322504
323374
323708
326443
326672
327814
328399
328626
328842
329074
329417
329875
330131
330617
330687
330732
331900
332062
333058
333541
334447
334993
335288
335556
336159
337426
337483
337504
337687
337776
337876
338236
338803
339390
340553
341071
345634
346205
347700
347839
348465
348802
348832
349466
349648
350731
350737
350850
351192
351243
352886
352990
353044
353810
353942
353988
354976
355698
355980
356041
357204
357237
357391
357778
358689
358730
358978
359395
360050
360472
360688
360832
361091
361339
361367
362122
362835
363205
363838
364345
364507
364707
365418
365557
365813
366280
368046
372052
372385
372677
372686
372916
373095
373442
373905
376663
376700
377333
377670
377897
377951
378071
378152
379478
380002
380154
381590
381826
382119
383415
383453
384629
385838
386766
387472
388521
390411
391423
392077
392448
393577
393592
394360
394814
396108
399175
401173
401716
401743
402688
403058
405373
406610
406857
407058
407385
408654
408993
409155
409948
410575
412901
412971
413470
413805
414972
416974
417826
419938
420723
420967
422167
422550
422836
423574
423599
423866
423967
424806
424877
425611
427127
427316
427870
427958
428903
429966
434713
435383
436913
437277
437628
437713
438297
439712
440114
442618
443387
444878
445696
446295
447444
448086
448801
448905
449052
449062
449119
449307
450485
452375
453308
453899
454122
455608
456957
457412
458204
458271
458982
459610
459808
459950
461128
461224
463601
464328
465105
465227
467773
469051
469184
470053
470347
472185
472852
473133
473810
474670
475029
475425
475697
475774
475864
475962
476092
476280
476766
477713
478554
478879
479472
479987
480654
480783
480963
482095
484605
485079
486243
486943
487203
488513
488717
489335
490152
491904
492958
494025
494835
495080
495378
496838
497208
497997
498897
498916
499787
500030
500476
501524
502329
502382
502799
502925
503215
503527
505735
507057
507749
507755
509572
510511
510730
511876
511897
514018
514070
515447
515511
515865
517072
519557
520268
521101
522830
523089
523974
524125
524718
525548
529642
530469
530925
531252
531269
531517
531655
532067
532582
533150
535550
536802
537061
538043
538859
540017
540439
541246
541632
541694
541786
545793
546312
547694
548999
549119
549311
549368
551083
551326
552575
555518
555877
557390
558463
559985
560286
560401
561444
562537
562927
564812
566613
566724
568655
569094
570713
571983
572333
572944
573227
574054
574386
574593
574689
576062
577462
578177
579403
580544
582835
585327
585769
585962
586895
587558
587861
588088
589574
589864
589941
590190
590289
590561
591903
594405
594712
594759
594975
595215
596167
597355
597763
597765
597881
599377
600355
600753
601528
601603
602298
602888
605070
606288
611709
612975
613087
614316
614692
614988
615562
616572
616737
617085
617132
617637
618374
619151
620403
620710
625393
627356
628796
628860
628898
629076
629097
630296
632692
633262
633539
633604
637781
637796
639822
640368
641482
643863
644060
645116
645654
650034
652340
653620
655533
655588
656074
657627
657789
658145
659560
659933
663461
663682
667915
671187
672965
673376
674538
674578
674582
675439
675858
676192
676572
677190
677679
679796
682400
682907
683942
686173
689762
690071
690305
691416
694774
695395
695919
696792
697193
697526
698395
699702
702319
703836
706168
706303
706409
707093
708420
708838
709006
710215
711003
711157
713694
713850
713883
715756
715883
715925
716805
716927
718047
718434
719993
721343
722567
725204
725247
725522
729693
731063
732714
732888
734394
736591
737174
737186
737660
737707
741879
744855
747359
747675
749226
751677
752092
752175
754642
754704
755052
756952
757123
757420
757599
757801
758065
758532
759362
759365
759700
759798
761395
761552
764283
765760
766330
766777
770081
771064
772230
773529
774335
774340
774896
775272
776006
776524
776676
776753
776919
780475
780635
781176
783268
784909
785205
785703
785711
785764
786242
787582
787652
789129
789336
789605
790656
792456
793841
794505
794923
795597
796524
798850
802735
804404
806305
806722
809437
809555
810427
811513
814974
817391
818278
819531
819604
819730
820287
822635
823020
824923
825239
825349
825833
826460
829690
830476
831279
831670
832357
833009
833479
833575
833768
834018
834945
836021
837162
838562
840659
841623
841653
842198
842380
842663
843392
844045
844785
845595
849465
850987
851545
852015
852214
853172
854238
854738
854982
856151
857179
859482
860145
860924
862079
864262
864315
864853
864952
866402
867501
868232
870203
871809
873495
874631
875716
878108
878212
879982
882367
884061
884089
885171
885616
885936
886367
886370
887471
888613
889383
890096
890293
891455
891838
892535
892688
892994
893819
894150
894409
895099
897175
897511
899089
900252
900791
901691
903359
904061
905848
906620
907173
907669
908146
908370
909382
909757
910783
911860
913302
914236
914335
914546
916071
916754
917547
917635
920292
920716
921409
921674
921766
922371
922681
923360
926093
926819
926935
927455
928632
929531
930744
934630
935133
935189
935615
938686
939520
940263
940291
940412
941387
941656
943263
944133
944337
944555
945466
945798
946283
946296
947142
947424
948050
950759
951894
952584
953138
954056
954437
954477
954639
956199
956295
957979
959155
962530
962674
963005
967620
969202
969226
970814
971576
976580
976952
977457
977598
977729
979013
979085
981378
982280
982925
983142
984532
985457
985567
985984
986804
986818
988833
989043
989374
989391
990863
991182
992712
992829
993088
995968
996167
997522
998536
998717
999249
1000103
1000237
1004621
1005497
1006048
1007746
1008866
1009459
1010350
1013108
1015584
1017514
1019880
1020055
1021014
1021190
1022228
1025367
1027147
1027965
1028377
1029280
1029377
1029718
1029981
1030937
1031229
1032181
1032849
1033820
1034021
1035163
1035403
1036937
1037158
1041748
1042799
1042878
1043127
1045430
1045516
1046249
1047432
1050638
1051286
1053874
1053903
1054091
1054168
1054904
1055774
1055997
1056108
1056585
1057810
1057820
1058244
1059466
1060403
1061602
1063557
1065391
1066611
1067318
1067922
1068008
1068417
1068500
1070135
1070510
1071964
1072075
1072432
1078333
1078934
1080527
1082526
1084014
1084717
1085145
1085630
1085669
1085911
1087673
1088210
1088701
1089217
1090005
1091066
1091744
1092002
1093526
1095655
1096179
1096416
1096693
1100217
1100340
1101828
1103382
1103520
1104029
1105292
1105728
1106606
1107670
1108551
1109104
1109591
1110713
1112793
1113421
1114032
1115219
1116176
1116567
1117022
1117209
1118118
1119273
1119955
1120847
1121205
1123205
1126892
1126903
1127355
1129624
1130273
1130538
1131571
1132060
1132278
1132580
1134513
1136300
1137769
1139569
1141548
1141634
1143029
1144379
1145319
1146169
1146459
1149124
1152582
1152749
1153320
1156223
1157476
1163639
1163954
1165533
1165998
1167248
1169153
1169354
1169395
1170223
1170258
1171095
1172857
1174289
1175641
1176411
1179102
1180076
1180495
1181204
1183268
1183299
1183471
1184897
1187496
1187734
1189449
1189943
1190195
1191033
1192331
1192592
1193922
1193985
1194427
1195626
1200090
1200181
1200306
1205213
1207725
1208410
1209529
1210730
1213141
1213686
1214648
1214792
1216890
1217645
1220861
1222804
1223073
1223928
1223992
1224902
1225058
1225063
1225514
1225891
1227450
1227675
1228236
1231120
1231917
1233368
1234354
1234446
1235208
1236224
1236698
1236787
1238200
1238261
1239397
1242418
1243127
1244508
1245109
1245684
1249010
1249292
1250848
1252630
1254215
1254662
1254889
1255710
1258079
1258291
1258884
1261895
1265587
1265975
1268242
1268431
1270419
1272353
1276825
1277025
1281687
1282729
1284048
1285366
1287431
1289194
1289921
1289961
1290001
1291683
1292460
1292881
1294039
1294150
1294598
1294791
1295513
1297522
1300785
1300856
1300899
1305924
1306115
1306730
1307769
1308099
1308444
1308611
1308678
1310439
1313445
1314451
1314686
1315436
1318353
1320516
1322549
1323605
1329746
1331255
1331920
1332384
1332438
1332879
1332975
1333207
1333561
1335045
1335163
1336395
1339834
1339939
1340482
1341003
1341554
1343436
1343591
1343620
1346216
1346677
1348093
1348603
1349101
1350095
1350412
1351590
1352224
1353364
1356040
1356774
1358488
1361544
1362766
1366361
1368322
1368810
1369502
1369509
1372174
1372992
1373118
1374057
1375285
1375382
1375404
1376234
1378523
1380144
1380738
1382207
1383446
1383726
1384598
1386880
1388397
1393791
1393872
1394220
1397526
1397545
1397686
1397805
1398925
1402570
1403021
1403881
1405154
1406545
1408502
1410170
1410566
1410639
1413120
1414889
1415685
1415702
1415941
1418107
1418566
1424931
1425574
1426151
1427075
1430045
1430848
1432118
1433568
1435323
1438458
1440338
1443249
1445564
1445832
1446315
1448502
1450387
1450750
1451388
1453548
1460367
1461746
1464103
1464388
1464484
1466341
1468863
1468936
1469040
1470788
1471513
1471611
1471893
1472628
1473720
1474010
1475448
1475778
1477035
1477155
1478550
1479957
1480870
1482263
1482603
1483625
1486540
1487435
1487932
1488559
1493726
1496505
1501254
1504814
1504998
1505047
1507414
1509512
1509537
1510906
1512786
1512985
1515834
1516280
1517850
1520586
1521589
1523551
1526086
1526984
1527373
1528362
1531386
1531949
1535900
1536227
1538870
1543189
1544512
1546064
1546069
1546084
1549534
1549697
1550028
1550619
1550912
1551367
1551721
1553550
1555140
1557713
1559251
1561952
1562345
1562952
1562989
1563881
1564659
1564688
1566428
1566809
1567032
1567820
1567930
1568443
1568539
1571790
1573239
1574834
1575169
1575757
1575779
1576794
1579047
1579424
1579781
1579966
1582216
1582949
1583002
1583225
1583782
1583948
1584313
1589279
1593100
1594397
1594671
1594950
1598559
1600110
1600243
1601824
1603744
1605053
1606126
1607917
1609467
1610857
1610948
1612850
1613020
1614421
1614749
1619557
1619907
1620752
1621299
1622774
1624504
1627348
1628437
1628933
1629079
1630592
1633529
1634403
1638457
1641103
1642310
1642839
1644849
1646553
1646868
1647870
1648406
1651057
1653000
1653501
1656182
1656484
1660111
1661083
1661700
1662024
1662332
1662681
1668193
1671511
1671603
1672026
1672546
1673533
1673568
1676258
1677722
1677987
1678458
1680354
1681501
1683427
1684998
1686140
1686155
1686524
1686581
1687227
1688335
1688338
1688622
1692185
1694321
1695629
1695861
1696071
1696371
1697345
1698106
1699234
1699660
1700916
1703560
1704273
1705031
1705159
1705822
1706767
1708423
1712469
1712599
1713548
1714303
1716546
1716621
1717221
1717488
1718564
1718985
1719692
1720935
1722952
1723185
1723621
1724349
1725046
1725145
1727020
1727749
1728061
1728548
1729229
1729671
1730481
1730685
1731349
1734019
1735083
1737201
1737273
1744691
1748193
1755089
1757207
1767131
1767165
1776931
1779551
1780063
1781223
1781573
1781877
1782607
1784155
1784641
1787583
1787759
1787821
1789803
1791107
1791583
1792085
1794175
1794209
1795727
1797635
1800779
1801337
1801791
1807555
1815645
1816419
1817857
1819189
1820663
1824433
1829156
1832072
1834008
1836090
1840774
1849364
1849402
1851678
1853230
1854898
1855760
1855976
1857240
1857358
1858028
1859874
1861202
1865854
1869264
1871184
1871210
1871494
1873720
1875638
1877330
1877530
1883808
1884156
1884584
1885884
1887414
1889862
1891506
1892260
1892784
1893312
1895100
1898930
1899896
1901316
1906826
1907930
1908396
1910376
1910430
1910488
1914016
1917202
1917312
1918626
1921954
1923162
1923328
1923930
1924516
1925570
1929708
1929884
1930960
1932182
1932870
1935800
1936092
1938174
1938856
1940432
1941776
1944196
1948356
1948560
1951532
1956832
1956984
1958188
1959860
1962364
1964868
1966870
1975098
1976590
1977790
1980420
1990488
1993096
1993354
1993356
1998582
2002032
2002880
2003052
2008142
2009368
2010750
2015776
2018606
2020124
2020832
2021770
2024620
2025556
2026504
2029812
2033322
2034580
2035512
2038016
2038966
2040840
2040858
2042302
2043228
2043230
2044694
2045010
2048896
2050286
2051400
2052344
2056794
2057776
2057894
2061230
2064172
2064342
2066900
2066914
2071540
2071930
2072538
2072888
2075860
2078778
2082960
2084692
2086814
2087752
2088022
2088324
2088360
2090140
2090958
2097272
2098094
2099736
2101614
2103482
2108326
2111510
2116326
2118316
2118588
2118782
2124848
2127536
2128720
2132518
2136142
2137374
2140194
2141920
2141954
2142170
2142194
2143966
2144976
2145458
2146118
2146432
2147978
2149388
2149464
2150030
2153286
2156500
2157384
2162396
2163636
2164138
2164688
2167124
2168656
2170134
2173224
2173506
2174664
2175706
2178078
2178414
2178702
2182196
2182600
2186258
2188316
2189616
2194976
2197840
2199674
2203362
2203514
2205364
2209654
2211910
2211948
2215016
2215264
2219624
2224750
2226684
2227096
2227824
2230652
2232248
2233830
2234022
2234476
2234638
2238228
2241594
2243856
2245438
2248002
2249352
2250118
2254654
2257306
2259868
2261034
2264008
2267930
2268268
2268478
2268728
2268970
2270934
2273796
2286374
2288902
2291928
2293014
2294412
2295400
2295436
2297020
2298368
2299492
2302052
2302726
2311004
2311224
2311544
2317946
2319140
2320578
2323054
2327888
2329774
2330694
2332348
2332998
2337590
2337668
2339528
2350152
2350506
2353958
2355624
2355942
2364434
2365508
2366960
2371444
2371830
2372770
2375748
2389568
2393868
2394078
2394508
2408716
2418850
2418910
2424380
2438036
2450842
2452546
2457130
2457274
2459034
2459406
2465208
2482814
2495956
2514396
2517958
2522794
2531024
2531326
2534114
2534842
2534908
2536466
2538938
2545138
2550436
2553122
2560158
2564956
2566714
2567778
2568744
2570524
2571472
2574908
2581328
2593716
2597636
2600790
2614862
2616396
2630504
2631490
2634934
2636336
2645506
2648570
2651158
2651942
2661640
2662766
2676056
2678358
2679824
2688970
2689610
2695734
2698542
2698598
2700614
2703390
2704510
2707220
2707502
2709764
2710130
2713774
2715148
2716774
2717698
2721352
2721996
2722854
2723622
2729330
2730172
2734380
2738540
2742634
2756024
2760020
2760106
2784950
2785044
2790348
2808072
2808318
2810584
2811256
2815434
2816076
2816342
2817412
2825932
2827104
2827480
2830612
2831258
2841016
2845120
2845152
2852112
2861564
2864498
2872772
2882012
2899692
2908076
2920036
2927622
2935842
2942492
2944724
2954898
2960810
2965132
2967690
2969690
2974380
2981972
2995484
3001406
3014848
3016297
3018715
3020399
3021614
3022003
3022921
3025749
3028530
3032908
3033131
3034532
3039134
3041054
3049907
3050151
3055894
3055998
3056675
3057166
3057703
3061684
3062739
3064390
3064594
3065634
3066480
3072016
3075476
3076070
3077324
3084278
3085270
3088005
3088327
3092638
3095324
3095369
3105081
3109509
3115912
3118740
3119371
3120859
3126954
3129467
3134148
3139148
3140811
3143510
3144293
3148645
3153411
3157764
3162202
3163170
3166641
3166754
3168506
3168954
3170300
3178636
3182556
3183343
3183705
3188854
3190499
3191185
3198091
3222393
3226204
3226353
3232279
3234155
3235457
3235533
3309341
3309611
3373881
3407761
3494271
3505851
3536441
3557951
3561131
3565161
3636521
3710411
3726791
3846811
3860331
3877671
3899521
3905701
3931101
3969731
3989901
3991201
4023121
4040491
4045281
4064611
4098391
4100541
4121721
4132931
4150211
4171421
4180231
4189291
4196451
4206701
4223511
4255031
4419301
4557621
4581761
4614271
4615471
4694251
4730761
4787421
4873751
4895061
4937111
4981411
4993381
5048441
5129021
5154081
5216031
5287711
5313031
5316611
5377741
5406761
5416941
5502861
5570141
5617901
5643951
5658921
5677571
5815311
5865071
5879751
5889031
6004111
6034411
6035551
6059621
6086891
6234671
6299361
6319761
6422281
6425061
6486991
6490561
6495561
6499981
6569771
6586301
6604351
6679321
6695121
6699861
6769701
6796441
6808301
6829511
6851221
6880751
6894451
6906571
6947111
6982121
7011261
7115281
7166211
7170221
7184771
7202131
7221621
7273571
7294161
7406441
7432341
7540461
7550541
7593611
7602851
7652841
7659891
7676931
7687271
7708711
7778321
7778531
7784011
7799521
7828131
7853871
7870241
7876371
7916571
8014631
8020801
8031081
8040861
8048251
8060641
8112301
8127411
8188801
8307341
8312111
8314551
8329381
8425811
8431361
8507811
8599771
8604821
8669631
8697461
8746911
8762691
8768181
8801351
8806041
8829451
8892541
9006571
9018331
9035721
9093931
9099451
9117261
9213121
9234011
9267011
9268731
9321931
9333001
9347051
9347671
9417571
9497261
9560641
9565421
9631601
9632211
9679841
9919741
9961841
9965971
9983011
10148881
10151231
10256221
10380371
10490131
10559921
10684671
10694991
10700561
10706731
10729131
10778991
10887981
10927651
11183001
11188021
11221671
11229861
11258641
11277471
11304551
11305791
11383191
11390761
11395531
11427841
11508841
11514541
11604601
11609121
11613981
11614111
11744331
11839921
11967091
12095521
12128141
12222701
12342411
12386691
12440481
12467511
12471661
12633071
12649051
12660841
12693151
12701951
12711541
12711881
13672641
13797691
13825821
13862751
13943411
13959421
13999431
14013101
14046131
14079881
14094211
14099171
14162821
14220091
14261141
14317671
14341541
14379241
14440781
14483571
14496021
14634791
14658981
14774231
14788301
14859201
14866491
14906911
14927111
14934891
14938371
14962591
15035071
15060061
15102371
15165701
15231521
15238601
15386791
15392821
15420311
15449131
15516261
15538457
15542713
15543988
15552912
15557473
15559884
15578934
15580348
15582766
15583108
15587234
15594760
15594926
15596225
15602343
15610035
15623990
15634452
15640419
15640799
15652765
15657732
15660477
15671315
15674567
15682262
15688239
15694270
15700661
15706969
15707110
15707942
15709965
15710218
15717230
15720647
15722507
15726649
15729279
15734857
15742829
15743657
15745592
15752220
15754928
15761025
15767754
15770397
15774451
15777277
15783326
15783943
15785160
15794711
15795455
15796153
15797480
15798631
15805038
15806356
15809227
15812146
15812725
15814942
15816217
15829710
15837069
15839074
15839121
15907190
15929370
15938450
15943995
15969215
15987907
15988020
15990503
15991012
15994542
15996245
15996864
15997048
15998500
16002278
16004390
16027022
16028388
16030160
16031116
16036066
16039001
16050617
16059618
16060412
16060886
16064810
16068579
16069970
16072171
16074236
16075819
16080559
16083012
16089037
16091343
16095319
16099995
16101243
16103773
16113739
16123375
16126190
16128806
16131003
16138641
16141632
16143435
16145186
16151259
16156280
16158500
16164000
16169343
16174613
16180541
16195604
16198106
16215419
16217181
16218745
16222551
16231491
16232743
16239709
16257463
16285309
16295650
16323601
16356817
16373920
16424818
16432171
16434997
16457329
16464154
16486999
16488277
16499668
16517023
16518895
16536232
16575364
16610458
16630303
16658581
16662790
16686505
16687039
16695088
16700869
16705723
16729624
16755601
16764574
16768387
16772128
16792237
16798735
16802494
16805836
17358418
18032854
18720697
19255159
20150803
20163223
20169121
20172814
20201428
20210251
20244205
20305636
20312191
20314600
20326693
20328433
20329657
20347216
20362474
20366986
20390872
20391718
20421535
20436838
20449939
20456914
20466214
20505799
20508721
20537245
20555602
20558224
20558962
20561788
21175567
21484664
21614119
21637369
21662272
21859725
21915986
22268985
22647238
22696320
22798071
22814620
23233982
23964537
24059182
24148170
24202798
24207256
24232080
24250561
24257583
24281495
24294931
24328290
24328586
24387080
24402492
24451259
24507988
24510306
24522829
24531893
24577572
24655228
24728183
24817960
24920900
24928110
24980800
25086175
25162422
25172549
25392830
25444690
27055720
27106789
27109402
27122446
27122866
27123661
27138115
27140497
27174544
27175597
27215611
27225205
27233215
27239512
27246763
27257428
27259183
27262936
27281518
27298831
27318232
27320473
27332995
27341548
27356590
27357589
27362566
27377800
27380221
27433246
27436156
27453715
27476272
27502099
27504061
27510868
27514801
27547765
27548371
27550213
27554317
27558586
27604615
27616618
27645211
27646777
27647089
27651388
27654172
27664552
27672946
27693565
27706711
27741274
27750856
27753742
27756094
27757705
27784066
27794827
27799810
27802369
27817105
27818164
27818269
27819379
27823021
27836164
27866743
27871006
27871383
27876262
27878605
27879381
27883805
27884465
27885502
27887242
27902128
27902979
27903371
27908659
27913213
27937298
27937681
27940314
27942424
27946325
27957405
27962017
27962477
27963330
27966128
27968346
27970421
28006407
28094275
28138697
28193753
29000216
29004482
29012077
29015921
29022674
29027196
29029432
29031983
29047508
29047613
29049851
29051395
29055467
29057088
29065168
29065313
29066400
29071738
29072054
29082263
29099432
29099868
29101493
29106658
29112962
29113599
29119814
29126540
29127118
29127839
29131195
29137284
29141114
29143388
29145300
29145955
29148485
29154364
29164309
29165738
29169137
29170535
29200380
29226796
29237731
29241140
29244914
29249185
29258213
29263585
29266950
29270550
29294699
29295503
29309697
29311548
29311587
29317550
29319200
29327354
29330354
29330355
29333654
29463754
29501552
29503795
29506966
29507101
29508276
29510976
29520899
29521709
29523622
29524682
29526947
29534878
29535493
29539863
29542535
29547729
29555612
29561676
29565377
29572803
29576934
29584654
29587128
29587764
29591225
29594787
29596522
29596609
29610149
29616322
29621956
29622686
29637163
29637740
29638879
29640031
29642097
29649316
29653756
29663232
29665000
29668604
29670484
29673090
29755139
29777439
29777919
29782750
29786748
29787255
29793560
29794300
29795731
29798958
29810412
29813543
29832069
29833362
29845179
29876444
29882106
29887929
29889111
29894000
29902083
29902611
29923884
29954255
29956289
29966206
29968725
29968896
30004405
30007773
30008136
30059017
30063280
30064861
30079195
30101195
30110538
30119065
30122332
30137038
30140934
30147283
30151239
30152636
30152924
30161279
30171681
30204857
30228110
30229260
30230122
30240854
30242089
30245241
30248491
30251532
30263821
30266802
30280713
30280854
30286055
30286103
30286295
30291452
30293873
30308657
30314130
30330786
30335172
30336712
30369218
30383144
30398408
30408425
30408753
30423664
30426544
30444363
30453745
30478591
30479474
30479845
30491203
30492891
30496449
30498899
30509820
30514259
30518547
30522865
30524285
30527052
30527987
30534309
30548901
30549617
30551173
30565736
30567215
30570058
30570304
30570995
30573229
30587329
30608128
30628138
30630871
30633147
30634854
30639903
30642742
30664623
30664787
30667386
30681090
30682077
30685834
30686173
30693515
30696473
30708051
30714370
30717800
30725645
30726603
30733303
30736887
30744846
30766738
30778891
30789540
30790382
30794814
30815952
30815958
30819324
30832553
30850436
30876002
30882266
30892053
30905457
30912390
30914265
30917191
30929570
30938099
30944046
30948944
30949407
30951822
30959101
31000007
31007302
31009306
31016786
31016865
31030722
31049200
31063177
31069835
31070973
31082396
31083387
31083446
31090390
31099293
31112088
31112716
31128614
31131833
31140124
31140147
31142858
31145374
31147147
31172140
31172637
31173901
31176147
31186639
31197848
31202768
31208597
31208698
31213066
31225367
31233286
31261332
31284557
31311518
31311998
31312623
31313419
31314215
31317582
31319252
31321106
31322608
31328625
31330115
31333260
31344042
31353411
31353623
31355987
31365504
31365609
31365702
31367431
31372272
31394967
31398394
31403486
31411482
31414165
31414309
31421106
31429093
31429594
31431900
31432310
31440433
31448101
31448506
31451167
31455264
31468280
31479773
31484315
31484816
31499398
31513049
31514033
31518078
31525614
31534848
31535856
31536405
31538997
31546456
31548792
31560489
31562293
31562403
31567807
31572232
31573644
31582616
31594832
31608424
31613383
31622964
31626057
31636008
31642395
31643000
31644084
31648480
31649667
31654607
31657169
31670149
31671098
31672700
31677098
31684917
31687451
31708083
31715801
31727017
31729428
31736313
31738109
31743453
31759977
31763733
31766278
31773402
31784386
31785086
31785692
31797942
31805492
31812135
31814610
31818624
31819515
31819967
31821114
31823428
31833200
31843701
31845415
31848466
31854024
31854307
31855594
31856123
31856137
31856194
31856215
31856236
31856266
31856352
31858505
31860470
31880815
31881578
31887466
31887735
31896213
31898001
31901303
31903121
31906263
31912962
31913241
31915514
31916219
31923832
31930341
31943119
31943841
31947763
31948211
31952926
31953324
31953476
31960182
31965767
31965772
31976226
31983430
31985691
31988181
31990831
31995113
32004730
32015596
32028578
32031508
32043628
32044253
32044938
32046340
32057404
32062148
32068511
32068574
32068945
32069054
32069093
32069285
32069361
32069377
32069397
32069434
32069471
32069508
32073992
32074879
32079756
32080611
32080989
32092137
32092150
32092176
32092192
32092683
32092705
32092730
32092803
32092818
32092835
32092843
32092852
32102535
32105609
32119883
32123099
32130725
32132818
32133313
32173206
32174075
32176103
32178169
32181345
32182070
32183742
32185231
32191288
32192069
32192510
32201730
32206404
32209267
32213888
32220033
32225483
32232024
32235194
32238808
32240272
32244163
32246575
32249188
32262262
32262805
32276072
32288681
32296114
32299314
32299566
32301038
32301681
32302017
32302366
32306230
32307082
32311835
32322158
32325098
32327353
32327510
32352848
32355871
32356926
32361797
32363017
32367435
32368366
32370298
32374250
32376022
32377196
32379681
32387580
32389649
32389844
32390084
32390565
32395253
32398776
32405332
32406594
32409459
32419639
32421158
32422289
32426210
32426694
32429161
32430037
32434075
32434218
32441132
32444074
32444603
32448260
32461768
32471573
32477002
32482658
32483482
32488535
32491420
32512868
32512935
32513129
32515167
32522574
32522806
32534149
32543426
32553978
32554504
32556320
32561635
32582603
32585562
32586215
32587693
32597240
32598212
32602125
32602160
32603445
32614942
32629572
32636782
32638739
32646933
32647929
32650782
32662280
32669976
32672933
32692179
32693448
32695949
32698340
32698748
32700008
32703125
32713577
32714052
32716706
32717252
32725011
32731154
32736059
32747470
32752311
32757769
32761184
32761839
32764561
32775205
32775498
32775926
32776513
32779166
32784737
32789690
32791811
32795197
32810357
32820934
32820954
32826499
32836860
32840141
32851334
32854013
32863669
32865280
32867479
32867874
32879241
32889690
32891164
32895407
32895425
32895618
32924305
32926201
32929368
32949699
32960682
32961939
32976222
32985532
32996537
32999632
33004543
33012343
33015800
33025372
33025815
33028865
33046106
33047655
33052341
33055572
33063821
33063843
33066032
33072769
33072830
33076600
33076720
33085387
33093107
33093114
33101991
33102029
33106804
33108783
33117158
33119240
33127958
33128804
33129061
33131540
33132170
33132717
33137913
33141791
33146438
33147068
33147620
33150806
33152906
33155597
33158552
33158741
33159288
33168078
33168918
33169219
33178978
33181062
33181911
33183450
33187551
33188785
33194995
33208383
33211844
33217657
33222783
33232042
33234650
33235967
33239512
33245263
33246614
33247409
33250285
33258697
33263363
33269333
33273789
33278514
33279450
33283221
33284661
33292729
33305492
33306221
33307262
33307638
33311924
33321723
33325882
33326226
33332996
33333932
33351668
33359260
33361449
33361589
33361866
33363448
33367656
33374580
33421261
33432979
33433912
33434295
33434492
33435437
33438780
33446198
33450215
33455219
33455400
33461345
33467222
33471284
33471636
33473720
33478703
33480846
33481426
33490641
33501079
33518125
33525350
33525613
33527046
33537616
33548178
33551331
33552626
33553623
33559419
33564612
33565098
33574362
33575015
33580073
33580409
33589298
33590741
33596861
33596879
33599119
33602645
33603017
33603322
33604010
33606306
33608416
33609016
33618340
33620027
33620207
33638900
33645834
33645926
33650487
33652552
33653547
33654851
33654963
33657367
33663611
33672786
33681928
33687535
33693219
33694952
33695163
33706731
33706839
33707848
33710647
33713157
33718067
33718512
33718766
33722547
33725163
33726393
33726771
33738390
33738435
33740138
33740996
33741778
33750074
33750210
33752730
33765295
33769647
33778662
33782875
33787992
33796498
33806138
33811255
33816330
33818755
33825222
33829013
33829876
33831190
33832446
33842382
33843176
33848599
33849590
33849889
33860932
33862968
33863572
33864894
33869419
33876325
33876386
33881532
33881883
33890543
33891926
33904007
33909240
33926192
33927475
33934949
33940040
33945504
33951499
33953763
33956437
33968532
33983604
33988234
33991143
34000010
34000170
34002836
34010297
34013166
34016023
34021807
34021808
34021836
34037728
34039531
34042846
34043176
34048945
34059576
34064706
34067537
34074480
34083253
34085666
34085698
34085752
34085772
34085804
34089291
34089808
34090270
34093276
34094217
34094382
34095702
34097527
34098622
34099270
34108572
34110308
34111125
34111594
34111818
34111873
34116230
34130437
34135252
34141563
34145608
34149952
34158054
34161633
34164316
34168714
34168954
34174905
34175829
34176815
34186504
34191713
34191851
34194247
34194840
34198542
34198658
34202335
34210378
34212482
34218848
34222861
34224765
34232185
34234467
34240811
34243803
34244057
34244473
34245809
34246003
34248062
34254434
34256148
34257553
34257982
34261097
34263407
34265652
34266068
34268759
34268940
34271915
34276090
34276313
34281074
34288861
34292832
34295100
34295895
34297033
34297224
34305588
34306039
34306325
34313704
34315187
34320997
34323652
34325280
34331827
34341137
34343636
34343676
34344499
34351175
34352304
34354588
34360203
34367432
34372926
34384747
34385049
34385182
34387564
34388794
34390150
34407386
34415465
34415985
34416982
34418902
34427918
34429133
34441974
34448564
34450148
34451841
34452852
34454429
34457060
34466402
34470821
34486366
34487881
34488307
34498209
34508594
34514115
34519834
34521986
34532165
34535980
34539809
34540481
34549154
34553981
34564227
34580834
34583011
34585649
34587511
34592729
34593174
34595388
34608438
34612997
34615164
34622045
34622597
34623214
34624518
34631167
34633210
34633845
34643835
34651665
34656089
34658317
34664661
34680373
34700783
34704461
34704798
34708237
34708704
34709441
34710325
34711755
34714895
34715872
34717085
34721299
34725190
34726732
34730060
34736015
34736064
34736295
34741193
34742982
34749543
34751237
34751894
34756906
34759938
34762970
34766230
34768668
34770777
34775282
34775697
34777481
34779719
34781609
34781901
34789851
34790440
34797326
34798706
34804432
34810223
34810623
34811211
34820068
34828137
34829884
34832252
34844369
34844519
34845440
34849337
34852951
34854332
34854916
34855515
34855714
34857022
34859173
34867581
34867697
34871129
34884676
34886224
34887431
34892118
34904085
34904612
34910235
34910503
34913168
34915591
34919086
34921369
34924217
34931179
34931272
34932461
34934517
34934721
34934984
34935671
34936371
34942244
34946339
34947124
34950087
34959264
34960316
34963903
34964131
34969295
34969999
34978845
34981474
34981769
34986411
34988835
35001415
35007791
35008092
35008493
35014844
35017071
35019422
35021150
35027686
35036219
35039651
35039943
35040168
35041140
35053786
35059806
35071559
35079820
35082686
35083318
35086110
35090321
35099583
35104523
35106960
35107561
35114423
35124946
35128978
35138900
35139219
35141024
35141083
35149276
35152782
35155714
35155918
35156880
35158730
35162790
35175609
35180320
35180848
35181107
35182649
35186315
35191439
35192754
35196470
35199918
35200183
35203744
35206821
35208076
35212389
35215581
35218484
35223115
35241096
35241545
35243680
35243862
35244434
35246303
35246665
35255364
35257421
35266418
35279376
35283128
35283189
35285210
35290150
35292835
35294013
35300210
35300985
35301602
35303516
35306697
