1608
2385
2646
2686
8684
10520
11798
14833
21228
28155
30789
37712
42819
43138
45521
45711
47199
51033
51268
52874
54691
54970
55683
63521
63959
63980
64619
64741
65733
65738
70844
72430
73714
77279
80567
89346
95139
96634
96848
99242
99465
104696
109049
109357
115914
116060
116354
118569
119376
126015
126255
128693
129433
132137
132704
133868
134423
134842
138169
139494
139713
140539
142455
151343
155886
161665
161875
166653
168480
169492
172891
180163
181052
182551
184301
184797
185457
186485
190265
196450
199193
200899
201347
210025
218030
222392
222790
228216
231890
235720
237279
238013
240963
243072
244164
246761
250260
250686
252167
254091
254702
255596
258570
260065
264194
267052
270968
271377
271420
271622
271743
273422
280701
281219
296767
297879
299104
299271
299681
299788
303895
305915
306122
307299
308006
308138
311546
312533
314327
314360
315212
318548
322926
323479
323485
323813
324155
325674
334850
335087
341997
342128
342318
348705
349648
350979
351243
354840
355958
356017
360078
360832
363263
368397
369962
371491
373156
375329
378939
381826
382119
382511
386682
387122
387316
388719
391284
393439
405938
406857
419427
422836
425181
427621
428958
429577
432305
443288
446234
450157
451955
453899
467253
469449
470231
474493
475762
483712
486196
486438
487223
487417
487694
487714
489148
490152
493853
494253
495628
495845
496057
497939
501812
507449
509158
511377
511910
513120
513753
513915
520311
522830
524480
526625
527426
528321
528503
532858
534234
538043
538859
547500
547994
551396
554444
555877
557408
559290
559647
560153
564839
566613
568390
569645
570985
572003
572975
574098
576640
582526
596167
604168
605677
615309
627019
628258
634042
646456
646552
646734
647833
656074
659933
659977
660465
662111
669604
672965
676166
680109
682986
686888
700950
706303
707883
715265
716129
719839
722283
724269
732088
734255
736692
738602
739259
745974
749871
750718
758771
758925
759985
760079
764211
771043
780818
781121
783510
788521
788857
789178
790656
794771
799644
806149
806305
810226
814406
817707
818196
818940
819531
819730
820205
821750
823609
826533
828383
829906
835379
838144
842663
844974
845229
852015
857506
863527
864042
866166
868723
874096
876091
879169
885909
887471
887754
888613
890091
891965
894969
901105
908725
913605
919171
920149
922310
922895
923098
928954
930670
933307
933310
933598
935189
935428
935968
944677
944937
945798
948416
950248
953155
954628
961614
963999
964031
964773
967862
975352
976035
977729
978391
981712
982810
985827
992432
995771
996224
996817
997733
998308
998536
1002054
1003073
1005715
1005979
1006093
1010357
1012821
1012997
1013552
1014790
1016684
1023000
1026626
1028508
1029839
1031349
1033611
1036876
1037861
1038931
1041538
1045059
1052204
1058369
1061777
1062212
1064987
1065095
1065391
1067318
1070054
1070293
1070588
1071765
1085859
1087215
1088701
1097694
1100421
1104029
1107576
1108088
1118052
1123477
1125488
1128786
1132342
1134271
1134306
1136276
1136620
1141471
1141634
1141923
1143029
1143220
1147933
1149487
1152559
1153633
1153722
1155852
1159676
1162322
1163898
1165778
1167098
1167248
1168335
1169720
1169984
1178611
1179102
1182146
1192681
1195194
1201572
1202668
1202823
1209529
1213541
1215947
1219980
1222335
1222599
1224703
1227618
1235689
1237197
1241959
1246893
1269972
1271383
1274363
1275340
1275537
1277099
1285251
1287658
1289056
1289155
1290538
1294008
1294572
1298191
1314013
1315404
1324240
1324288
1330187
1336852
1339684
1344093
1346422
1347535
1350172
1352550
1361544
1362080
1362624
1363473
1369587
1370131
1379036
1381152
1388025
1389204
1393780
1396855
1397085
1398925
1406999
1408138
1425324
1426151
1431452
1435425
1438538
1440406
1445384
1446731
1450315
1454474
1455575
1460111
1463992
1469842
1480929
1481871
1493230
1494049
1497161
1498199
1499511
1503510
1505047
1505160
1508327
1511261
1511624
1521853
1524592
1526626
1529261
1529422
1558209
1560909
1561914
1573342
1573961
1576751
1579711
1592472
1593847
1596122
1607431
1608618
1608931
1610705
1619206
1619907
1628604
1635582
1639228
1646247
1660199
1660452
1668440
1668876
1681981
1688025
1689916
1701930
1704500
1705302
1707725
1710580
1723932
1729111
1730385
1736119
1738093
1740049
1748957
1757653
1759955
1773659
1781105
1781393
1781857
1795727
1815437
1827490
1831022
1841336
1843932
1847496
1862442
1871494
1875772
1877530
1890788
1899896
1906826
1915120
1927852
1945124
1963062
2000322
2007604
2032182
2045010
2050286
2073106
2073446
2078654
2082488
2093506
2094018
2095300
2097084
2098570
2104884
2133670
2146780
2149806
2157918
2159166
2164214
2178204
2187264
2212830
2238588
2243330
2259806
2267930
2280136
2330694
2333654
2343666
2351684
2364748
2368160
2378962
2380900
2394078
2396690
2400158
2416740
2417482
2418374
2432356
2433726
2469836
2474860
2505486
2513662
2514196
2517402
2520874
2524092
2526098
2544366
2554780
2556418
2558130
2587230
2596776
2599938
2604636
2645720
2658048
2679042
2685056
2694528
2702790
2721340
2758276
2796840
2801134
2806992
2807182
2810584
2811256
2815434
2818246
2823084
2823110
2835074
2837050
2844412
2844696
2879822
2899724
2918728
2930034
2941710
2944724
2971826
2990726
3003492
3009242
3017632
3027424
3029167
3029649
3047409
3069241
3073518
3076070
3079340
3081359
3110119
3122801
3122909
3136446
3136674
3141444
3158603
3165346
3167086
3173476
3186651
3188518
3200397
3202204
3219642
3228871
3429161
3531001
3666111
3694341
3721481
3725221
3947441
4010421
4072891
4110001
4313681
4381301
4646671
4986141
4992291
5201071
5275551
5316611
5364501
5435161
5856431
6355701
6447931
6515271
6555571
6831581
6899281
6906571
7117201
7133671
7551551
7659271
7671121
7708711
7916571
7980891
8118271
8745501
8889661
9321931
9540781
9554941
9762811
10187281
10300631
10500021
10529761
10711941
10754731
10778991
11135651
11272311
11703781
12140821
12340481
12806611
14520741
14883251
15180661
15366881
15596225
15608768
15642363
15684306
15706969
15746942
15778105
15798167
15816217
15828710
15963179
15997767
16049130
16050617
16063378
16066789
16074236
16079244
16120564
16140649
16141632
16314037
16592425
16695088
16749982
16758676
16889359
20172814
20314600
20368744
20373052
20385562
20387101
20428294
20492743
20495878
20497357
22410569
24226109
24451259
27021130
27040729
27057838
27075628
27186778
27369265
27453715
27473320
27485044
27506269
27516739
27544591
27553780
27642451
27646570
27695374
27871006
27871195
27873549
27884465
27917633
27919520
27960480
27969683
29017092
29029213
29064728
29078350
29099432
29099868
29126540
29136169
29169169
29193727
29194068
29255347
29266950
29330355
29534878
29560161
29608215
29611527
29663232
29676584
29791762
29827915
29831504
29965545
29998590
30007773
30058493
30076307
30100405
30152636
30243414
30253633
30305457
30407419
30502681
30551173
30631078
30704756
30747386
30896737
30979833
30986404
31007302
31070973
31128614
31225367
31255373
31303592
31339788
31422604
31431900
31453127
31460896
31463958
31464407
31548792
31562610
31669046
31674429
31762675
31763733
31845460
31849548
31916219
31930598
31951662
31952750
32058019
32071980
32082762
32091305
32092625
32095127
32217369
32272787
32306603
32310431
32310481
32351827
32404834
32422149
32433885
32522574
32621996
32628662
32630710
32966668
33015800
33208975
33292729
33432979
33471284
33705198
34021836
34168714
34261097
34551922
34854916
35322329
35497249
35586471
36203865
36274489
36299528
36342850
36494446
36556814
36693868
36696017
36746727
36753181
36824816
36834514
37045120
37094341
37103992
37146733
37405765
37473991
37474465
37540075
37573495
37578144
37721141
37842887
37850681
37851963
37855813
37871689
37946689
37987137
38312805
38424113
38606502
38607775
38800942
39054627
39066574
39097089
39216844
39480855
39498303
39644011
39683755
39775220
39822000
39823387
40184958
40273095
40304814
40369823
40582972
40593918
40613368
40629437
40630452
40801268
40818891
40908765
41197966
41207821
41245856
41250206
41268741
41279983
41324465
41326446
41349230
41398626
41420682
41452758
41477852
41547182
41552743
41552820
41589302
41593019
41613889
41622781
41657338
41663167
41683713
41714204
41763343
41783347
41855403
41884150
42266974
42267379
42329757
42549059
42592435
42634391
42726156
42808286
42925195
