1735
8885
9134
9267
10520
10912
11798
13446
14190
19065
22800
23820
26105
36050
38499
43925
44325
45521
49695
51386
62171
63856
64864
64962
65062
72849
74561
75898
77617
81747
90796
93640
100613
100937
107305
115960
119376
121134
122413
126563
129131
136657
140953
141747
149807
151281
156376
156958
162143
162369
166648
168876
168892
173684
176028
180294
182772
184938
185778
193832
193846
194365
195008
197912
199319
207824
209859
215587
218373
219392
219628
233204
234114
235277
237544
245725
253770
261370
262103
262979
266915
267633
285078
286918
289548
290352
294773
299271
301013
302905
306442
316755
317406
319009
320736
322926
323566
326035
331561
333423
336159
347700
350737
350796
355980
356914
358730
359395
360050
369980
374221
377897
379478
388335
393113
403441
408654
413349
422025
429187
429966
436913
439501
440445
443755
454613
456957
457058
462972
464702
467145
473976
477713
480783
484918
490152
494835
498189
499787
502799
511612
514070
521813
522072
522830
526032
529334
537010
537838
540348
540392
541786
545379
549311
550123
552045
552061
553112
553822
555518
559985
569993
570110
571983
585962
588088
594787
595215
596167
598218
614792
628860
641598
650034
655533
675700
682400
686361
693051
696558
711157
715756
723052
743460
744965
747277
753444
753758
757801
761552
771064
780171
780450
780635
781716
781926
785162
785703
786242
787957
789336
798393
806441
812739
817820
819163
822558
826460
831528
832532
833575
833768
842380
847736
849862
855254
857179
859357
862079
868438
869561
877430
878179
878585
885936
890091
892387
912871
915548
915933
915984
918454
930744
937015
941656
941756
944555
949760
951579
951665
951988
952584
954477
954506
954639
959402
962757
963999
967091
972175
975165
976580
976952
979013
983376
986947
987929
989815
994973
998536
1000103
1001713
1001945
1004229
1007746
1008378
1014380
1016093
1017798
1018173
1018245
1022861
1025083
1029377
1030099
1035163
1035403
1046410
1047432
1051286
1065391
1082526
1085145
1091744
1093826
1095055
1096179
1122731
1134203
1134984
1136020
1136300
1137937
1143187
1146459
1149987
1157476
1169153
1177082
1187734
1194427
1200306
1207492
1216850
1222804
1253753
1255710
1256662
1261895
1272667
1276631
1293281
1293750
1299279
1310439
1312953
1313646
1336395
1341003
1347404
1348603
1354597
1357818
1362264
1366361
1368810
1374636
1378629
1382240
1384849
1402949
1403021
1403084
1406545
1417532
1417831
1419548
1426897
1430045
1433568
1440338
1443088
1443249
1450237
1451680
1458875
1461720
1461746
1464805
1470788
1472430
1474421
1476238
1477035
1481502
1481942
1487435
1495148
1498536
1503695
1506871
1509704
1534380
1537768
1538879
1540056
1546064
1553463
1562665
1562989
1564659
1569259
1576715
1582216
1582540
1584218
1590101
1591088
1596987
1605032
1607917
1608618
1625000
1634403
1635370
1663103
1667237
1669879
1679010
1683427
1685122
1699234
1701337
1706767
1707084
1710893
1720935
1723326
1725330
1726576
1727401
1735561
1735729
1741663
1789417
1846432
1849402
1851914
1856610
1857734
1873720
1875648
1877530
1878636
1887414
1895100
1899896
1923328
1932156
1938174
1945124
1951618
1952070
1980722
2008142
2023166
2030918
2040840
2041152
2041682
2044570
2050286
2053462
2057230
2064932
2101288
2104066
2113594
2125110
2149464
2160290
2175706
2186258
2215016
2219624
2227092
2238228
2239708
2245438
2267854
2268970
2295436
2356556
2365508
2371744
2380978
2383356
2389568
2395890
2401678
2402902
2406592
2408716
2419342
2450842
2452778
2453778
2459034
2468006
2474340
2474458
2478080
2532816
2534908
2547592
2552530
2560106
2563220
2567778
2573946
2574908
2615420
2618508
2633818
2703390
2707220
2710338
2710980
2711194
2713502
2722208
2722854
2729330
2742622
2756024
2777454
2781112
2782366
2785918
2790348
2792648
2798750
2807540
2808072
2810584
2815434
2831002
2831258
2844128
2859156
2864498
2868238
2871558
2872864
2879148
2904144
2923178
2930034
2942492
2955762
2959984
2972890
3014848
3020399
3024310
3029359
3039342
3040658
3043392
3049907
3055823
3076087
3077324
3087607
3088005
3089224
3089799
3091284
3092638
3092941
3095324
3099306
3113236
3122433
3124052
3134016
3136011
3144433
3145494
3153098
3161154
3168506
3184019
3184129
3190499
3191863
3194886
3200120
3222797
3228871
3239683
3315701
3407761
3487641
3721481
3725221
3773111
3794711
3823561
3831181
3911251
3931101
3961461
3994821
4045281
4061291
4098391
4100271
4132931
4232141
4255031
4419351
4615471
4644921
4720381
4787421
4803181
4839711
4843051
4934331
4981411
4989631
4993381
5018391
5076361
5129021
5216031
5346081
5444771
5529721
5577831
5580171
5593911
5617901
5658921
5666771
5731651
5815311
5974241
6099121
6109961
6132221
6140641
6179941
6245251
6299361
6309861
6370871
6427721
6455781
6604351
6625911
6709081
6734001
6772891
6796441
6906571
6935141
7011261
7074961
7118951
7154901
7158451
7179401
7263661
7284031
7294161
7303881
7373991
7384031
7406441
7407711
7451421
7512301
7540461
7576981
7608821
7726311
7733001
7768841
7876371
7987711
7994341
8040861
8329381
8364271
8367601
8431361
8494841
8584051
8604821
8620191
8768181
8851091
8859801
8896231
8936891
9105721
9213121
9249751
9286441
9328951
9361461
9802251
9948181
10044291
10230711
10232471
10311251
10370111
10420291
10441301
10887981
10941671
11174621
11221671
11229861
11305791
11614651
12125491
12240291
12342411
12386691
12503971
12693151
12783121
13797691
13825821
13935221
13965601
13999431
14011371
14031721
14036761
14120841
14162461
14220091
14226991
14505171
14522191
14658981
14890361
14891711
15210511
15231521
15276711
15349881
15543681
15558219
15561874
15582106
15582766
15583108
15587234
15590438
15594760
15594926
15596225
15610035
15611881
15621872
15626380
15642790
15652765
15674567
15677319
15706969
15710410
15724439
15735168
15751396
15753227
15762023
15763489
15778872
15783943
15789805
15816217
15816514
15844560
15907190
15969015
15990428
16005543
16028388
16039001
16039068
16047460
16050617
16058992
16060131
16060886
16062164
16069032
16069970
16073157
16089037
16106114
16111455
16113739
16117522
16126190
16131003
16137460
16144618
16152699
16155135
16158111
16158500
16158926
16167469
16170449
16178516
16189200
16232219
16257463
16274047
16281223
16302922
16343794
16353691
16369510
16434169
16457329
16470628
16478077
16507309
16539985
16575364
16576090
16611424
16628584
16633996
16687039
16692985
16710268
16733167
16746274
16786213
16792237
17210692
18785815
20114968
20172814
20222428
20225983
20322700
20325394
20329657
20371783
20385562
20390872
20504161
20508721
20529232
20531353
20558224
20571085
20810700
21175567
22410569
24059182
27123661
27128602
27138115
27140497
27177868
27194296
27199756
27229858
27231211
27257545
27272125
27278635
27313165
27338806
27364207
27465031
27470602
27476272
27482302
27547009
27586288
27645211
27649561
27666232
27705658
27715426
27753742
27782242
27799810
27819919
27831985
27837544
27861880
27871232
27876262
27883051
27884465
27885595
27896356
27898827
27913213
27929039
27933505
27958300
27962017
27963261
27963643
29015921
29023550
29027196
29031983
29041728
29053884
29058274
29071738
29076186
29077421
29081004
29081561
29082263
29096041
29099846
29127118
29131195
29143388
29145955
29159138
29161484
29165738
29172834
29179902
29202001
29223785
29229961
29233080
29236053
29238016
29239183
29250137
29252948
29259413
29260389
29266950
29285112
29317550
29503023
29513431
29517093
29546835
29571623
29585091
29624810
29634671
29638879
29640482
29650066
29655502
29656187
29663232
29667479
29670537
29752507
29777439
29783377
29787255
29788550
29797490
29798958
29809953
29810412
29811395
29821242
29874027
29892359
29931219
29966206
30004003
30007773
30008136
30063280
30067562
30084213
30101195
30111361
30136276
30161279
30162697
30167634
30202978
30204857
30205043
30229260
30242089
30251532
30253633
30283038
30306318
30314130
30319728
30348316
30375447
30375478
30377356
30426543
30466762
30479845
30483110
30495123
30501719
30501881
30509097
30520134
30532647
30548173
30551458
30552492
30596458
30633147
30664623
30681121
30696473
30697601
30725774
30726248
30736887
30767445
30770350
30776898
30815958
30849241
30898094
30898136
30903420
30917191
30957578
30976036
31005008
31020335
31020501
31030034
31049200
31049456
31063177
31099791
31128614
31136234
31140124
31140147
31172140
31172637
31174943
31248009
31248065
31259642
31265564
31278864
31313419
31354612
31356552
31366253
31367431
31369275
31379222
31394077
31402780
31409774
31412838
31430888
31448506
31468240
31478877
31484816
31494168
31499398
31512952
31525614
31533521
31533987
31534848
31543514
31548792
31552797
31563943
31602623
31623338
31627450
31641561
31644084
31645727
31649667
31654607
31657801
31660678
31668995
31677892
31689888
31699095
31714002
31715405
31723771
31727017
31729428
31759977
31766278
31781162
31797942
31805492
31811199
31819430
31837088
31843926
31856030
31860470
31869715
31872222
31880815
31887466
31901303
31915994
31920199
31923832
31926407
31935134
31955639
31965404
31974640
31980505
31985691
31989066
31995113
32013210
32029613
32045451
32046340
32066927
32079756
32083445
32094030
32119883
32130725
32133313
32156930
32173206
32209267
32229969
32232063
32249085
32253017
32258997
32268420
32306954
32315397
32319784
32323614
32334620
32370462
32373868
32378108
32379681
32430081
32436328
32436565
32437808
32444603
32450941
32452397
32454322
32461007
32462492
32473478
32482095
32518543
32520456
32520885
32561635
32567442
32589937
32595977
32602679
32602742
32633100
32636782
32638739
32640470
32642669
32649855
32653535
32654664
32676016
32680782
32685060
32693993
32695661
32703125
32707377
32764561
32772659
32775498
32806308
32824815
32825370
32825559
32842748
32852520
32899940
32916388
32968312
33012343
33015800
33028865
33052341
33075417
33076938
33078866
33085387
33100324
33106804
33116909
33117158
33121204
33132170
33137913
33150153
33159717
33181084
33182533
33208975
33220062
33232042
33248732
33258697
33292729
33298365
33306591
33326226
33337326
33340876
33345276
33350497
33363448
33379151
33450215
33455400
33461345
33469170
33471284
33482061
33494101
33521129
33537616
33548178
33554117
33565098
33567901
33570720
33580409
33591923
33597645
33602703
33613496
33622365
33623446
33656580
33664027
33667720
33679974
33699528
33700478
33719282
33721921
33722547
33726771
33728463
33730689
33737124
33740996
33741778
33772179
33782211
33796498
33796555
33811255
33813751
33832904
33839911
33860932
33863649
33876379
33877176
33888369
33904007
33922326
33931225
33938198
33946417
33955535
33957456
33958235
34000170
34021326
34036355
34039531
34059576
34062214
34068664
34070085
34073395
34075656
34077065
34093276
34096077
34111594
34115876
34134004
34134309
34148991
34149952
34161633
34161684
34176815
34188601
34191636
34196642
34202025
34224504
34228393
34247340
34249320
34253991
34256015
34266439
34268940
34279537
34281959
34287134
34288861
34297224
34304859
34306039
34314466
34321778
34322260
34325998
34326116
34355788
34365347
34367432
34377953
34382588
34387564
34415985
34418980
34419574
34435391
34438234
34439726
34475932
34480055
34481713
34484262
34489246
34498981
34502735
34520163
34521755
34549085
34551922
34572925
34580844
34583011
34587511
34595388
34607339
34610750
34651665
34656089
34664661
34692249
34709080
34714895
34716749
34741193
34753197
34767634
34780530
34782708
34795093
34802254
34803326
34829307
34829884
34844369
34844519
34849393
34853053
34856017
34860610
34867697
34881673
34884676
34889479
34903603
34905555
34909151
34912009
34912628
34912871
34927184
34935669
34936371
34939055
34940039
34949148
34956887
34962537
34963301
34963533
34972480
34972864
34986996
34993026
34994260
34996552
35002358
35008493
35024888
35041140
35049394
35056940
35079820
35084072
35085451
35088463
35090321
35095022
35097759
35119045
35128270
35164307
35191439
35192754
35208076
35241545
35243362
35270877
35283189
35286589
35290150
35292835
35293985
35298568
35300210
35301602
35308276
35309271
35322329
35332515
35335689
35355802
35356466
35407403
35416090
35417620
35422268
35444746
35447484
35450455
35459098
35478311
35480674
35489804
35497249
35501907
35502663
35518729
35520100
35549764
35550291
35561457
35573178
35580368
35586471
35587864
35599985
35600879
35613147
35616222
35625977
35638249
35648534
35652424
35652721
35654053
35654807
35684071
35688075
35698812
35703455
35704433
35707061
35725748
35743322
35755669
35757014
35780766
35787021
35793405
35799053
35803299
35808249
35811098
35816075
35836125
35857284
35858610
35859219
35867886
35870138
35874337
35879300
35895585
35917324
35941718
35949017
35956691
35959134
35963802
35968428
35973458
35981597
36039646
36047229
36055964
36058595
36070000
36074423
36074659
36080478
36085310
36092519
36096092
36102482
36103399
36114914
36124215
36137846
36140039
36143876
36161663
36166399
36167527
36168038
36170647
36174042
36177229
36191259
36192786
36198280
36207301
36208271
36235224
36239950
36253880
36261291
36266626
36270805
36274227
36274489
36294289
36295045
36295327
36300230
36312362
36313076
36317553
36320706
36321629
36322529
36323018
36324644
36342408
36342455
36344279
36353935
36359979
36383574
36396839
36398922
36403076
36405493
36413583
36424386
36433357
36436165
36437341
36437426
36448300
36449254
36458297
36462593
36462940
36464174
36466227
36472193
36479049
36493041
36496295
36503921
36509586
36514324
36515770
36536033
36538189
36554113
36555479
36556814
36560205
36569450
36578450
36583105
36614161
36614252
36614874
36629092
36633944
36638973
36654419
36660866
36664032
36677803
36689248
36693032
36707096
36730561
36745623
36746727
36753181
36760420
36762392
36763909
36774140
36775060
36783015
36783488
36785613
36792599
36804885
36811501
36851315
36863105
36879718
36882626
36887514
36900036
36928403
36937251
36938953
36954591
36957144
36961564
36969623
36975809
36987314
37016653
37019172
37027429
37035466
37036907
37043833
37044983
37049902
37054012
37054638
37061663
37061732
37066292
37077285
37080127
37085244
37094468
37096030
37117993
37118395
37124606
37130009
37138991
37149222
37177247
37177606
37183393
37196265
37199454
37218092
37220460
37223289
37224976
37225914
37228149
37248519
37251405
37286740
37290276
37296122
37296920
37307898
37314712
37316388
37321660
37325846
37326075
37333436
37361325
37361659
37365527
37386521
37405045
37423368
37423519
37425820
37433025
37436596
37446086
37451636
37459452
37474465
37478658
37488179
37491819
37497003
37500019
37500770
37503135
37512420
37545051
37546190
37547272
37555494
37573558
37590878
37594761
37609810
37623667
37624480
37625551
37636591
37638400
37639320
37642160
37658100
37663181
37665623
37672932
37673632
37674286
37698826
37708655
37721008
37721491
37723536
37734321
37735880
37737133
37745008
37748639
37778218
37780198
37788492
37788497
37791130
37797787
37800615
37806826
37811036
37817448
37817929
37820613
37835801
37835841
37840104
37841670
37851963
37865599
37873266
37873561
37881385
37885530
37923670
37938734
37941413
37943962
37947145
37951232
37953907
37987387
37998503
38001692
38007616
38012361
38020604
38022316
38024575
38032583
38046326
38052485
38061633
38061995
38065482
38067335
38067409
38084248
38084351
38087037
38087797
38095687
38098591
38099266
38115387
38133407
38135314
38141274
38141504
38143510
38167995
38173061
38177379
38181860
38185184
38199990
38206511
38215952
38218223
38220209
38230215
38238455
38246632
38252875
38254966
38262542
38265500
38273490
38274110
38284073
38287929
38290401
38300443
38302428
38308760
38341611
38354334
38363162
38363941
38385717
38388818
38390047
38390800
38398852
38421243
38499804
38502299
38504120
38509368
38530066
38535689
38538968
38541316
38566770
38566852
38579094
38579246
38582339
38582472
38594007
38630457
38643166
38677557
38678207
38691360
38693799
38743770
38763643
38779902
38813656
38814570
38832414
38849401
38860322
38875555
38898679
38903990
38907515
38908163
38927846
38946650
38951808
38957184
38958050
38987406
38997624
38998375
38998518
39007267
39009987
39051808
39091169
39100158
39114303
39140353
39141832
39144518
39150964
39161468
39180512
39185541
39195145
39201622
39203082
39243434
39243483
39268959
39279831
39295247
39297128
39310677
39327860
39333685
39342816
39347237
39354233
39380350
39396803
39397094
39403372
39422629
39424405
39462718
39471098
39476649
39498303
39535400
39546067
39550803
39570851
39573295
39608793
39611242
39623249
39625344
39645605
39654055
39657770
39672592
39685847
39688519
39694044
39702245
39734311
39735642
39738930
39803383
39819567
39821415
39824073
39826859
39859222
39865787
39880797
39886727
39889486
39899470
39904944
39906929
39921391
39933061
39969276
39996942
39998529
40038471
40069135
40097591
40101037
40101476
40108932
40134478
40134499
40139139
40140241
40144312
40168236
40173806
40178038
40182385
40184958
40304814
40317270
40324988
40328496
40343185
40344160
40354178
40360076
40363561
40369823
40375098
40376269
40385947
40388727
40410304
40417350
40421756
40429647
40436877
40461821
40462154
40479611
40511834
40521804
40554300
40554712
40562240
40574364
40579227
40614272
40638080
40641185
40648907
40663165
40674642
40678592
40681432
40688911
40704447
40727331
40735688
40740344
40745130
40746021
40755081
40762006
40765587
40770494
40771680
40780678
40800926
40814420
40818458
40818502
40818593
40837826
40841626
40846746
40903138
40922174
40934374
40940986
40954605
40988577
40996282
41003588
41009787
41018492
41023720
41064061
41068744
41080787
41097259
41097502
41105353
41137863
41234612
41250206
41266356
41268940
41279102
41283546
41285607
41286185
41303431
41359295
41367194
41377143
41404119
41461061
41464994
41507229
41514691
41565391
41569682
41570498
41577369
41578923
41583566
41593843
41611890
41619130
41630304
41651433
41661172
41689901
41730485
41818793
41836843
41852820
41852873
41856164
41868403
41871077
41892686
41894592
41896180
41897631
41898544
41904086
41905998
41913784
41928997
41966726
41972337
41985646
42003330
42026638
42029564
42032081
42039264
42044608
42046778
42057101
42057895
42065192
42089141
42090784
42109306
42121902
42126510
42136519
42150444
42157258
42162600
42170579
42173059
42176807
42177082
42178478
42179708
42196091
42200942
42211773
42213061
42218055
42222200
42223633
42225894
42230661
42232325
42232579
42236733
42259146
42297858
42315412
42323818
42361224
42393610
42395717
42401308
42405041
42440304
42441712
42442017
42442677
42451148
42459643
42468526
42486257
42490290
42494235
42494820
42502566
42530973
42537305
42545958
42576727
42584673
42586385
42592435
42653648
42688170
42698273
42699517
42717401
42723564
42734274
42742248
42742458
42748430
42811248
42816297
42847742
42852451
42896238
42926608
42993963
42994924
43001894
43005528
43007360
43021574
43021651
43033878
43038019
43044654
43060001
43060808
43069604
43076820
43077186
43078019
43102385
43104337
43105602
43113031
43116242
43119832
43122648
43133880
43139623
43158835
43186434
43211125
43221649
43232312
43236174
43246279
43286616
43305949
43318137
43325047
43345016
43348474
43349975
43355279
43376737
43392797
43395958
43398617
43402668
43406168
43407161
43411401
43413766
43442843
43450966
43493677
43494458
43544606
43555108
43555526
43565942
43574227
43577239
43586343
43600428
43601452
43606167
43611781
43614001
43620043
43649894
43686943
43712100
43734740
43740077
43751603
43760470
43771108
43791882
43809307
43842104
43846665
43891961
43894753
43897534
43902931
43903985
43906551
43924687
43936362
43947541
43962411
44002156
44011125
44011738
44022837
44024000
44028108
44030022
44031419
44039055
44070277
44079058
44086300
44122607
44138952
44144004
44159694
44160628
44163777
44165505
44169385
44172600
44179916
44182551
44188421
44201366
44206481
44214861
44218764
44220531
44221163
44231557
44232494
44248822
44260992
44262823
44265267
44270317
44283738
44285272
44320741
44337344
44341201
44344063
44355894
44356983
44412070
44422414
44425694
44430385
44433601
44441377
44441426
44441567
44441639
44442114
44442352
44451964
44457819
44459233
44459359
44465942
44502061
44506865
44513121
44516134
44520174
44523147
44525776
44536810
44550053
44571152
44585152
44585952
44599867
44604986
44605688
44617794
44625354
44652948
44658389
44662622
44682025
44704686
44714764
44719188
44722207
44724275
44735431
44736857
44745359
44747247
44747382
44768480
44771015
44775968
44782872
44785303
44796765
44798093
44851715
44861241
44909512
44922195
44966012
44974678
44992153
45002162
45007213
45023377
45025761
45030226
45064084
45092208
45109725
45113964
45119685
45132026
45154978
45158155
45184976
45205992
45210371
45214839
45227760
45232054
45232189
45248159
45253219
45254536
45259581
45262258
45273337
45275241
45282488
45288716
45297853
45303065
45329708
45343032
45346432
45346594
45348001
45348917
45381621
45391050
45391112
45391268
45392282
45424770
45435960
45450183
45458182
45459271
45462678
45468057
45479234
45479348
45479581
45479614
45479675
45480617
45497427
45499763
45505081
45505607
45515719
45516540
45521473
45525248
45531017
45532555
45535539
45543273
45551869
45558296
45559169
45568366
45576754
45576904
45578093
45605705
45606012
45612651
45630349
45635412
45645420
45648143
45655430
45656246
45709874
45714378
45715724
45716048
45725949
45726193
45738459
45739812
45741227
45741981
45760437
45763219
45764876
45768993
45770796
45770929
45774888
45786799
45787273
45800673
45802257
45803840
45811143
45817609
45817721
45817836
45818068
45820129
45820839
45824159
45826894
45830718
45832337
45832442
45833232
45834182
45849929
45865577
45870186
45912388
45916172
45921998
45939372
45941848
45963156
45964355
45984961
45988048
46001572
46001613
46001729
46002168
46002917
46003187
46006290
46012061
46017713
46025386
46030053
46030978
46034928
46045651
46045898
46046013
46056465
46060865
46067854
46073206
46073372
46076276
46098995
46108166
46108961
46121289
46122048
46129756
46132779
46133173
46140584
46149549
46153013
46167348
46171246
46178713
46186765
46191075
46194282
46196797
46201559
46208977
46209499
46213120
46216789
46219654
46219823
46238799
46239326
46245577
46257869
46258121
46258510
46258643
46258807
46266069
46269091
46271630
46277257
46278897
46279408
46293124
46303522
46313870
46314871
46315435
46319259
46321083
46356275
46356931
46357496
46362644
46379503
46379939
46383124
46388705
46402932
46405563
46407598
46423189
46424470
46425603
46428952
46429479
46429776
46434644
46437028
46437645
46446760
46448674
46453821
46454010
46460529
46462044
46465268
46471119
46474859
46476068
46479731
46481292
46484142
46487027
46488947
46491670
46494637
46499283
46500918
46501547
46507888
46511001
46513151
46514375
46515161
46518454
46519065
46525786
46529439
46529463
46529570
46529602
46529709
46529734
46529757
46529783
46530204
46531026
46531118
46531170
46531466
46532128
46532233
46532273
46535567
46538824
46539243
46539941
46540812
46542847
46547704
46549382
46550531
46564196
46566735
46576641
46577548
46579728
46582741
46587868
46594645
46597022
46600527
46603474
46611352
46611537
46623395
46628839
46629355
46632286
46646543
46647708
46670601
46671544
46674708
46676217
46684719
46686013
46689782
46692857
46698715
46711477
46711596
46714517
46719510
46720628
46730204
46730352
46734922
46736689
46738063
46740150
46741320
46742884
46749877
46749959
46750391
46752163
46753716
46755081
46760301
46761782
46766137
46770543
46771538
46775677
46784461
46786377
46789401
46791841
46794154
46795141
46803804
46814309
46817356
46818054
46820970
46821815
46821907
46822397
46823148
46844084
46844955
46847085
46848277
46877593
46879905
46885307
46885838
46889236
46890913
46893272
46901479
46907305
46907541
46908782
46926713
46928215
46937961
46939824
46953947
46956787
46957122
46958760
46961298
46961888
46962220
46964809
46965472
46965691
46965872
46967402
46968504
46970212
46972263
46985356
46991080
47018112
47018521
47022912
47025427
47049846
47053180
47055341
47056102
47059930
47072705
47131837
47141319
47153504
47159727
47188647
47192419
47193351
47223195
47226796
47259189
47267180
47335870
47368273
47378292
47414616
47435147
47458848
47468131
47484822
47494045
47496356
47516881
47559898
47653635
47686742
48007992
