35234290
48068440
34346367
41629366
46057587
41753120
42333356
109672
5840751
31718060
47675271
48016257
46576248
47997114
46345088
30336008
1308678
47972301
47857021
47663542
47940879
32840141
42027587
42743174
589941
27896356
1898930
44803077
47940925
310796
46592628
47177102
44011125
35793405
47930026
4803181
47925338
47898686
47646274
47619920
29541748
36413583
47904696
33052111
46411886
47646128
47619611
46302587
1092136
1621375
42127374
1786143
6647601
47869672
1495148
47799520
46827180
45288794
47861889
43236174
37750044
47854410
29241140
47389416
47847854
36808298
3119605
47814088
149574
38296369
24724056
37075133
44545745
47176019
1450237
44162703
40678592
30692628
47596371
979013
33596879
32329438
38098596
757599
4730761
47705046
47728664
12242591
33567901
16373920
31159735
1674665
47734735
47732363
45757654
1571432
37124090
47717548
43645579
47523972
47566579
47566404
47698924
27175597
14634791
30205043
16345255
350046
47651446
35986072
47685771
38420098
16174613
44168639
45119685
29101944
41285607
47651430
47656573
47655207
47652747
29650066
47583656
44536810
38065482
30348316
34196472
8438
32457057
47630757
31500860
47627083
126356
37191019
1223992
29292792
47623937
44002156
46554412
32442317
47618663
39827109
34268940
1021190
2658158
36035431
31685805
1375382
47588578
47590413
42425580
42425397
1492302
47584482
40405701
35780359
33868748
47358620
543378
1849462
47569242
47565670
6002901
921471
42286107
42425241
46505586
42425016
15669209
46659603
484918
42081635
47520005
47516881
39139537
4085871
46180939
293374
44070277
42373741
45223202
3022003
27562855
1701337
597355
257990
35755127
31660678
38761759
47427344
2560106
37124606
31030137
40554300
32653535
46908782
31744
47368273
46303522
33604174
47439729
47433838
32856134
41079811
32676884
761552
235720
32689351
31255056
47004401
749247
47282743
33114324
38413069
5688311
43134729
45273880
30577665
41110482
37445627
488833
45568935
423338
41985646
47454089
869561
1313728
37736681
36068214
47417343
37991224
2298368
30430820
47428088
47349661
41286185
36748465
45485012
7876371
37028700
30229260
46292964
36696017
39170812
36666664
35223115
1659295
31781162
36685011
47376659
29204597
2257306
2269306
33887023
35163118
35378818
27583600
41436722
37320079
2713774
47383882
38215952
15799621
27928491
47179247
27504061
42459225
30872897
3969731
19157362
37220460
40464318
34385049
30004095
41867272
42373549
42090951
47335870
28094275
38593543
33874947
12278231
36643797
3124052
29589003
20181448
47289001
39410289
46312370
47131837
27131233
43335863
35737067
33621348
39203082
32262805
3092941
1153944
40242367
43582570
30136276
1136495
34822783
41576793
8014631
45298303
47188647
47226796
102527
47223195
1703035
36270805
35249740
224686
47207979
3505851
36400299
33805934
8620191
30619106
41350753
42223633
38887361
47192335
47188455
35949017
47185291
38209302
2091054
41281870
32454680
46687273
43022545
47054439
34134004
36381512
490693
45803840
47141319
457058
686173
36783052
1409722
31421106
37590878
32567851
14505171
976580
47130750
34865166
39494336
47101780
34766700
9392901
1356774
16652077
46245577
44442289
31562293
5981211
35906528
47053180
1046410
32133313
47027454
44218952
30514259
44062402
32624381
15596225
36058595
44231841
987929
44841541
43630015
43184223
499787
16060835
31083446
35085395
34000110
885936
47025427
47018112
37149222
46988246
37590552
44599867
29326936
29262204
35257421
20431189
3222797
32431191
43558125
36957144
42986642
34664661
1784927
651369
2026504
41100484
1497959
2474102
11390321
33667720
36644610
46487027
46972263
43967843
44059284
33269308
37242148
36593749
33025815
40765587
46964809
37835801
37299366
46937961
10684671
32267702
2811256
1383726
35672472
46954560
42172914
24064841
507755
38181860
39437876
32795197
841611
32602742
42173059
35243862
1508859
39510587
34935669
2057194
42218055
582124
38877455
3190499
33719411
29047508
20724031
301013
37517090
34912009
37183393
46559119
771246
156376
6207401
30690377
36311632
15783943
40903138
36080478
29224828
38701668
27371317
16425502
45756987
46893453
39415497
15610035
785703
44182551
46844955
153989
45934715
46549382
16980046
46879905
486948
3056924
2521274
4839711
41998150
1546084
32071980
45205418
41852820
461224
29931219
20445427
42441712
22700512
37921378
915984
40388727
38860322
4409291
27715426
946080
12038821
38218223
34188601
40648907
309398
2431950
46773243
46770543
219392
30377356
45235954
34945677
29719307
1696844
1774953
16070873
36707096
15806356
44169385
36143876
46803804
34243702
255620
46794154
46792856
36132341
15238601
46790468
32454322
2600676
38504120
42003675
1539533
41656148
37974305
35337322
34093896
46209499
34476486
6906571
1354597
45227760
38708605
38254966
46719510
37873561
41913784
571983
674538
27319069
32594680
45299010
45451343
16692985
45379431
31495478
96012
20411878
2632766
38500832
44513121
2947282
40168236
45023377
46755081
1440338
46753716
46752163
41359295
42459643
42494235
46751093
29810412
46750391
43518101
34265652
2831258
41546018
11962621
4289901
37754847
39489443
44265267
16045537
36261291
337687
46738063
46734922
37546190
39389456
41834161
46731399
45787273
39403372
37554994
864262
7733001
1175641
35480995
41064695
37027429
15657732
15809227
6455781
1695629
43791882
1517084
27324685
44165505
34202620
46676217
32638739
45214839
37672932
29031983
10441301
33827049
41928997
36614874
39886727
16089037
6864111
27064408
34620632
1117022
6935141
34282381
33863649
43060808
31172140
46692857
2215016
36142477
46689782
31140147
35263169
36575960
262979
40328496
27861880
19412
36013974
16434997
1023645
1222804
39645605
1397805
35867886
337776
15992904
34161684
427248
573099
35191439
12546361
490152
833768
27338806
699702
35757014
1582216
72064
37804546
311770
1068229
42405041
2534908
34853053
302905
41491530
37674286
41998402
14522191
31875275
37054638
15594760
2714846
310033
38439421
1007550
37174539
306442
27548944
38300443
41578923
37860758
46210041
2629424
3043392
34427918
34288861
44965526
267648
44235508
30790382
1630966
27970421
15420311
46611352
34284185
45348917
1663103
37028526
27098080
39853044
33467222
721767
46611537
30991006
43463868
1201572
37874948
15798631
34573480
36088512
1477035
2232248
46364556
32191288
35087560
32281984
43044654
38538968
1209529
43767882
2521114
39535400
5129021
645654
237161
41611890
34913960
32035641
42162557
42852451
36538189
44752682
29914122
31955030
39231832
40287750
39608793
1460367
37107304
40167219
38975205
46555977
39880797
44571152
37748639
38326298
36394019
1739665
15578934
540348
44184269
1603744
32121342
14449321
16117522
30551620
1074794
8431361
34174905
34306039
1906994
1433568
46153013
44311010
36342408
35520100
29928965
31468537
236628
2992796
46278897
46540812
2955500
46513151
1924516
15862074
30664623
41436636
46533128
1932138
45565857
35474367
36267057
35372757
283487
36253880
45800673
892535
31888355
1537601
1256255
15988020
45244743
565560
46001613
31913241
42341279
4768471
88824
1508454
34829884
2457274
480783
39688519
37446469
397814
37550336
33195305
46490987
84822
45817609
39536893
38927846
10400551
7768841
41443032
44233189
27453715
36863105
2723410
46507888
46140584
42184517
46481292
30457771
166602
36177229
835603
30548747
2227096
30110538
46504632
1944874
42165045
38468690
30220183
36295327
29826051
34984262
35044288
6596861
178291
2981972
36766421
1035820
33965445
33350682
555877
16003233
31451167
46494637
29191474
16055253
1461746
1236787
30167634
44810989
43008201
36092519
35096518
8310561
9347671
32430630
7075451
35309271
33298365
279202
3168700
15581377
1707839
33740996
43033878
31854895
1254280
34234467
3024929
31880815
30553957
1372907
445550
38391762
39747505
14658981
43376737
32141726
1334942
39606850
33306125
30565901
41547182
464935
16273870
37663535
39226111
7314191
46476068
384629
764211
32820934
42723564
27927170
43453841
1734019
2268970
29889801
417658
6864881
1842362
34857022
41011363
780635
29992699
747359
31083387
128215
46420670
83777
36359674
1865854
5617901
29071738
34487881
35580368
712206
1593617
5580171
15583108
34919086
43137707
32301681
34741193
12783121
34815842
37583643
10520
30118060
41250206
1157476
46465268
16005986
31248009
461027
32041576
32377365
45009792
31792308
42789606
39892594
34093276
1895100
413470
35874337
35688115
2715074
118123
210233
93640
44838960
10195431
44238567
34158370
31729428
35821663
137713
35152782
758065
33178978
8040491
45263566
42811248
746909
14063761
353044
39026863
45976137
1500327
32246575
36846620
34833265
23706801
15587234
45113964
35976496
37667091
35941718
35390395
31312623
37947145
1269184
43855044
37654088
27527992
26625
32272739
35126697
34107830
38007616
32390437
38547419
46001729
1504814
33182533
41303431
46454010
15741138
652340
16123375
1696071
36746727
20571010
249879
37350815
446529
30567215
36320428
31136234
27453367
357736
42905728
15559015
1656182
6829511
2029812
2827104
44412070
1176411
1200324
37792904
112629
41141990
31471104
37881385
1857240
32354526
44204975
42502130
46085782
41591751
30832553
389059
46429479
30672019
35995558
33031869
42698273
38859302
35283189
44144004
422025
36058246
37564136
31414309
34538235
27570205
52313
29072050
830056
37297552
42527675
42030580
602538
35366575
38226981
36255481
559179
33311924
62697
1887414
2013306
46424732
355980
35743226
16753939
35106960
20426323
1403021
39297735
43343712
33721921
46437645
1369502
29627411
29126540
29158526
30075524
1628172
32510395
36353300
16314598
36775132
32455809
39694044
43684555
36167527
32787535
986947
30330786
32319784
32217369
42157258
31670543
31889211
46437274
1562665
32512868
40851512
46424470
1677987
81747
36614252
43119832
30392498
38170666
954639
37048405
5921361
29257842
42896238
32784737
30662952
95476
41306593
2736404
32543700
15828281
1807735
38174341
36566001
32430037
258630
38678207
12478751
1324906
16158500
514744
35587017
819604
1660111
34402401
40245234
34277316
35743322
35956664
53111
44470372
44298565
36726098
46425603
35943701
862079
306622
16119574
16281223
38535689
46431669
34390150
15407291
20448532
46429776
31063177
686361
34623214
3064384
1225514
32761555
37522074
36582847
83166
41670795
38459912
10512181
1254889
29815920
29099846
30308657
46425104
31398394
41837022
45639746
43157388
306743
3020399
842198
15751396
2324744
633539
40638943
1385151
35355802
29266332
33160525
44515368
373149
1180120
38292454
30650361
78422
7659891
11743421
23906682
37638400
39946181
30317077
42993963
1180900
31222247
31766278
310165
38910283
30574224
842380
29541566
34397644
35317334
40786301
1700916
38133099
34326116
1165998
8124661
29188310
42309775
38273490
36007427
3050151
30959101
38099266
34256015
35300210
15245241
1571790
31484816
45715724
1229398
36174982
38579246
13959421
41110867
27547765
33236653
34074480
8604821
35561457
42200942
154333
38894847
24470165
2722854
35265577
42632101
36912670
39147621
31498417
33605464
40331625
35049478
45119792
35310395
29000216
36465784
38580835
23179751
262763
42576727
1332975
563430
29094601
131074
27802369
32726147
37934324
27320473
40723201
29097575
36291955
29570863
37573558
33063843
38484593
29561676
37216929
33221994
46409715
30481865
38495580
27886961
30148143
31898212
11699751
37623667
35567786
1061777
42532721
38912949
45278265
1720014
7192801
34997129
43038019
7840911
33162046
33982731
33129874
1000103
38354906
7676931
34656089
7764571
866596
11367181
30369218
10559921
2365508
33292729
1341003
188058
1032946
46213112
37885530
1480870
34502735
33730689
33032038
32073992
36353935
595215
2397964
37061663
33028937
22242426
21910489
289548
32065696
2501972
663774
37718132
43158835
31070973
32859159
45149149
12342411
16075819
39670270
34844519
2729330
38207003
32754475
1171095
39895988
16037073
10887981
39583157
27869484
42847742
253770
29673090
44789299
113973
2339528
15706969
29237731
740601
33551478
35208076
37937293
319171
2651942
310368
30527052
16308229
29572803
33433912
1315436
1729671
351166
35577790
972837
3430751
3846811
32459102
44007420
39914632
32176103
36370607
43887655
36142896
7540461
763396
821428
46380386
34271915
697526
40448993
998536
16169343
38565443
947815
44775968
16060886
29223785
31654607
16127809
33187551
471863
129199
31173901
16347181
20312071
39969276
2967690
3071062
42588742
1192592
29018221
46269098
5658921
41082955
4045281
41622579
2317946
747675
42537305
38098591
43276504
42574251
15543377
42046778
34313704
38095687
33445727
27707434
38067521
35024888
37078428
379478
29058274
32155331
37833786
477713
27831985
30204857
5154081
25255773
36509586
1306115
33800629
8654851
2618508
646319
874726
41378777
6342431
16312741
32434218
45818068
40549483
21900021
45626922
2050286
43519671
1080527
13797691
39022392
43016837
44625354
45908079
35425599
37054012
31622964
36938904
38924369
27377800
32097641
33008968
15984702
950360
15677319
29832069
31649667
45964355
36225197
35787021
155881
2661640
29777439
44167080
35417620
1065391
38535678
42314463
830065
39904765
15414
31448101
8182321
23455
35180320
813805
2175706
36006913
1286661
40762006
1684998
43873824
38594007
43246279
36241707
41933350
2963162
29809953
3931101
625677
37290276
29887929
36528469
416683
34407263
36009209
33150806
1078084
3168506
39072259
41284605
45830718
35755669
37314712
31525614
40101476
2394508
1194427
36753181
37679126
43608312
350737
35648534
331561
31011116
31797942
44404715
45479614
32946820
33860932
33052341
268431
35725748
33131540
1899896
31355987
45811143
33610498
30854756
1628933
1112852
45525248
7373991
8329381
180604
32761184
42530973
757801
43373445
35547039
34232185
34497639
3159716
33606306
27962264
2574908
42530528
36323018
35290150
27878605
33047655
1923328
36214597
13999431
14774231
27718732
43494458
31234166
46046013
45479448
128693
34257005
1085145
6299361
35021150
40308083
45435960
40982320
43837163
39374179
16563358
42978456
147854
39354233
35084777
47329
79724
359395
11016051
10487
38032583
2041152
214999
39702608
262103
1435305
41871077
35586471
46269091
260869
613087
3022921
33794697
9134
45714378
1123144
13825821
37658138
44992153
31394077
35293985
39185541
989007
68262
33333932
19456
46219823
30151239
35059806
44182338
45092208
37433025
30857
34915591
42929614
20662
15724439
45521473
507749
144453
20529232
1470788
44754418
35017071
2374278
3684401
37951232
37424907
1187734
43563980
46315435
35416090
46314871
45939372
17211631
39140353
37950532
32268420
35959134
37860757
33900379
34039531
34448564
1430045
46006290
29323571
31658641
32543426
38421243
34963301
8425811
46258510
44279975
43686943
32185231
44914018
1183892
40517135
44519246
29637740
37321660
1723326
14094211
36452411
102354
36200075
38541316
35889893
40144312
3088005
38874523
16131003
34008232
36614161
45725949
30551173
37788492
27789274
42468526
16028388
42102
36954591
36660866
45988048
44433601
37251405
7708711
45511060
34840508
2920036
237544
37177606
968030
37727399
40421756
2707220
3122373
9321931
1549960
30251532
29653756
1730799
46060865
34714895
37649718
20449939
31409774
34921906
37555283
41818793
27645211
45479581
1562989
31524327
33321723
45132026
3315701
39243483
31821114
1018295
1738997
34367432
39011023
37105733
45450183
38001692
1096179
43712100
191777
37458435
46216789
40940986
1932870
377897
514070
31887466
40877485
147035
35149276
45479234
358730
36762392
941656
36405493
39545839
12701951
3565161
37085244
31759977
1692677
38898679
42162600
611709
31642395
42699517
249796
34981474
13446
1909080
45275241
38252875
151922
44011738
8768181
31671043
45305266
45259581
42297858
20508721
44459233
44902260
1634403
39007267
33085387
32388040
2563220
42084939
35351862
46229532
36687407
40654395
45407411
38907515
35826694
341071
42360764
35241545
904061
44549923
33650487
39012655
1583948
119376
7263681
27476272
36055964
1932156
34168714
2723622
46067854
46258121
27122866
41367194
15674567
35356466
29216657
1795591
32636782
45692230
590634
31103120
41018492
65062
1011340
58238
2568432
76934
26105
32642669
29513431
40538385
952584
31543514
37102
45001984
13741421
29787255
45479634
3353571
6495561
37938734
46025386
43348474
46010833
132010
33737124
38246129
10267521
2882012
2864498
44433865
35422268
6140641
36458297
21463242
31049200
573227
240316
32370298
32572284
34321778
30816628
2859156
44851715
63647
30440362
1550028
30171534
32703125
31995113
38299917
233204
39623249
32221641
34384448
30008136
2196880
1948476
39916136
35875426
38183281
43701102
32911959
29753835
44406483
1510655
44532962
440114
521813
12386691
32409459
35654053
22215832
16158926
37698826
2150030
555518
902033
38933575
38908163
16478077
44341201
45303065
38065060
145609
24655228
40344160
34059576
46277257
5054
42742458
719993
336159
31784386
40688911
265807
45343032
41777543
806722
36496295
41507229
43762870
749226
33656722
1877530
37012756
34884676
228748
158963
29143388
33548178
45817836
41283546
35008493
45391268
43413766
35703455
34867581
31644084
29004482
789336
20172814
37005980
43104337
2567778
650034
35192164
3039342
129131
15785160
36658033
34931179
38087037
43565942
1564659
42734274
1801791
40479611
32444603
39310677
5216031
46213120
46174820
33012343
744855
36168038
46212896
45820839
11798
35704433
33825222
4192791
1882768
43740077
36887514
39672592
1683427
46186765
41583566
596167
46226352
37413241
30161279
3049907
30880321
29638879
36317553
42213061
16050617
42592435
29900950
1960400
44798093
46132779
33471284
16434682
30736887
40436877
40755081
31172637
46012061
29902611
16002278
36050
559985
44430385
40818502
33726771
45184976
37094468
36583105
33931225
15231521
33028865
41856164
4787421
30283038
33015800
15671315
32669976
32299314
38957184
