28137
76245
85536
164707
188058
230737
289548
313936
347700
368495
406610
408993
480783
511876
538043
541632
573227
596167
740934
765940
775272
794097
859258
884061
968552
997522
1242418
1296747
1364487
1366361
1368322
1460367
1487435
1506629
1577870
1619907
1634403
1648406
1656182
1688338
1873720
1892260
1893312
1903292
1910430
2043228
2050286
2098570
2116326
2141954
2630504
2738540
2810584
2811256
2854654
2948364
2960418
2995484
3055894
3126990
3140811
3153572
3171872
3239693
3899521
4137871
4255031
5815311
6490561
6935141
7540461
7708711
8892541
11277471
11406731
11574841
12064581
12128141
12711881
13800251
13999431
14107781
14220091
14658981
15420311
15459021
15640419
15648872
15732510
15732987
16004390
16092780
16097008
16099995
16126486
16141911
16175163
16186832
16231491
16301122
16432171
16764574
16791529
20172814
20201428
20206645
20366986
20390872
20505172
20724031
24507988
24522829
27246763
27254881
27453715
27570205
27678379
27934138
27966128
29004482
29015921
29061690
29094584
29132481
29173895
29176341
29209379
29269820
29311294
29330354
29520899
29534878
29584654
29588974
29753961
29810412
29821442
30004405
30063280
30101195
30161279
30201822
30342989
30369218
30436573
30514259
30622232
30714402
30984703
30993035
31009306
31083387
31145662
31225367
31244623
31265564
31275198
31314215
31421106
31525614
31548792
31558616
31654607
31766278
31847896
31898212
31918971
31948161
31976226
32133313
32182070
32220279
32255197
32265722
32277614
32306543
32311713
32325098
32362460
32387580
32390084
32406594
32434075
32444603
32490771
32512935
32524827
32556320
32685864
32704677
32713577
32716706
32764561
32794122
32814547
32820954
32821120
32866452
33046106
33052341
33129938
33139415
33183672
33187551
33239512
33340154
33390952
33417824
33432979
33455400
33461345
33471284
33481426
33548178
33565098
33572031
33596879
33609580
33618340
33639468
33650487
33653735
33718067
33848436
33858410
33874947
33881883
33962283
33980965
34021808
34021836
34038754
34099270
34102406
34149973
34155332
34176815
34202335
34243702
34261097
34268940
34271915
34297224
34309872
34313704
34315187
34372952
34422585
34430318
34451070
34468404
34523776
34562915
34571044
34737170
34752860
34758460
34768424
34769906
34811329
34829307
34829884
34842004
34884676
34886224
34963255
35066240
35128270
35136117
35173049
35192754
35284762
35322329
35340305
35356466
35376078
35449336
35455309
35482588
35495855
35497249
35506109
35525537
35576963
35580368
35586471
35640554
35652721
35658308
35773220
35793405
35797666
35822911
35857033
35895585
35944277
35971388
35976020
35999969
36018095
36042986
36078619
36124425
36132341
36143876
36145887
36148068
36149962
36156541
36158095
36161663
36225038
36233947
36239345
36299528
36313076
36336834
36426498
36429170
36479049
36479606
36490695
36544939
36625764
36637954
36660866
36663285
36753181
36808298
36834514
36863105
36863247
36879805
36897030
36925871
36966646
36991232
37001434
37045120
37048273
37048405
37054012
37061663
37076955
37096030
37154466
37200076
37231549
37234673
37313925
37336000
37426813
37516502
37545051
37580198
37594761
37609810
37610865
37675919
37681738
37722812
37751079
37754298
37794049
37848489
37850681
37855813
37871689
37883177
37885598
37937293
37979101
38012361
38059708
38067335
38095687
38099266
38104917
38141202
38181860
38204030
38233811
38246013
38270346
38421243
38531018
38564339
38564916
38594007
38606502
38622085
38632874
38640178
38677419
38708605
38753165
38780006
38803386
38845853
38866331
38870132
38872920
38894760
38894847
38939529
38962779
39290158
39293016
39303037
39406531
39458546
39480855
39498303
39585950
39607549
39619494
39649310
39694322
39812590
39824276
39898749
39904765
39969197
39969276
39997047
40104510
40148478
40183427
40190658
40251458
40280338
40287750
40328496
40374533
40397977
40398270
40406696
40466259
40508319
40520038
40666041
40704419
40735799
40794216
40865490
40988671
41103846
41128286
41170699
41280317
41303431
41360562
41388309
41399161
41412995
41455152
41477852
41514691
41583566
41587978
41591751
41763343
41786229
41809846
41836843
41963216
41982023
42029653
42056861
42224139
42256369
42279793
42316209
42505019
42508219
42536044
42554160
42592435
42713954
42755113
42900919
42913775
42917578
42986280
42993963
43006019
43017526
43036475
43062718
43097358
43140368
43172247
43187089
43208417
43302055
43335863
43384617
43435362
43455978
43457316
43506056
43535873
43535978
43597266
43645283
43682953
43686943
43698619
43714303
43726966
43736659
43780643
43803536
43819557
43840197
43878019
43897247
43900701
43922383
43923609
43953304
43956145
43959310
43982336
44003248
44007420
44008011
44020514
44025989
44033958
44040225
44055820
44080668
44085511
44085570
44108563
44114714
44120757
44125296
44126922
44135617
44140778
44142107
44146627
44152988
44157325
44168690
44171637
44173792
44180449
44181773
44203347
44206841
44225465
44229132
44233189
44234974
44235663
44252882
44269315
44273996
44382330
44398812
44434696
44442114
44476815
44484822
44502841
44503128
44512962
44519246
44549923
44550741
44605086
44668883
44673180
44677517
44678323
44722207
44734855
44742248
44748278
44753491
44754418
44754672
44777877
44789299
44791011
44791361
44792157
44807247
44851114
44861775
44883119
44907679
44912477
44950211
44954345
44991993
45058601
45071937
45073492
45075620
45081808
45086792
45185374
45194173
