47663542
35793405
40574364
47897999
3119605
37546190
35552681
14634791
44070277
36270805
29016816
31781162
30161433
47452605
30430820
16652077
47349661
833768
38215952
39672592
34656089
30136276
47188647
28137
33667720
46969039
46012061
37590878
885936
41359295
2790348
47061639
47059930
43184223
47020213
46487027
514070
36957144
34664661
46133173
46746803
46873110
596167
42993963
30283038
40903138
33012343
4993381
46212896
37183393
30341626
38504120
29931219
35867886
4822311
46001613
46585159
30705694
46425027
36863105
45830718
44511275
2157656
43376737
46315435
46213120
44412070
16050617
42046778
46006290
42297858
37951232
43712100
40101476
41871077
46046013
46219823
46258510
37321660
46258121
46025386
46258807
39880797
45184976
38957184
588088
43413766
38420098
42314463
45521473
33132170
35182649
45818068
40818502
33741778
45760437
8697461
480783
41018492
40479611
15729279
34741193
37290276
40841626
46002168
36614161
45984961
38651345
253770
30229260
16113739
35613147
2785044
37425820
29317550
15231521
3168506
16030160
15596225
37027429
40436877
43383305
33800629
4132931
44459233
36485470
43734740
336159
36783488
1171095
42847742
34651665
37788492
20329657
43078019
36283567
1564659
37036907
30664623
37054012
31766278
31560489
35241545
42468526
42586385
45671028
289548
39573295
954639
45288716
6299361
31408319
43021651
34039531
41282414
45343032
36660866
41569682
35290150
31649667
34844519
36058595
43885995
42712733
36496295
41689901
38594007
35586471
42162600
43567184
40328496
30008136
33052341
37061663
1877530
1634403
32444603
35008493
34176815
20172814
35497249
29638879
45362476
44691311
35580368
44695996
34850744
41234612
1661700
42584673
2050286
20328433
1470788
33258697
13797691
32747296
193832
35356466
559985
11798
350737
36050
38768672
44838960
45109725
42213061
38095687
45025438
1866574
