48026814
44803077
402050
48020007
48068440
795992
41629366
41753120
42333356
1268630
34935669
16187074
41872839
47675271
45132297
47971245
7595
243019
46345088
46576248
47925338
47857021
47663542
47955173
378214
47940764
44011125
45505081
27896356
47913499
47898686
47646274
47619920
1495148
354956
41593559
36413583
47646128
46328525
47619611
977729
46302587
47833310
15988263
47368273
3119605
47491543
47875864
47874728
47809115
1366361
42027587
40464318
38296369
149574
47824140
37750044
47616526
47854978
38064924
47389416
41399936
1692289
47799520
47835931
30787053
11604
47796641
47795193
47176019
33567901
3133304
40678592
30692628
47596371
47705046
47728664
47004401
47734735
27881758
47726522
47719552
47717548
30205043
47523972
47566579
44545745
47566404
44169385
1331412
47694511
32798
44298062
29650066
140075
47685771
30348316
37938734
1450237
47661756
47651430
47658982
47656344
47652854
47652747
47651703
20449939
35968725
47645071
38117256
46983516
38065482
869561
47635619
1563881
1860108
47630757
47628530
47627083
35281191
1206396
239964
40442860
1749855
42425764
39827109
47593968
47602163
1375382
47588578
47590413
36270805
42425580
47586890
42425397
47470333
40788801
47584482
737174
1420444
47411493
3088331
15684306
219392
47569242
42286107
46505586
42425241
47480351
484918
42425016
1088081
46659603
47458057
16202778
47520005
47519240
39139537
27953973
415366
46180939
47508580
44070277
42373741
1701337
47482793
46179917
43900021
40446611
44458
32676884
47450159
47452882
37736681
1313728
31781162
44028603
1515190
33936364
47439729
47439872
47436666
16356817
339390
47434003
47427344
47349661
2560106
36748465
41436722
38022316
33788293
47408796
45292661
39510587
47376659
41064061
47392486
16080559
47383882
38215952
38850077
47378292
46025386
20163121
42459225
30872897
20310952
47188647
34414136
47335870
47179247
47321097
39061573
38534051
33803439
39410289
283565
47273300
47273088
47265284
45803840
47253962
44536810
1582540
30136276
1136495
37764972
46908782
41576793
47226796
43134729
47223195
2851030
33887023
46445891
33285919
35949017
39423203
47185038
47183125
47144878
42223633
47178996
47178196
47177570
45692230
35966676
29293282
46687273
42000998
37488148
1151484
41285607
1112602
33860932
47139913
885936
37220460
47141319
45136485
35549764
2033960
47138892
47128302
14505171
47092466
47101780
47049846
47059930
44441525
44441296
1046410
40183955
44221070
16652077
987929
47022912
12204791
47027454
964637
725205
47018112
35959134
617783
1147277
11996
46991491
46970212
34664661
36080478
1669502
33667720
30283038
46487027
46972263
39447256
32653535
42852451
2811256
35869112
32585911
42172914
32602742
1311968
42173059
46844955
46855278
41868403
33444223
37183393
16073157
42218055
156376
29606433
46928913
561672
44285272
29967253
3190499
46689782
32685060
39645605
40903138
46559119
46907305
587963
46893453
46889236
29931219
27705658
41998150
42090563
32071980
42242756
3113236
77617
34623214
1558130
46847085
22800
31623338
40648907
3411401
38206511
41007236
1555317
1523452
915846
16021578
31140147
38504120
31005008
42006399
16692985
38254966
41656148
19065
3043392
33580409
1354597
46760637
1026597
41913784
44513121
31641561
45023377
38239400
30890255
42459643
42494235
46750391
29810412
31172140
954506
41578923
34656089
40168236
46738063
46734922
41899597
34853053
46514375
39403372
32649855
27138115
44165505
3024929
43044654
46671544
9976211
35658866
39886727
10520
34232370
43060808
251548
41286185
45865577
37546190
35867886
594787
833768
29925408
956295
893900
36167527
36954591
16117522
72849
46611352
31759977
39535400
16060886
1338095
1045430
46605831
46600527
38538968
922891
237161
39332699
1168460
34094748
32055903
1117475
36863105
17637
1851914
46153013
46519065
46533128
30759094
41023811
46001613
36253880
45800673
15569913
723052
45391268
40425323
1183268
46213120
36515770
38087037
37228149
46140584
15046851
429187
46504632
35309271
46494637
33298365
42075789
3020399
628860
43033878
37451636
46481292
46484424
496660
43376737
794097
514070
37177606
83777
75898
15583108
41250206
35712082
1185389
46424470
46460529
42811248
45113964
16050617
44412070
45525248
2831258
375193
10258171
1735
46429479
35418208
31992247
242813
46437645
46437274
46437028
46383124
38796319
338669
46429776
46425603
35793852
1562665
1398923
38273490
38579246
30813280
42632101
29541566
30770350
46388705
36640525
46402932
41871077
15837069
46389361
1597760
947815
29162618
39471098
32699840
43712100
36277240
35024888
399222
42600140
40101476
45574977
1052687
45830718
46219823
1343604
46132779
29777439
45521473
1119273
42531162
1085145
42530973
42530528
44110573
47329
43440319
40344160
37433288
33490641
45433005
42297858
46314871
33342123
40688911
45574754
39925934
15724439
46315435
45450183
27957405
42046778
46313870
37321660
40144312
365557
30251532
44440612
45132026
952584
45574529
42360764
27476272
35654053
38907515
37191019
35059806
35735993
34321778
44851715
43565942
32529864
46277257
41507229
368495
1882768
2567778
44248822
41367194
46247776
33012343
45576633
46212896
45525753
35874337
41193047
43414274
46012061
39623249
44909512
38957184
40574364
358146
42734274
46191075
42494820
40489407
1688622
88966
39880797
46174820
93640
43413766
109672
46223657
22870373
46221991
34633845
44027486
42056861
32191288
46036754
46216789
1842362
46209499
6906571
33028865
34749543
36614252
1677987
15761025
46196797
41017816
45025761
42494588
45082986
42459818
44192326
45876116
8020801
35372757
46179903
976580
31923832
320158
5216031
37991224
45576904
45524877
46067854
41101320
347700
819604
46149233
40227824
78422
45577590
39662668
46137025
45524439
46093416
38541316
44430385
88824
46133800
650034
45586785
597881
46120286
46119721
1008866
44011738
14379241
1603744
36136652
46098995
1801791
35941718
1696071
34234467
42297177
36495495
42256677
45523925
46089001
3373881
41072746
40511807
725247
9267
3726791
41850586
734394
44238567
44433601
1308678
1683427
27109402
46073472
40786301
63935
31953324
84822
37457331
45587754
1368322
993088
588088
45589383
1169395
33741778
32840141
40940986
3029359
8031081
32624381
37638400
1526984
1662024
173274
35009503
41018492
38183281
545793
2707220
1409722
45230
37075133
35425599
34032473
33796498
147035
37855345
32249085
33548178
44459233
1834008
32409459
31818624
46006290
45184976
1163954
45539370
45564831
43924687
45531017
45984961
45992230
579403
32363017
1550028
757420
30229260
45974842
33864894
1522138
35292835
16030160
1029377
1103520
1061693
758065
45966236
42430
13996741
1314451
37639320
40436877
44724275
39895988
45955920
45760437
37622746
32096751
757599
639822
45274605
8507811
1738997
37452480
849318
45908079
43740077
37114482
30140934
45912388
37055960
710215
29606448
45917637
32625132
33816330
2061230
351166
34651665
36783488
42032081
35182649
4132931
45789566
1672546
39923485
39429740
1228236
6934911
39141832
40170971
40191411
43383305
27548371
36938953
8438
3505851
1434753
43507376
45462678
38697157
407393
33132170
45833528
33863649
39709609
30788504
45820839
2864498
37690739
41172101
1895246
36468700
1383726
502799
16457329
30664623
874726
45818068
45817836
45817609
977598
36887514
37609810
1112852
20724031
40284234
34951828
41009807
505735
37693079
31560489
35241545
44011098
1100217
1311235
45796483
37290276
1564688
45787273
37243017
36614161
41852820
757429
15414
37580198
45785289
1730025
95476
40784818
30148203
681850
1446666
11229861
1477035
35126582
45762505
1460367
20508721
2944724
33900379
44935421
45711720
34873295
39672592
565560
44549923
33931346
45739812
45738376
36629092
36785613
433814
32554504
1564659
188058
29894000
42876052
39830960
1230123
31408319
45721209
45720045
45719378
1145372
1031453
45715971
1930960
86720
43701102
44571152
608191
1696371
43364884
36078619
42170579
102652
42804788
26361
42144115
31289584
36749107
27889049
34039531
15538457
36703081
32775926
45693603
42936594
19456
1599792
36378265
41569682
362721
36957144
45683082
848844
37860989
42581711
96012
2714846
37191067
1516280
3050151
40479611
15990503
15729482
1445832
45639247
316755
954639
34767125
1285622
596250
43493677
40005999
455235
187756
34903603
38390047
30777002
9134
898541
16215782
260869
36666664
45622192
494835
42586385
31699910
31205188
31887466
1217645
253688
20487505
1115011
219504
39243483
43885995
502093
2041258
42147819
710382
45447015
39890015
20201428
20166991
45535614
45587233
45573792
1213315
20478610
45551869
45459052
43172247
34708704
39634426
37005980
34161633
970814
191158
34427918
1398529
342943
1156449
44758691
37299366
34595388
1980544
31209204
31826231
73306
42600013
42812962
43460079
36434583
38946650
36737005
45519214
32302017
34257553
39621372
36668700
328368
234439
102354
33909240
77224
35390395
1734019
37956444
42833867
39608793
894383
101070
42507771
944133
2394508
39666126
42847742
36538189
33158552
33199695
29099432
37274141
2269306
14731311
42742458
1582216
37991944
337687
562124
20662
23990212
37787672
36347289
1559810
319009
36452476
4803181
8040491
37649718
42136519
3084278
36434146
45516540
587558
1592207
45513062
42498965
44583325
44832146
1699234
43104337
41210098
31534848
10171741
2037332
37675919
41818793
38535689
1870502
29071738
498657
44775968
37058800
37497003
45471556
2721352
38252875
357778
1638457
172609
2534860
214874
412971
35816075
45487444
45487336
15722471
32883304
31566256
13446
6460971
2162396
685223
44189677
44125296
40577916
310796
308176
16165278
48909
251442
159073
40648256
328626
33590741
41282414
21672
45471359
34094382
37483114
36042022
17962
44225465
36425740
691166
33051296
42162600
16072171
35912003
8697461
32979253
279935
1308099
89883
16037073
32647929
1849462
45437577
41133334
41533789
1018295
549311
949897
801328
37756277
85796
1504998
44752682
36995972
32473050
15578934
1522896
537838
29145300
420401
45365492
37929817
41582800
35704433
38533717
1153054
29649316
27753742
40157713
45430445
1068500
45426859
216144
4099001
40131983
42615572
40262073
44492436
1450341
45426599
45320035
40228776
38453768
787652
45424770
1177047
1373118
1571432
1500327
37048405
36271156
30595443
37754298
26105
4808241
30025610
37282818
1153944
338803
39728232
34042846
45409383
3032431
34306039
48114
41441868
32638739
42081635
966443
42592435
162897
144735
31991313
43154630
275127
487840
40097591
31297544
3142613
45373191
1136444
34282381
29562754
1165533
1497959
268274
5538311
2050286
45316213
1502356
461224
42533957
30787405
1470788
45383979
35733175
44648586
253770
21915986
7987711
360298
1766941
780635
44283738
38763753
32875814
42029492
27175597
43413129
1316340
43005528
33235967
42775176
43140368
1102550
35803299
38579094
29170535
153989
32184655
44022426
33258697
111375
34098622
13797691
31186911
698395
36225197
164540
36353300
41234612
1201572
32724775
34856429
1709978
32747296
1605053
34387564
35322329
950759
36644610
2955500
36753181
45319124
180604
1412537
31313419
45356503
41288360
33052341
1034763
44129259
16089037
35279376
2456150
1492302
731740
44794289
37590878
310165
35355802
36494446
16198106
45343032
948050
35021150
34850744
41303431
459893
44231662
1675508
35017071
33307262
164707
1116296
45338099
994253
673402
37094341
916754
35257421
2631490
41023720
29797490
479143
31567807
32823055
33232042
37603651
39720820
32004730
1342318
31001992
40816040
41789847
37937240
33028937
11304551
1562952
37701458
31654812
3168506
42584673
11876
3174008
37951232
1080527
1232953
36682596
37656426
30876796
342128
10994851
866939
44967214
43826560
1452361
1320516
29131195
32121342
13255
309398
2332404
29786748
892387
37750750
1430045
37567334
6604351
1951618
308822
43797771
43986967
2186258
3119206
37201726
34243702
42030580
41689901
1707839
39072259
45309992
40631190
16174613
1812889
645654
36092519
1256153
38020149
6299361
16175163
5054
36437360
37918277
445550
1859874
45306693
45307266
3794141
36808298
45297853
1436390
2157656
36792599
747359
37404001
715883
401716
1235208
43538236
36394019
1356774
29294699
32444603
34385049
278193
16039001
29565377
1146169
613087
3095324
461027
68262
36400299
165933
765940
30551173
306442
44558276
32246575
159240
31248009
763396
1183892
416683
2389568
316016
15735990
1033468
121936
2059828
1265587
1537601
129199
2968688
780810
16002278
5477351
31916219
76044
44666056
35703455
36093463
206534
45254536
1187734
31835410
22826122
1127355
675424
37201219
63856
42468526
301013
553822
11395531
1816419
607939
127610
35366575
158963
37146733
35139219
40671917
39041563
38128193
38339964
336743
844785
37036907
1370381
29787255
18698
235720
37341234
44007420
36303628
45235954
38032583
24989
30007773
2568744
45274463
29068855
37775536
370225
40765587
37842897
30484191
102527
1305319
405070
43630015
985567
1215755
44218891
36777790
35755127
29317550
7602851
7876371
37788492
29015921
2175706
43471503
30008136
58238
90310
29290600
45267999
31548792
8014631
35300210
5889031
45263033
38421243
1720914
32531308
44204975
44953686
1165998
39198616
113973
40682417
2219624
42855390
45229380
17341
629076
33880811
27089110
32390084
33881883
1171546
573227
1454595
9035721
490152
42299151
14658981
1608224
968552
36964504
479920
934718
1549534
27799810
15783943
29574359
38708605
180294
555836
41618615
1628172
33046825
65177
35757014
5375001
34059576
841611
2302052
725453
43016837
43870370
565324
570506
31287507
360050
3047909
530143
1899896
30600093
265807
862599
34407386
36266626
787120
847736
39850493
2339528
295776
1990332
23455
30857
1403021
752175
43827181
237544
43925
611709
36838596
31248065
35491226
45253219
39876830
44686439
2785918
1419548
283487
559179
1957642
1518211
1656484
21429021
44691806
917635
33279450
36485470
16059618
2048896
763504
31995113
1510906
555877
872501
1180900
1575779
1030937
39859222
45249031
3140811
31727017
43734740
44838960
33093107
374779
43882475
150943
30696473
617132
1590101
38499
1887414
3406561
36766421
1183471
1594950
45247290
1294736
1032946
11515201
817669
22700512
614021
45246820
37051018
37459452
45210371
42340592
41477852
33805934
45242863
1729134
36677698
45242473
41730539
38206730
29965767
193832
409155
45240489
40304817
50293
42177082
541089
34502735
42517159
651369
1944874
31668659
26625
76245
41046728
1204656
173684
390411
38655141
35737067
41450735
35106960
27550213
34202948
14190
43008201
39480855
45235691
767689
36561605
45235566
43344
34276313
35672472
331561
15558219
37928042
45213117
39747463
35212777
357736
42763152
39663
62523
15972138
36859
34704798
1388397
36753093
39577502
94091
35617157
30574224
2785044
35580368
2861564
53111
27761767
740601
41998402
36200075
119376
35180848
27452803
1146459
35114144
537358
2038076
353044
43097358
83166
36370607
63647
43973375
40680602
229746
62697
29889111
20390872
1000408
34741193
35356466
464935
42978456
34288861
41834390
10487
31128614
569
65062
78139
2066900
43680919
19412
243780
41834161
499787
909757
1480870
6862
43111418
35670789
113897
4873751
2777970
42235008
210233
14094211
43855044
5815311
45118633
45225367
34512328
8507311
3235457
45177713
43348474
39327860
1065391
2581328
1593617
3229232
44798093
42440304
269343
36142896
38233811
40269349
42993963
36165552
43987105
36042986
34277316
31525614
34354588
353634
15707110
16055253
45220368
36323018
34450292
14634791
27246763
43974325
1634403
12711881
37654088
36582847
34297224
842380
45216261
16024259
41306593
38099266
31484816
44442114
39807286
35297357
29053363
42538183
20505799
1077666
30369218
33146438
29077421
142017
1508454
39914632
37649449
37216929
16099995
44019246
32747470
842198
34111594
806722
37223561
16127809
29670484
864853
37117582
29831504
42986642
1149124
9347671
32603445
37555494
30651773
35841731
35192754
4412651
7985671
44747240
3178636
37446469
37100183
36665881
21859725
37974305
39702688
915984
44477045
136170
262763
32384815
21614119
39969276
725947
43343712
24397137
39209504
44758835
36242980
11096711
2084692
42157258
37513111
24655228
39655565
45205992
31644084
39249006
31070973
30548901
904061
42309775
31766278
38910283
44002493
35027686
16311931
43158835
31443615
34997129
1546064
39324081
574593
41060226
718047
15631017
33740996
38611319
27899351
3236884
37718132
44218
32217369
1895100
37674286
45202337
37727399
39494336
31866024
9632211
33181084
42393610
15706969
33719282
149807
1505047
15587234
3931101
36177229
30457771
16158111
1207492
33113932
1557713
463958
42729759
34475518
40703326
32826499
31353623
2408716
37881385
8329381
30245241
5658921
35160006
34931179
3846811
34844
8892541
30954624
35740466
36728861
45195680
43453841
6342431
34867697
737660
33212535
40735688
30816628
108944
30551620
40517135
34261097
5617901
170354
34624069
571983
40140241
30177003
2899692
884061
38647757
30514259
21900021
42983434
43480018
35652721
43823170
37545704
8885
16464154
31901303
20328433
1056519
36076438
36566912
35648534
1727020
31562293
43273366
45188944
44970080
1193922
36115816
20172814
44184269
39011023
37140982
33076419
1667237
852997
32543426
35561457
265732
41856164
16772128
45188156
34093276
31029021
34021808
477713
1684998
40149813
36663285
31432310
39937702
31020335
33208975
446529
2574908
866596
39033410
112155
34714895
7263681
36295363
42200942
11601241
45136544
1624178
33521438
3118740
34232185
3039342
39539062
45109843
30736887
356914
16231491
1093826
38107984
41443032
31622964
35326018
41011363
36496295
29887929
45184352
34962537
40245234
36638178
4615471
36053754
34884676
810427
37224976
907173
39354233
45039652
37975890
37374584
40755081
38197268
30518547
33137913
3053273
33129874
41128286
32029613
34176815
27901078
37409164
15482841
1656182
476092
2356556
34268940
35285210
2010430
50422
1357561
843392
45158155
30369656
35976020
590798
38001692
480783
32780609
7778531
1324906
1849402
10694991
36523759
39479048
1375507
7540461
32669976
36846620
45179345
37452015
33618340
33467222
15623990
29143388
35935521
44114714
38181860
997522
37314712
44416777
39816835
39007267
36849632
36862953
32761184
31394077
29526947
2722854
124891
914546
33786471
38823095
38250855
34844519
3397011
33181286
37859814
652340
30567215
44214452
39721431
44122607
39022392
23179751
35912758
42698420
35310395
44246553
35290150
35710369
862079
154333
37964412
16281223
3044216
44925732
16369510
41373622
33848599
34548976
16103358
8458681
41547182
45109725
37061663
37061732
30318459
39374179
32703125
44235508
40877485
31797942
40638943
37937293
38594007
35725748
37947145
1932870
39670270
40470773
41429684
10887981
34833265
35912924
323494
33312225
1857240
1686155
1006048
33565098
30491203
33236217
40375763
42798547
39101441
44415758
32431907
954437
41398277
7764571
36145887
10559921
43861425
11798
262103
1929708
1171095
350737
285078
36132341
37023570
31805492
33945504
37094468
1877530
34340446
37199454
2790348
6455781
30949407
13999431
44572569
771064
32561635
34960316
33250285
31448101
35793405
40287750
33726771
150792
37413241
33292729
596167
16031116
37178045
33187551
38630457
29638879
30630871
43021651
41591751
36726098
37054012
27963076
35864069
33333932
39853044
2333358
191777
2238228
40818502
3565161
30161279
36050
32133313
12471661
2317946
42102
16169343
34313704
34093885
34168714
43686943
35191439
15420311
35971388
35944277
42230726
16028388
15652765
35008493
44182551
15231521
34612997
3034532
31197848
27884465
33329099
35738761
35875426
36370538
36058595
44117474
15596225
41583566
42873696
43519671
36317553
40328496
16158500
42303362
5416941
33580073
39161111
34857022
35559388
336159
37522074
4981411
44109474
44415262
1619557
35266418
32335668
39310677
155881
44789299
38186706
38391762
32008337
36168038
1225331
34271915
749226
2827104
44754418
488833
627092
15671315
37781234
40708147
31610722
90796
228748
8604821
38580835
33650487
29815920
76934
347749
38095687
31744
38894847
43869336
30004405
43853811
31172637
3049907
42213061
37177773
37775362
31311518
27122866
32288681
15972982
27140497
595215
40982320
30790382
36449254
522830
440114
36660866
35450311
45140431
289548
883089
45127947
36295327
43077186
34829884
40701193
1156223
32389649
36583105
35289124
45107850
38388818
1873720
41864342
3407761
41283546
29902611
44550238
44611598
45080613
15640419
559985
1134513
11967091
13825821
31880815
38037858
3220506
37078428
35586471
32079756
29004482
44413246
44414451
33015800
36804885
