40818502
975165
47981042
40982320
30664623
43686943
26105
44011125
40945157
37054012
35793405
40574364
46328212
46441158
47491543
47861889
47854978
47846874
35322329
30692628
44545745
40168236
6328601
47004401
36353300
30136276
44298062
29027196
47131837
1430045
45176306
47651430
690071
37191019
45525248
31394077
38065482
41350753
42880339
36660866
3020399
38215952
29650066
8859801
39140353
35949017
38087037
38385633
34268940
44474780
38894593
833768
1701337
2491948
47586890
35532108
45521473
37061663
16710268
35356466
47397948
44070277
46659603
47527882
44599867
36058595
47459168
336159
30161279
15596225
36804885
6002901
36413583
31974640
14505171
1474421
256652
33375253
2560106
36421773
976952
885936
29541566
35703455
31448506
14522191
46025386
29600334
24448587
119376
46554512
37183393
1313728
38095687
40202215
47454089
46001613
40328496
37422961
35780359
350737
28094275
42297858
47223195
47188647
16652077
35008493
1877530
46323667
37314712
29931219
30283038
38504120
6299361
11798
954437
45495061
37350959
47022912
34664661
156376
36080478
36050
37835801
33012343
40903138
37830557
596167
20172814
13797691
46132779
24655228
45343363
45341933
559985
42089141
44122276
35024888
35586471
38669121
34595388
36954955
31622964
33072830
24127490
36249297
32685455
24229431
22887925
21632338
