1375382
35951610
44412070
30229260
37191019
47698924
40168236
833768
45521473
38453768
30161279
1313728
47452605
41856164
47378292
47349661
32041576
38215952
41359295
47188647
47223195
38032583
44599867
28137
14505171
44716019
885936
16652077
596167
40903138
33012343
29931219
32685060
38910283
499787
34656089
39688519
38538968
38504120
954639
2831258
34884676
15724439
35293985
40344160
38252875
46213120
46356082
45184976
46006290
46315435
46212896
37043833
45082986
40940986
44572569
44451964
41018492
36496295
36887514
34039531
37425820
44459233
31248009
42586385
31887466
16072171
35586471
29638879
36058595
44225465
44007420
41834161
45109725
35300210
45027825
11967091
44945728
44182551
440114
44819382
44782872
33461345
37937293
34844519
43686943
42022374
43624441
34176815
34297224
36161663
16099995
32390084
39480855
33580073
41791843
37313925
31562293
43612058
40498342
33565098
38099266
38012361
2785044
44442114
44081214
38095687
38067335
33052341
36386163
253770
20314600
41648804
2566714
41752041
37609810
41514691
33455400
480783
44145862
2141954
33015800
31172140
41303431
15652765
42527675
3222393
35971388
1171095
32444603
38870132
33881883
5815311
6796441
34313704
42993963
350737
24524806
39604976
41591751
32363494
43383202
42986642
37474465
42235052
37642160
35008493
34202335
1460367
7708711
42592435
41689901
37850681
42113562
34021836
41645642
41280317
41850586
37054012
36223368
37545051
27453715
41398626
41526261
41250206
41426007
39007267
35322329
35640554
41360562
31367431
33596879
35497249
34268940
15596225
32949699
40328496
31394077
35781052
33471636
269592
2050286
40775397
191777
35520100
37296920
2630504
38622085
30369218
38233811
1942238
38858875
30004405
33432979
35580368
790656
35300985
39980854
1895100
33471284
39791709
27966128
37076955
37809441
34099270
36409309
39653976
12148
34261097
6490561
33187551
37873266
20172814
32522806
29244483
35658308
540439
33811255
36295327
38631141
2815434
36838004
35082686
36991232
27884465
37722812
30101195
15738598
33292729
38594007
38421243
37649718
36148068
672965
1634403
36865090
549368
2339528
38424129
33046106
37282818
4581761
11798
559985
36050
36299528
38185753
34385049
36583105
24232080
29956289
29596609
33446198
37254757
181052
37123750
37207813
32554504
36606495
36292045
35390395
15962419
2194976
35608092
34218848
1940432
34834349
3079787
272561
27659821
34008691
33918547
32403888
33877420
32386934
32606441
1774311
31206616
7810081
32309349
32188991
15782387
31917236
1349101
31930598
30940544
1877530
31128614
3139640
223483
780674
31734670
3531121
16695088
29099432
31424061
30872669
30826789
887471
16679437
