46345088
34935669
47930026
40574364
47799520
1701337
47656573
47655207
47516881
32676884
8431361
47428088
34315915
833768
47223195
885936
29931219
42297858
35959134
34664661
46964809
40903138
38504120
16692985
38254966
46755081
38538968
41928997
43060808
46692857
27861880
36954591
46620950
46611537
16050617
46153013
46006290
46540812
45830718
46507888
35309271
46476068
46219823
45184976
45303065
42811248
46213120
954639
789336
46409715
41871077
43712100
40101476
46337786
46314871
15724439
35017071
40144312
46307743
40940986
1373118
33501625
46250307
42162600
43413766
46216789
46216072
34198542
46173759
347700
37788492
46136499
45132026
46067854
32776513
34149952
20172814
46091660
45818068
40818502
597881
34176815
34161684
46034804
26105
37290276
2450842
30229260
588088
3121264
37061663
45531017
3168506
36170647
29832069
43686943
6299361
34595388
3235457
2899692
35561457
31026216
39137427
33864894
43734740
37928042
37425820
41834390
37165220
36058595
32444603
31729428
34161633
45908079
119376
41582800
1470788
38218223
45896058
1171095
15231521
16319284
8507811
45856997
42847742
34651665
45343032
132137
744855
38594007
33028937
2238228
39969276
596167
42584673
41283546
45406913
44572569
2043228
36317062
235277
34844519
43078019
36076792
45184352
32924305
13825821
15596225
42936594
2050286
336159
884061
20329657
42742458
29638879
158963
15640419
31880815
35008493
35182649
38095687
1656182
36660866
42586385
31887466
36050
44433601
35586471
1877530
44007420
559985
43701102
45436622
