26105
28137
36050
350737
514070
559985
588088
596167
833768
885936
954639
1029377
1313728
1354597
1443249
1458875
1470788
1634403
1701337
1842362
1877530
2785044
2864498
3020399
3124052
5580171
6299361
13797691
13999431
14505171
15231521
15706969
15724439
16050617
16457329
16652077
20172814
29215490
29317550
29638879
29931219
30136276
30229260
30283038
30430820
30664623
31140147
31550212
31641561
31642395
31766278
31923832
32041576
33012343
33052341
33298365
34149952
34288861
34306039
34313704
34651665
34656089
34664661
34853053
35586471
35704433
35733175
35793405
35867886
35949017
36496295
36509586
36772578
36775060
37005980
37036907
37054012
37061663
37290276
37425820
37590878
37962279
38032583
38095687
38181860
38215952
38218070
38300443
38502299
38504120
39139537
39645605
39672592
39688519
40101476
40168236
40328496
40344160
40376269
40388727
40574364
40818502
40903138
41359295
41856164
41871077
42046778
42162600
42297858
42584673
42993963
43104337
43184223
43376737
43686943
43712100
43847832
43924687
44070277
44165505
44270317
44283738
44412070
44433601
44451964
44599867
44729966
44851715
45132026
45489787
45531017
45671028
45692230
45731068
45803840
45818068
45830718
45866096
45880061
45908079
46001613
46006290
46012061
46133173
46219823
46226352
46258510
46301843
46315435
46323667
46487027
46687273
46969039
47022912
47139550
47188647
47349661
47401530
47466546
47478439
47651446
