40945157
15596225
35322329
35793405
40574364
1092136
30136276
47694511
14505171
690071
44474780
1701337
1430045
47427344
29650066
46659603
37391952
15789805
47473590
37183393
1313728
26105
40328496
44002156
2560106
787957
16710268
47131837
35657092
47322192
41856164
40903138
47349661
33298365
1335045
38215952
35848891
47188647
36677803
28094275
47223195
789336
35949017
30283038
16450480
11967091
16652077
1634403
36058595
36080478
47022912
1200306
46132779
46972263
42297858
885936
30664623
35586471
33012343
596167
32685060
29931219
16692985
31660678
833768
45023377
33052341
39688519
42405041
38504120
34656089
40818502
38254966
32638739
39645605
34844519
44165505
29541566
45184976
602538
38594007
35356466
13797691
43791882
43060808
954639
119376
2050286
34161684
36660866
16050617
44235508
37054012
46001613
350737
45391268
38095687
20172814
6299361
46496482
34268940
35580368
11798
35008493
37061663
559985
46036104
36050
29215490
