1735
6214
9134
9939
10897
11798
12504
12627
13446
14190
14267
17341
19412
20284
25342
28137
36050
37102
38192
40665
42616
47542
48909
49101
50722
50810
51268
54691
54844
58750
59306
63647
72781
74012
75798
79212
81060
84822
86171
86482
87308
88462
96051
97712
97779
103000
103554
106610
115280
118143
119376
122867
125409
126669
128685
128693
129131
129866
130444
132010
132097
132137
134810
137796
139494
139709
144995
145190
148120
149491
150926
151187
151922
154392
156376
160539
163057
164804
165193
166651
167479
168310
169492
172903
178907
183767
185563
189961
190795
191054
191083
191508
192551
195008
195488
197244
198817
198897
199319
201333
202809
205115
205398
205757
206143
208749
210025
211693
211948
216547
218854
220207
221748
223178
228748
229547
229963
236778
237606
237919
238225
239183
240836
242813
247286
247516
252225
252772
253770
254705
255977
256478
256967
257148
258874
262313
262763
264964
265581
265896
269982
270968
271434
279202
280479
281814
284230
289548
296388
297623
301506
303456
306442
310100
311546
314149
316134
318589
319171
320387
323494
325574
326419
328887
331561
332443
332890
332943
336159
337687
341714
342128
342767
344279
348714
350737
350872
352990
353499
355980
356413
358730
359216
360146
360832
367859
370285
373410
377817
377897
379872
383427
388335
388845
390123
392255
405054
405713
408391
409155
412201
412901
413573
418080
425336
429547
431858
432625
433449
435311
436913
438252
442152
444110
445069
445550
449448
452794
453899
455308
457239
459808
460543
462607
463958
464195
465213
468105
469349
469460
470817
474717
475774
476092
478879
479580
482699
483974
485000
485196
488668
488833
489855
489945
490930
493065
494383
494660
497388
499787
499883
501460
502799
503204
504582
504704
507755
509492
510024
512035
513130
514070
514744
519352
522072
523318
529570
539828
540502
543744
544178
545379
548413
549815
555877
557907
559985
560401
563150
563972
564634
569094
579437
581151
581469
582124
585962
590289
595215
596167
597538
601473
602298
602954
604484
607854
608331
612972
613090
615886
616782
618270
623816
624050
625236
627356
627916
628552
629807
629850
631960
639481
640703
650131
650942
656976
657789
661387
663682
666438
668066
669157
672012
672965
677037
679442
685223
686361
693986
694971
696792
705135
707469
710215
712565
713448
716805
719993
722025
723433
726967
727647
736480
739402
739911
740601
740743
740789
743884
749226
752175
752331
757801
758295
759601
763504
763633
764283
785703
785722
787215
787264
787756
789336
790498
791353
792332
794996
797369
798817
809693
810427
811271
811701
821367
822558
833327
833768
837162
839146
842198
842380
842663
843392
844357
845727
852997
853815
857179
859357
861402
862079
863487
866839
869561
869791
871173
871284
872501
873902
883730
885936
887360
889325
891696
895290
900607
900889
904061
904451
907341
908662
912558
916901
917046
921906
935100
936849
937024
941830
944133
944555
946625
952584
953126
954639
955375
957901
965645
967541
968564
973135
976580
977123
982806
986242
987929
988994
989543
997522
1000103
1006471
1007746
1015896
1019786
1020324
1027116
1029377
1037722
1044072
1045037
1045813
1046761
1048226
1048807
1051286
1051540
1055564
1061845
1071516
1081134
1085145
1087864
1088701
1089118
1092961
1093826
1095055
1096416
1096611
1097823
1098443
1101804
1103520
1104866
1112602
1114032
1114218
1117124
1118156
1126094
1128085
1136020
1136495
1137937
1139155
1140352
1140447
1145372
1146459
1152603
1158754
1164108
1165998
1167708
1169561
1169793
1170875
1171095
1177009
1178186
1179002
1179152
1179613
1180900
1181077
1187060
1191329
1205944
1206566
1207492
1210030
1222244
1225514
1226585
1228236
1228494
1229317
1236224
1239027
1250749
1252105
1256231
1258414
1259681
1260106
1260326
1265249
1266200
1267709
1283823
1284736
1287190
1291095
1298514
1300965
1301213
1304113
1310439
1314485
1315436
1317718
1325425
1328737
1331069
1335168
1339295
1347150
1348388
1348693
1349882
1352375
1354597
1355865
1357931
1368322
1368810
1370045
1371204
1376785
1381481
1381787
1389386
1390081
1393856
1398529
1400410
1400546
1401769
1402057
1402197
1403021
1403143
1413817
1415265
1416246
1433323
1435305
1443249
1448971
1450341
1453448
1456628
1457817
1458875
1460367
1460941
1467716
1469340
1470788
1474421
1477658
1478469
1478550
1481952
1482888
1487667
1489179
1492302
1493531
1497805
1497959
1502356
1505047
1506545
1507941
1508454
1510113
1513297
1529834
1536644
1542223
1544369
1544512
1546069
1548843
1549983
1550028
1557713
1558536
1560236
1560444
1563881
1564659
1569204
1573474
1573966
1574789
1579639
1588691
1589060
1592788
1596790
1600469
1603791
1608224
1610371
1611082
1613372
1615027
1622920
1628933
1630792
1633159
1633654
1634403
1635370
1635768
1636716
1637743
1638457
1638568
1639228
1640190
1642254
1644122
1644743
1644814
1650820
1654303
1656023
1656182
1661822
1661912
1664249
1672546
1678433
1680480
1688338
1697345
1698035
1701575
1702111
1706381
1716621
1720192
1721753
1723820
1730025
1731349
1737273
1746359
1759009
1763527
1766941
1769555
1773613
1781157
1783307
1787759
1798627
1799265
1800895
1801323
1804759
1815645
1816853
1825977
1842362
1845014
1846962
1849008
1877530
1881610
1886252
1890750
1893312
1893708
1902686
1910430
1933092
1933826
1934362
1948476
1952070
1956532
1958572
1967164
1967392
1969388
1971776
1972946
1975098
1983570
1988100
1990076
1991566
1996334
1998060
1999984
2002066
2013016
2015776
2020070
2020994
2028214
2029304
2034790
2039426
2050286
2064172
2072402
2081866
2082488
2084276
2090184
2098794
2104846
2112562
2112972
2116186
2119418
2127230
2133996
2146106
2148818
2159208
2175394
2178806
2199106
2205364
2223478
2225412
2228572
2229656
2230652
2238228
2240784
2263350
2274202
2277848
2279440
2291652
2296424
2298368
2304078
2307564
2314354
2322446
2326980
2349216
2349450
2352752
2362774
2364434
2366574
2368364
2380600
2382918
2383972
2384084
2385890
2390624
2394078
2395942
2397964
2407884
2411380
2413146
2423802
2425176
2434834
2447172
2456426
2468940
2501044
2504366
2510794
2512634
2516026
2531218
2538844
2541664
2550754
2552612
2561490
2568432
2572946
2576798
2600870
2604976
2630504
2636380
2651468
2666034
2679824
2685080
2686198
2689222
2697778
2707220
2722208
2723622
2726852
2741918
2756024
2757634
2774004
2780108
2781112
2782976
2790348
2795634
2810638
2812730
2813792
2815434
2819058
2822734
2825436
2826730
2831002
2831258
2853522
2855444
2859554
2864498
2866462
2879834
2880574
2892414
2896550
2901828
2904740
2911824
2917256
2920504
2945482
2957584
2965132
2972890
2985330
2988830
2993962
3004022
3010162
3014848
3018025
3020399
3024929
3025051
3034119
3034532
3036591
3039342
3041054
3043392
3043946
3046276
3048280
3049907
3059883
3065749
3065898
3068543
3068815
3071160
3084217
3087942
3088732
3093095
3102321
3103933
3104556
3108692
3109509
3114861
3116695
3117811
3118740
3124052
3126954
3127214
3127702
3129856
3133376
3136776
3136932
3141778
3152522
3153572
3165825
3168506
3180110
3181355
3181738
3190499
3200120
3206970
3207925
3210361
3212248
3215282
3216146
3222760
3226353
3227624
3228871
3230769
3232907
3236253
3315701
3363801
3373881
3376151
3397011
3407761
3408071
3414521
3448291
3469991
3505851
3543121
3567271
3600671
3600901
3651351
3684401
3794141
3805061
3897201
3899521
3905901
3931101
3950351
3989901
3991201
4089331
4098391
4100541
4145841
4151861
4192791
4217801
4236331
4273931
4339531
4344861
4349551
4396271
4413431
4465911
4492701
4511681
4587581
4670871
4716661
4920771
4931111
5005571
5060171
5074891
5109041
5200071
5297261
5298481
5344611
5373071
5447291
5505241
5562771
5628461
5658921
5668121
5718801
5731651
5742861
5812811
5877331
5878571
5909651
5943161
5944871
5967431
6002901
6007071
6010471
6089261
6206841
6299361
6333491
6455781
6487901
6490561
6515191
6541621
6604351
6608981
6624631
6665171
6692861
6793031
6796441
6905511
6940511
6990441
7063501
7090751
7103631
7147071
7179401
7211261
7224011
7330061
7338381
7361171
7366881
7522771
7627121
7681521
7708711
7728901
7752341
7778321
7808641
7879801
7907211
7945301
8074001
8124661
8130421
8135291
8235581
8243761
8255831
8289661
8310561
8327811
8382101
8392931
8425811
8458681
8503661
8521211
8620191
8712201
8734731
8737981
8752631
8754241
8799281
8859801
8913341
8967311
9209621
9213121
9321931
9328951
9333001
9563691
9663681
9771011
9875101
10055911
10118401
10258891
10309071
10328721
10330141
10337811
10414541
10428891
10512781
10594331
10694991
10714421
10767621
10893301
10896871
10921461
10941671
11004231
11085901
11170561
11367181
11390761
11418581
11429171
11472331
11519541
11602071
11608631
11613981
11662231
11743421
11882611
11928401
11938861
11942951
12060611
12128141
12233921
12234721
12240291
12267121
12422541
12441941
12469951
12587511
12711881
13479141
13784901
13797691
13825821
13866171
13922681
13979131
14013101
14147761
14153291
14162821
14192361
14350821
14351071
14380361
14505171
14522191
14658981
14769361
14895091
14934861
14962591
15063711
15074391
15102371
15102451
15194391
15231521
15236901
15273101
15336861
15367031
15375691
15400241
15536207
15543988
15554684
15560785
15569913
15577882
15579452
15581807
15582766
15590065
15590438
15596225
15604584
15611881
15635649
15640419
15659254
15670127
15670807
15671016
15672671
15677839
15682988
15694270
15700661
15702032
15706969
15710218
15715581
15718099
15724439
15724996
15731568
15743396
15754080
15761457
15761496
15768294
15778098
15790859
15794089
15795924
15797480
15797561
15798572
15799268
15804137
15809890
15824534
15828296
15831453
15834143
15839121
15839293
15862074
15963179
15966690
15980778
15983828
15983956
15989246
16011656
16021847
16027022
16028388
16029199
16031067
16034549
16045649
16049977
16050617
16055253
16059810
16067032
16067231
16073157
16082412
16088120
16089849
16092054
16095647
16099995
16112036
16115955
16117522
16127809
16131003
16132601
16137258
16137463
16144135
16147791
16158111
16158500
16165505
16166431
16169343
16170112
16176019
16189200
16194941
16198435
16203285
16216633
16221205
16227061
16231491
16234354
16281223
16319944
16333216
16347181
16394242
16404949
16426453
16434682
16444675
16450480
16464154
16496119
16507216
16509976
16545349
16548742
16579420
16597486
16600822
16633996
16639273
16652077
16669903
16676209
16692985
16736059
16765642
16780420
16803793
16804240
20114968
20163121
20163223
20169121
20172814
20178772
20181019
20194951
20201428
20233867
20239912
20246278
20261668
20265988
20271505
20328433
20331820
20347216
20348869
20350477
20375839
20390872
20399512
20433562
20434900
20460217
20466214
20495677
20510227
20522515
20523775
20560723
21251156
21859725
22647238
23491408
23611534
24026928
24064841
24234548
24294931
24655228
24804214
25233752
27000805
27021130
27021931
27038323
27056317
27081631
27089110
27098080
27106657
27115486
27122866
27128152
27128602
27138115
27151831
27158752
27194320
27206863
27243328
27243637
27270925
27273127
27290749
27293038
27300640
27305779
27315817
27320473
27325369
27331819
27335572
27351742
27354496
27354547
27364744
27369448
27382210
27385702
27394699
27453715
27456658
27468427
27502111
27547765
27548944
27565642
27645211
27653803
27690658
27716092
27765025
27784066
27795592
27799810
27806200
27807604
27809290
27825415
27871006
27876262
27876564
27879834
27884465
27889386
27891212
27893638
27896356
27902979
27903445
27911160
27915393
27925569
27932685
27940926
27941462
27943061
27955328
27959120
27962017
27966128
27969589
28094275
29000216
29001110
29003392
29004167
29004482
29008586
29012215
29030555
29031358
29039798
29042777
29047946
29056529
29057564
29058998
29062726
29065912
29071661
29073876
29087020
29092845
29105439
29115139
29124170
29124705
29127118
29131931
29137008
29139321
29142105
29155833
29172065
29177434
29210770
29223785
29224987
29228050
29228968
29229621
29230026
29231377
29234896
29244819
29246334
29246861
29248121
29254357
29256581
29258113
29268983
29269827
29270722
29277961
29285348
29301298
29302833
29303997
29304544
29307323
29310094
29311548
29317550
29321657
29323526
29323571
29326950
29510607
29521630
29530070
29531446
29534878
29539863
29540287
29541566
29546238
29561077
29562384
29562754
29564986
29570980
29583284
29596609
29614525
29621512
29621956
29637740
29638588
29638879
29640482
29650066
29653756
29663947
29670308
29671040
29755139
29777439
29778759
29782474
29802461
29802959
29809757
29810615
29812607
29812814
29817833
29821442
29825870
29831504
29833362
29874027
29887929
29896640
29902611
29903661
29918943
29923884
29931219
29942924
29948422
29951251
29956289
29968196
29969687
29971731
29991438
29994416
29995987
29996203
30007773
30008136
30025540
30030878
30037912
30042089
30052206
30096218
30100217
30101195
30122155
30135960
30148143
30167962
30196396
30221242
30224103
30225684
30229260
30231601
30240854
30251532
30264068
30283038
30283509
30289612
30293815
30297259
30311231
30336759
30340109
30363027
30366044
30393516
30404123
30410738
30421968
30430820
30445940
30450707
30458446
30470907
30472098
30473682
30481026
30481865
30490082
30491383
30491407
30498621
30504283
30525371
30525761
30538921
30546874
30552665
30558288
30565901
30569375
30570738
30574012
30574224
30576798
30589446
30605674
30608898
30616046
30656028
30662952
30664623
30671791
30680503
30687768
30688457
30692628
30693940
30712289
30717800
30725888
30725893
30727651
30736887
30747842
30766798
30804878
30810335
30810939
30814180
30849113
30854756
30872897
30874875
30875652
30880736
30883618
30890238
30896737
30902134
30903420
30935645
30938222
30977371
30977520
30991327
30994464
30999265
31009306
31028126
31030722
31040635
31040805
31048572
31052926
31059041
31067485
31102366
31115458
31116115
31120081
31126943
31130362
31140147
31153826
31172140
31172637
31174219
31177786
31186639
31199345
31214461
31215547
31222247
31236444
31248009
31255056
31269555
31295765
31313419
31319252
31326611
31349859
31349895
31353623
31358570
31364120
31379456
31380597
31394077
31394967
31403206
31406575
31409774
31423636
31424434
31426274
31429594
31431779
31435765
31443615
31444298
31468664
31484816
31494838
31512725
31520288
31534792
31535308
31538151
31539488
31543514
31561300
31593399
31594832
31604457
31623338
31641561
31642395
31644084
31649667
31654607
31660678
31684917
31713035
31724207
31725661
31726532
31734603
31736609
31739043
31759977
31766278
31768714
31770149
31797855
31797942
31810502
31816362
31835662
31836883
31843159
31846108
31860086
31864717
31866610
31876099
31887466
31898581
31901303
31906531
31916219
31917989
31926526
31932731
31942235
31944972
31953210
31957659
31984004
31994546
32000413
32003071
32028707
32029613
32031430
32034340
32053110
32055326
32084875
32090460
32102550
32121342
32122749
32124275
32130725
32131342
32132226
32139827
32140582
32158932
32166941
32176103
32177414
32181306
32182070
32185231
32201963
32210671
32217369
32223629
32224897
32234136
32238595
32246575
32255197
32263125
32288681
32289284
32291224
32291327
32298964
32299314
32310846
32314929
32320981
32322000
32328303
32339327
32340780
32353250
32354944
32355700
32376022
32389273
32390084
32403888
32418113
32421158
32440842
32444603
32446120
32451867
32460313
32463426
32512868
32512935
32522574
32522801
32535781
32546188
32549021
32552429
32556320
32561635
32567851
32570035
32571966
32581731
32589937
32595977
32597240
32599954
32602320
32603445
32620597
32627933
32631287
32638739
32641935
32650002
32651279
32654664
32669769
32672998
32676016
32680814
32683270
32685060
32695535
32698748
32703125
32713577
32720226
32722142
32735625
32736181
32737345
32743909
32750284
32764561
32775926
32783544
32785861
32792784
32816893
32820292
32821644
32826599
32830394
32831707
32835770
32842748
32853698
32854013
32887096
32899373
32902220
32902457
32921040
32924686
32927795
32953133
32961416
32968444
32977966
32991671
32999932
33012343
33015800
33028865
33031769
33047655
33052341
33054806
33074813
33077819
33084734
33104330
33143829
33164895
33165822
33168800
33178727
33178978
33180296
33182533
33187551
33212250
33221994
33232042
33239512
33247524
33261699
33270605
33274682
33276191
33278514
33292729
33298365
33322449
33338691
33350682
33358197
33360696
33375253
33434380
33444469
33446198
33453663
33455400
33468375
33470946
33471284
33475346
33503543
33512234
33525613
33534950
33537616
33548178
33553623
33565098
33574362
33580509
33585029
33591923
33596879
33613002
33614278
33619076
33623446
33642830
33654851
33667720
33681928
33694047
33718067
33719054
33719411
33721921
33729321
33738435
33785710
33789715
33794146
33799903
33804598
33813751
33816330
33825128
33860932
33868748
33881532
33887023
33902851
33910707
33912436
33920902
33933322
33951336
33955595
33991498
34013992
34016023
34021808
34021836
34032473
34036719
34039531
34039957
34040669
34059576
34068664
34074480
34083253
34095281
34099270
34104567
34134004
34134309
34149973
34157129
34161684
34168671
34168714
34169797
34176815
34186645
34201169
34203962
34222851
34225415
34229813
34232185
34236070
34243275
34257553
34271915
34277316
34281340
34305158
34306039
34313704
34315316
34317415
34324510
34328575
34340327
34352584
34382438
34385049
34387564
34390150
34392780
34397283
34397644
34404079
34405128
34407494
34411683
34415159
34417023
34425044
34432044
34439726
34442318
34453524
34460967
34475518
34496788
34508389
34511177
34512833
34526221
34547229
34551922
34553478
34569924
34575296
34603174
34613724
34615164
34623132
34625011
34656089
34664661
34681848
34689928
34696584
34700837
34714895
34717069
34730060
34794561
34814492
34815930
34827970
34829307
34829884
34835345
34839033
34844024
34844519
34853053
34854332
34862963
34884676
34906691
34916899
34921906
34935669
34936032
34959361
34963301
34973867
34979523
34982525
34997658
35003565
35008493
35019422
35024888
35039943
35040161
35048925
35049478
35068344
35084777
35084908
35088465
35096518
35097966
35110826
35126697
35128270
35141024
35147753
35154854
35178111
35180848
35198982
35208172
35211958
35230524
35260907
35266419
35268745
35281191
35290150
35298102
35298952
35310219
35322264
35322329
35326018
35340475
35341517
35342320
35344610
35348933
35354277
35356466
35359490
35375810
35383629
35384191
35392879
35393605
35450311
35452622
35453187
35455309
35458599
35460965
35461257
35467646
35467736
35468502
35468549
35468845
35470973
35481401
35482588
35485654
35486647
35490899
35497249
35499684
35512193
35513111
35523289
35530888
35531158
35531392
35536603
35552136
35553957
35555374
35555596
35558358
35561457
35567786
35573388
35577605
35580368
35581973
35584285
35585111
35585372
35586471
35594519
35596424
35601236
35611676
35616233
35621769
35623352
35641278
35652721
35654053
35658308
35673356
35684071
35699537
35699666
35700236
35700308
35700761
35700964
35703455
35704433
35708664
35708767
35721001
35725829
35736127
35743322
35752655
35757014
35760085
35782664
35793405
35810523
35810800
35810867
35811157
35811233
35811302
35811379
35811407
35811447
35814703
35817239
35822704
35834592
35835357
35843402
35849066
35853753
35867886
35869112
35869871
35870964
35881494
35885962
35896778
35896969
35906055
35910726
35911395
35919054
35919209
35919258
35919359
35919415
35919522
35919623
35919666
35922899
35925286
35932332
35932724
35935521
35936307
35939016
35944663
35949017
35950726
35956664
35956760
35959134
35967707
35983367
35993168
36005933
36012774
36017428
36017515
36018657
36018819
36019061
36019193
36026865
36026927
36026957
36026995
36033064
36033215
36034201
36042226
36045497
36045525
36045708
36052624
36052637
36056581
36058595
36064531
36072492
36088032
36088512
36092519
36093463
36114315
36116131
36118906
36124375
36127312
36131309
36132853
36143618
36145887
36149962
36156146
36167527
36177229
36178687
36190265
36190907
36191676
36200075
36201814
36210510
36221475
36223368
36226895
36231716
36231761
36233947
36234386
36241754
36253880
36256307
36258803
36261291
36273578
36274227
36286304
36288440
36289883
36292045
36299528
36304422
36317846
36320428
36327107
36330250
36342850
36346917
36347721
36359674
36359709
36373628
36382044
36382824
36383574
36385033
36385402
36394019
36396839
36400299
36409309
36412394
36412704
36421773
36432575
36434583
36449254
36451506
36456356
36464174
36470080
36478875
36496295
36499104
36509586
36523946
36525623
36527696
36531037
36535755
36538189
36547372
36551164
36556814
36558073
36575960
36583105
36594998
36602474
36613108
36614252
36619006
36625764
36630456
36637954
36643797
36650218
36654419
36660866
36694044
36696017
36696968
36711262
36719575
36723510
36725810
36726098
36730561
36738399
36740986
36742325
36743593
36746219
36748465
36753181
36769189
36769605
36770941
36774708
36776160
36777617
36780730
36811176
36825465
36829552
36829868
36831055
36835669
36838004
36842837
36846620
36848336
36848507
36849218
36853131
36860243
36863105
36863204
36865039
36865090
36869631
36876296
36876805
36877067
36877127
36879805
36880241
36880712
36885972
36886397
36887514
36892084
36894308
36901299
36901991
36907039
36908525
36911483
36917847
36921836
36922403
36923570
36930082
36938066
36942803
36944046
36950523
36950911
36954591
36955614
36957144
36957202
36964398
36965955
36972179
36974197
36974861
36981023
36982920
36983910
36988125
36992221
36992884
36993484
36998423
36999030
36999454
37009796
37012147
37012287
37017613
37021876
37023922
37027429
37030963
37035915
37036907
37038264
37041274
37041530
37041760
37045120
37045808
37047486
37047665
37054012
37054377
37058800
37059304
37061663
37067613
37067972
37068937
37074916
37075902
37076955
37078958
37082686
37087043
37092660
37094341
37096030
37105192
37112272
37116051
37116912
37118395
37118659
37121895
37122127
37122410
37123367
37123750
37125146
37127078
37128340
37129815
37132112
37132629
37134775
37135471
37141211
37141731
37142064
37146452
37148800
37149222
37150370
37150861
37151579
37153472
37153903
37157150
37158260
37159491
37161947
37162280
37164643
37168549
37168564
37175019
37175423
37177030
37177606
37178612
37182036
37183068
37183393
37184655
37185181
37188184
37189220
37190698
37193405
37199454
37200760
37204438
37208768
37211015
37211532
37211900
37215331
37220655
37221032
37221342
37222544
37222887
37224050
37224976
37230081
37234496
37234561
37234673
37235354
37239903
37241112
37241290
37242091
37242786
37244396
37247486
37248836
37256220
37256553
37259658
37259838
37262592
37263768
37266233
37269201
37271116
37275114
37280214
37281390
37282399
37282439
37287764
37292968
37295534
37295846
37296122
37296165
37296202
37296920
37301253
37301538
37301933
37310111
37313925
37314712
37318278
37321660
37322158
37323460
37324902
37325344
37327216
37331339
37332385
37332488
37341234
37342192
37347433
37349049
37351469
37379263
37448479
37448918
37454790
37473991
37478658
37482874
37488562
37499351
37503214
37505335
37506362
37512660
37513675
37513906
37514173
37516167
37516314
37545051
37545056
37546190
37551670
37553892
37554994
37558699
37563763
37576455
37580198
37584972
37585941
37590878
37593386
37609810
37616391
37643519
37649449
37649866
37663845
37684601
37696330
37700230
37705088
37707140
37708655
37725674
37727399
37735880
37739935
37741202
37762569
37765566
37775362
37779628
37794049
37802124
37804630
37805654
37807681
37818734
37820613
37835801
37847763
37848908
37850322
37850681
37854338
37854443
37854483
37855262
37855376
37855813
37855931
37856176
37859138
37867891
37871689
37873266
37874948
37876851
37881385
37883717
37885530
37885598
37891059
37901054
37909344
37910698
37918701
37921378
37924111
37927004
37927719
37928050
37933037
37939752
37947145
37950741
37951232
37958032
37963342
37963621
37964412
37968635
37973134
37979101
37979149
37980040
37982235
37982521
37987137
37991224
37991909
37993794
37997844
38001692
38002155
38012361
38017095
38022571
38025506
38032583
38037858
38042886
38053993
38059708
38061995
38065060
38067335
38093901
38095687
38115587
38115999
38136722
38140665
38141202
38141504
38146735
38146830
38146887
38147176
38147231
38147425
38147479
38151428
38167995
38182077
38185184
38187739
38188975
38188989
38197268
38202997
38204030
38209809
38225710
38227316
38232924
38236614
38252875
38254966
38273490
38274110
38281752
38282478
38285285
38291939
38298634
38300443
38302428
38305300
38309364
38323373
38340215
38355524
38356347
38361319
38381214
38385577
38419133
38423110
38440134
38441833
38446762
38451285
38483979
38495580
38502299
38504120
38517709
38520741
38528690
38535689
38538968
38541316
38563129
38566770
38579246
38580835
38594007
38606502
38609195
38613241
38622085
38630457
38631141
38640178
38661057
38662155
38662250
38662339
38663170
38663403
38663587
38669006
38671921
38676794
38676955
38677555
38677674
38733844
38747840
38763643
38768672
38796319
38831734
38850077
38852205
38852243
38852275
38852334
38852386
38852476
38858875
38860322
38861356
38866009
38866331
38875555
38877455
38878926
38885697
38885985
38886256
38886464
38886514
38886658
38886722
38920526
38924369
38930625
38945241
38962779
38963248
38972138
38972220
38972521
38972600
38972680
38972801
38972981
38975779
38987674
38997259
39007267
39061466
39062189
39065151
39097418
39135128
39137427
39149585
39154289
39155143
39171835
39203082
39206559
39214997
39233684
39244752
39249244
39273185
39277677
39301169
39310677
39325124
39327860
39337082
39347237
39394678
39397098
39403158
39423203
39432003
39434106
39458546
39471098
39472736
39480855
39494336
39498303
39570703
39583157
39590162
39593780
39604976
39610274
39623249
39628129
39645605
39654173
39654700
39655339
39657443
39670270
39673653
39679213
39688519
39692612
39701665
39701734
39701825
39702002
39702198
39702282
39702345
39702650
39702742
39703539
39703712
39703825
39704064
39704223
39747463
39760470
39826347
39829462
39832744
39853044
39861585
39872378
39880797
39894752
39916352
39926480
39950919
39954214
39964247
39967352
39977913
39978086
39978182
39978284
39978366
39978456
39978571
39978674
39978783
40005999
40038471
40078341
40086487
40088352
40098967
40101476
40127134
40132023
40140241
40144312
40153881
40156488
40157713
40157784
40168236
40190689
40191972
40237778
40238777
40255440
40270522
40272642
40272866
40273966
40274153
40274359
40274534
40274732
40275505
40281743
40282198
40294456
40304814
40305628
40328496
40344160
40346480
40369823
40374533
40376269
40388727
40404613
40405551
40407095
40409819
40462515
40479611
40493248
40551805
40582972
40585365
40593918
40597240
40600923
40613368
40619892
40629437
40630452
40647037
40674642
40680602
40682417
40691242
40708147
40725214
40745520
40755081
40786301
40794216
40794706
40801268
40809991
40818502
40818891
40833308
40865490
40877485
40883248
40894369
40903138
40908765
40913860
40921365
40934906
40945157
40949357
40960486
40970137
40970290
40972221
40972303
40972418
40972505
40972605
40972689
40972755
40982320
40990078
40991499
40995859
41007236
41060137
41084166
41096713
41110482
41122332
41133792
41133886
41145511
41170699
41203402
41210566
41244891
41245856
41250206
41280317
41283432
41283546
41284700
41285607
41306593
41307228
41314818
41315721
41324465
41349230
41359295
41361290
41398626
41399161
41452758
41461061
41464428
41477852
41505238
41514691
41522467
41547182
41552743
41552820
41578923
41582800
41583566
41587978
41591751
41593843
41600976
41611890
41618615
41622579
41622781
41629366
41630304
41645642
41655905
41657338
41669770
41670506
41678046
41683713
41689901
41714204
41723789
41761910
41763343
41786229
41791353
41802300
41813453
41816580
41818653
41824458
41835945
41837022
41843665
41845666
41850586
41866952
41868457
41870975
41871077
41873188
41876966
41878755
41879418
41900836
41902504
41905998
41921300
41925521
41943440
41958957
41963767
41968639
41980730
41982605
41985646
41992836
41995446
42005683
42008813
42023374
42026638
42046778
42056861
42075787
42157258
42162600
42200942
42213000
42213439
42223633
42224745
42235052
42271006
42272970
42273696
42282141
42291862
42297858
42300150
42315412
42319832
42323474
42353942
42368559
42378143
42405041
42420750
42447539
42465423
42536228
42537305
42584673
42586385
42591118
42592435
42678470
42699716
42723564
42725247
42750587
42762885
42794298
42805490
42814603
42833867
42847742
42893171
42894324
42896238
42905728
42918455
42928538
42950155
42972430
42983434
42988669
42993963
43016099
43016837
43060808
43077186
43078019
43097358
43104337
43107297
43119832
43138756
43140368
43149943
43155171
43184223
43239975
43271057
43274872
43276504
43308916
43318137
43322715
43370462
43376737
43436907
43472093
43494458
43538236
43548174
43563980
43591631
43599725
43600428
43616552
43630015
43686943
43698619
43701102
43711438
43712100
43726214
43740077
43782815
43790339
43791882
43821616
43884592
43885450
43894753
43900701
43916019
43928324
43974325
43985997
43991412
43997516
44008146
44011551
44020932
44029300
44030022
44051506
44152988
44155754
44163777
44165505
44166741
44169385
44181773
44186802
44189226
44203347
44204975
44205146
44214452
44217098
44220781
44224329
44231697
44233189
44235508
44265267
44335555
44341201
44355300
44382235
44382680
44412070
44417642
44425035
44430385
44433601
44441567
44441695
44442072
44442112
44442114
44442221
44442494
44494398
44525776
44549364
44556623
44572569
44597664
44599867
44618374
44621727
44671877
44677517
44685722
44715994
44716019
44716053
44722207
44726439
44729966
44742248
44743124
44747502
44782872
44799628
44851715
44868772
44883769
44888708
44909512
44922076
44959648
44965559
45002913
45007213
45023377
45030226
45039048
45058444
45058947
45060537
45107432
45109725
45113964
45119792
45184976
45210371
45225367
45241808
45273880
45298303
45303065
45303557
45335809
45357265
45360141
45378072
45381621
45391268
45392282
45416472
45444796
45459830
45479234
45505816
45511060
45521473
45525248
45543273
45558296
45566157
45626922
45664950
45688954
45715724
45728227
45739121
45742272
45751808
45760437
45774888
45780548
45787273
45792994
45797216
45800673
45803840
45808827
45817008
45817721
45818068
45820839
45830718
45859520
45908017
45908079
45994108
46001613
46006290
46025386
46028509
46041704
46057962
46064490
46067854
46071371
46071683
46076276
46098995
46103483
46132364
46132779
46133173
46140584
46153013
46161197
46186765
46194282
46209499
46212896
46213120
46219823
46225403
46227546
46228924
46229532
46245577
46269577
46271034
46278897
46290371
46303522
46312370
46315435
46317834
46318140
46323259
46323667
46341029
46346458
46350814
46351617
46379939
46387336
46389286
46402177
46424470
46425104
46425603
46431669
46434644
46437645
46445891
46462044
46479731
46487027
46539941
46548139
46551181
46563060
46576248
46597022
46627578
46632286
46656176
46660104
46668023
46681761
46687273
46694091
46716165
46716354
46724204
46746803
46750391
46752747
46752967
46753716
46844955
46879143
46899817
46908782
46928678
46936510
46937264
46939557
46946752
46950649
46965864
46969039
46993485
47004168
47007917
47022912
47043167
47049846
47053180
47054439
47058881
47067876
47082976
47092466
47101780
47130750
47131837
47138892
47144878
47152649
47152853
47159727
47161414
47161437
47167119
47171837
47172457
47178996
47179247
47183125
47185291
47188455
47188647
47191392
47192103
47193351
47207979
47223105
47223195
47225036
47226796
47249961
47253962
47259189
47273088
47273300
47280632
47289001
47295548
47298198
47327363
47349661
47351929
47358591
47392486
47408424
47427473
47428088
47941838
47991697
48001331
