46473934
31826510
38087037
45132297
34935669
46345088
47663542
39944063
47955173
47940764
46592628
35793405
47930026
41593559
36413583
46302587
47809115
47799520
149574
37750044
47854410
47389416
27175597
30692628
1701337
47767266
38296369
975165
47728664
47651446
47734735
47717659
47717548
1696844
39410289
47694511
47658982
40574364
47630757
47628530
6002901
47623937
47621182
46659603
833768
47588578
47590413
47586890
44070277
30161279
46505586
32676884
2560106
47520005
47516881
47516299
37183393
47411493
47508580
3115912
47482793
47368273
45505081
47468131
869561
47452882
47427344
1313728
37736681
47448912
47440760
47436666
47428088
47349661
36748465
7876371
790656
41436722
33788293
46292964
38215952
47408796
47387143
44592339
47223195
47378292
46487027
1284048
37203463
43033878
47265284
47230914
47226796
45525248
47206111
47185291
47144878
47178996
47178196
2091054
723052
15789805
47139913
885936
47140408
47138892
14505171
39702245
36080478
40183955
16652077
43184223
31319252
47025427
31660678
46970212
34664661
32653535
46964809
46962220
41868403
13797691
39645605
40903138
46559119
46901479
29931219
35286589
33472377
44902260
38254966
38504120
31063177
2831258
44306080
46760637
44513121
46755081
46753716
46752163
46750391
34656089
34853053
44663356
6299361
1085145
38538968
27138115
44165505
39886727
43060808
46692857
1458875
37546190
46671544
16117522
27799810
46611537
43463868
1045430
33012343
46213120
36342408
46540812
46001613
2864498
39688519
42811248
35704433
15724439
46507888
514070
38391762
43376737
46098995
46476068
40755081
2268970
46465268
39969276
35104103
46460529
45113964
35654053
44412070
46437645
38252875
1562665
46437028
954639
45830718
44851715
46429776
46425603
16050617
37951232
46409715
44909512
46383124
44953686
45450183
35703455
46364556
41871077
42297858
43172247
46337786
180604
42530973
42530528
46315435
40144312
37321660
3088005
37177606
14658981
33548178
30042065
7708711
46307743
40344160
46191075
27476272
41367194
44760707
38421243
38907515
46277257
41507229
45467915
44248822
46212896
38390047
42592435
40467667
46250307
40149813
41193047
38957184
43603082
45800673
46223657
45865577
37672932
26105
46216072
44122607
43431818
35186315
44030022
45025761
19456
45082986
30229260
45876116
45184976
39489443
46179903
46173759
46089001
46171724
37991224
36058595
34714895
30152924
819604
45817609
46136499
46133800
36115816
33740996
9347671
46120286
2707220
41018492
34161633
46067854
20172814
38474152
43347208
46091660
36253880
45818068
37234673
36614252
45939372
46073472
33741778
45770929
34633845
1433568
37457331
38067214
42581711
15640799
46034804
43869336
16575364
37290276
2568744
2450842
37590878
1403021
45132026
37075133
43076820
33796498
44451964
40940986
38903722
31518078
32409459
33046106
46006290
2182600
43104337
37781234
37639320
45984961
34039531
45298303
34074480
35292835
588088
30369218
31729428
2785044
43762870
35180848
29317550
37425820
43686943
37228149
38894847
11893211
42993963
42698273
36088512
42116343
37313925
20390872
36677698
44532432
45107432
36485470
1324906
43383305
39072259
33864894
43740077
45531017
41834390
37114482
30140934
35139219
45921150
45432505
2790348
4132931
917635
36783488
42032081
40479611
45789566
34756906
33150263
1672546
1171095
45896058
45447015
38547419
44459233
36271156
34829884
36582847
45856997
42847742
33194995
40701193
36386163
37937240
45250015
33307262
36263417
40818502
42584673
36938953
90796
559985
20329657
43078019
336159
32473050
253770
3235457
34705505
39937702
38181860
45242863
43566415
44572569
45838136
45838881
1134513
32554504
112155
45833782
1546064
45626922
38037858
1029377
35561457
37036907
35241545
41172101
32572284
1557713
36468700
29113599
33015800
1500327
1470788
45820839
42279793
30664623
31311518
45817836
42056861
36887514
8757171
32713577
30115960
12471661
4098391
45813267
37054012
38206730
42615572
2899692
45219585
37005980
10559921
36353300
36792599
32133313
34232185
31248009
29894000
30444363
16735069
43140368
44007420
34176815
37413241
35039943
42213061
44442114
42468526
16457329
1564659
6604351
45794456
39859222
39243483
39608793
15231521
30101195
3049907
34595388
41852820
35008493
34387564
38564916
42230726
45787273
15640419
43734740
37078428
16174613
36862953
45785482
45056159
36092519
29638879
40714247
41009807
45780702
39747463
15587234
41583566
4981411
32288681
45511060
45472699
45563644
1126903
32694530
42601556
15652765
9134
34844519
35417620
39161111
45671028
3178636
41398277
30004405
1477035
37061663
40436877
44114714
30551173
2593716
43885995
43887655
34093276
1683427
40680602
40328496
1080527
33250285
76934
42177082
1634403
20508721
34784221
3407761
1149124
45762505
41547182
41546018
35366575
904061
45760437
45758780
27508093
33187551
45343032
31197848
16089037
45622192
2944724
36605420
31901303
31172637
44935421
34271915
15783943
37758960
480783
35944731
37273965
30696473
20505799
43861425
37199454
34638196
16072171
36515417
36682596
43453841
289548
29004482
771064
38095687
29532581
33258697
13999431
1475778
16169343
30736887
32444603
45553162
29815920
12649051
43889364
33052341
806722
36132341
34630035
36266626
36050
36295327
31887466
43855044
41306593
4615471
237161
33028937
36145887
41011363
34884676
40708147
43077186
38441833
43685848
30008136
596167
31766278
39310677
34730060
33580073
41856164
35710369
36881448
39672592
32512868
38388818
29887929
35787021
42586385
36785613
2571472
31880815
42200942
44549923
39573295
32389649
34313704
32775926
36200075
43016837
41283546
15988020
36660866
37675919
33726771
35586471
33292729
36753181
36177229
31448101
34741193
36370607
31408319
356914
31394077
3168506
24655228
37775362
440114
3034532
45288716
