9134
11798
26105
28137
36050
119376
156376
256652
336159
350737
514070
559985
571983
596167
602538
690071
703102
771064
787957
789336
833768
869561
885936
954639
1200306
1313728
1443249
1458875
1474421
1572986
1634403
1683427
1701337
2050286
2238228
2707220
2756024
2864498
3020399
3032431
3168506
3222797
4581761
6299361
9283441
11967091
13797691
13825821
13999431
14382921
14505171
14522191
15587234
15789805
15995636
16050617
16652077
16692985
20172814
20508721
21966018
24655228
27128602
27187243
28094275
29541566
29638879
29650066
29931219
30136276
30229260
30283038
30348316
30560933
30664623
30692628
31140147
31353975
31448506
31641561
31660678
31923832
31976226
32444603
32462492
32638739
32685060
33012343
33015800
33052341
33167125
33263768
33298365
33461345
33467222
33499398
33741778
34134004
34161684
34268940
34288861
34439726
34607339
34642816
34656089
34664661
34844519
35008493
35322329
35356466
35561457
35580368
35586471
35703455
35793405
35867886
35949017
36058595
36080478
36342408
36496295
36578450
36660866
36783488
37054012
37061663
37124606
37183393
37191019
37350815
37391952
37590878
37698826
37788492
37808009
38013744
38087037
38095687
38215952
38218070
38254966
38502299
38504120
38535689
38594007
38853492
38967217
39072259
39139537
39140353
39231832
39410289
39645605
39688519
39770029
40004831
40168236
40328496
40388727
40574364
40818502
40841626
40903138
40940986
40945157
41611890
41630304
42046778
42139435
42213061
42223633
42297858
42698273
42993963
43060808
43158835
43163884
43174149
43184223
43519671
43624441
43686943
43740077
43791882
44002156
44007420
44070277
44165505
44182551
44235508
44283738
44451964
44474780
44519246
44536810
44599867
44851715
45002913
45132026
45184976
45205418
45227760
45355810
45525248
45692230
45830718
45984961
46001613
46132779
46133173
46140584
46210041
46213120
46219823
46258121
46258807
46277257
46312370
46323667
46345088
46473934
46481292
46487027
46539941
46543029
46659603
46689782
46795141
46810884
46972263
47176019
47223195
47238569
47411493
47427344
47477154
47523972
47619495
47651430
47686742
48055696
