40818502
15596225
40968668
47663542
30664623
24980431
40574364
37061663
34830710
47754648
37836457
37154466
41856164
47423268
30136276
34951373
39777498
38066594
47643432
47360336
33163042
47619495
44474780
47541037
256652
38845853
29650066
33375253
2560106
41632851
47493890
31448506
47154270
47468825
37183393
40202215
47448912
15706969
40328496
45784520
47408424
47408097
47365209
47351929
38215952
47349661
1563881
28094275
47324560
45890261
32041576
13825821
46312370
45002913
41110482
47249961
47234878
47161437
47188647
44599867
16652077
42629037
47161414
40903138
35555374
37903429
14505171
33874947
30283038
45787090
46515161
47053180
47052924
33892037
47022912
33609580
46132779
6299361
46972263
42297858
33012343
596167
34935669
350737
3190499
33811255
16050617
1634403
31880815
35879839
29931219
38095687
37942090
45023377
46803804
35586471
44861775
46001613
38504120
46719341
35008493
11798
46771496
45392282
37012756
571983
31660678
34844519
36749764
27138115
29872546
13797691
35867886
36050
20172814
34938920
39646402
36479049
15668079
31453422
32274112
31452160
29890235
43686943
44527642
20549524
34571044
559985
38878809
38133999
44459233
32021803
36887514
46213120
31090390
30342989
44816914
34886149
27254881
30147283
30436573
34752860
36143876
35128270
38068431
31964758
30886191
31762662
