6719
9134
11798
36050
39743
42629
50293
53681
93248
124519
127079
135527
142862
147072
149574
156376
166380
182460
183485
218373
275428
276167
290563
336159
336296
339390
350737
354572
358730
418756
420967
480654
514070
533541
540550
559985
585962
592937
596167
662398
691098
699806
785764
789336
819730
831515
833768
853534
854738
885936
904061
917635
929531
952584
954639
986818
1002557
1029377
1057626
1124826
1192460
1265897
1298648
1393088
1433568
1458875
1477035
1481407
1535580
1538870
1540311
1544512
1602757
1603318
1604359
1608630
1634403
1652121
1681501
1695885
1784641
1796693
1842362
1849364
1877530
1910376
1975098
2050286
2066790
2219624
2270350
2319140
2326728
2463294
2553702
2707220
2756024
2864498
2988970
3028447
3088005
3157764
3187241
3222013
3706211
4045281
4873751
5216031
5593911
5658921
6004111
6299361
7451961
7550111
8292911
8431971
8988411
9914771
10271821
11208191
11653791
11967091
13797691
14522191
14532391
15231521
15567923
15611881
15700661
15724439
16050617
16068181
16087421
16219164
16586800
16652077
16692985
16755361
16794937
20172814
20435416
20519281
27202855
27373033
27527125
27624037
27962017
29131195
29330355
29638879
29931219
29964739
30161279
30219422
30229260
30281112
30348316
30664623
30696473
31140147
31298004
31313419
31372416
31562403
31582616
31641561
31759977
31887466
31923832
32103335
32276072
32409459
32419639
32444603
32561872
32928954
32976222
33008968
33012343
33015800
33052341
33292729
33298365
33644001
33654963
33881532
34111873
34161633
34161684
34306039
34323577
34351925
34439726
34642816
34643835
34656089
34664661
34751894
34798706
34810623
34867581
34997300
35008493
35024888
35089494
35099583
35114356
35200183
35216959
35293985
35347656
35356466
35577790
35580368
35586471
35654053
35703455
35735376
35793405
35959134
36058595
36124425
36142566
36253880
36341680
36342408
36344827
36409577
36419931
36448909
36518581
36614252
36660866
36722553
36859743
36863105
37054012
37061663
37112442
37177606
37183393
37274107
37328700
37350815
37583092
37623069
37788492
37930916
37946689
37951232
37987137
38001692
38037858
38095687
38181860
38254966
38275989
38343291
38502299
38504120
38535689
38538968
38539709
38541316
38555391
38594007
38825928
38888464
38894584
38957184
39007267
39072259
39195144
39252610
39623249
39645605
39672592
39683755
39688519
39886727
39939538
40101476
40144312
40212040
40344160
40376269
40388727
40574364
40597911
40784818
40903138
40997679
41007236
41191699
41193047
41266356
41582583
41689901
41871077
42032081
42046778
42162600
42297424
42297858
42360764
42405041
42459818
42493854
42494588
42494820
42530973
42531162
42537305
42576727
42632101
42723564
43060808
43098007
43104337
43184223
43199861
43343138
43343945
43344139
43344199
43344706
43344797
43344871
43344965
43345143
43345310
43345968
43346119
43347062
43347208
43347301
43347385
43386488
43386562
43386647
43386800
43386932
43387109
43387247
43388245
43388877
43389024
43389109
43389272
43389560
43389644
43389764
43389865
43389943
43390038
43390131
43390522
43390612
43431513
43431596
43431717
43431818
43431918
43432200
43432295
43432584
43432659
43432769
43432917
43434727
43435058
43435194
43435557
43435849
43436299
43463868
43601032
43601105
43601169
43601230
43601265
43601381
43601805
43601839
43601892
43602499
43602553
43602654
43603082
43603124
43603188
43603315
43603371
43686943
43712100
44030022
44165505
44248822
44433601
44536810
44775968
44851715
44898450
44953686
45023377
45113964
45132026
45184976
45303065
45450183
45505081
45521473
45531017
45558296
45609863
45770929
45817609
45818068
45820839
45830718
45865577
45876116
45941848
45964355
46001613
46006290
46012061
46025386
46036754
46046013
46073472
46089001
46120286
46132779
46132983
46133173
46133800
46137154
46153013
46166965
46186765
46212896
46216789
46219823
46221991
46223657
46226352
46239326
46269091
46277257
46313870
46315435
46383124
46388705
46424470
46425603
46429776
46437028
46437645
46460529
46481292
46487027
46490987
46494637
46513151
46719510
46760637
46907305
46949703
46962220
46970212
47018001
47026973
47092466
47176019
47427344
47593059
47621182
47628530
47630757
47868102
47883444
47900761
