34113385
15783943
1910430
31826510
30412785
42918455
46057587
41753120
42333356
1812889
34294040
36995972
989374
30526732
35496
2269744
35322329
46269577
27953302
13961201
41737790
1013720
47675271
31206770
34093885
48027507
36421701
2729330
41033212
48022374
34617756
47857021
48016257
36148669
38984394
45298303
42884138
34959361
33621348
37061920
1228529
47900761
47955173
32024954
46345088
47925338
47972301
33894301
40574364
20222428
37050730
45739577
47940879
31205188
44011125
46473934
47955473
37713182
546075
32185847
11295
47952768
45757654
3047909
44803077
47278683
14382921
806429
34466402
24308066
1696071
46592628
265732
40945157
36403327
35793405
45149798
754161
48946
47898686
47460082
47646274
47619920
40529543
38967238
8040861
37928414
29541748
47491543
47883444
33433065
36413583
29821975
47904696
37526980
2033960
38889761
47895395
33052111
29992699
47895983
46441307
47646128
46328525
47619611
1935856
1461746
29833472
46436336
42432457
43314416
39944063
16055253
1259651
37009309
136170
43348474
32333116
859258
1007550
42495033
27319069
41442239
10298341
47809115
953910
33307262
47752135
611660
47389416
35549764
47869672
35818409
47868102
47544045
36808298
46542374
42587379
46208381
1554649
47865553
75898
12478751
38843411
42027587
31744
47861889
33080419
43064917
46791128
1669502
866948
769159
43236174
162897
40991499
6696721
47628184
37750044
47854978
37962279
46344418
32930558
1696371
31153073
31186911
2066900
42200942
41399936
29573780
29813854
16005543
31536940
41196633
47799520
42242756
7299191
45147721
47842848
43097292
27902979
46020057
10590951
37527837
1331412
44116717
3119605
38862178
1476238
40106988
32091568
45261305
43987648
46466528
42214974
47778906
47665460
2438036
46185793
1930960
34822385
31017565
34819729
1443982
901296
41593843
36741553
5891051
47823900
27379696
36346586
16205739
34607339
40589404
29081555
47401539
20201428
47663542
47177102
866939
47824140
1870502
1895246
16468306
8620191
37792904
251548
47814088
30787053
38667277
46157750
11881381
16285309
33663295
36696017
1674665
47801353
41100484
46898611
473133
35243862
15689438
37847929
47790155
37830402
33211844
34174905
1686155
15574869
39347237
41582800
31254865
47752079
145609
37862096
40678592
12591511
47596371
618454
38098596
757599
32213888
2043228
975165
47728664
16215672
2827480
29198029
47749874
12242591
40439959
31833551
37191019
1170393
47734735
47726396
2138112
16398877
44766777
16044663
42804788
46411886
1169531
1375382
33876379
33567901
47719552
27014278
9679841
47717659
47717548
440114
47523972
47705549
7338381
289554
47566404
47698924
47221767
2008142
776634
587558
39410289
33431612
14634791
29579428
34951373
46635654
47663974
46415037
29027196
31540271
43762390
30205043
16345255
44298062
31524133
350046
47651446
15420311
504704
47685771
47658340
15720647
39738930
8504761
45756987
45981674
37320079
2955500
29320901
873902
2909126
45119685
15727534
10121071
32373798
30348316
31811199
2274000
29785974
34623214
47651430
46105785
47658062
37748639
27706711
44574477
47656494
34314960
47656344
47652854
37780436
34836648
45230
37638400
34583011
35074587
47583656
32454322
37871563
44122919
47619495
3088732
30630871
34800293
17987896
46180939
46442156
37512420
38065482
2332404
38898679
549368
34029339
47635619
35943701
32272739
32457057
47630757
33119158
31500860
29914122
31870589
6535071
37049176
1450237
47628530
1059461
46828838
29055467
47627083
3332131
45315344
1134513
341756
32306756
47623937
36884663
46199906
45235954
1370381
46554412
47621182
29252948
9035721
39827109
47616452
9923931
15538457
33590071
43976631
864262
36879718
30377356
44474780
43077956
384629
571983
42123620
47593968
34533100
5321391
44966012
6864881
27799810
35531328
34402907
41546018
47605745
33141446
47603951
36344279
1739665
640522
29573752
47588578
46480270
47593059
40831737
47590413
47452605
815242
1196847
42425580
1817377
484918
47587708
42425397
47532853
47586679
47470333
31946795
47584482
38385633
47516881
2785918
1624178
16642348
34550986
47358620
7876371
47477025
31831770
14788301
34931272
38290401
36859
325058
44022426
47569242
31974640
310223
34256015
29083128
4917821
45510587
15108091
37174539
37991224
947424
16606297
47176019
32272520
811974
15708635
4531221
6029801
45299989
35223115
46539941
42430
9099451
42286107
16490560
12440481
35821663
42425241
3136293
15536303
33002152
42001813
11096711
916754
375193
7147071
4992671
38273573
46505586
42425016
1504814
663461
36266626
31644998
46659603
44430385
47458057
502093
20312071
33690920
2374278
27175597
47531399
44545745
27612961
27970421
32421158
47440558
47480351
47529210
47527882
1450341
29307419
29546835
935495
1430045
42081635
43954479
3120859
38887361
47520005
50422
2349216
47516299
32191232
20302312
415366
44456717
46122652
32646745
1495148
38036381
39012655
42212886
33799903
29621512
1025695
47508969
47508580
46989502
10148881
35960520
743884
3115912
715925
38420098
20501644
1904670
4319251
45163974
45789566
43616552
42373741
46266069
35062631
43894753
30902134
46677500
32633100
43016837
32473478
2494990
47359805
47305854
1150366
37554994
18032854
42789606
29777439
36040285
888652
18797656
30740043
32267702
36814258
41632851
27562855
47494045
1469565
37817448
36775060
1701337
36772578
41082955
2231698
36851315
40137289
41406399
757123
5109041
34487570
36579394
34569924
774335
1112602
43027
34297224
45863635
38850077
36709336
141745
43837163
36190907
30444363
128215
46179917
41547182
44087121
34125624
13446
1276631
29290019
39655565
39111101
47473590
43701102
2715136
1766941
47368273
33075417
45555468
46966079
31943119
41571092
37658138
36142896
4492701
320519
43276504
30317077
43197742
34450292
47439729
47433838
40202215
45224022
36701042
47448131
37204146
45505081
33820495
44503863
68262
40436877
31963927
42742458
16469824
38856816
36286822
47468131
407385
6109961
2491948
1510906
34854332
40703703
47351895
13903
44002156
40242478
47458848
47004401
15695904
1761167
37885530
499787
38338952
35743226
7179401
42150444
35327102
37124606
32676884
38032583
39933061
36614161
27715426
2560106
31645918
46928678
36020360
235720
15821271
1281687
29173895
27823636
1875638
37984271
44415429
47454089
15611881
41998402
14688721
47454267
2835074
44270317
47452882
33114324
763478
47452351
44536810
1313728
43900021
47428088
37736681
23979973
32504554
1217162
46879905
514018
35630430
8002661
2285330
47417343
39069966
749247
37107304
34723761
46477152
31030137
40837826
47414919
47439523
1716546
47439872
31548792
8431361
32856134
339390
30430820
2474458
27364207
37619885
27639841
38022316
47408796
42179708
89883
47153504
2495426
47427344
31784386
8604821
8783961
9669531
16027022
39139537
45852026
31546437
27911742
44404294
2795634
31195375
6647601
978911
16004390
47349661
1033820
31311518
16205806
733932
37804258
1232953
43313802
35420305
43349975
42545353
32589937
44238169
2053748
29650066
43134729
35290150
422836
31384105
46957476
31696042
30254222
30518547
46292964
16747789
33333932
40027184
39170812
36748465
1579047
45817721
45292661
36656233
30956566
37422961
36677803
1656009
53216
46907541
47287944
37413241
37223289
1343436
15640419
40442860
47025000
31781162
780674
29580977
11221671
168038
36685011
27878605
47134088
32067831
47376659
34232185
36607948
30145966
15778098
42814603
12693151
33350497
34407263
37349049
45303557
30610092
9306301
36056581
15804023
47392486
757429
31448506
29151505
35657092
43956558
46510374
41436722
15758936
41576793
43591631
36437360
47388175
33788293
33538253
29822520
3014848
37374584
39969276
27468427
37432552
40794706
30148203
2602410
47270352
43523332
47383882
7840911
369986
30692628
2056794
1788769
972837
35818752
32875814
35542573
47378292
36703006
16301122
1563749
27956656
36763138
45792994
31250638
115280
15813377
15992724
1200324
47366808
31897817
43925880
869561
46576248
32021803
27928491
34074480
33292729
2831002
30850172
47179247
2603098
30876796
20310952
46945536
32002977
37178612
34783967
44502348
21335
27354496
420401
33726771
2296424
2703390
37391952
29663894
1140447
45446233
39469361
32201963
31946908
3882511
31954631
43780973
323494
36643797
41985646
12007501
6499981
44163334
35956664
1607917
15751396
954477
15575524
36180481
16096515
45259240
455235
16119236
1600110
47227341
27581353
38082098
37220460
40464318
34385049
29102116
6002901
41867272
4575811
3411401
3033630
2272162
45343826
29218499
31333260
44530005
2660376
47335870
483945
35281191
15990382
1755841
37693079
31724664
15594926
29503023
32207772
32390084
28094275
27508093
15642790
37818734
45495020
38215952
29094601
35810978
47054439
47318977
2714846
41125613
456957
309398
561672
336743
41294897
40682417
436667
43119832
27766315
15684676
494835
15773897
31515185
29264552
46303522
40409819
35141362
47183125
34721378
34390150
38183281
47167119
47298198
4603321
1233368
1590101
47295548
36925117
44963273
930744
2303488
29589003
15568441
31525614
445550
37057697
32561635
46899817
34970064
2889014
10694991
5677571
44022837
36783052
46939557
30872897
29016187
3024929
30582888
1515190
31317582
11893211
33312225
33997138
4720381
1112852
301506
34086562
45780548
35417834
43962411
8390941
37093596
35301602
47131837
10794301
44807056
46585159
38414599
33494101
38274110
2920036
8859801
11111411
2988830
1033468
32384815
35906528
41938315
35601687
568573
27410167
27764383
45002913
45511060
45844302
45410408
2859554
45262319
35663695
44842461
1338095
1563881
36234386
37054377
46950649
2466130
3098274
31860086
20195656
1492285
32689351
37473305
5921361
38413069
5460651
16079848
32779651
8519
2930718
15988020
3885971
47253962
41110482
27937040
161735
898541
683601
15543377
1497959
47161437
37991909
30671791
31394967
47230914
14522191
1100217
47188647
41414352
46908782
29599869
47226796
4768471
16464154
47225036
33777521
52313
47223195
41436636
582124
1703035
2815594
36270805
1546064
31353623
16054127
47217989
16073157
47207979
1116296
3505851
2408716
32703125
37531693
3172664
42223633
20478610
20528335
28137
11996
30136276
3092941
37808009
10232471
38651345
47161414
48909
45274314
47192103
34134004
842198
41350753
1308611
33887023
30672019
41629366
1194427
15739121
47193351
47192335
1610857
270968
34125476
14505171
2741918
47188455
1231917
30650361
47185291
43098007
34928244
45803840
45023377
32594680
46229532
36726098
27128602
34439726
1575466
29101730
2568744
4412651
47144878
1475778
47171837
29532676
44606767
2945482
47178196
37603651
2162396
2091054
44265267
37058800
594787
46323667
3664281
16089037
3020399
2269306
39452402
37478658
9117261
469051
46670601
8031081
1952070
1294598
38500798
2302726
44556623
35949017
1163954
46687273
1539533
8898841
29640482
45808827
43022545
310165
32669976
44585952
32376022
638020
335288
30733303
41285607
30631459
37944148
34935669
39202478
36424402
32377365
35335689
16450480
37936505
47052924
31539488
45392282
38908163
989007
2317946
1730025
36170647
409155
2508696
29574359
894969
29562754
1410170
40235293
39494336
15789805
20163223
47139913
360298
31814610
1206892
150479
8507311
1692677
41651433
21372
47141319
2024896
3049907
12471661
47140209
47138892
35191439
436913
47128302
27187243
37921378
43956641
1466341
3168506
31818624
46752747
47130750
39203082
47049846
33454874
165933
842380
46245577
42315412
1171155
33789715
1850036
922119
36954591
34865166
10256221
1589279
37590878
12245201
32211627
47123350
16126190
1454595
31847896
32390437
38910283
15543988
27753742
47092466
16060886
32121342
31623338
124784
29099846
2686198
2326980
31215547
7373991
27629623
761552
994253
32787535
1573474
627092
3143510
29821442
29887929
30565901
29161484
46719510
1000103
32672672
5637381
1522808
4649721
1599792
2263350
9392901
1356774
37663535
31319252
3010278
31880815
2840952
348705
1171095
11967091
2721996
38298634
3153275
32263125
1060662
16507216
17358418
475774
41359295
16084020
1146169
600753
1222804
32784737
16545349
32603445
30923646
29506966
29755139
29175841
31498417
1650897
724199
151922
1096416
265807
3018337
31922041
32775498
32560799
14094211
32173206
32145062
356914
1129624
279202
1895100
6502891
325649
2757634
31689888
29561077
46103483
1882148
147854
31090390
1136020
892387
336159
3034532
99597
15674567
1110563
1096179
27022432
2190572
16525237
12678671
31562293
744855
941656
37517090
306442
16499668
14192361
30551620
8458681
33613002
36882626
1094077
38084248
2394078
30161279
290745
1350095
20724031
39397094
1065391
15938450
30008136
24059182
30137038
31740307
31173901
725205
7540461
119102
30959101
32455809
46312370
35684071
36557501
22700512
161326
45692230
40127134
27371317
16231491
757801
1046410
141491
15238601
33467222
20508721
38282085
245725
3814771
16131003
464935
33667720
787957
356224
1695629
47027454
15715070
29031358
16765375
15652765
150792
31534848
1627427
32543426
353044
45751808
2965588
32217369
5416941
31403714
46972263
359395
2859156
27379201
32299314
31856196
27940314
27645211
16611424
29027299
27831985
29127118
44382235
476092
27122866
14028151
2009368
46632286
2205170
16080708
1406545
13841631
7303881
7859441
2790348
1582216
44599867
559179
1809291
1148941
1562989
1332975
1557713
1368810
41630304
47053180
32924686
753758
46844955
142017
228748
180294
38302428
46794154
38204030
20503372
2295436
35128270
16037073
16652077
1400546
36274227
29565377
30514259
15596225
37622746
987929
43184223
47022912
12204791
47026973
37183393
29802461
34000110
885936
47025427
15972864
47020892
46133173
45558296
35959134
46487027
36080478
35257421
950360
39149585
36957144
34664661
41856164
37835801
46970212
651369
42803399
41156259
32653535
46962220
45424770
39458854
33580509
46949703
38678207
41868403
39510587
156376
44987206
30553957
32685060
38185184
301013
46559119
40903138
46907305
40388727
38504120
36839991
14030851
45244743
30736887
37117582
41212169
41975804
44739795
29931219
38566770
77617
42441712
46847085
30220183
34844024
44256880
14536831
46770543
29719307
16059618
34620397
1696844
37820613
178291
46795141
31759977
2089848
2600676
15721376
268813
3043392
46209499
45479234
45227760
30094911
46760637
45329506
16692985
45379431
16164000
30151239
2632766
27453715
31641561
3239683
46752163
42993963
2831258
29787255
223069
11962621
34656089
40168236
41578923
29077421
38186706
34853053
39645605
1000408
607939
29526947
37623069
30671410
7733001
6467761
1944874
44165505
31468240
37446469
38181860
42024609
27138115
34039657
46714517
2078778
44802443
43791882
15829029
1517084
36677698
32638739
46700055
40448993
267648
20374537
16003530
32924305
39886727
43060808
37797787
44233189
46689782
333869
15631017
35867886
31964758
3172294
27861880
262955
36452476
237544
44159847
1397805
1156449
39006234
31429093
34161684
36353300
833768
44902260
613087
35757014
385476
42405041
2534908
31875275
31820212
16338631
12096961
37141018
33722547
31567807
46210041
15245241
37054012
1929884
44585152
42592435
32094030
38284073
586667
3017685
1091744
30991006
43463868
36351009
268431
15798631
1719162
45113964
32191288
15035071
43630015
38538968
16117522
11332431
5129021
35505555
645654
46130706
46529310
46529247
46529093
46529073
46528893
32544777
38002155
36094392
29125610
15569913
35044288
33208975
42852451
7430491
30919314
30281112
32281100
16105336
1354597
993088
1456488
43207150
33848599
7166211
35803299
31063177
681850
1505047
32864192
369003
7987711
41723789
35499754
35125821
41283546
42591118
191158
32493978
1573031
29015623
251217
1257678
46153013
46513151
36342408
39362247
46140584
2339680
236628
2992796
46278897
36863105
31313419
46239326
30547038
30991327
31248009
46519065
31448101
30664623
36267057
46001613
283487
36253880
33034499
2864498
42157258
27888568
29210845
38930625
38946650
2022582
44433865
31913241
42341279
34865937
723052
39688519
44447339
84822
38927846
35917667
37941413
43199861
42719252
42032081
42184517
30457771
36295327
399222
16333216
31561300
2597636
357778
43376737
29004482
43231597
1204656
33965445
29502606
29151145
3120406
144735
16283896
45391268
46494637
6801871
4023121
39466264
2783282
29191617
1134642
628860
33298365
7546591
1634403
44144004
46481292
44007420
1373118
46434644
26105
27707434
33052341
36166399
764211
514070
42723564
780635
46261842
5617901
36901530
34538235
42811248
43840381
33816330
3071062
10520
46465268
35454432
44558276
43740077
45715724
31296846
1132278
44838960
2722462
30580853
35021150
4873751
15707110
46460529
15587234
35390395
34610234
29675389
43373445
33974599
36119661
595215
1562665
33028937
1741663
33250285
36639468
31471104
3684401
44412070
393457
617132
16666969
112629
41512928
44519246
32354526
22979509
31615487
42508219
3823561
36222729
39101441
29637740
46429479
29051972
4201171
35664865
39240572
27246763
16457329
43480018
46437274
33311924
34668616
38339964
32434218
45553162
46424732
35106960
596167
39297735
33014500
32929368
30283038
5580171
656158
35433107
32044124
2694846
32510395
825267
29072050
31187751
35755669
46437645
40430364
46437028
34903603
45472663
46424470
1258291
954639
1051286
45964355
7154901
32046663
33597645
32459102
819604
35743322
36359709
2050286
32185231
40387810
33726393
24978
32491420
36214250
31248065
3192038
862079
20574376
37452015
29899928
41961537
32761184
31670543
46429776
752175
522072
30150332
35844889
33551478
328626
31518078
30262906
36762392
46425603
35725748
8329381
43709351
36792599
44842014
45639746
35392879
41961853
1700916
2993962
9333001
78422
8307341
40246466
2021770
880919
1149124
31766278
29541566
31654607
16050617
757420
38273490
40287750
34884676
1080527
2641362
38579246
37404238
39458546
39702688
31674502
38894847
42632101
31866024
35405757
40278458
42576727
3177433
45800673
38565443
29307323
42847742
7764571
11367181
1593617
41742571
46388705
40723201
15832185
45263566
1865854
2418850
34502735
26625
920716
2041152
37754847
611709
2324744
24724056
4409291
1193922
42537305
10171741
16010326
10887981
41282414
253770
718097
39354233
45007213
44789299
182881
113973
30481865
633539
15706969
306743
2947282
33350682
44935421
41464994
740601
34741193
27064408
1286661
320736
1502356
27664552
95476
912871
44393601
310368
46383124
39423203
35315526
1932138
15671315
29788550
6447201
1729671
351166
1564659
36317846
27616618
31140124
6245251
33278514
35577790
1707839
658145
34796486
29223785
763504
30149526
38572780
129199
30813280
38020149
31011116
46269098
569993
747675
37937293
34815842
31831367
35024888
1388395
44434001
36509586
2026504
40549483
46364556
37146733
32065696
3065870
41527614
40101476
31430838
13797691
34062214
39011023
38580835
260869
2942492
33061919
38067521
16103579
36242980
36359674
45830718
45299010
45274605
36180595
38494680
40078341
38535689
33032038
35933887
3041097
2651942
45820839
29047171
37790713
1254280
1180900
38763643
45609863
43762870
44839714
44798093
30574224
46014012
1975098
35664782
2965132
36202831
40982067
29809953
1589060
29157047
789336
37290276
39282866
16658581
416683
2225754
37180271
37674286
715883
45154978
44167080
12545151
34280193
39072259
41284605
306262
338803
38823095
2394508
29009065
39832060
27183814
27504061
37667091
36753181
5257371
31991313
39255642
39908880
32695661
11373711
35648534
38300443
15963179
36399323
2254660
1435305
42531162
20166991
46219823
29786748
1068500
41442795
35296632
15582106
32814547
2389568
342128
180604
35761113
42530973
37623667
21915986
31032137
952584
38158495
36814156
2457130
122801
42530528
45817609
32911959
1913306
375443
31821114
32249085
29158526
38296369
42978456
35084777
35350930
1656182
29900950
14871071
46174820
146365
41871077
34700783
33604028
507929
30914879
37583643
36358059
35587625
1385151
40463327
36312349
33162704
31789456
23455
43118809
219392
1291319
841977
44810989
39243483
35293985
43004992
44947563
29249185
2406592
36241707
1136495
39161111
36203306
44404929
19456
43855044
27963076
35532108
452355
427870
1006048
1695917
31172637
37741202
27263884
15724439
38912949
37953907
41288360
12656501
41933350
144453
45004044
46258510
37951232
311770
46315435
16123375
13255
40898393
46006290
37741665
35317334
3070794
36938904
443387
44856875
32761839
34638196
5742861
39140353
42046778
43246279
34039531
33888748
46314871
30251532
34448564
43026219
42793749
45976137
1388397
45450183
32647929
36770941
37451636
38421243
7853871
31780464
810427
998536
46313870
36286132
433814
37321660
45774888
31083387
41046728
37177606
2707502
41661858
38701668
41014521
39446734
33949096
40688911
37778888
1488527
3088005
14658981
34857022
37499351
40144312
12064581
31009760
41591751
39305677
40759007
31698941
9270081
42230726
27823021
2044694
36568691
29902611
715756
37459452
35710369
33168800
4981411
43712100
45479675
15797561
38143254
35521013
43608312
32816893
1500327
3030541
16257463
34389310
36838596
35776140
45479448
38108556
37873266
1610361
37860758
1672026
29966206
31513049
41572814
38007616
38207003
32374250
33548178
1156452
39939581
710215
2219624
85796
38007439
2882012
43494458
30177003
1738997
30167634
31242314
38001692
40689661
40701193
40771680
33194995
31932731
1443088
45303065
36230720
44070277
1516280
29917273
30010836
29832069
3931101
32761555
35586471
7113861
37296122
377897
36889904
32166941
31866610
591264
1265249
32176103
147035
36009209
34096077
31889343
6342431
37947145
889807
62697
38459912
23964537
269343
45763219
25255773
34709057
11743421
34234467
4615471
33671938
31642395
6495561
27547765
249796
43232487
18720697
37460392
30369218
36583105
33445727
37001434
34281074
38252875
34315915
44011738
24234548
45305266
45169640
45145639
45122699
45039590
44977762
44959195
44901037
29815920
44486941
24655228
42297858
355980
33433912
44957853
41622579
7659891
36452411
34384448
46186765
970814
540348
37251405
44841541
191083
33187551
42468526
39946181
1085145
36007427
32327353
36458297
33681928
34059576
1346677
1223034
39958060
44549923
36132341
16678168
29243895
27476272
41264552
40344160
29323571
39033410
479143
2567778
42272970
121936
39039170
63856
20426323
44752682
37727399
44851715
35356466
1973972
15581377
46258121
16127809
38833351
35703455
3117946
39663
36317553
43077186
36766421
35037148
39539796
31684917
563972
37833786
34931179
1525891
33551183
16434682
39110483
32029613
37094468
45525248
31644084
663774
237418
1165998
36912670
36247416
29673090
83166
36566001
31947763
831528
604329
41286185
65062
35445722
58238
33719282
31668659
35283189
93640
37424907
32642669
14158371
673158
37929828
1183892
36225197
39147621
31805492
39877621
140953
7263681
29237731
34108609
38753165
37679126
35480995
563430
33150483
36911912
33614426
2710130
30816628
37934324
41378777
31409774
44356983
39310677
36241754
34904612
43057309
2851182
45001984
35567786
31255056
38197268
35450311
37020281
29082263
34334606
35090321
400610
39445772
38745652
37938734
35208076
29572773
29241068
1036937
10267521
14731311
1044072
43185434
27750553
560401
35637375
36310347
1623319
31296827
35654053
37698826
27836164
46277257
46269091
33468749
2029812
41507229
1352478
39859222
2232248
39362243
2981972
16281223
262979
635944
1638457
45817836
40755081
35502663
34271915
6604351
32979253
1207492
830056
3039342
38087037
2896550
143486
14596871
34161633
3088327
1948476
42734274
39549370
34191636
37433025
35149276
6370871
38500832
34714895
14449321
32752311
477713
1639228
45789120
33430228
3022921
390497
262103
34134309
43344
31512952
30229260
38680859
3352771
15996864
37727633
45552245
39672592
44909512
15862074
3016297
40654395
44992153
41583566
32322000
8654851
43158835
3118740
1413680
7676931
44611754
46226352
904061
2967690
44404715
41193047
13999431
1123144
29257842
8734731
44248822
15752220
1324906
1171546
46213120
469198
7134721
539692
1156223
35134764
29659327
16394092
34306039
614021
358730
629076
37005980
45119792
32724057
555877
370225
1254889
3407761
118123
38541316
2777970
3557951
35704433
12222701
43565942
1007746
125889
2722854
1962986
1674466
33150806
35874337
1179613
41367194
39333685
718047
76934
39039893
1651914
1628933
915548
379478
12386691
2457274
1899896
15578934
39808500
874726
763396
112155
44238567
1336395
15610035
6734001
33963547
16158500
1600007
15482841
5815311
6829511
914715
331561
1509704
569094
46207347
872501
914546
2434206
1887414
2030918
16312741
15972960
737660
1061777
258630
42588742
113897
38218070
38019765
801328
4888541
46012061
13825821
42423569
45479348
46046013
1477035
35485540
27098080
45479581
866596
35638176
38230936
30551173
3905901
2175706
44231662
41573102
43603371
39623249
45184976
43603315
34323652
1403021
38957184
29224987
45214839
31792308
35652721
79759
46229382
43603188
43603124
40786301
1239972
43603082
43602654
43602553
43602499
40286802
31219844
40538385
236068
43601892
43601839
1011340
43601381
43601265
42574251
43601230
39702608
17341
43601169
1920280
1419548
42926608
43601105
27789274
42297424
43601032
39389456
2618508
42494820
27970325
31797942
36064291
33181084
44279235
37493677
31995113
33093107
29159283
38768672
31197848
35203942
39125648
36055964
40405242
41559050
20571010
2356556
11429171
44083124
38305300
31729428
36092519
29145955
27360718
39290158
29622686
41730861
175457
33589298
39880797
884061
33860932
35180320
30408425
36629092
3220748
41110867
37118608
5908921
3170300
43413766
30656932
42699517
12701951
1550028
119376
1508454
35547039
646319
38098591
1480870
1470788
555518
43289943
207824
968030
32726147
42030580
37043833
3846811
31451167
37491819
43111418
46223657
31059146
30682077
39337082
41600761
360832
45865577
45346432
24397137
1720935
3239329
46221991
33938198
35735376
38759943
3178636
43618296
38388818
4787421
34753512
31986394
37256224
44726439
44204975
44027486
16308229
39374179
29513431
38099266
34730060
1923328
150507
45132026
42056861
233204
1559810
33876325
37340658
16168205
39685847
38594846
33500130
10400551
2365508
1861202
37078428
2935842
45196401
43436633
38971685
1156417
43436443
30815958
43436299
46216789
44515368
33012343
1183471
39489443
29188310
35587017
44180065
33610498
847736
45902612
38292454
44775968
38188989
44169385
43435849
38000457
43435557
43435194
38226981
12660841
12238651
32155331
37102501
16478077
43435058
32612141
38136270
16434997
43434727
41689901
43434518
41852820
43433953
43433822
43433637
43433557
43433456
32409459
39484472
43432917
43432769
43432584
43432659
46212896
6856511
31887466
43432295
43432200
43431918
43431818
43431717
43431596
43387247
43388245
37978482
43388877
31083879
43389024
43389109
2614862
43389272
1192592
43389560
43389644
43389764
43389865
43389943
43390038
731740
43390131
43390522
43390612
43431513
38594007
43686943
44030022
42162600
36614252
33028865
5054
42213061
42314463
43734740
46196797
42494588
45082986
42493854
42459818
16700869
45876116
40818502
3062417
4045281
16030160
188058
41517513
31923832
5216031
27092449
31070973
36058595
53111
350737
34963301
15231521
45709874
39895988
128988
6455781
347700
43078019
44442114
132010
43375369
33015800
32444603
37788492
46137154
46093416
16158111
46133800
46132983
46132779
33258697
3092638
37150861
370285
45352806
10559921
597881
40940986
37619643
22242426
46120286
16169343
29572803
58007
5658921
588088
41128286
2707220
35875426
194365
44451964
45760437
45521473
37061663
35580368
34149952
39007267
42102
43104337
33117158
29831504
34313704
31394077
1932870
33605464
37314712
46067854
43387109
43386932
43386647
31083446
43386800
35613147
285078
43386562
20172814
650034
43344139
43344060
36660866
36745623
46089001
90796
38095687
45818068
2574908
46017713
1877530
132137
282534
11798
319171
170354
29638879
29099969
44433601
289548
39608793
33740996
34168714
42584673
35008493
34098622
29826051
31049200
31172140
1683427
40328496
1672546
471863
14190
559985
108944
315870
10487
45770929
27107023
806722
45787273
36050
37546190
746909
124891
32133313
33178978
32311835
33741778
15997048
29241140
44953686
1029377
44470372
40735688
31861007
31747972
27876262
34809043
480783
41018492
46036754
30693940
41818793
36887514
34844519
44459233
37775362
30819324
27784066
33281917
45531017
