35704433
40818502
26105
37962279
45757654
43686943
35793405
31974640
47925338
47177102
46208381
41856164
35951610
44412070
30229260
37847929
30205043
46208977
42027587
35780359
44519246
45176306
30348316
44474780
30161279
16457329
40464318
1701337
34439726
37391952
44070277
40168236
37594761
32561562
47496356
37124606
1313728
38850077
32653535
44270317
31781162
14505171
47305556
47304975
47277109
36753181
15706969
40328496
47358142
29650066
47358591
44002156
30136276
44599867
869561
38215952
28094275
47167119
47227341
37054012
47188647
28137
46323667
1200306
35949017
45525248
30283038
46969039
47141319
37590878
42297858
3032431
41359295
16652077
43664413
46132779
36058595
47022912
2864498
43184223
35959134
46487027
596167
46133173
40903138
885936
45558296
33012343
46012061
37296920
39007267
3190499
38566770
37183393
1398529
16692985
3020399
29931219
833768
46770543
33052341
42405041
38504120
46694091
31641561
45023377
39969276
40259456
35867886
34656089
35684071
1474421
45214839
44165505
38181860
39645605
43791882
32638739
35356466
46699918
43060808
46674708
954639
34161684
14522191
38538968
44235508
40755081
20172814
16050617
46153013
45908079
36253880
46001613
15724439
33298365
42537305
514070
35580368
29777439
37061663
1877530
38095687
1634403
29541566
40344160
46437645
43956641
2050286
46425603
38273490
41871077
42046778
253770
5658921
45391268
13797691
40101476
37177606
29565878
38594007
789336
350737
35586471
3022921
33678063
37012756
46315435
35703455
36660866
42360764
119376
952584
45184976
35008493
11798
559985
36050
29638879
1866574
