62
220
1208
1548
1597
1932
1992
2142
2528
2789
3372
3483
3558
5807
6214
6281
6542
6622
6922
7467
7574
7711
7820
8166
8206
8433
8626
9256
9712
9867
10245
10343
10483
10500
10545
10582
11322
11445
11798
12127
12307
12693
12744
13128
13291
13454
13849
15500
15864
16229
16297
16409
17061
17377
17504
17863
18343
18559
18603
18713
19023
19107
19957
19985
19989
20262
20341
21412
21522
22006
25303
25741
26170
27313
28163
28390
28770
29674
30094
30651
32389
33133
34766
34857
35019
35274
36050
36163
36393
36397
37165
37204
37514
37939
38612
38847
40978
41045
41226
41356
41583
42231
42440
42629
42636
42819
44464
44941
45132
46157
47043
47268
47443
47504
49652
50824
51065
51151
51864
52504
53270
54151
54219
54830
55295
56678
56807
56863
57206
57247
57589
58199
59790
59922
60241
60508
61478
61671
62520
62806
62911
63378
63660
63715
64722
65185
65362
65502
65756
65818
66409
66830
67521
67621
67716
68080
68157
68186
68316
68746
69020
69057
69810
70535
72182
72256
73367
74983
77107
77299
78200
78313
78392
79361
81834
83420
86520
86603
86728
87182
87655
88158
89254
90810
91362
91964
92728
93105
93248
94023
94595
94999
97260
100250
100705
100821
101070
101634
103844
104347
105186
105492
105789
106644
106785
107779
108171
108944
111281
111932
113170
113702
114204
114382
114554
115178
115914
116669
116792
117404
117917
119241
119376
119698
119844
120175
121407
121693
122012
122367
122975
123107
123283
123579
123952
124026
124891
125409
125587
125705
125888
126063
126066
126165
126247
127521
127524
127783
128988
129269
130030
130236
130422
130848
132010
132247
132303
132401
132439
132640
133855
134451
134940
135217
135247
135355
135499
135742
135866
136093
136141
136156
136170
136698
138021
138054
138724
139425
139771
141026
141620
141944
142455
142862
143814
144913
145430
145678
145948
147072
148220
148329
148745
148848
149731
150199
150765
150778
150928
152730
153318
153329
153419
155035
156675
157521
158131
158446
159358
159955
161899
162385
162671
162682
162814
163057
163254
163953
164521
164621
165241
165631
165660
166384
166458
166544
166838
167705
169492
170478
170772
170827
171403
171722
173254
173684
175798
175984
179387
180885
181106
181285
182049
182289
183436
183485
184033
184839
184934
187175
187285
187552
188460
189701
189997
191492
191810
192267
192386
193820
194713
196097
196293
196932
197845
198263
199208
200077
202498
202785
203819
203948
205639
206581
206671
206702
206787
207047
207147
207383
209357
210015
210025
211044
212284
212761
213681
213779
214161
214533
214972
216654
218580
220443
220666
221375
221835
221987
222247
224600
224908
225779
226084
226480
226482
228436
231011
231725
232325
232586
233284
233575
233875
234180
235360
235720
236838
237088
237747
237812
239645
240245
240917
241741
242124
242651
242874
243231
243774
245340
246140
247903
250855
250980
253490
253940
255467
255828
256097
256804
257760
258672
258983
261313
261382
261763
262102
262718
263348
263377
265012
266717
267310
267730
267876
269592
270224
272299
272629
273127
273185
273284
273548
274279
274748
276167
278026
278954
279153
280238
280522
280952
281074
282237
283135
283896
284732
285078
286012
286082
286536
286790
286809
288258
288923
289676
289978
290413
292559
292868
294525
295966
299653
300239
300387
300923
301275
302298
302419
304424
304944
306098
306326
306743
307650
307749
307850
308643
308720
308847
308903
309287
309510
310048
310780
310824
312351
312584
314199
314622
314649
315423
317073
317551
317832
318982
320301
320405
321102
322240
322362
322415
322467
322925
323398
323520
324302
325561
325707
326251
326443
326479
326845
326925
326991
328134
328347
329002
329074
329082
329099
329586
330102
330534
330769
331301
331896
333522
334373
334771
334851
335288
335939
336030
337469
337718
338947
338990
339008
339390
339998
340166
340819
342623
343223
343774
345805
346206
346395
346616
347108
347749
349145
349263
349265
349648
349665
350029
350737
351219
351799
352108
352396
352581
353025
353942
355430
355934
357352
357379
358546
358794
359027
359195
359222
360078
360625
361067
361339
363158
364005
364707
365418
365813
366605
367780
368098
370037
370599
370685
370729
370915
371110
372078
372652
373133
373341
373383
373522
373819
373983
374086
374280
374964
375325
375525
375620
376038
376755
376833
377013
377206
377282
377588
378402
379920
379935
380379
380908
381620
381695
382184
382256
382482
383284
383583
384906
386605
387931
388653
389906
390411
390677
391016
391255
393109
393344
396526
397691
397731
397806
397938
398858
399764
399885
401743
404502
405171
406857
408911
409488
411205
415400
416382
417904
418716
420226
421127
421465
421547
424163
424551
427096
427319
428086
430820
432996
434136
434342
436519
437385
437440
437628
438297
438704
439458
441231
441300
441394
444845
445484
446995
447062
447768
449062
449527
452109
452535
452846
453460
453957
455492
457985
459503
463496
464076
465227
465847
465981
467065
467699
467946
469167
471504
472898
478851
479303
480654
481559
481897
482079
482220
482283
482892
483454
483684
484108
487513
487681
488118
488833
489054
489796
490919
491815
492331
492651
495000
495456
496814
497076
500921
502426
502878
503341
503417
503527
503986
504658
505880
508099
508676
510142
510361
510396
510511
511184
511504
512256
513361
518703
519758
522191
522861
523142
524290
525365
526601
527348
528630
528919
529199
529221
529861
530482
533789
534533
534912
536069
536545
539185
542181
544489
544919
546454
548315
549311
550491
550637
552559
553893
553936
554080
554308
554813
555265
556303
557892
559985
560038
561385
563988
564007
566551
567233
569351
572967
573199
575522
575523
577051
578297
579270
580106
581033
581067
581515
581814
585568
586588
588950
589325
589864
590029
591170
591542
592937
593809
595733
596138
596167
596275
596478
596504
596827
596865
597252
597338
598149
599086
599638
601043
601424
601673
602532
603535
606052
606059
607120
607165
607948
608506
610822
611709
612385
613884
614692
616463
617124
617393
617912
618386
618717
619320
623418
623794
628130
628724
629169
629531
630236
630399
630900
633604
633975
635109
635503
636736
637286
638020
639310
640518
643249
643462
644041
644942
645627
645649
646285
646627
647192
652432
654037
654766
656409
656450
657374
659512
659933
660256
661143
661870
661894
662357
662820
663978
669923
671187
671849
672351
675309
676706
676717
677816
681052
682400
682609
684072
684412
687053
688625
689234
691248
691401
693362
693986
695198
695893
696227
696748
697509
698395
698568
699161
699701
700931
701529
703625
705597
706409
711043
711463
711490
711566
713850
713883
716927
719322
720534
720829
720950
721050
722861
726625
727302
728031
729218
729827
729895
731193
734929
735240
738583
740210
740215
741501
741883
742009
743222
746596
748733
749078
750180
750731
752092
752198
752638
753487
754406
755147
756336
756381
763830
763851
765630
767514
770616
770622
772475
773501
773851
775728
777250
777260
777737
777781
778252
779445
780802
781121
782026
782165
783558
785513
785764
787998
788235
790328
790656
790731
793841
796272
796524
796969
798037
802679
802735
805685
807364
808411
808708
811142
811610
815147
815960
816626
817391
817935
818255
820240
820244
820881
823514
823973
824711
824975
825833
827847
833435
833711
833768
834247
834493
835643
837831
838840
840620
841065
843044
843761
844030
844031
844682
852015
852027
853513
853920
855780
855828
857992
858368
859357
860034
861099
864422
865317
865501
868151
868246
871600
871809
873284
873495
874606
875782
876141
877398
877564
878730
879946
881021
883396
884089
885616
885936
885984
890646
891838
893819
894798
896138
896222
897816
898096
898259
899318
900126
903795
904061
904596
904955
905682
905699
906178
906885
907697
908146
908215
908722
913302
913779
914385
914618
915984
917231
917547
918000
918090
919657
919674
919754
920596
920660
921060
921116
922547
924395
924881
928673
929531
930980
933905
934892
935189
936305
936714
937256
937427
938180
938431
938910
941387
943042
943621
945495
949710
951413
953397
954639
957759
960086
960272
960527
960653
963954
964487
966277
966549
967109
967304
969041
971676
973840
974579
976030
976219
978313
978842
980837
981825
983821
984198
984786
986249
987519
987721
996943
997271
998432
999212
999273
999536
999766
1001138
1002473
1002557
1005294
1006703
1008144
1008688
1010233
1011519
1013108
1013175
1013293
1013491
1016245
1016806
1017950
1021926
1022689
1022990
1025280
1027006
1027607
1029030
1033301
1036348
1036862
1037926
1038752
1041726
1043584
1045397
1046873
1047435
1049130
1050519
1052273
1054448
1055793
1055950
1056038
1057257
1059529
1059871
1068500
1070661
1071964
1072793
1076640
1078400
1078578
1078697
1079755
1084746
1086633
1090924
1091086
1091327
1094432
1095113
1095710
1096247
1096691
1097223
1098467
1098529
1099208
1099476
1100383
1100385
1100766
1103120
1103915
1105064
1108016
1108160
1108398
1109057
1109673
1109689
1109704
1110377
1112449
1112793
1118250
1119990
1121548
1122364
1126548
1128457
1134410
1135921
1137981
1140942
1141774
1141825
1146169
1146935
1150527
1150599
1151058
1151619
1151695
1152128
1152749
1153756
1156314
1157578
1160536
1160962
1162044
1169295
1170258
1170997
1179214
1179238
1179613
1183071
1187292
1187655
1192100
1192808
1194087
1196569
1200306
1203091
1204603
1206941
1209179
1211049
1211468
1211772
1211773
1213168
1219051
1219248
1220752
1227520
1227675
1231419
1233766
1234828
1236016
1242355
1243454
1243781
1244150
1244231
1244284
1244988
1248085
1249517
1249865
1252407
1254662
1257785
1258255
1260644
1262431
1270029
1270937
1273560
1273857
1276551
1280028
1281354
1281900
1283583
1285786
1286235
1287768
1287994
1294039
1298739
1301400
1305610
1305924
1307056
1307960
1308807
1312162
1318353
1318557
1319178
1319292
1326636
1329795
1329867
1331858
1332879
1336024
1342809
1343317
1343480
1343569
1343747
1345644
1348183
1351025
1352484
1355554
1358152
1361544
1362130
1362959
1364777
1369088
1369198
1370100
1371566
1371652
1371774
1372111
1372427
1372626
1373594
1374732
1374737
1375143
1378386
1378629
1379036
1381152
1381232
1381334
1383903
1388032
1388940
1389672
1395240
1396625
1397526
1398925
1408339
1409265
1411707
1411916
1414801
1415871
1416027
1423060
1423200
1423614
1424045
1427540
1433428
1434871
1434979
1437303
1437627
1439854
1440102
1442587
1442699
1443682
1444757
1447135
1455908
1458326
1465023
1466143
1470687
1474010
1474734
1474927
1479881
1480007
1480112
1480504
1480611
1482384
1485681
1485879
1490427
1490625
1493884
1495784
1500040
1502677
1506304
1509077
1512592
1512786
1514472
1515834
1517567
1518785
1520568
1530241
1530429
1531146
1531685
1532173
1532676
1534367
1538870
1540131
1540239
1541317
1541868
1542434
1542580
1542633
1543862
1544512
1547163
1547367
1548222
1555317
1559283
1559508
1560005
1562491
1562665
1563694
1565522
1569959
1571189
1572582
1574979
1577135
1578705
1578939
1581016
1582136
1586619
1595174
1595780
1596258
1598615
1600469
1601981
1603051
1603797
1605094
1607010
1607312
1608672
1609398
1609680
1610959
1616548
1616762
1618338
1620407
1621169
1621770
1623599
1630826
1631158
1634175
1634403
1634430
1634675
1636795
1637831
1639867
1641596
1643883
1643969
1644590
1644703
1645900
1647211
1647806
1647850
1647870
1648597
1652807
1653831
1655722
1655931
1662090
1662530
1664594
1666913
1667707
1669719
1671944
1672777
1673213
1673936
1675442
1675512
1676638
1679954
1680354
1683694
1684825
1684998
1685014
1687287
1690881
1692289
1694519
1695568
1695710
1696844
1698677
1699234
1700345
1700403
1701146
1701169
1701410
1703849
1704972
1705176
1706681
1708080
1708904
1709468
1712145
1713630
1721981
1723351
1723618
1726396
1726569
1726798
1727313
1729021
1730473
1732703
1735059
1739943
1748595
1749643
1751607
1757207
1760099
1761847
1761995
1765589
1768641
1771555
1772241
1772657
1785251
1786707
1787295
1787583
1788999
1789425
1790205
1796693
1810807
1812233
1814589
1816369
1837070
1841784
1845600
1848800
1849364
1857358
1859250
1860654
1862196
1862886
1864468
1870124
1876796
1877530
1880170
1885214
1885222
1888838
1889132
1890470
1890982
1894124
1895438
1898340
1901026
1901082
1902812
1906826
1907590
1910430
1911352
1916666
1917394
1918814
1920340
1920428
1922992
1925088
1926522
1929526
1930638
1932182
1934652
1938100
1938868
1942920
1944476
1945332
1948470
1948958
1952008
1952448
1954844
1972274
1977820
1978520
1979904
1984122
1984848
1992098
1999036
2000068
2001420
2001642
2003436
2005486
2015988
2016654
2026080
2034432
2035948
2041352
2043746
2046658
2051718
2052684
2052802
2053128
2055040
2057098
2059072
2061508
2062122
2062414
2063336
2063790
2064342
2071910
2078046
2081860
2084372
2084968
2085914
2086300
2086590
2087794
2090140
2095414
2099304
2099736
2100686
2101614
2104672
2105158
2111450
2112162
2113240
2123168
2124630
2130120
2145770
2147324
2148904
2150010
2153860
2154246
2159182
2160914
2161066
2162396
2163636
2167834
2173448
2181016
2186170
2196770
2202432
2205418
2214126
2220620
2224154
2233010
2234638
2244490
2247798
2248910
2255694
2256256
2260380
2262586
2264448
2267646
2268310
2273796
2275178
2280038
2285764
2298490
2308034
2311790
2318134
2326664
2328052
2330282
2333446
2336404
2337040
2341322
2341432
2343818
2345786
2347786
2347854
2347918
2348606
2349152
2354104
2365754
2369712
2370236
2374818
2376614
2377656
2381976
2383096
2383552
2386008
2389568
2395586
2396970
2404416
2405288
2412010
2415180
2424798
2427460
2427814
2428280
2430250
2438478
2447122
2452906
2455490
2464184
2465038
2476472
2478254
2486616
2491756
2491888
2503578
2505296
2505566
2507460
2508930
2513610
2514090
2522390
2528722
2532182
2532840
2544746
2546668
2550486
2551360
2551456
2557864
2558614
2560916
2562062
2562500
2571704
2583286
2585662
2585680
2585782
2586096
2588294
2588420
2589700
2592112
2598060
2599396
2605462
2608932
2611228
2614860
2618092
2625540
2628824
2639974
2654856
2656338
2657284
2660652
2662974
2667376
2668024
2670044
2679728
2683668
2684290
2687638
2687870
2690112
2690598
2691814
2694938
2695532
2697308
2700856
2701632
2704510
2705122
2712392
2725700
2736312
2738052
2741050
2744588
2744652
2759396
2764932
2766616
2790290
2792708
2803232
2803750
2808472
2817636
2818530
2823558
2830154
2831730
2833210
2833560
2834378
2840668
2842654
2844362
2847232
2850004
2857414
2858322
2862060
2866824
2867532
2872474
2877666
2880174
2881874
2883318
2892460
2895348
2896762
2897362
2901096
2911804
2920406
2922132
2927438
2933366
2933588
2936494
2944944
2946612
2953972
2955724
2968664
2971304
2977028
2978974
2980894
2994074
2998608
3000162
3016358
3016577
3017685
3020506
3020597
3021027
3023486
3023714
3026877
3028447
3030994
3033005
3034980
3037066
3039081
3041915
3044312
3046118
3050188
3053206
3055108
3056316
3057630
3057703
3057783
3057802
3062814
3063282
3064390
3067392
3068127
3071604
3078156
3078167
3078489
3080176
3082183
3086123
3086168
3089814
3091322
3092638
3092888
3094192
3100422
3106996
3107451
3110424
3110521
3114525
3116492
3118113
3119942
3120807
3123408
3123708
3123733
3124350
3125129
3132550
3137871
3138046
3138083
3140365
3144594
3147071
3151843
3158180
3158866
3159264
3159686
3159853
3163320
3166234
3168162
3169177
3174239
3174407
3178120
3179643
3182556
3185736
3187772
3190398
3190494
3196953
3200345
3204443
3204765
3206749
3208442
3211153
3214251
3214540
3222013
3223333
3226114
3230763
3235725
3238910
3318781
3355701
3384201
3400771
3425591
3445371
3462411
3489621
3505851
3540071
3577061
3600601
3644001
3666541
3675901
3700671
3709571
3710681
3748581
3781601
3852961
3853331
3886941
3916321
3957601
3988801
4023151
4045251
4073391
4076301
4098191
4141401
4156251
4156651
4168461
4189291
4232951
4234561
4255021
4271951
4294901
4318071
4346011
4361201
4373781
4377071
4389121
4416701
4417991
4455891
4460771
4463401
4490881
4495241
4502441
4516291
4540971
4555971
4612651
4614761
4679151
4681291
4686091
4690571
4801121
4831451
4895661
4896441
4903461
4919331
4921241
4927411
4981411
5033781
5119181
5153691
5175131
5236521
5290781
5316611
5330521
5393631
5397491
5486581
5536531
5541081
5564091
5605411
5616811
5618831
5624831
5635231
5720411
5724261
5735871
5792591
5796301
5827041
5849291
5866021
5871601
6012101
6036051
6080831
6131161
6172191
6201071
6232201
6289151
6291211
6299361
6386901
6422281
6423231
6443821
6448741
6467001
6480321
6506101
6532491
6589501
6596391
6626881
6636311
6646871
6663651
6674911
6683301
6700951
6704831
6714131
6741211
6853211
6937251
6944951
6951591
7011261
7059831
7074931
7086611
7154061
7159091
7261521
7287091
7344651
7382471
7385071
7387651
7395541
7405491
7424521
7429471
7443561
7451961
7463191
7467971
7483741
7546591
7753731
7804631
7811591
7824511
7871361
7876621
7931291
7945901
8028101
8050491
8113041
8145111
8186341
8239991
8263261
8299661
8409011
8453701
8505621
8652771
8665161
8697881
8807011
8822771
8878911
8927831
8988411
8992891
9078251
9132001
9173031
9284661
9318891
9452271
9485101
9527311
9550231
9705641
9709351
9761381
9781411
9848761
9976211
10001611
10142151
10320001
10400591
10416581
10453541
10536351
10718561
10851741
10855291
10860451
10906721
10999251
11086291
11138531
11208191
11229861
11459011
11464891
11473671
11506121
11544241
11664131
11839921
11849791
11883491
11926941
11970571
11995721
12136231
12180721
12204791
12226011
12436821
12587181
12680361
12683941
12711431
12761801
13656941
13664281
13721191
13795981
13797691
13824481
13835591
13994291
13997911
14033651
14050261
14081101
14084591
14110031
14161281
14166951
14178431
14179621
14249891
14325601
14383561
14525951
14573801
14619451
14705571
14731311
14913811
14940561
14980411
15048351
15094301
15119941
15130031
15185461
15242301
15283821
15284181
15312281
15352341
15379291
15464431
15538048
15542055
15542713
15543787
15547096
15551208
15552912
15558856
15581723
15610035
15610501
15612437
15613942
15627049
15635269
15641369
15650460
15659939
15662705
15665530
15686817
15690299
15700440
15716481
15717604
15717958
15722471
15724073
15726724
15732370
15752441
15753364
15762664
15768747
15781873
15781962
15797480
15799731
15801234
15807627
15816217
15816858
15817518
15832660
15929370
15964900
15967243
15968101
15973463
15974695
15974787
15976960
15979371
15989461
15989693
15991012
16002325
16005697
16005700
16013287
16017417
16018463
16018953
16019870
16023074
16024720
16025578
16027344
16027580
16032828
16036036
16048867
16049351
16050617
16053490
16054687
16065297
16068204
16071109
16073157
16074273
16074507
16081690
16082015
16096197
16100563
16108771
16111114
16111354
16117138
16121142
16137364
16138215
16142813
16150828
16156632
16160119
16162453
16166428
16172457
16176326
16177452
16181961
16184739
16184895
16190936
16200803
16204051
16214002
16228998
16237504
16244422
16262482
16283170
16293490
16345378
16369510
16405705
16410349
16414495
16430452
16432171
16447210
16457653
16459354
16464154
16467166
16470394
16475284
16486615
16517023
16543741
16586800
16605136
16619722
16620430
16624048
16627579
16630303
16638616
16647022
16647700
16652077
16662898
16669771
16687039
16692985
16695592
16696249
16696813
16698436
16708873
16710019
16747354
16768387
16773355
16794937
16802344
17420119
17980777
20164447
20172814
20174125
20195905
20204656
20205187
20233036
20265583
20268232
20270692
20298367
20314843
20345224
20362474
20376190
20399122
20399473
20409334
20415340
20417794
20420809
20426752
20434801
20440714
20446474
20467903
20484526
20497357
20500345
20508970
20515489
20533804
20557687
20563078
20575057
20577727
21039768
24361177
27007960
27050818
27082804
27083719
27087811
27099307
27132085
27150079
27150445
27151339
27152941
27172330
27190585
27191155
27202855
27205624
27208915
27212323
27212407
27214201
27257740
27271801
27281146
27288172
27305368
27308482
27318232
27359281
27373033
27433246
27445621
27488023
27503671
27518908
27519340
27564127
27570925
27573061
27584335
27584854
27586306
27596386
27597529
27604615
27624037
27625270
27629623
27690076
27705658
27713530
27715495
27719515
27722263
27724954
27742582
27759472
27764362
27766642
27796843
27802174
27834712
27842818
27856786
27872176
27879256
27896356
27897860
27898152
27914299
27914615
27918339
27924268
27932926
27939210
27940878
27943180
27945574
27948873
27952014
27952515
27963416
27967224
27967326
27967876
29002971
29007680
29008377
29020074
29022654
29023513
29024920
29029914
29031069
29035809
29037020
29046636
29051363
29061360
29064914
29065772
29072514
29078551
29081303
29093273
29105375
29111372
29112645
29126540
29135728
29137194
29143528
29159293
29161097
29162344
29169169
29174231
29177649
29195360
29208835
29231809
29232702
29273701
29274474
29278556
29279360
29301585
29310642
29323414
29325062
29506408
29511516
29512225
29518010
29518998
29523622
29524382
29524682
29525046
29526947
29527408
29532489
29532663
29544360
29548056
29575582
29575935
29578654
29579532
29582065
29587415
29591225
29591526
29605452
29613242
29613583
29614078
29614959
29621844
29622533
29623347
29626179
29627176
29627687
29627782
29634471
29640031
29641730
29644765
29645341
29652040
29653756
29776842
29784510
29788192
29788668
29791111
29794242
29794657
29795667
29797935
29804686
29806688
29826758
29887812
29916121
29926781
29931219
29931534
29949207
29967688
29978159
30005014
30006546
30007915
30008350
30025323
30039619
30064510
30067937
30074593
30095604
30096738
30107589
30119065
30122588
30138171
30152679
30152924
30175739
30200199
30209776
30231287
30242089
30261442
30265145
30280970
30306000
30312345
30313044
30313818
30335172
30345171
30351894
30363142
30370999
30373435
30398229
30412400
30418876
30431758
30447410
30447723
30449105
30490406
30500944
30501400
30521393
30533182
30537883
30548156
30555504
30558667
30558993
30559867
30567436
30569308
30572526
30589487
30609404
30627432
30636979
30641655
30642976
30657732
30666557
30668456
30670401
30681262
30684273
30688216
30688576
30689195
30696473
30709494
30750705
30766338
30783185
30786105
30787053
30810711
30817275
30827418
30856576
30869112
30871657
30882266
30892177
30912480
30916545
30917678
30920218
30921935
30924120
30955709
30956101
30990900
31014507
31022193
31030283
31062117
31076929
31081493
31086356
31101923
31137119
31140147
31143284
31143690
31168736
31174288
31195124
31197696
31214617
31215366
31223096
31223902
31232755
31236308
31248312
31262562
31262912
31269183
31286261
31287296
31300969
31326316
31342665
31352449
31352947
31364037
31367095
31370671
31380752
31380902
31385642
31390393
31420374
31439273
31440048
31441527
31461136
31464304
31474703
31478299
31480523
31494101
31494467
31494838
31502278
31505830
31522428
31536009
31537998
31540213
31547644
31560856
31565153
31566357
31585983
31591946
31641561
31642624
31644963
31648480
31657323
31660678
31684071
31684975
31686341
31707236
31715801
31723370
31736330
31748690
31761882
31764229
31773617
31777976
31785698
31789944
31795528
31796930
31813830
31816028
31826988
31829499
31829722
31833200
31844414
31844895
31855076
31857838
31881503
31888229
31896784
31900025
31901394
31923832
31946342
31954518
31968004
31974429
31985854
31990857
31990884
31993462
32036891
32067630
32071980
32084924
32095613
32096066
32110917
32130145
32130488
32137810
32143977
32168835
32169207
32169222
32172913
32180213
32183022
32185724
32189830
32190735
32198404
32198740
32200529
32201330
32202002
32204261
32208703
32226484
32234978
32257680
32257831
32261008
32261671
32266806
32267153
32280788
32291150
32301277
32305602
32306124
32313523
32314427
32319138
32326830
32330825
32331740
32334589
32335532
32349442
32361834
32363512
32363707
32369330
32376211
32396318
32396633
32398071
32400706
32414558
32415969
32418506
32435056
32435953
32437808
32442895
32442956
32444238
32444603
32445379
32447780
32468404
32477420
32486865
32496070
32504033
32504915
32505412
32514697
32521085
32527823
32531141
32540209
32543905
32551954
32552624
32555436
32555524
32555571
32556030
32556320
32561872
32567816
32591360
32597246
32597437
32614942
32616788
32619353
32620167
32626249
32629985
32634084
32637938
32647934
32651593
32668882
32672871
32674135
32675271
32681513
32685060
32693793
32695351
32704200
32717648
32718402
32718642
32722005
32730503
32758931
32763305
32763437
32764741
32765330
32784255
32788562
32795357
32820385
32834528
32834558
32836860
32842826
32865087
32865302
32896479
32898263
32899571
32916946
32921859
32928954
32929037
32929895
32930365
32935229
32975597
32976222
32983346
32998950
33000121
33008695
33012343
33018396
33027368
33042914
33063676
33074466
33076419
33092879
33094062
33099440
33113936
33118493
33127872
33129874
33145925
33149836
33150425
33158741
33182560
33198359
33200917
33210208
33210799
33211306
33211441
33227074
33230888
33236305
33247973
33252982
33275373
33283992
33294591
33298365
33303176
33303695
33303980
33304325
33304434
33305718
33307627
33316660
33322508
33332996
33338146
33339288
33341006
33349912
33352201
33361599
33373412
33418875
33430543
33441775
33455219
33469355
33473395
33489489
33492875
33503680
33503723
33505603
33509476
33511161
33512830
33524862
33533807
33537157
33539606
33549670
33556596
33558368
33566344
33566490
33574454
33575471
33586207
33586401
33597072
33597371
33598036
33601610
33605671
33614567
33617164
33630116
33672408
33680670
33681817
33694628
33706839
33713157
33714400
33718287
33718923
33726771
33728082
33737878
33737972
33738175
33738728
33744693
33750074
33750620
33755725
33760429
33772533
33778061
33778662
33800201
33800662
33800837
33802618
33805372
33811255
33811939
33814629
33821419
33832921
33841628
33849889
33854484
33855296
33862671
33879871
33881532
33901238
33901246
33901704
33909240
33916350
33935712
33946003
33958555
33976120
33977865
33996089
34002234
34007872
34008260
34012946
34021807
34033784
34034851
34037599
34038062
34039531
34040582
34041278
34041861
34048252
34059146
34073121
34076049
34076860
34083675
34085676
34087062
34093102
34095549
34098416
34110308
34111517
34111873
34114730
34121328
34124897
34127281
34130742
34132110
34134589
34158725
34163979
34183377
34190915
34193900
34195033
34202683
34215072
34215507
34224364
34225470
34236416
34249095
34254978
34255166
34256181
34256533
34261566
34268658
34275541
34276051
34276132
34276158
34288861
34292832
34292974
34295100
34295217
34300076
34323577
34323652
34326001
34332545
34337512
34351925
34352584
34354457
34359017
34365309
34365567
34366474
34370648
34371068
34371943
34372926
34393463
34404480
34406957
34412433
34413080
34417743
34418218
34427541
34427918
34428740
34430282
34430444
34434438
34439947
34452024
34457060
34458508
34458749
34461737
34465070
34465447
34485263
34496168
34510856
34520895
34521403
34524039
34530756
34539173
34548110
34549881
34550233
34560315
34568280
34569210
34572498
34573734
34574524
34583115
34587241
34597091
34598423
34635745
34644847
34646748
34650308
34656089
34664661
34676832
34678672
34686577
34686866
34688553
34693709
34694322
34699770
34713792
34721075
34743607
34748067
34751894
34757635
34760072
34763008
34768195
34769121
34769699
34783350
34793447
34796017
34799017
34799900
34805696
34807545
34810623
34821681
34838210
34840065
34843421
34845070
34852570
34854576
34860005
34879476
34916359
34919650
34936371
34943638
34969101
34973645
34990472
34991212
35007607
35008493
35012830
35013309
35017199
35017266
35028634
35029280
35029300
35029333
35030244
35037294
35037740
35038594
35039744
35042686
35043514
35054875
35055352
35055849
35067225
35095863
35099581
35101012
35109350
35113281
35113548
35114356
35114949
35123298
35134898
35137499
35137512
35141943
35145645
35154693
35172199
35180320
35186472
35194190
35200183
35209899
35216874
35216919
35233181
35246489
35260378
35273099
35278720
35305025
35306911
35308309
35330045
35346341
35346368
35347656
35356466
35357251
35364449
35370853
35375745
35380456
35384831
35387565
35392879
35400072
35404855
35406252
35428861
35444696
35452671
35457840
35464227
35475452
35481391
35489141
35500960
35501335
35503876
35508362
35510837
35517590
35521875
35522591
35531512
35542288
35551698
35565295
35565418
35585634
35586471
35586508
35594258
35594567
35595498
35595701
35608300
35621839
35628644
35639908
35655872
35659107
35662758
35664932
35666948
35668812
35713596
35718313
35734573
35769572
35773220
35779929
35781181
35786328
35788961
35790928
35808113
35808325
35836781
35836854
35840036
35849121
35849451
35853994
35857256
35857737
35861737
35864528
35878555
35894344
35895649
35955141
35956245
35959134
35961331
35965679
35967812
35969916
35976496
35980682
35983367
35990344
36011420
36017307
36025169
36052295
36055297
36056642
36058595
36066341
36067495
36075690
36081818
36094488
36124425
36136389
36170005
36174497
36179795
36180558
36182202
36185738
36188444
36190457
36193678
36198280
36203865
36220313
36226445
36242782
36242975
36253880
36258189
36263923
36266626
36273094
36290964
36295327
36301504
36313865
36314942
36334166
36339373
36341680
36343191
36368384
36380096
36391529
36401953
36409577
36413113
36414001
36419624
36444628
36466564
36467519
36474431
36493448
36511845
36532079
36548753
36558840
36562553
36566912
36569573
36576832
36578239
36588055
36597109
36598263
36633780
36641470
36643131
36643797
36644707
36648728
36660409
36660866
36660878
36663645
36664250
36672548
36674859
36677346
36677359
36677898
36683864
36697616
36703081
36714026
36716647
36722553
36725298
36727459
36728087
36731631
36738576
36753426
36758854
36762064
36764552
36767908
36772510
36781011
36809965
36817238
36819655
36826782
36828913
36834514
36840295
36853859
36859743
36880650
36905527
36919713
36924448
36949376
36960346
36998030
36998364
36999950
37018072
37018579
37023083
37026430
37034204
37051040
37065834
37067988
37069775
37076000
37090585
37100049
37100451
37103175
37122911
37129387
37130657
37138998
37140379
37141223
37144345
37149222
37157151
37159410
37164702
37167959
37169033
37174447
37183393
37191199
37208437
37221765
37222900
37240109
37242115
37252004
37262792
37267333
37278489
37278639
37282818
37284228
37285183
37285533
37288101
37314712
37336265
37376010
37413514
37413738
37436674
37437782
37440472
37444136
37444315
37448886
37473152
37474028
37475472
37477890
37478709
37480160
37482787
37510210
37512361
37525600
37525999
37532028
37545051
37554605
37554609
37587540
37592331
37617537
37631785
37636315
37637355
37639320
37642251
37660235
37662252
37662607
37663923
37664082
37690739
37695446
37698251
37699608
37720358
37722725
37726629
37733962
37736154
37742365
37745316
37758303
37758370
37771149
37771907
37778472
37779644
37779707
37788492
37792083
37792195
37803372
37810391
37811528
37826618
37829135
37830157
37835801
37840825
37842897
37846851
37855740
37864266
37864889
37865202
37872995
37880134
37880659
37892080
37896584
37908365
37909496
37912078
37912494
37927789
37928507
37930213
37942435
37978544
37998304
38012361
38021096
38024362
38026088
38033593
38041406
38049673
38053993
38057127
38060148
38062025
38065208
38069058
38069240
38090463
38092136
38095687
38101718
38104253
38108647
38109131
38113783
38141279
38179785
38186604
38200994
38201159
38206511
38206730
38208816
38208841
38225682
38231243
38237479
38238766
38253184
38282445
38294280
38299820
38315416
38317405
38322629
38324043
38341386
38348890
38350114
38367799
38370975
38375838
38388818
38396894
38398272
38401410
38425027
38446740
38447482
38448656
38450575
38455426
38486765
38503973
38504120
38512401
38515202
38516126
38539515
38575839
38585662
38623262
38658619
38669749
38681480
38688395
38695846
38721257
38732309
38765203
38777646
38784950
38837499
38870788
38872516
38897136
38898048
38902718
38923951
38924509
38928302
38939491
38939709
38942001
38943622
38946645
38949265
38954766
38959188
38969937
38982709
39022838
39082446
39115851
39122868
39137042
39155143
39163788
39181409
39201566
39214785
39216994
39227060
39227613
39236711
39252610
39254129
39267723
39268066
39318984
39325660
39332510
39359910
39360195
39379538
39385653
39398141
39398527
39399585
39400441
39405803
39405901
39407782
39451927
39477396
39546174
39559584
39581495
39581813
39598588
39599321
39619384
39629753
39642935
39651641
39671672
39672592
39678721
39687330
39688519
39689784
39702688
39704115
39706368
39757890
39782969
39783027
39795603
39814963
39826859
39833463
39871309
39876707
39880797
39917711
39966382
39973596
40002405
40008235
40026042
40037726
40082258
40089496
40119530
40169955
40191481
40204487
40248861
40259861
40330672
40330727
40352826
40363261
40376269
40388727
40390485
40421926
40423441
40444807
40453887
40457670
40483068
40492322
40515737
40517317
40534369
40535161
40535299
40595808
40596454
40600832
40600923
40601300
40603515
40606065
40606594
40607571
40607619
40614253
40629437
40637354
40639741
40663907
40670507
40683813
40708274
40714956
40735688
40768438
40782660
40811491
40865840
40874716
40903138
40909819
40924616
40983621
40993213
41007236
41017511
41041094
41047359
41145155
41145695
41209729
41234978
41238641
41267296
41291798
41300005
41321469
41328807
41363223
41374177
41398277
41417143
41425925
41429684
41431643
41444026
41450735
41498962
41524728
41577074
41578923
41602418
41611346
41623114
41658194
41663718
41679130
41684460
41734608
41735316
41738822
41752544
41801985
41852820
41856421
41896557
41904086
41909319
41961127
41971760
41975804
41980339
42001977
42003330
42003675
42004994
42006150
42006399
42009615
42022374
42090563
42090784
42131074
42169913
42213513
42217844
42221195
42222309
42250650
42257007
42286241
42286443
42297858
42323861
42335477
42349852
42409320
42446088
42464567
42465281
42468965
42482525
42495019
42499674
42509658
42530816
42530985
42593092
42594585
42615392
42643897
42680728
42693816
42746005
42775776
42781424
42787068
42814031
42834311
42845180
42873638
42885682
42906292
42912673
42946864
42974054
42974531
42993963
43036774
43052931
43105019
43188320
43206889
43254445
43260535
43276095
43282363
43286572
43310386
43310823
43345310
43357788
43376737
43443630
43466212
43503415
43560411
43570766
43638002
43649000
43681743
43695721
43796859
43896053
43896851
43904145
43904722
43909774
43918963
43932223
43996518
44047513
44081380
44129259
44142653
44152363
44165505
44216844
44297546
44330448
44344087
44378332
44378704
44409976
44425699
44436863
44437008
44441816
44477073
44479991
44513121
44520497
44520555
44554241
44608067
44686483
44766950
44858565
44861241
44907218
45002289
45006628
45054751
45184352
45232300
45242863
45248563
45294193
45389226
45391268
45391333
45392302
45405532
45405728
45433485
45443292
45458759
45486864
45504025
45560660
45600503
45605940
45762187
45766322
45778746
45799781
45803840
45903324
45971185
46001613
46132779
46280784
46281452
46281515
46282964
46297188
46311407
46387575
46554512
46571011
46603103
46607851
46719341
46740022
46753805
46754179
46760637
46773469
46801474
46803575
46836701
46887272
46893453
46907305
46907541
46908782
46934592
46972263
46991491
47020213
47022912
47059930
47073685
