34935669
46345088
30161279
40574364
1564659
44070277
36808298
3119605
30787053
38296369
44298062
38065482
47698924
27175597
14634791
43762390
47651446
29650066
39203082
44536810
31500860
37061663
1701337
833768
484918
44599867
47368273
47473590
1313728
8431361
47349661
47131837
31781162
38215952
30872897
47335870
47227341
46025386
41961537
3092941
30136276
47188647
36270805
38504120
42223633
37590878
29621512
2864498
11967091
16652077
35780359
41630304
39688519
885936
47025427
45558296
34664661
30283038
15459021
33012343
40903138
37183393
32685060
34306039
29931219
41856164
44902260
32444603
38218223
46773243
32436565
45023377
46795141
31513049
2831258
38708605
571983
46751093
46132779
40168236
34656089
16050617
35867886
39645605
45787273
44165505
32638739
43060808
45113964
42405041
46210041
34288861
42592435
33052341
37788492
38538968
41286185
16002278
40144312
35586471
1458875
20172814
37001434
15578934
37937293
16117522
15420311
36342408
46216789
31546437
30664623
35008493
42297858
45830718
480783
36863105
33194995
46001613
39102040
43376737
35309271
43686943
33894665
559985
42734274
46213120
45525248
44144004
46481292
1373118
514070
36753181
31172637
41547182
31660678
46219823
34042846
35417620
41018492
46460529
35290150
15587234
1895100
35654053
43373445
5658921
1634403
45817836
1085145
30229260
35027686
36093463
38087037
39950919
29900950
43684555
41283546
24655228
954639
596167
45303065
31070973
35743322
37452015
38874523
29777439
46425104
39007267
36050
38273490
42468526
42993963
46006290
37005980
31654607
1324906
43104337
36583105
2534908
40818502
37638400
38099266
45184976
42537305
38579246
37951232
37727399
29541566
36887514
39243483
36614161
39354233
44909512
38095687
13825821
43712100
44459233
45521473
35703455
37321660
44433601
44430385
40747841
42742458
43701102
40344160
45343032
46315435
31887466
