34923350
16073157
2389568
46057587
41753120
42333356
29638879
975165
30692628
45789566
47675271
48027507
44838960
48012180
31543514
30551173
35008493
14382921
37078428
34714895
32602742
46345088
37864378
35139219
36995972
39036674
35580368
44625354
42993963
46473934
41547182
34884676
32185847
29653756
16369510
36266626
45757654
41985646
11798
30630871
559985
1179613
44803077
43686943
47663542
44070277
34854332
33292729
47940543
2416244
42532721
44055731
42814603
1000103
15997185
4981411
38296369
46012061
34607339
45984961
43158835
30712289
563972
44285347
47646128
38215952
3119605
47799520
45362797
27963806
35951610
10887981
42027587
37750044
37962279
30161279
43639566
43639350
45525248
47838811
43236174
149574
47176019
16464154
47829628
40574364
38414599
47815070
47814088
35281191
14522191
41578923
36464174
45023377
1450237
1785505
31887466
1085145
30171681
3092941
46487027
196726
34656089
6647601
47738794
36058595
47338444
38850077
37191019
47729792
40127134
29629710
30205043
36643797
32198539
36353300
16652077
46328212
36330911
46208977
45521473
46471114
41856164
44298062
47651446
44165505
47723991
36050
40903138
33876379
40538385
13825821
9669531
47717659
39886727
47717548
47134088
30251532
27547009
33578569
47705390
45002913
34306039
8896231
46659603
46543029
46542374
46208381
37273877
33350497
16233757
15724439
31478315
46441989
33012343
36523232
2945482
596167
39410289
24655228
38032583
2697520
42852451
30283038
40755081
37124606
3024929
7128081
35134764
30136276
43762390
20508721
35648534
1563881
46635654
