48027507
37054012
40903138
35322329
2782366
1171095
40818502
975165
37962279
10887981
1450237
26105
40945157
47491543
47389416
47854978
30136276
44298062
14505171
44070277
1642310
690071
45525248
42880339
36660866
8859801
34268940
44474780
37061663
35356466
47397948
36421773
37183393
31448506
37512420
119376
40202215
33012343
34149952
30430820
40328496
787957
596167
833768
36058595
885936
37422961
256652
6299361
350737
45023377
38215952
47349661
28094275
13797691
36643797
20172814
34295100
30283038
44235508
47223195
35393605
15596225
16652077
35008493
1877530
38504120
29931219
11798
559985
1634403
46496482
36050
29215490
