47177102
40945157
47857021
26105
47663542
35793405
40574364
30692628
29777439
44070277
30348316
690071
44474780
30229260
1701337
29650066
869561
43894753
40168236
47490869
47122833
31448506
32676884
30430820
40328496
787957
47131837
28094275
47167119
47227341
47223195
37054012
47188647
14505171
789336
514070
44715994
46323667
2238228
37183393
35949017
30283038
16450480
37590878
11967091
16652077
33467222
37546190
36274227
34664661
46487027
15596225
36058595
3153275
45760437
47022912
1200306
34039531
46132779
46972263
36080478
42297858
885936
30664623
35586471
33012343
39672592
596167
37061663
41868403
41578923
156376
44902260
40903138
16050617
32685060
1443249
833768
29931219
16692985
45023377
42405041
38504120
34656089
40818502
602538
39645605
34844519
38594007
35356466
13797691
1634403
43791882
43060808
954639
119376
2050286
34161684
36660866
44235508
46001613
38087037
35580368
350737
31660678
45391268
38095687
20172814
6299361
11798
35008493
559985
36050
29215490
