4
10
11
12
13
14
16
17
18
19
20
21
22
23
24
25
26
27
28
29
30
31
32
34
35
36
37
38
39
40
41
43
44
46
47
48
50
52
53
54
57
59
60
61
62
63
65
66
67
68
69
70
71
72
73
74
75
76
77
85
90
93
96
97
99
105
106
114
141
154
159
162
163
164
165
193
199
207
212
220
238
262
267
270
298
316
317
345
346
347
349
358
366
377
378
389
396
397
399
405
406
417
423
431
443
445
453
459
465
466
467
470
481
508
526
537
540
549
550
553
556
569
570
595
611
627
688
692
738
769
779
790
799
810
823
827
832
854
864
870
877
897
905
916
947
1004
1094
1096
1111
1208
1306
1405
1417
1446
1467
1503
1508
1516
1544
1564
1576
1584
1605
1606
1608
1634
1698
1700
1703
1711
1731
1775
1868
1983
1994
1997
2004
2007
2010
2080
2094
2125
2142
2157
2250
2251
2284
2528
2530
2601
2629
2646
2686
2749
2778
2789
2806
2833
2844
2864
2922
3061
3103
3146
3200
3255
3263
3264
3288
3341
3440
3483
3495
3510
3520
3533
3543
3583
3669
3785
3820
3867
3915
3919
3971
4382
4385
5042
5054
5064
5104
5161
5216
5288
5396
5568
5708
5762
5793
5824
5844
5968
6031
6033
6039
6057
6086
6188
6248
6392
6542
6556
6588
6679
6781
6785
6857
6928
6951
7012
7627
7704
7832
7877
7935
7947
7952
8068
8166
8326
8412
8438
8509
8606
8612
8626
8632
8637
8877
8885
8887
8965
8981
9088
9134
9241
9365
9481
9497
9611
9798
9875
9938
9939
9961
10004
10074
10151
10177
10186
10247
10370
10377
10483
10500
10520
10545
10859
11101
11128
11161
11220
11301
11641
11798
11905
11949
11999
12008
12097
12148
12424
12574
12693
13085
13132
13380
13446
13486
13540
13552
13768
13779
13821
13903
13977
14111
14190
14335
14509
14535
14709
14797
14867
14903
15307
15371
15414
15418
15487
15517
15563
15704
15748
15901
16214
16236
16239
16509
16610
16623
16811
16876
16892
17014
17038
17069
17476
17875
17916
17920
18020
18128
18288
18453
18532
18635
18921
18960
19013
19022
19456
19572
19574
19677
19700
19849
19950
19985
20043
20145
20662
21228
21673
23148
23455
23556
23913
24551
24731
24819
24989
25070
25220
25342
25872
26105
26400
26559
26625
26769
27536
27679
28137
28548
30187
30754
30857
30982
31254
31315
31620
31744
33133
33537
34229
34844
36859
37102
37425
37514
38114
38329
39450
39494
39663
39743
41197
41344
41773
41843
42067
42102
42280
42494
42825
43073
43709
43925
44017
44120
44218
44603
44654
44828
44897
44993
45582
46441
46959
47331
47477
47591
47684
48114
48302
48746
49739
49972
50293
50422
50920
50965
51151
51268
51454
51466
51588
51905
52313
53111
53416
54083
54442
54541
54701
55051
55089
55188
55236
55295
55478
55559
55683
56153
56267
56826
56965
56970
58007
58238
58750
59395
59790
60179
61399
61453
61836
62315
62523
62697
62722
63399
63647
63737
63959
63980
64001
64135
64296
64946
64989
65062
65122
65177
65970
66066
66293
66413
66493
66951
67511
67707
67789
68262
69889
70605
70844
71310
71772
72064
72082
72256
72602
73024
73714
73744
73910
74022
74953
75119
75898
76145
76245
76564
76647
76692
76773
76934
76988
76998
77617
78139
79242
79538
79724
80000
80717
81685
81747
83166
83433
83651
83710
84822
85030
85536
85796
86038
86586
86985
87019
87100
87357
88588
89254
89883
90297
90796
90839
92752
93171
93182
93248
93640
93825
96703
97287
98222
98892
99597
100392
100613
101070
101634
102362
102527
103554
105841
106094
106756
107183
108290
108478
108804
108944
109008
109049
109494
110814
111061
111375
111512
111948
112135
112155
112267
112629
113381
113863
113897
113973
114164
114525
114684
115718
116460
117520
118123
118302
118414
118569
119376
120151
120323
120594
121030
121044
121545
121936
122012
122467
122801
122867
123022
123709
123930
124260
124519
124786
124891
125409
125916
126255
126345
127079
127121
127185
127238
127610
127793
128039
128215
128267
128693
128988
129131
129199
129329
129660
130444
131357
131363
131665
131866
132010
132127
132137
132379
133356
133813
133969
134423
134643
134987
135029
135120
135499
135527
135981
136031
136170
136289
136864
136925
137662
137713
137883
138724
139152
139253
139279
139286
139494
139600
139709
139713
140734
140953
141053
141366
141384
141491
141659
141708
141709
141747
141849
141993
142017
142455
142862
142996
143486
143563
143639
144055
144302
144453
144676
144706
144793
145917
146901
147072
147576
147854
148745
149070
149247
149807
149850
149935
150185
150209
150273
150296
150662
150765
150792
150868
150943
151477
151646
151911
151922
152155
152280
152961
153160
153329
153578
153603
153827
153989
154162
154222
154333
154448
154501
155035
155178
155756
155881
157020
157155
157250
157357
157910
158654
158963
159009
159240
159358
161326
161554
161875
162166
162186
162714
162832
162897
163473
164133
164716
165241
165933
166144
166370
166384
166668
167705
168148
168239
168480
168553
169032
169111
169369
169469
169492
170030
170269
170354
171087
171568
171811
171927
172609
172761
172805
172926
173554
173684
173949
173985
174872
174899
175566
175863
176352
176402
176864
177956
178285
178291
179349
179540
179735
179768
180163
180294
180604
180717
180885
181007
181016
181052
181072
181106
181245
181600
182460
182881
182967
183270
183375
183485
184241
184409
184494
184561
184637
184723
184792
184920
185022
185516
185739
186632
186718
186898
187379
187552
187603
188058
188076
188331
188680
188903
189286
189613
190446
190524
190690
190795
190954
191158
191224
191777
192727
192783
193166
193832
194365
195821
196989
197151
197280
197589
198732
198897
198918
199250
200773
201390
201950
202267
202451
203048
203964
204142
205135
205208
205717
205859
206124
206461
206534
206742
207180
207359
207643
208238
208294
208755
209357
210025
210160
210233
210364
210681
211170
211429
212416
212494
214384
214987
215313
215450
216522
217096
218373
219504
220263
221748
221797
222566
223069
223554
224624
224851
226846
226898
227302
227533
227794
227986
228056
228271
228748
229746
230737
231450
231890
232586
232727
233204
234114
234150
234439
234912
235400
235720
235859
236269
236838
237161
237418
237421
237605
237608
237948
238062
238076
238538
238558
238867
239179
239505
240316
240917
241777
242676
242813
243019
243072
243140
243750
244520
245725
246282
247038
247323
250349
250509
250670
251281
251442
251713
251758
251979
252013
252225
253032
253226
253354
253764
253770
253940
254313
254965
256043
256160
256406
256478
257286
257658
257760
258630
258726
258748
260065
260841
260953
262103
262121
262763
262955
262979
263348
263822
264218
266187
266297
266360
266689
266915
267120
267599
267793
268274
268431
268813
269726
270732
270866
270988
273645
273973
274529
274800
275127
275428
275641
275915
276167
276684
276917
277833
278077
278193
279202
279217
279576
281168
281384
281587
281814
282534
282732
283487
283565
283985
284961
285078
285117
285500
285787
286320
287172
287721
287835
288109
288258
288542
289548
289753
290563
290745
290979
291171
291684
291750
292147
293157
293374
294458
295715
295776
296822
298227
298776
299162
299377
299517
300867
301009
301013
301201
301373
301659
302167
302223
302410
302577
302791
302875
303361
303456
303622
303731
304133
305552
305686
305722
305870
306122
306442
306616
306685
306795
307122
307456
307840
307873
307884
308147
308176
308400
308620
308903
309048
309195
309200
309977
310165
310223
310295
310368
310509
310577
310848
311025
311268
311546
311676
311708
312351
312815
312988
313096
313141
313179
313259
313332
313488
313661
313936
314202
314232
314317
314321
314731
314879
315068
315089
315101
315602
315623
315870
316061
316134
316154
316277
316316
316368
316568
316666
316755
317302
317449
317464
317725
317908
318023
318076
318429
318548
318589
319171
320405
320524
320791
320913
321002
321102
321164
321334
321592
321677
322185
323201
323728
324155
325042
325059
325484
325649
325973
326035
326330
326419
326443
326672
326750
326991
327241
328626
328643
330022
330550
331210
331219
331558
331561
332062
333058
333332
333383
333541
333770
333975
333977
334020
334611
334839
335288
335556
335648
335939
336159
336254
336634
337426
337687
337776
338738
338800
339264
339288
339329
339390
339521
339533
339627
340000
340330
340377
341071
342613
342888
342917
342937
342951
343310
343717
343908
344371
344527
344727
344857
345982
346205
346616
347042
347700
347749
347839
348681
348705
348802
349648
350779
351192
352463
352990
353942
354956
355698
356041
356914
357237
357391
357716
357778
358322
359216
359395
359945
360298
360832
361151
361367
362780
365418
365762
367071
367210
367431
368046
369267
370225
370781
370881
372677
373381
374221
374779
375443
375786
376050
376802
377951
379196
379969
380154
380187
382184
382318
383392
383404
383453
384352
384629
385476
386516
388335
389059
390497
392797
396108
396410
397181
397413
397814
399240
399923
400322
400340
401716
401743
402275
402819
405070
405789
405995
406610
406857
407058
407393
408654
408887
408993
409155
409527
410866
412532
412971
413199
414491
414744
416069
416683
416974
417237
418756
419073
420967
421643
421719
421762
421901
422836
423574
424163
424506
424788
425862
426222
427248
427870
428754
429966
431105
434321
434343
434713
436373
436913
437628
437648
438332
438760
440114
440998
442530
444517
444762
444878
446146
446295
446529
448548
449062
449450
450870
453076
453290
453333
456541
456617
456881
456957
457002
457058
457121
457250
458204
458982
459808
459893
460152
460766
461027
461224
463601
464428
464935
465102
465257
466240
466322
466398
468412
469137
470053
470534
471141
473229
474711
475697
477070
477728
477751
478879
479143
479553
480139
480654
480783
480955
480960
481091
481564
482095
483042
483044
483115
483226
485079
485335
486948
487840
489057
490152
491015
491422
491751
491815
495264
495917
496660
496710
496832
497208
497834
499036
499131
499312
501266
501277
502382
502799
503215
503417
503709
503802
503986
504554
505185
505735
507308
508099
508120
508781
509572
509642
510511
510730
511609
511876
514070
515137
516434
517072
518394
520796
522830
524619
525007
530469
534543
537838
538842
540306
541246
545793
549311
549840
551784
553112
559179
559985
560721
560948
561065
563103
564128
564257
565560
566613
567233
567437
568085
569993
570506
571983
573092
576062
576707
579403
579711
582124
585327
585962
588088
589880
590634
590934
592395
592937
595215
596167
597295
597881
600355
603969
610970
611702
611709
612975
613345
613717
614442
617132
617319
618286
619151
622237
623070
626686
629076
630399
640522
647873
649469
650034
653668
656158
657789
658581
664256
671187
674821
676572
680395
680635
681152
681850
684637
686173
687486
689475
691098
694206
696239
696313
697641
699146
701771
702536
703836
704954
706107
706517
707279
708420
710382
711152
711157
713883
715925
718434
719481
720321
722185
723052
724059
725247
725947
727236
728756
729757
730321
731234
735914
737186
738001
738491
738740
739329
743169
744709
744855
747675
754161
756179
757599
759700
760135
761241
761552
763983
765352
765746
766777
769169
771064
771246
772230
773529
777244
777606
779021
779445
779777
780475
780674
782533
783908
784143
784909
785764
787582
787658
789336
790102
790299
790656
792623
793866
794354
795859
796246
799729
800308
803841
804000
804070
810427
814974
815937
818936
819264
819730
819839
819872
820376
824223
825239
825349
826460
827500
827847
831528
831670
833009
833768
834164
837506
841611
842198
842205
842663
843392
852945
852997
853534
854738
856151
857179
858715
862079
863918
865392
867276
868969
870852
871460
872978
873326
874606
880499
884089
885644
888799
889682
890924
891403
892387
893743
895107
897175
897539
898541
902710
902929
904061
906380
907078
908146
909603
910832
911048
912871
913159
913423
914936
915695
915984
916233
916236
917547
917635
919798
922806
923000
923941
927376
927687
929531
930146
934718
935189
937747
940263
940291
941387
944677
949489
950759
951822
952584
953935
954437
954639
956295
968552
971174
979013
981626
983284
984786
986818
987242
987475
987893
989007
989836
991634
992751
996224
996785
997522
998536
999248
999609
1000103
1000408
1001713
1002557
1003182
1003344
1004384
1006048
1007058
1008866
1010169
1011340
1012099
1013108
1013842
1014221
1018783
1019532
1019879
1020055
1021190
1025424
1025695
1027599
1027965
1029377
1030390
1030937
1033820
1035163
1035820
1037158
1037853
1038790
1040154
1041538
1042799
1043127
1046029
1046219
1047962
1053903
1054168
1059427
1061170
1065391
1066611
1078333
1085145
1097688
1101828
1108551
1112793
1124566
1127451
1131358
1139187
1139584
1146169
1149124
1153320
1156223
1156449
1164615
1169357
1174608
1179613
1208410
1227675
1236224
1254796
1294039
1298648
1310439
1322549
1331577
1352478
1366361
1368322
1374057
1380427
1393088
1403021
1427075
1433568
1470788
1476997
1477035
1479881
1483625
1488110
1500327
1502356
1505095
1515861
1544512
1564659
1576865
1578106
1584827
1589279
1602757
1603318
1604359
1607108
1608630
1613020
1628437
1630592
1634403
1639228
1642310
1644637
1645820
1655498
1662887
1672546
1675087
1681501
1681999
1688338
1689438
1691180
1695885
1707084
1720935
1747505
1761847
1784641
1787583
1796693
1809899
1849364
1917202
1923328
1938174
1960400
1977790
2006664
2015498
2040840
2050286
2064342
2076738
2084372
2087794
2091054
2094016
2099736
2100686
2104286
2106310
2142170
2145458
2149464
2209564
2211910
2215016
2219624
2227824
2230652
2270350
2288902
2299492
2319140
2326728
2347786
2365508
2380978
2393674
2420088
2443244
2450842
2465208
2553122
2566714
2568744
2571472
2574908
2581328
2604736
2627228
2636076
2651158
2662766
2668024
2707220
2715136
2721352
2722854
2756024
2771294
2774674
2775188
2785044
2798750
2808072
2810584
2815434
2816076
2816342
2825932
2833210
2864498
2974234
2988970
2992018
3001406
3027402
3028447
3032431
3034532
3037712
3039342
3043392
3049907
3064390
3071142
3077324
3084278
3093114
3119371
3130387
3140811
3157764
3160329
3178636
3187241
3191185
3234155
3373881
3407761
3706211
3775021
3899521
4045281
4098391
4255031
4602081
4642811
4821151
4981411
5216031
5593911
5836331
5889031
6004111
6080831
6448741
6540951
6604351
6796441
7130251
7381061
7406441
7532751
7708711
7876371
8174081
8286601
8292911
8312111
8314551
8513781
8762691
8801351
8892541
8988411
9267011
9333001
9632211
9848761
9914771
10072771
10271821
10875851
10995811
11146791
11304551
11305791
11893211
11934341
12180721
12649051
13797691
13825821
13844151
13863421
14026241
14440781
14522191
14634791
14658981
14938371
15007081
15046851
15102751
15230791
15231521
15538457
15567923
15582766
15587234
15587301
15596225
15640419
15665530
15671315
15700661
15706969
15710218
15745451
15754928
15755678
15769359
15785160
15797480
15812146
15834351
15839410
15980191
15988020
15989324
15990503
15998500
16019471
16035161
16050617
16068181
16072171
16075111
16079220
16080559
16087421
16095809
16099995
16100028
16103773
16113739
16114164
16131003
16158500
16170336
16174654
16180541
16195362
16201054
16405705
16488277
16490560
16517023
16586800
16764574
16794937
20172814
20201428
20281678
20328433
20390872
20434801
20484526
20505799
21094248
22247647
22344276
22955907
24094813
24375542
24416577
27139687
27140497
27186778
27194983
27202855
27365740
27373033
27527125
27545770
27564673
27629623
27651388
27675661
27753742
27782242
27871383
27928495
27955208
27962017
29004482
29015921
29065168
29076835
29083128
29093406
29113599
29138014
29233719
29263194
29266366
29279818
29298835
29317550
29330355
29502709
29508276
29521709
29524682
29526947
29541566
29555612
29596609
29610461
29638879
29653756
29782750
29887929
30035407
30101195
30152636
30152924
30243640
30251532
30267371
30284211
30291452
30333472
30478150
30518547
30551173
30565736
30569308
30607864
30642742
30696473
30736887
30743894
30766738
30767445
30784426
30813280
30830899
30886521
30949407
31007043
31030722
31049200
31083446
31128614
31140147
31157875
31172637
31186911
31205188
31210341
31225367
31248312
31298004
31313419
31319252
31372272
31408319
31421106
31491001
31518078
31525614
31539632
31560489
31562403
31582616
31642395
31648480
31649667
31651113
31654607
31660678
31715801
31733139
31747800
31757792
31759977
31766278
31777555
31785692
31844414
31849548
31880815
31887466
31932042
31943696
31962476
31995113
31999191
32011708
32047423
32054549
32102535
32130725
32173206
32200742
32209267
32222553
32238444
32246575
32249188
32270343
32276072
32281984
32288681
32352848
32370298
32376022
32381615
32389649
32390565
32409459
32419639
32444603
32491420
32505065
32512868
32512935
32515167
32553978
32556320
32636782
32703125
32764561
32775498
32775926
32781955
32924305
32947240
32976222
33008968
33012343
33015800
33018396
33028937
33052341
33102029
33146438
33182533
33187551
33194995
33196610
33273557
33275209
33278160
33278335
33279450
33292729
33307262
33326226
33333932
33348699
33351668
33359260
33432979
33433912
33455400
33460352
33461345
33486639
33575015
33576120
33596861
33596879
33609016
33609538
33621062
33644001
33654851
33673049
33680425
33681928
33710647
33726771
33741778
33778662
33811255
33811321
33849889
33881532
33938013
33956771
33969125
33974599
33986398
33990311
33990383
34010297
34015956
34039531
34093276
34110308
34116230
34136822
34176815
34183672
34186194
34191713
34232185
34234467
34244057
34246003
34252763
34271915
34276090
34276158
34288861
34295100
34295816
34297224
34323577
34325794
34351925
34387564
34394818
34399358
34403213
34427918
34457060
34508594
34520895
34571232
34595258
34595388
34612882
34643835
34651665
34656089
34658632
34687902
34708704
34711755
34714895
34767125
34798706
34810223
34810623
34829884
34844519
34854332
34884676
34886385
34912878
34921369
34926319
34947124
35024888
35056361
35082518
35089494
35114356
35124946
35138900
35186315
35192754
35200183
35216959
35217148
35241545
35243680
35322329
35331078
35332515
35344611
35347656
35366928
35416090
35449059
35485916
35495855
35516896
35517378
35561457
35577790
35586471
35589842
35613147
35617157
35621769
35640006
35648534
35648987
35654053
35662793
35692247
35703455
35704433
35710349
35710369
35712214
35727758
35736266
35743322
35752923
35757014
35769212
35787021
35790928
35793852
35803239
35843124
35856961
35857256
35866439
35870138
35874337
35884107
35976020
35997913
36055964
36057178
36107347
36120562
36132341
36141184
36142566
36145887
36177229
36180558
36207688
36222354
36230944
36233947
36238523
36242782
36266626
36288170
36294070
36295327
36304422
36313076
36331681
36341680
36342850
36344827
36347255
36351009
36359674
36401953
36409572
36409577
36410518
36419931
36434998
36448909
36449254
36455152
36458297
36474431
36495495
36496295
36523759
36556814
36566912
36582889
36610427
36614161
36645695
36663285
36680035
36722553
36725974
36746949
36749107
36750946
36753181
36775529
36776160
36791534
36832113
36839812
36859743
36863105
36887871
36938953
36951861
36994750
36999950
37005980
37007161
37015251
37036907
37043833
37047665
37048405
37076955
37078428
37094341
37112422
37112442
37123750
37138991
37183393
37201726
37213862
37217446
37218492
37224976
37228149
37256224
37273877
37295073
37311326
37328700
37330328
37333567
37350815
37374584
37379263
37404238
37413241
37425820
37432358
37451636
37459452
37497003
37513111
37516255
37516298
37567215
37575793
37576605
37609810
37623069
37623088
37627586
37638400
37639320
37649718
37690739
37694265
37698826
37701161
37721499
37723536
37775536
37781045
37788492
37820613
37821517
37831475
37841507
37846792
37855813
37858496
37859285
37859556
37865879
37866393
37866550
37866984
37867891
37867912
37867919
37868201
37869286
37870985
37871054
37871689
37871739
37871976
37873248
37873266
37875284
37876464
37877331
37877413
37878200
37879573
37879770
37880566
37881385
37881509
37881881
37883001
37885282
37885598
37887801
37893560
37894220
37900747
37900960
37903569
37903642
37903798
37908584
37910320
37910913
37913777
37916495
37919874
37921378
37923496
37924245
37925970
37928042
37928050
37928143
37930916
37937240
37937293
37938888
37939009
37940237
37941519
37941595
37942623
37943346
37944113
37944251
37944988
37946689
37947145
37950532
37950554
37950741
37951232
37951245
37952241
37953347
37954416
37956325
37956374
37956636
37956990
37959435
37961117
37962214
37962726
37962948
37963030
37963098
37963652
37963733
37965347
37965600
37967034
37967761
37970376
37971788
37973509
37974550
37974644
37975890
37976148
37976526
37976719
37978482
37979149
37987137
37987387
37988042
37990866
37990870
37991224
37995888
38000457
38001692
38002877
38003559
38005231
38005752
38007616
38008123
38009881
38010354
38012361
38013015
38013060
38013074
38016812
38017027
38017095
38018690
38020149
38021449
38025974
38026750
38027729
38029426
38029968
38030241
38030382
38030967
38031148
38034801
38034909
38034973
38034993
38036381
38037858
38042052
38042137
38047477
38052802
38053993
38054039
38054087
38054425
38059708
38060148
38061633
38061995
38065295
38065711
38066031
38066376
38067335
38069802
38073480
38073756
38074183
38077187
38081130
38082748
38082787
38083324
38083335
38083389
38083525
38084081
38084729
38087037
38089724
38095687
38098018
38098290
38098544
38098591
38099266
38101418
38103026
38104424
38104779
38104917
38107350
38107804
38109715
38116131
38123256
38127643
38128845
38130205
38130449
38130465
38133370
38138929
38141202
38141279
38141309
38141504
38141589
38141683
38142003
38142008
38142416
38143254
38143680
38144606
38144766
38146280
38146931
38147231
38147377
38150141
38155234
38156081
38156197
38161195
38163372
38163828
38166035
38166375
38167220
38167995
38170666
38173061
38173416
38174510
38174594
38175840
38181860
38182077
38186143
38186614
38186706
38189285
38195110
38196880
38197268
38198705
38202997
38203188
38203492
38204030
38206730
38207491
38208258
38209265
38209809
38213293
38218223
38220326
38222866
38222928
38223127
38226981
38230215
38233811
38235281
38236337
38239180
38239400
38242373
38243115
38244450
38244458
38246013
38246632
38252875
38262153
38273490
38276173
38277422
38278073
38282354
38284416
38285285
38286060
38287929
38293031
38293995
38297191
38300929
38303338
38303587
38304882
38305300
38305440
38308557
38312805
38312921
38317762
38320159
38321544
38322377
38322629
38324083
38325442
38328307
38331662
38337339
38341386
38346864
38349419
38350148
38353535
38354288
38354906
38363426
38368196
38369068
38374990
38376291
38384294
38387444
38388521
38388818
38391762
38400363
38404594
38410704
38417277
38421243
38424113
38424129
38424186
38425091
38428368
38441833
38442194
38447482
38449349
38454053
38458077
38458859
38459255
38459305
38467185
38471948
38472598
38474152
38476142
38493267
38494340
38501671
38504120
38509928
38513053
38518732
38528112
38531018
38532655
38533672
38534051
38537275
38539709
38545678
38546942
38553073
38560660
38561168
38561756
38562351
38562566
38563278
38564916
38565443
38566645
38567447
38570373
38570675
38572516
38572780
38575226
38576551
38579246
38580835
38582472
38583550
38583756
38590644
38591351
38594007
38594102
38606471
38606502
38607107
38607770
38607775
38609195
38611319
38613225
38613416
38619246
38623262
38626765
38628844
38630457
38631141
38640178
38645380
38646417
38650663
38661234
38662648
38663403
38664105
38669006
38669012
38671488
38671828
38671921
38677204
38677419
38677674
38677786
38678207
38680093
38684095
38684637
38686668
38689323
38690456
38708605
38713696
38733844
38738435
38752297
38753165
38763753
38765203
38766635
38777646
38780819
38785029
38785498
38789945
38795362
38797570
38803235
38803386
38808141
38816082
38823095
38838215
38838391
38852334
38857844
38858875
38862178
38866331
38870132
38872920
38873307
38873853
38874523
38875780
38876169
38876565
38885654
38885697
38886256
38886336
38886464
38888464
38888877
38891839
38894593
38894847
38897714
38903722
38905929
38906937
38907601
38910283
38910972
38911473
38917598
38917852
38921514
38924635
38925697
38931817
38933960
38935875
38940947
38945158
38956154
38957184
38957965
38960142
38962455
38962779
38963248
38967167
38972138
38972220
38973753
38973951
38975205
38975779
38975800
38976885
38982036
38982077
38985883
38986995
38987674
38990171
39000232
39005347
39007267
39009764
39011023
39040867
39041079
39054447
39055888
39056349
39058034
39061573
39063633
39081297
39081827
39083943
39089887
39096458
39100158
39110860
39111402
39115575
39117598
39124560
39125569
39128809
39128817
39129549
39136485
39139472
39139595
39140353
39144818
39150735
39151272
39151477
39153752
39155143
39155798
39155847
39161000
39161111
39161363
39161957
39164459
39164742
39166191
39170506
39174025
39178611
39182066
39182157
39188220
39194151
39195144
39198238
39199989
39206715
39207405
39208808
39209236
39213802
39221854
39226901
39230592
39240572
39243483
39247797
39249006
39252610
39255036
39275957
39279033
39298121
39300926
39303037
39310677
39320994
39324081
39325124
39327860
39333685
39335544
39336347
39359241
39374179
39374223
39375506
39378168
39379535
39380507
39382054
39393482
39393791
39394678
39397048
39402384
39406531
39409532
39422249
39423082
39423203
39429740
39432003
39432803
39439132
39442196
39445871
39448420
39461261
39462074
39462221
39466163
39471098
39471235
39473566
39474056
39474265
39476649
39480855
39484114
39489443
39491200
39492007
39493094
39496844
39498303
39513178
39513645
39522277
39527142
39539062
39547176
39547403
39569649
39571070
39584333
39592726
39595272
39595747
39604976
39608793
39610036
39610258
39613355
39625671
39630604
39640597
39641256
39644011
39655565
39661195
39666126
39672445
39673371
39679313
39680590
39683755
39685847
39692938
39694044
39700866
39702217
39702608
39703712
39707451
39709609
39715419
39716505
39719010
39720820
39720882
39721431
39725378
39727719
39728232
39734311
39737965
39738153
39744166
39747463
39758427
39764835
39767284
39775220
39783052
39786121
39787374
39807286
39817498
39818466
39819328
39819554
39819640
39819713
39819805
39820244
39820487
39821087
39821228
39821355
39821476
39822000
39822756
39823387
39824229
39824396
39825738
39826155
39826543
39826859
39827986
39829462
39841853
39846735
39850493
39853044
39861327
39861707
39877173
39877574
39878415
39878804
39880797
39883422
39886781
39887196
39889644
39890437
39893020
39894049
39894289
39894378
39894519
39895988
39899470
39904802
39908193
39909238
39921391
39922367
39923210
39923485
39925317
39925934
39925985
39926480
39926847
39926997
39927137
39927406
39927656
39931678
39931722
39932515
39932636
39935210
39936255
39936642
39937702
39939313
39939538
39950919
39956902
39957814
39958193
39958830
39965225
39969276
39970721
39978284
39978674
39980846
39981498
39984536
39986044
39989109
40005999
40008024
40008996
40033263
40054152
40075863
40077897
40089827
40097118
40100470
40101225
40101476
40101570
40103985
40104365
40111454
40123135
40128249
40131983
40134499
40136249
40136324
40138935
40140241
40140486
40152491
40155619
40156205
40157713
40157784
40158083
40167219
40169955
40178038
40179228
40183512
40183955
40184158
40184958
40189022
40191635
40192952
40199202
40201159
40212040
40213358
40216821
40222092
40225691
40227824
40228776
40242367
40245234
40246466
40259481
40262844
40264691
40272459
40272642
40273095
40273966
40274790
40280338
40284234
40287750
40304814
40304957
40314136
40328496
40331536
40347005
40354409
40360764
40362860
40367430
40369823
40370993
40374533
40375098
40375763
40376269
40390485
40395237
40398270
40405242
40405701
40406436
40406935
40407892
40409321
40417350
40421756
40425323
40436877
40437157
40450073
40450491
40456406
40456668
40461821
40462184
40463643
40465984
40467667
40478260
40479611
40493021
40493150
40495967
40497886
40498342
40509706
40511834
40519653
40523916
40526216
40526326
40532461
40554712
40566980
40569040
40571097
40571483
40571678
40574680
40577916
40582972
40593603
40593918
40595808
40596747
40597911
40605283
40607462
40613368
40616537
40629432
40629437
40630084
40630452
40631775
40638943
40648907
40652263
40675485
40680602
40682417
40687190
40687976
40701193
40704419
40705794
40708147
40714247
40719322
40720638
40724820
40724901
40730287
40738444
40740344
40743384
40744690
40747841
40751719
40755081
40758638
40765587
40767870
40774354
40778201
40779712
40782787
40784818
40786510
40792309
40816040
40818502
40855285
40875351
40894369
40940761
40997679
41018492
41022086
41030531
41054730
41055485
41062588
41072746
41073090
41125613
41128286
41193047
41210098
41250206
41266356
41278978
41282414
41324465
41398277
41399832
41446204
41514691
41533789
41547182
41582800
41583566
41593559
41624725
41689901
41834390
41852820
41870536
41933350
41938308
41963216
41987201
42032081
42088465
42106101
42116343
42146622
42157258
42162600
42189969
42213000
42213061
42230726
42279793
42459818
42494588
42494820
42509572
42530973
42531162
42576727
42584673
42586385
42592435
42598840
42601556
42632101
42679557
42723534
42757756
42798547
42809078
42811248
42834311
42845650
42887890
42893171
42913775
42914761
42918616
42926608
42986642
42993963
43016837
43077186
43094990
43104337
43129302
43129316
43168115
43181357
43227750
43230318
43234802
43235113
43244212
43273366
43300344
43318525
43343894
43344199
43348474
43364884
43376737
43383880
43433456
43434727
43460079
43493677
43500576
43535373
43597266
43601805
43603131
43624324
43684252
43686943
43711940
43729282
43729548
43734740
43740077
43761070
43774845
43803536
43819557
43824322
43824485
43826893
43854553
43855044
43885995
43887655
43889364
43924687
43953199
44007420
44019246
44030022
44042908
44071528
44094062
44114714
44122607
44129259
44182551
44192326
44192881
44198695
44222116
44237642
44248822
44256480
44283738
44290091
44298791
44308070
44398152
44406483
44412070
44412078
44419826
44430385
44433327
44442114
44451964
44477045
44493573
44502841
44508912
44513121
44522306
44534806
44571152
44580581
44611598
44611754
44628658
44643062
44648586
44686463
44758835
44798093
44814809
44838960
44840572
44851715
44908296
44909512
44927444
44987856
45002324
45027635
45030561
45068319
45080613
45107322
45107432
45107850
45109843
45112925
45113964
45127947
45132297
45136048
45136544
45141215
45158043
45158155
45184352
45184796
45184976
45188944
45189288
45210371
45227223
45235366
45235954
45236772
45242473
45242863
45244068
45250015
45251343
45253219
45254536
45260853
45262309
45262751
45262937
45267394
45267657
45274605
45276431
45281839
45282428
45288735
45297853
45299297
45303065
45303649
45330430
45342638
45343032
45357169
45365930
45375371
45391268
45419527
45419580
45424770
45435960
45437577
45447015
45450183
45456251
45458182
45471556
45489171
45499763
45505607
45511060
45516540
45521473
45525248
45531017
45542671
45553162
45627411
45631836
45647338
45673602
45679856
45685389
45698525
45711613
45720045
45721209
45736435
45738376
45740493
45760437
45767526
45770507
45771552
45772067
45772311
45777543
45778216
45778547
45778620
45778803
45778933
45779005
45785482
45787273
45789566
45800673
45805587
45807789
45811953
45817609
45817836
45820839
45825570
45830718
45832886
45834182
45834736
45834752
45838967
45843759
45850324
45862710
45870350
45876116
45880056
45891327
45902612
45912388
45921150
45934715
45939372
45954849
45955573
45967581
45973295
45976137
45986725
45986941
45990579
45998494
46006290
46012061
46014012
46025386
46027375
46027802
46028418
46032439
46036754
46046013
46055092
46061396
46071769
46073472
46093416
46094097
46122518
46124935
46132779
46132983
46133173
46134863
46149233
46167660
46168686
46191075
46202981
46206213
46209499
46209628
46213460
46215393
46216789
46219823
46221991
46223657
46228336
46228924
46229532
46230938
46231131
46231210
46231277
46231390
46239326
46244632
46256937
46262658
46269091
46276905
46277257
46303768
46313870
46314871
46315435
46324118
46335586
46337714
46350778
46354712
46355657
46357056
46359762
46362644
46365438
46366216
46370487
46371015
46371800
46372312
46383124
46383361
46388705
46398365
46402932
46407820
46409098
46409715
46418049
46418128
46418730
46424470
46424732
46425603
46429479
46429776
46431610
46431669
46433815
46434861
46436144
46437028
46437274
46437645
46442301
46444956
46460529
46462044
46463231
46464942
46469597
46471799
46476068
46507888
