9134
11798
19456
42102
43925
53111
55162
93640
117520
132137
262103
262763
274846
279202
289548
328279
407385
479143
540348
565560
573227
579467
596167
614316
626640
675424
681850
686361
687191
690071
715883
744855
779777
819604
843881
874726
952584
954639
1020055
1033468
1074794
1156223
1165998
1183471
1370381
1388397
1401145
1403021
1413680
1443088
1456488
1505047
1509704
1565687
1573031
1618439
1709978
1836080
1877530
1906994
1932138
2050286
2084692
2604976
2722854
2815594
2942492
2960298
2992796
3010162
3024929
3025588
3039342
3092638
3118740
3172664
3397011
3557951
4371741
5921361
6370871
6373591
7113861
7430491
8431361
8620191
9213121
10806451
11003241
11332431
11345741
11406731
11574841
11614111
15210511
15349881
15407291
15578934
15626380
15751396
15829823
15837069
15988020
16054127
16096191
16117522
16123375
16158111
16464154
18032854
20172814
20426323
20574376
23163521
27261223
27263884
27527992
27761767
27823021
27963076
29071738
29157047
29233692
29318559
29526947
29574359
29637740
29917273
30008136
30161279
30167634
30498899
30551173
30551620
30651773
30883618
31059146
31140124
31234166
31394077
31660678
31676460
31684917
31882301
32029613
32067831
32176103
32178169
32272739
32322000
32493978
32703125
32761839
32816893
32844436
33012343
33034499
33052341
33146438
33162704
33178978
33181084
33278514
33291320
33433065
33467222
33800629
33876325
34013992
34074480
34313704
34340446
34670776
34741193
34767872
34775282
34804853
34833265
34840508
34844519
34897636
35059806
35090321
35106960
35180320
35241545
35283189
35309271
35390395
35405757
35425599
35454432
35505555
35520100
35561457
35577790
35586471
35648534
35776140
35874337
35895277
35944731
35950726
36088512
36094392
36168038
36200075
36214250
36317846
36351009
36394019
36419886
36582847
36733157
36849632
37075496
37094468
37409164
37413241
37451636
37550456
37620696
37623667
37718132
37775362
37788492
37953907
38012361
38037858
38087037
38095687
38098591
38181860
38535689
38538968
38653950
38723440
38910283
38946650
38975205
39011023
39012655
39033410
39101441
39231832
39327860
39362247
39382054
39583157
39672592
39728232
39747463
39880797
39889644
39892594
39892830
39969276
40144312
40245234
40287750
40376269
40687639
41099736
41141990
41283546
41390495
41436636
41547182
41583566
41789847
42157258
42230726
42297858
42537305
42601556
42779136
43158835
43231832
43460079
43463868
43519671
43538236
43686943
43855044
43976631
44182338
44204975
44279235
44356983
44532432
44549268
44647769
44724275
44798093
44957853
44977762
45035141
45039590
45122699
45627411
45800673
45818068
46216789
46238700
46278897
46279408
46393156
46500161
46500180
46500193
46500222
46500264
46500335
46513151
46528253
46528273
46528297
46528308
46528325
46528342
46528371
46528393
46528415
46528826
46528845
46528860
46529348
46537646
46539243
46539941
46540812
46546063
46555977
46578342
46582098
46611537
