44682025
43686943
43962043
43961936
43961188
37061663
47176019
29650066
47628530
35949017
47605745
46260296
47569242
1430045
44070277
30161279
43894753
46179917
41571092
36050
32676884
47452351
45059530
47305556
44270317
36753181
30430820
34384448
30136276
35704433
44599867
47365209
869561
47349661
47346164
32041576
47305023
40328496
37546190
47188647
28137
14505171
35586471
1407757
37183393
29931219
35959134
46487027
39880797
914936
38037858
40903138
596167
46071683
6903181
833768
46814309
38504120
40388727
1634403
954639
33012343
17912113
32315397
1435305
39969276
34656089
1354597
34921906
30336008
45274605
43315201
45830718
44965526
43104337
1368810
37350815
46531152
45154978
42297858
41578923
40344160
42046778
15706969
37321660
46278897
43276504
