45739855
33610498
29220600
1510906
46834358
31140147
45525248
944555
46057587
41753120
45811143
45760294
29650066
115280
2150030
45391268
37078428
477575
48022374
328279
47857021
46345088
1975098
47368273
916754
34439726
816139
48012180
40818502
3032431
45510587
874726
811974
36995972
1228529
150792
1806147
2050286
47900761
47988531
47987726
356912
47894397
46272525
1034870
11996
47955173
16610
1450237
1085145
1078084
32602742
46635654
2265316
780171
46753016
119376
31032137
43686943
45739577
47949810
46473934
30664623
373149
32185847
743884
34297224
26105
32473478
1171095
140953
675424
47940925
47940543
461027
14382921
35648534
47937217
45505081
14536831
46592628
40945157
47866470
37054012
35793405
46012061
47925338
117520
611293
1224222
47473590
46576248
45288794
37413241
40982320
952584
29027196
34253991
391593
47883444
34714895
47052924
35520100
36497382
44138952
47397569
43158835
36413583
41578923
563972
31913336
46328212
265807
904061
10114
46989502
46441158
7128081
33052111
46441283
47646128
33327964
35959134
33816330
42179708
46328525
41315850
31880815
2831258
33167125
46659603
43027
873902
843186
29833472
838244
731769
46436336
24655228
914715
438423
1094343
90796
370285
780702
902762
47824140
37124606
998536
14378181
441775
595210
45800673
72491
16187074
36748465
218112
663139
831528
46207189
1705006
41285607
40172288
44325
33564612
44519246
1857240
866948
1489898
325058
35951610
29813854
2560106
1695917
1468573
1140447
892387
1477035
47799520
34819729
31287507
507755
37625823
37962279
9267
38215952
30161279
38032583
2889014
968015
3794711
2618508
47868102
37818140
47671367
901296
459808
129131
469051
330965
81698
209124
1034763
44412070
42718261
47686742
423338
43425159
47842542
256652
1898930
41399936
34656089
45389390
34607339
47854978
1430045
47491543
43639645
43639566
43639350
47389416
15231521
37424366
40982067
38538968
47838291
43236174
47835931
16464154
41350753
47177102
35134764
40574364
47814088
149574
47122833
15652765
47338444
35039943
47698924
602538
13999431
34325371
43639177
47788675
47788452
29783635
47778906
47777095
36261291
47772368
47569242
37583211
47596371
33596879
47596117
47752135
37208712
43494458
6647601
37061663
41196633
38504120
47559898
47738794
38296369
37273858
47705046
47651446
42468526
47736866
47726396
47734735
11798
47726522
46472758
47728664
46019657
36353300
46328326
38189050
33567901
31070973
47717659
47717548
36058595
47705390
30205043
46571046
31394077
34315915
47566404
37273877
2186258
15821271
1092136
47221767
33599119
15724439
46442156
22242426
30262906
39410289
8859801
47131837
41867272
869561
686361
30136276
43762390
36040285
46415037
1877530
47690171
44536810
44298062
40232211
42027587
34385671
30619106
3034532
47287944
1368810
36496295
350046
47564957
43639076
43639254
32251764
43638945
3098274
43638835
43638617
40464318
45757654
35949017
30712289
147854
749226
40903138
31963927
596167
38413069
14190
31500860
30206340
39011023
44599867
29902611
36772578
47619495
323494
35356466
33012343
35906528
40913860
32080331
47176019
37251405
46542374
46208381
20172814
46185226
46180939
30935981
975165
350737
47652359
47661756
44070277
976952
47658877
47656494
47656344
559985
46312370
33114324
205115
44110573
35392879
35008493
8896231
43637867
43637803
43637692
43637611
43637546
43637493
43637396
43637240
43636982
43636953
38022316
43636765
43636543
37321660
37546190
39203082
30872897
16652077
595215
40426903
46471018
46471114
47645071
29194948
47360336
33375253
43894753
37270043
45176306
44545745
5199211
30692628
32561635
245725
36954591
33502252
29632585
15774451
39139537
2416244
46442278
46356931
41985646
38065482
47628530
47630757
47623937
47621182
42425764
39827109
336159
47616452
36255166
32209191
32198828
32198539
47606246
47603769
47491416
47593968
47593059
37750044
47590413
47588578
42425580
42425397
36050
4045281
47102461
185778
