40827416
33610498
47411493
46471018
46442156
46345088
34935669
30692628
359395
47999744
3032431
38385633
44625354
32185847
47930026
47925338
47389416
46226352
9134
47176019
47752079
47733834
36353300
38065482
497208
35134764
37191019
979013
47656573
47628530
37124606
1224222
1701337
40168236
33816330
44070277
47427344
484918
32561562
44599867
32676884
47478439
35703455
15517331
31781162
15046851
38215952
47428088
857179
47131837
47335870
47227341
43376737
47223195
28137
37590878
47022469
16652077
35906528
16450480
885936
46323667
2864498
819604
45811953
43184223
35959134
638020
34664661
46487027
46949511
39645605
37183393
42173196
44233189
40903138
36578450
29931219
29266950
41856164
41359295
45227760
38218223
46823148
46821815
46820970
38504120
954639
31759977
833768
46755081
33012343
31641561
32638739
44165505
35867886
1701575
39672592
46692857
37546190
514070
46627340
29027196
42405041
46622536
44754418
37350815
46611537
46006290
16050617
46001613
35704433
46219823
46476068
31660678
306743
42811248
45830718
31248009
29777439
44283738
1085145
35743322
42537305
38579246
42046778
40344160
36509586
43712100
35787021
46012061
37951232
33052341
46315435
37321660
45450183
38541316
40688911
42297858
952584
36458297
35654053
37698826
33656722
43413766
40149813
45184976
563972
38218070
45800673
2707220
44513121
30251532
46212896
46091660
43104337
46034804
13797691
43734740
2785044
43113031
45896058
45856997
37036907
45810375
42441712
42586385
1564659
45794456
45780702
2209214
31887466
41569682
43361093
45643839
45593089
1656484
40721308
45564429
36145887
34767125
34844519
42162600
45474068
45472865
44225465
405207
38095687
30736887
45406038
33283510
45374988
34387564
45340437
36370607
35366575
35241545
45184352
29638879
45297853
31432310
43016837
36934797
43021651
33501625
45158155
27753742
34714895
45109725
15231521
1873720
35425599
406610
889807
29004482
289548
31172637
45007706
32556320
36561605
34884676
43624441
14634791
44894326
8431361
771064
38184493
31976226
33499398
42823038
15583108
44511210
20329657
3140811
43686943
36496295
34176815
44502790
42279793
336159
41300795
38630457
36466227
24655228
36161663
32722484
36132341
39480855
8892541
43853811
41170699
34297224
31988181
40765587
42056861
39747150
42913775
36392766
44442114
33565098
16099995
34315187
12128141
20390872
27089110
36660866
38067335
38012361
6455781
37609810
32390084
37937293
41514691
35520100
2995484
33455400
43612058
44145862
2141954
44003248
37220460
37048405
44021039
2145458
32444603
1910430
32781955
37076221
38010354
31766278
38531018
5815311
347700
43698619
36177229
1343436
16174613
37313925
2810584
38099266
34741193
42104489
36846620
237418
42993963
42986642
42217844
38650663
40287750
37921378
20201428
39922367
43172247
42462655
32454918
39958830
42592435
15929370
38034909
1460367
38285285
43032309
41587978
34202335
39969276
32182070
36478175
38777646
37859556
42808286
37933037
27451267
39895988
90796
37672932
321102
42634391
37871976
842663
34261097
37881385
37855813
42427154
997522
1605053
15706969
42216798
37096030
5048441
37850681
36863247
37094341
37871689
2538938
35773220
34021836
42115888
35586471
37061663
36879805
32522574
41850586
35008493
41905998
34705505
32406594
40280338
39822756
3153572
41763343
39826859
41783347
39821228
39820487
37619643
41645642
37626759
596167
41714204
39819805
39819713
39819640
2702604
31020841
32376022
41657338
31007302
1684198
41689901
41683713
41356307
41329606
41331077
41355655
35497249
41636176
41622781
41399161
41328519
41327506
41602418
41601902
41398626
41601391
41600886
41327188
41572066
41325937
41326448
41325546
41568424
41560299
2944724
41552820
30736706
41552743
1650234
36753181
41293452
41287051
41292521
41291798
36427374
41452758
41041317
33015800
41291185
41290692
41289152
41285142
30367570
34110308
41284427
41282351
41281733
41279434
39893020
39877574
27564673
41333039
41278978
37234673
967541
20314600
41268741
36956799
1397545
41197966
41145511
34191713
41060137
40865490
41096713
33450215
1619907
32647929
40005999
40990078
15738802
40990236
1898766
32683231
1634403
40936705
40908765
34816185
40714247
1488056
40818891
40328496
40801268
35482588
15671315
38206730
1255710
35322329
40728931
31535856
34268940
33654851
16002278
35649066
40630452
36168038
32235194
37794049
40593918
40582972
36776160
37229351
13825821
36625764
2630504
39827986
40457041
39606100
39625671
3168506
40369823
38622085
33908192
1942238
39442196
2050286
33432979
38324124
38322377
191777
35580368
36944482
37987137
790656
3150548
2816076
30136276
39362247
39826347
2009368
27966128
31995113
1324906
38127643
38320672
38321544
39546821
37055960
33194995
38233811
6490561
38056966
311546
39114949
37873266
37021876
31985691
38962779
32591769
38862178
38987674
38052802
38967167
34385049
304985
15963179
540439
38204030
20172814
38671488
33818988
37516502
36991232
15596225
35106960
38713955
511876
31009306
38669006
1227605
37580198
38594007
38640178
30444363
33292729
38546417
38003559
38421243
36148068
31120081
32389844
35658308
37054012
30161279
37885598
27871309
38469524
38466325
30101195
38448789
38424129
30007773
37516426
32779166
2015776
35911395
29217144
35652721
3226353
38246013
36242782
34936371
1688338
37804293
711157
30283038
16347181
36790570
38141504
37802587
37516400
37765581
30991006
36719575
37516337
37516314
37991224
34281074
33881532
38061995
37516255
6499981
38052746
38042215
33046106
33471284
38025506
38033330
35310219
33152906
38017095
37992647
36742325
37724804
37779628
37715574
37962948
37950741
31656728
36556814
37501878
37150861
32301946
37516167
20261668
37516117
37903642
33596879
36865090
37794168
37513675
6906571
33108783
37688251
35757014
37554475
1478550
37684601
36292045
1652679
33493428
37804630
36696017
30717800
34658317
37513847
27122866
1610948
37686818
351192
29596609
37593386
37725674
37708039
27239512
36990448
37701161
1895100
374221
36538189
34218848
32305843
36299528
37299366
34306039
37624508
36886397
37499480
29956289
2189616
29810412
37631762
29663232
34915012
228748
28094275
37576483
37572066
33738435
35738817
29309697
6541621
35363764
2815434
2064172
36559269
564812
36342850
34934984
356041
34257553
32775926
1322549
37311097
37254757
132137
32299025
2811256
37382557
35239605
1054168
31649667
37217701
37250090
36654419
789336
35956760
36098654
37127283
37292563
33446198
29616322
35356466
29592786
37178043
27935593
35710349
31948211
31024889
181052
32522806
37190789
119376
31353623
4064611
37111283
4993381
37168576
37142230
31448506
37043833
245725
36583105
27175597
36766421
29787255
36050
37103376
11798
13825351
559985
1877530
36769189
32554504
32004730
30167334
5981211
35246303
36338867
10887981
34777481
35205970
35197248
35069814
35062629
34663766
34510395
34107833
33344629
33208982
32490463
32288169
32193610
32091784
31918340
31166678
31069387
30932112
30479053
30359612
30174751
30059423
30058881
29638678
29634532
29557198
29179648
27843364
27223984
20417068
20376406
20290573
16049641
16020355
16004113
15787154
15705740
15665053
15595879
15570876
14697931
14340311
14264651
12132821
8186771
7534111
7120931
6094021
3234464
2655216
2626232
2590314
2385816
450313
2045132
1962284
1887760
