11798
26105
36050
119376
256652
350046
350737
559985
596167
690071
787957
833768
885936
975165
1313728
1430045
1450237
1474421
1642310
1701337
1877530
2474458
2560106
3020399
4917821
6002901
6299361
6328601
6647601
7011261
7775981
8859801
9361461
13797691
13825821
14505171
14522191
15231521
15596225
15706969
16652077
20172814
29027196
29650066
29931219
29938454
30136276
30229260
30283038
30430820
30487226
30664623
31448506
31781162
31988181
32561562
32739235
33012343
33567901
33894301
34149952
34268940
35008493
35322329
35356466
35703455
35704433
35793405
35949017
36058595
36421773
36660866
36748465
36947262
37054012
37061663
37124606
37183393
37191019
37391952
37422961
37512420
37847929
37962279
38215952
38504120
38850077
39139537
39410289
40202215
40328496
40442860
40755081
40818502
40903138
40945157
41196633
41350753
41632851
41856164
41871077
42027587
42880339
43098007
43639163
43686943
44002156
44070277
44165505
44270317
44298062
44474780
44519246
44536810
44599867
44747247
44803077
45023377
45525248
45757654
45789566
45981674
46058368
46345088
46442156
46442278
46471018
46659603
46689782
47004401
47007865
47177102
47188647
47223195
47349661
47378292
47389416
47397948
47401530
47411493
47651430
47752079
47854978
