11798
36050
350737
514070
528570
559985
596167
625677
652340
771064
787582
954639
1352478
1458875
1460367
1474421
1510906
1634403
1699234
2618508
3022921
3025749
3140811
4992671
6299361
13797691
15708635
15724439
15829029
20172814
27138115
29082263
29541566
30664623
31140147
31448506
31660678
32029613
32301681
32444603
32638739
33565098
33606306
33741778
34176815
34243702
34268940
34315187
34656089
34844519
35008493
35356466
35580368
35586471
35954659
35971388
36253880
36342408
36660866
36863105
37061663
37609810
37921378
38067335
38095687
38181860
38273490
38284073
38927846
39380507
39398682
39645605
39886727
40259456
41578923
41591751
41630304
42162600
42537305
42584673
42592435
42759179
43033878
43060808
43686943
44165505
44169385
44235508
44420751
45184976
45214839
45391268
45830718
45908079
46001613
46006290
46076276
46153013
46213120
46219823
