40818502
40945157
26105
37962279
40982320
47940543
37054012
35793405
40574364
44284849
47861889
47854978
38296369
36353300
37748639
31287507
36040285
45176306
30136276
3020399
690071
975165
40903138
46471228
43762390
38087037
43376737
29650066
31540271
37121970
40168236
46301843
38385633
44070277
44474780
44599867
31685805
46554512
36080478
37061663
37183393
31448506
46001613
40328496
787957
833768
45023377
38215952
28094275
44235508
47223195
789336
35008493
35949017
30283038
47004168
30664623
16652077
34664661
36058595
47022912
1200306
885936
638020
36660866
6299361
46972263
42297858
35586471
596167
119376
35356466
20172814
38594007
350737
46132779
43740077
33811255
38504120
16050617
16692985
11798
46879905
1634403
29931219
45546769
31660678
1877530
785703
13797691
32685060
38095687
559985
36050
1691620
