11798
26105
28137
36050
115987
119376
219392
256652
336159
350737
514070
559985
596167
690071
787957
789336
833768
869561
885936
975165
1092136
1200306
1251955
1313728
1430045
1450237
1642310
1701337
1877530
1964526
2238228
2474458
2491948
2707220
3020399
3023779
6299361
9361461
11967091
13797691
13999431
14505171
15596225
15623990
15988020
16450480
16652077
16692985
20172814
27896356
28094275
29650066
29931219
30136276
30161279
30229260
30251532
30283038
30430820
30664623
30692628
31049200
31140147
31421714
31448506
31525614
31636555
31660678
31781162
32003071
32561562
32676884
33012343
33052111
33114324
33375253
33794146
33887023
34134004
34149952
34268940
34288861
34607339
34656089
35008493
35134764
35322329
35356466
35657092
35703455
35793405
35949017
36058595
36080478
36274227
36421773
36660866
36775060
36947262
37054012
37061663
37124606
37183393
37191019
37391952
37422961
37512420
37773405
38032583
38189050
38215952
38218070
38413069
38420098
38429363
38504120
38570678
39139537
40202215
40328496
40376269
40464318
40574364
40818502
40903138
40945157
41283546
41285607
41578923
41632851
41856164
41871077
42297858
43158835
43686943
43740077
43762390
44002156
44070277
44165505
44235508
44412070
44474780
44519246
44599867
44803077
45002913
45023377
45460772
45521473
45540604
45593795
45692230
45756987
45757654
45760294
45760437
46001613
46025386
46058368
46132779
46185226
46312370
46323667
46345088
46442278
46576248
46592628
46659603
46689782
47018112
47022912
47131837
47188647
47223195
47349661
47411493
47427344
47468131
47473590
47491543
47523972
47527882
47619495
47651430
47794056
47846874
47854978
47940543
