9134
11798
18635
26105
28137
36050
100613
119376
139713
140734
149574
149807
181052
191777
216397
228748
256652
311546
502799
511876
514070
539692
549368
559985
596167
672965
775272
833768
864952
885936
886367
954639
997522
1029377
1085145
1146459
1200306
1249292
1313728
1322549
1433981
1470788
1478550
1619907
1634403
1642839
1647870
1683427
1701337
1737273
1820663
1877530
1892260
1895100
1898930
1927154
1938838
1969456
2018958
2050286
2065538
2104172
2156136
2189616
2200342
2234476
2238228
2351666
2412646
2418850
2434398
2452758
2527786
2533440
2630504
2703418
2703534
2707220
2714256
2756024
2785044
2797226
2811256
2864498
2889574
3014848
3025775
3027039
3109509
3149208
3157234
3230443
4023291
4085371
4525281
4581761
5287711
5773941
5815311
6242191
6299361
6299971
6378491
6490561
6723081
6906571
7255161
7960591
8212601
8420601
8620191
9526811
10527261
10565251
11005031
11534771
11967091
12386741
12421701
13797691
13999431
14466541
14505171
14522191
14807281
15546149
15596225
15671315
15692529
15748019
15798631
16050617
16073157
16091343
16113771
16362682
16486567
16652077
16692985
20157454
20172814
20390872
24199387
25444690
27175597
27239512
27277804
27377800
27450613
27799810
27913213
27966128
29004482
29333654
29541566
29576453
29638879
29650066
29651687
29663232
29752943
29777439
29787255
29810412
29931219
29956289
30007773
30136276
30161279
30168550
30229260
30348316
30430820
30444363
30664623
30692628
30758701
30765539
30776673
31009306
31140147
31225367
31259727
31421106
31448506
31469635
31649667
31689709
31766278
31923832
31985691
32041576
32129707
32190947
32444603
32522574
32554504
32603445
32669976
32676884
32685330
32698748
32764561
33012343
33015800
33108783
33156064
33194995
33307638
33375253
33434074
33446198
33455400
33471284
33548178
33565098
33596879
33618340
33654851
33672786
33693219
33794146
34021836
34042846
34064706
34202335
34315187
34325552
34385049
34656089
34714895
34820068
34844519
34853053
34855714
34934984
34936371
35008493
35068690
35223157
35482588
35497249
35575651
35580368
35586471
35597765
35654272
35690568
35704433
35710349
35712082
35743322
35757014
35793405
35867886
35876194
35941718
35997913
36028691
36092519
36103737
36159271
36199592
36262774
36292045
36299528
36342408
36413583
36414561
36419624
36432575
36478175
36494446
36496295
36533962
36557355
36559919
36561846
36572820
36583105
36593969
36594778
36614161
36625764
36637954
36656233
36660866
36661015
36696017
36714439
36755151
36775060
36777790
36826549
36863105
36865090
36886397
36891108
36990448
36991232
37036907
37043833
37054012
37061663
37076955
37103833
37123750
37140536
37142230
37148431
37177606
37177773
37183393
37198383
37230188
37254757
37257065
37262034
37292563
37313925
37367132
37391952
37475487
37488592
37513675
37516167
37561186
37580198
37590878
37609810
37638400
37683834
37686818
37701161
37804863
37850681
37864378
37871689
37873266
37894942
37951232
37962279
37968186
37991224
38010733
38017095
38025506
38042215
38061995
38069838
38095687
38141504
38150228
38175710
38204030
38209809
38215952
38216971
38246013
38421243
38424129
38474157
38502299
38504120
38538968
38575506
38594007
38624103
38630457
38640178
38814713
38910283
38928004
38962779
39010033
39137729
39139537
39209504
39243483
39301302
39324563
39480855
39611920
39688873
39747626
39786275
39826347
39985835
40070727
40168236
40195932
40328496
40344160
40376269
40579100
40798080
40818502
40903138
40923710
41018492
41099689
41272394
41359295
41412995
41569682
41576793
41578923
41587978
41763343
41765635
41781498
41850586
41856164
41919753
41955964
42194704
42284380
42297858
42305314
42408795
42537305
42592435
42734274
42993963
43001172
43104337
43179367
43239549
43325047
43376737
43395390
43427929
43590144
43640327
43956117
44070277
44424844
44442114
44451964
44502562
44519246
44572569
44599867
44716019
44851715
44917635
45002913
45006462
45116165
45132026
45184976
45202955
45303065
45521473
45531017
45760437
45817836
45830718
45857867
46001613
46006290
46012061
46025386
46132779
46213120
46219823
46315435
46431669
46465268
46494903
46543029
46579728
46619169
46659603
46750391
46753716
47025427
47176019
47188647
47207979
47223195
47349661
47427344
47560386
47657819
47663542
47752135
47866328
