46345088
47857021
47997114
14382921
5617901
47624495
39939581
42299151
44803077
35793405
289548
41122667
36413583
46441283
37124606
46582741
47869672
47389416
149574
43015770
40574364
47799520
20201428
27175597
47814722
20172814
38296369
36677803
33567901
30692628
47176019
44022837
44545745
47752135
256652
47651446
29777439
31287507
34135940
14658981
45737906
36353300
8896231
440114
47698924
39410289
46635654
35986072
40487267
35409688
34486583
46689782
30348316
47619495
37748639
47644540
38065482
549368
35906528
1430045
43762390
2018664
47609488
34268940
47606246
31750023
46797945
35532108
46594008
47358620
47477025
268274
27138115
47569242
31974640
47565670
39139537
46659603
45505081
39961591
15789805
484918
30161279
29650066
43894753
29833472
44070277
32095417
1634403
47494045
1701337
47454089
336159
41474719
39892594
47427344
47482163
47433838
43887655
32676884
1281687
45223202
763478
47452605
37391952
41286185
20531353
37300144
45343619
47436666
46718611
40730287
44002156
47349661
36748465
32318170
11022591
30518547
47131837
39170812
15640419
41856164
40168236
41349929
15706970
869561
229746
27229858
47383757
1788769
47381284
47179247
46641691
45833232
47368273
833768
1964526
45634858
43158835
43506693
34385049
32329991
41867272
34938614
47335870
47334918
32390084
39422629
46272525
44861241
38215952
31421714
29004482
33667720
3020399
43033878
45787273
47227341
43376737
46993881
39666126
36247416
47161437
45863635
161735
21584821
36270473
1136495
30662952
37054012
1601986
37623667
29065168
42200942
47188647
47207979
47153504
37938707
47223195
16028388
41436636
42368559
43557039
38273573
43972674
45317246
44599867
34439726
38547419
45002913
15689438
2851030
33028865
36607948
45993523
44715965
44549364
44286036
42698273
33799903
38074671
34730060
29148650
44138952
46323667
39203082
36726098
43104337
43686943
902929
37183393
46752967
31797942
30412785
29887929
45803840
35949017
43022545
47054439
34407263
35106960
45525248
27397057
36359674
1093620
2795634
36132341
46879905
7373991
11003241
31421106
41011363
45136485
10921461
46752154
39459861
14505171
36496295
1004384
39853044
30664623
37590878
46480270
1454595
2082128
46387336
1474421
40106988
44355300
16060886
45322660
32300967
42172566
34402907
36274227
1683427
43762870
45360141
47101780
45227757
44546625
31641561
40816788
46752747
41533789
42868262
35283646
45495061
42584673
32046663
46510374
43985997
43518101
46531274
46405563
43494458
37674286
46716165
42847742
1527402
41583566
4873751
46025386
37407113
36289883
45741642
37652959
1052718
16652077
45811143
37546190
35867886
41591751
47022912
45275730
31887466
42805490
36887548
42089141
44189226
33548178
44403289
44285347
29621512
4839711
34625011
14522191
41110482
38095687
46400519
35310395
27119812
46340528
36814258
29097575
29966206
46471119
30148143
43236174
34656089
42203069
37818734
32924686
46103483
38274110
29266213
15590438
12240291
34451283
16165296
27880163
1473720
45038177
30551173
31571871
34285901
30671791
144453
9976211
16520341
31843159
36396839
42918455
45023377
885936
3794711
47025427
43184223
46377851
1346677
166651
16059810
47019456
38535689
41064061
37149222
45868489
30289612
36659770
44823688
29039798
45558296
32262262
38747113
46356931
38974556
42468526
34180569
42814603
45818068
45446233
38850077
9276781
15826390
46390909
30162697
41217671
40913860
46436336
37698826
38894847
46487027
44430385
16450216
40674642
1651777
46838001
892535
35481401
35160490
31539488
1051286
36660866
43035505
46397382
47004168
29541566
37086039
37997804
31656306
46597022
46269577
37874948
32133313
40809991
34168714
38310286
40033263
46539941
1735
12007501
36261291
46729385
43314416
15587234
27128602
46363550
45343032
1398529
45351341
15596225
39149585
1026997
46585159
46037147
37399262
39880797
559985
42026638
38653950
3222797
459808
33728463
43563980
31049200
8862811
46344418
37048405
36473370
46733817
34587511
843186
37788492
33350497
34039531
42986642
43076820
42463761
37835801
37705088
40945157
30880736
46749877
46991491
31995113
46801135
1180900
41033212
31195375
46434644
3204018
45235954
44652948
39155143
167479
44165505
46317366
35684071
27913213
930744
237206
30430820
35959134
31265564
46959609
43600428
34664661
33787413
41630304
45844302
37860757
944555
30959763
771064
46761992
42057895
1537064
31048572
3168700
46133173
46323259
43345016
1806147
34970064
46771538
43782815
35721001
33337778
20359411
33721921
15611881
38747840
37349049
1450699
39249006
41007236
1085145
1877530
46278897
33887023
32444603
20478610
1064434
34021836
34418980
32185231
15724439
46803804
3049907
41578923
46937264
41992205
41218353
2804690
30726248
29931219
7314191
32559437
44382235
36565051
46844955
32462492
33012343
37555283
2864498
16050939
46626427
44536810
31725661
1225739
36882626
41985646
2897210
45273880
45435960
1354597
46346458
31459188
7909681
46466031
5666771
1471513
44902260
34867697
32589937
3087607
35450455
464702
45559169
34714895
1596987
46890913
31660678
16426597
32685060
44265267
35559508
35704433
11662231
40725214
439501
15699274
1701575
43947541
46303522
46699918
38875555
1580264
3039342
33841722
31766278
10941671
42880339
37594761
507755
38620501
46725825
44740166
45921998
46682780
207824
40755081
46670601
3905701
45792994
12260521
39693476
45604117
36358706
46312370
21251156
44736857
41461061
30481865
43236039
33700927
39043240
29004167
38273490
1188334
40388727
46071371
4872061
44888708
33453663
27902979
7179401
9361461
35084777
6109961
44224329
34935669
16288378
45251742
42852451
33298365
45335809
16225253
39557567
45751808
38022316
46505853
43064917
27354496
39688519
41593843
29638879
837162
596167
2574908
32029613
37321660
36177229
38252875
36080478
40818502
42993963
42297858
44798093
3931101
15231521
13825821
39655565
36449254
31880815
35586471
16050617
34313704
1136020
38302428
36685101
35759892
40405701
16169343
36050
38504120
33650487
34271915
38197268
40903138
36887514
1368810
