33813751
36851315
20855303
45739855
39140353
15783943
36583105
1910430
1510906
34923350
2728334
389059
46834358
31821114
48048391
39054108
27653518
30412785
45852026
41998402
38600323
29153220
41753120
44606767
37320079
45222572
41759138
38354906
46363550
33063843
37623667
378177
44739795
37054377
45223202
1753661
109672
16187074
674578
37649718
249796
65177
30818693
34243702
32421158
26625
353634
29621956
29162618
31548792
43607458
6467761
14997731
15558219
351192
379478
13961201
16096781
1013720
285078
45391268
27156520
771064
1504814
46001729
34093885
23964537
48027507
16215782
922681
3961461
477575
30725893
32695661
34867697
2782366
47974602
48016257
966443
37792904
10232471
48012180
46200318
9268731
31208698
17966551
37823157
38930625
1739665
37603651
6604351
36305051
874726
46879905
32895407
2604976
10309371
37944148
7294161
34903603
951988
614021
30551173
37885598
47997114
38439421
34959361
36092879
36995972
709123
46014012
35481401
243019
38037858
34385671
27548944
2057194
40205349
30668864
16751152
47985887
32327353
30484191
837162
36424402
2632766
2050286
47900761
37871563
31056858
1700916
131074
47894397
34277316
34538235
336743
35189100
2947282
29580903
33590071
47267180
35241545
1180120
47955173
37424907
36889904
20528335
14705631
31780464
37860758
43462496
38908163
210233
2716774
46860034
335288
15751396
37567334
35335689
47857021
46635654
1782607
47972301
33894301
29191474
31394967
30793280
38068431
37457331
36383677
37078428
1628172
37947145
29903073
37939823
3172294
894969
16434682
45739577
6109961
40701193
34081460
42313173
883089
37937293
47949810
41582800
2349216
31205188
2909126
715925
46345088
38952653
44011125
15992904
43137707
42993963
7726311
390411
43630015
33232042
46473934
30664623
41547182
47955473
32185847
93640
2514396
36579394
32389649
43453841
44550556
33481426
44549364
44680429
15642790
32384815
35397485
36814258
36223368
39939581
39437508
36437360
40387810
1579038
33034499
37296122
47807124
1176411
36437426
34475932
7840911
47947232
32649855
1338095
37864378
32676884
30498899
1870502
47278683
972837
144453
36925117
32272520
36359674
47941790
675424
47170035
191158
30930100
1601986
47940925
3070794
1145319
47940558
47940371
14382921
1952070
16233757
9321931
47939537
15997185
16444381
2777970
23455
1729671
46415037
36399323
47937217
38850077
11574841
1624178
34815842
43344
2597636
22215832
46140584
30524285
18797656
85796
29787255
1898930
6769701
44803077
2339528
2380752
46592628
265732
30408425
2280808
819604
40945157
673376
45216534
3406871
37054012
38421243
45149798
1470788
4803181
46012061
30254222
40558511
46216789
27896356
37054638
47913499
35635520
16126190
41572814
47925338
46060865
47177102
8315651
262103
117520
15543377
47646274
37297552
26105
31177786
1867824
44298565
2326980
32875814
32301681
16091343
2660376
44662622
10148881
27092449
31780851
36009209
37928414
47658062
37583643
11367181
34240811
326035
1388397
289548
37506362
4341061
35946847
1734019
733932
37413241
33113932
862079
35976496
7166211
7659891
952584
31671043
45984961
6373591
36583774
34997129
38971685
39006234
1239972
1582216
16010326
47883444
31974640
354956
1895100
10941671
2264008
36740986
1600110
1686155
1392545
33848599
12545151
1729134
31411482
5321391
35520100
41593559
32377444
38603441
16170512
95476
39549370
36322417
43158835
563972
1224222
36413583
4981411
779777
47904554
2781112
44138952
19412
42983434
514744
1201572
29210845
33028865
44465942
31947763
43494458
20263771
1522808
37545704
36301350
29833362
865574
2038076
34553853
41630304
31725661
44572569
31684917
44284849
33381154
35531328
42156053
46989502
35206587
33602703
1583948
47895395
32696309
38300443
29992699
34829307
47895983
33052111
40595838
7373991
31994546
1590101
65062
41082955
40504807
38218070
2021770
31932731
36900459
31880815
47892769
1025695
5216031
5460651
31070973
31766278
34402401
7338381
12844151
283487
46226352
1461746
37874948
1171095
5199211
31623338
47289048
38158495
7876371
37541334
36055964
7676931
35966846
33860932
35657092
35407403
31353623
316428
39061573
42127374
3188854
90796
549311
32929368
47885517
262955
136170
45981674
5416941
15988263
841611
43348474
3156019
39155143
3664281
7853871
24339244
35480995
40809991
1710786
44966012
41963662
32451867
1604322
30283038
33613002
39545839
32093344
1370381
46937264
33270605
8507311
27784066
12007501
32724057
39033410
29324312
40167219
1007550
32013038
7987711
4768471
41436636
32911803
34295100
46849030
31797942
29665000
347839
47874728
45292661
1593617
40038471
342128
16073157
40278458
30514259
1608224
37835801
34407263
2443244
2840952
33564612
30519316
46846983
40363561
41963216
31484816
23491408
16273870
45348917
47871442
45235954
47752135
43157388
32491420
34466369
842198
1477035
47869672
35780359
37594761
35297357
268274
36142896
47866553
30999265
1032946
47868102
32378859
27379696
31898212
1603744
459808
115280
29058998
1071516
29220600
42779955
469051
3022921
180604
16205806
35951610
47865553
30955769
1720914
75898
360050
16096515
47022469
16231491
16033322
31854307
37853585
757599
385476
41338107
45565857
37146733
46827180
43021651
1088081
43102385
594787
15459021
6906571
32121342
37048405
37619643
47477025
1669502
40245234
30600093
37718132
1546064
15569913
43026219
38001692
34587511
30854756
15420311
2943264
27706267
29323526
35459098
45757641
47860183
46356931
39656439
35875426
30336008
41723853
47540528
2332404
3181822
6140641
47850346
32133313
2843402
45844302
15826390
46677500
43686943
36247416
34730060
33221994
41867272
47854978
27799810
32249085
79759
44279975
15809890
37817448
46480270
40663165
15814942
44239137
47824140
31472094
538842
40272913
47616526
47854410
1933250
37750044
1703035
39327860
47254158
35392879
31248065
3168506
1672276
72491
39914632
37962279
1709978
43751603
842380
658145
1874836
32930558
43027
32826499
34935669
43456314
1388395
635944
34466402
21915986
36726098
47491543
37632996
33931225
44233189
41283546
27570205
39469361
43639467
46919984
43015770
2252198
31658641
42200942
29900950
46537850
8519
37096030
29813854
166651
613087
34723761
27699097
33599119
36593749
48946
32603445
35561457
628860
45863635
30177003
1153944
32960758
1692289
47389416
8654851
1033468
39694044
42144115
1663103
31311518
40137289
46689782
42698273
47846790
30149526
45145072
2491948
3098274
40464318
36954591
228748
33179635
37788492
2723410
46539941
1325769
2785044
44331410
42970899
37075496
161735
315870
33137913
40430364
39961591
540348
33997138
35776862
34477110
41007236
44412070
33794146
37424366
331561
33250285
352990
16140825
16347181
29629710
16044663
34402907
32209191
42108194
30991327
7179401
2230652
32198988
32198828
32198539
47229047
46472758
31799512
16179026
46471228
46471114
46471018
41730861
14094211
2323054
46441989
46441435
46057587
45968710
42852451
16119574
46058368
46019884
38866331
435383
46019657
1132949
45760294
1446315
36808298
852997
43976631
46328525
15778098
46328326
46302587
15707110
233204
46301981
34134004
41217671
38862178
32281984
3119605
573227
34511692
45392282
32787535
47839713
3084278
42520168
43591631
752175
36900036
44165505
32290947
29161484
47799520
44404294
132010
36665881
719993
47838291
32473478
262979
2741918
16089037
45262319
43236174
39933061
22826122
24804214
32417387
384629
46576248
1192592
2274000
1034763
34196472
40529543
308564
32754475
2029812
369986
44503863
44747247
757801
47835931
32409459
38098596
37808009
33719282
6495561
42214974
46199906
32669976
1835884
30828256
46519708
30369218
2574908
1492302
37513111
44433601
35787021
9801691
1909080
34315915
15414
32139827
1080743
37150861
310165
16281223
31017565
33350682
39362243
34329757
33150806
36838596
33329099
34970169
35180848
4720381
31030034
896354
36477621
37433288
32379681
558942
33160525
38991221
35844889
38538968
1810793
47643906
539692
20201428
37237812
16131003
35502663
33622365
522830
219392
1797635
1384849
2151646
1748193
3178636
34418980
47832033
1373118
1112602
370225
43211125
14392951
45298303
463958
40232211
27175597
29039798
47829628
47663542
16083992
15834143
47186337
41391596
35647728
29534878
29777439
37105733
1932870
38246129
30565901
33032038
2084692
45535539
16747789
38274110
507929
38768672
3168700
41350753
32354526
310368
998536
36286132
38133183
1890360
30914879
78139
30220183
32217369
11016051
12222701
47823900
565560
7330061
46185793
41110867
38579246
46397382
446529
1320516
44144004
14788301
38967238
32272739
712206
1895246
15720647
46213120
68262
45793855
12660841
40377705
41378777
37462422
31411036
16103358
29831504
39826963
218112
129858
52313
31991313
34390150
108944
39382054
15652350
3931101
33208975
40638943
36780730
772230
150943
1857240
45299332
41212169
44382235
1651914
582124
62697
4787421
35263169
686361
40242478
43712100
44279551
47452640
38298634
2143966
744855
2831258
39290158
36132341
2494990
36614161
31063177
27332995
39466686
2037306
27183946
41286185
43119832
35301602
29966206
32543131
38860322
47815070
3122373
33433065
34094748
1674466
30959763
24059182
47814088
34261958
325058
44842461
1085145
38185184
2064932
6370871
1518211
15238601
30551620
265807
37696098
39777410
16105336
15988020
37921378
37313925
44625354
1550028
47366808
29072054
1537064
2889014
37885530
912871
32299314
36310347
36403327
44163777
27734290
38648240
1331412
11881381
15752220
970814
47733713
36287210
34931179
953910
40318244
29637740
43762870
2550436
47336334
83166
32809758
36643797
37638400
1656182
35281191
8329381
38309
42468526
15652765
935495
45423703
34285901
33663295
35634049
46487027
37727633
33015800
1127355
485918
31759977
124784
30171534
47778906
36654419
42102
32080331
16069970
37124090
41583566
44169385
47338444
3120406
45865705
46989860
43016837
34265652
40818502
29016187
8025951
663139
39139537
32008337
37055960
35793405
45007213
46945536
47632970
33696472
1068500
53111
2827104
35317334
27122866
14030851
47801822
44116717
627092
7430491
36766421
15724439
477713
42673553
5109041
3153411
279202
31296827
27963076
3118740
34397644
36177229
38207003
40674642
1923328
43276504
37199454
452355
35049478
35710369
245725
37404238
1007746
20449939
40158083
35366575
29572803
37094468
39898749
34096077
1695917
31137586
475774
3050151
8599771
8310561
1091965
32181251
31965767
38032583
358730
33726771
45799001
16450216
30630871
31312623
35290150
155881
38099266
45147721
880919
15840919
22242426
41450735
1265249
41196633
38036381
502093
889383
40711486
1898766
31187751
30206340
37075133
39655565
38074671
32211627
34985721
15543988
9267
35663695
16563358
14055211
29570863
14522191
46797106
737660
40913860
144055
43903255
30574224
15972960
41514691
36495902
40755081
36696017
36887514
34083253
34822783
34743773
44166833
31448101
41110482
4615471
31644084
42777602
33551183
29311587
1093826
5658921
42315412
27415801
3087607
38022316
38912565
39702608
37445627
2009368
36370538
14190
40436877
36168038
37609896
41285607
1638457
39969276
23179751
45250236
43537360
37275114
27138115
36650218
36523232
151922
42600441
1600007
1146169
34252666
38910283
3315701
1443982
29832069
6710611
810427
39672592
4184801
40127134
47142781
44415429
41651433
32029613
13999431
31539488
35322329
27360718
33785710
46466528
32390437
39853044
5921361
35675914
40040076
16123375
1639228
43925
36255481
42896238
2618508
41578923
42230726
32337262
29579428
29127118
33235967
58238
5577831
740601
301506
1403021
35162659
38070529
34963301
1011340
38837015
884061
16158500
37321660
27645211
907173
41577369
1461720
12469781
31614681
2474458
36353300
44204975
763396
47706438
43782815
30317077
33313938
27246763
35580368
15631017
29165738
41593843
27647089
2534908
38593543
30693940
30816628
33800629
40786301
39688519
30693515
37588115
20558962
32820934
13446
45305176
36396839
16158111
30481865
4596791
1619557
39656695
30479845
35417834
37546190
41629366
479920
32145062
16050617
1684998
757123
16084020
3783551
41611890
47051390
43894753
47134088
34789727
1525891
31512952
47789456
34972480
34497639
1651777
33468749
3174008
47788675
29083128
47459659
1223034
14528311
47789018
40762006
36911912
45794208
1564659
27788122
30733303
36449254
8390941
47397569
36677803
35881494
16478077
47788452
1474421
39886727
47322192
1784155
46989021
35867886
1719162
32046663
31409774
2686198
466500
34521755
46130706
33085387
47564957
1096416
3024310
941656
47516831
683601
27799507
45078170
5742861
954477
16022909
30518547
2350368
36288848
34168714
35658866
873902
2707502
30008136
36158040
40814290
10887981
15671315
39539062
438423
46434644
32677299
156958
29783635
36330911
1183471
42463761
866948
33621348
32966742
30819324
37086039
36771902
35637375
43618296
1400546
1065391
44406483
15821271
34334606
10711851
36170647
47131837
1819869
35567786
38453768
7125561
34313704
27338806
1000103
555518
43563980
1324906
45555468
81698
46299958
44643776
1096179
7595571
45482123
1575466
41581844
11662231
47154270
46346458
31784386
1056519
46632286
549119
32795197
9172831
507755
37848382
33292729
45051373
38678207
37478658
15818758
40878503
35552136
1057810
3565161
29821975
1720014
2365508
336159
47462281
36465784
29047171
47752079
37473305
32689351
1461358
1336395
37576455
37555283
37251405
33187551
31287507
32761555
388335
975165
31995113
149574
32450699
39337082
30205043
32736059
30959101
3238731
30787053
45756987
1784927
27831985
325495
42057895
31478315
35721001
1563881
16266781
36849632
46950649
2967690
41291448
37452015
45357230
41014521
39861585
33080419
32091568
33321723
1072650
413470
31321106
16054127
33052035
29673090
35664865
8896231
1795591
5674011
34884676
39398682
417658
36094392
14026241
47115489
27397057
44098129
41622579
36496295
35090321
34251417
31925269
30619106
1368810
31500572
46578483
47663974
356914
2394078
731769
595215
45988048
40589404
46737318
36762392
30872897
1920280
27476845
40653131
27354496
44341201
15674567
39663
15828281
3218856
191083
44022837
32543426
2022582
31498417
901296
42929614
1664251
43701102
20508721
499787
46716354
34180569
10694991
31922041
31805492
895632
11075901
1573474
1207492
38299917
33519015
13741421
44888708
39110483
29632585
37488179
2066900
33350497
338524
37727399
43038019
31326611
43997516
45576194
35944277
440114
41723789
7540461
27320473
36751486
29192125
2859156
1562989
14028151
30330786
36291955
20246482
47772368
15815877
16445740
30852887
40678592
46312370
36557501
47187825
47004401
27876262
838910
29241068
43318137
34306039
44325
34367432
39958060
45273880
35959134
38963779
38413069
36928403
45757654
46328212
34607339
32095417
43740077
2416244
34854332
33650487
31451167
46441307
44798093
29902611
30348316
1674665
323494
33880811
38296369
38580835
47596117
36804885
47704257
47704429
47704884
34526221
47704150
40982067
47705046
36703081
6647601
40574364
1077386
35906528
3034532
47749874
47749957
44162703
40439959
47705316
47651446
47726396
40667420
1435305
173898
47726522
42027587
1557713
47728664
7128081
45757801
38189050
9669531
835962
29653756
47717548
47715168
31394077
2041152
34450292
37273877
1092136
47221767
47698924
46442278
39410289
47690171
47694511
36040285
235720
32916056
44298062
44766777
350046
47658340
44519246
46411886
46543029
30935981
16075111
6518691
1642310
47661756
43616552
47651430
34352584
37191019
690071
976952
47656494
47656344
45525248
43637240
43636765
13797691
47645071
47583656
37270043
45002913
46208381
46185226
44536810
3092638
46442156
37512420
34714895
38065482
20448532
36660866
47619495
43376737
47630757
731740
8859801
38388818
41367194
16457329
47623937
46554412
31088321
46848762
47621182
45803840
46441158
35968725
42425764
46441283
1952448
4238731
13825821
7546591
1126892
45505081
47593968
32041576
43762390
31421714
604329
1251955
34268940
44474780
47606246
422836
461027
1502356
1450237
15231521
5947531
30229260
47491416
47590413
46939557
42425397
47532853
33129874
34857022
45521473
37061663
34108609
47569242
34664661
45789566
4917821
47368273
46025386
811974
9976211
38206730
39147621
76934
36893526
36748465
35356466
46542374
46505586
42425241
44117474
44545745
47397948
46020057
36266626
1515834
47511529
30656932
34656089
41856164
47531399
15749141
42405041
47477154
36772578
47527882
33681928
29650066
38570678
2384610
37391952
6002901
1430045
1766941
37842897
484918
32561635
41985646
1306221
29004482
1899540
39693476
3352771
47519240
46659603
10559921
37314712
1495148
36421773
46180939
35648534
47508580
44755891
33567901
30161279
38420098
44070277
42373885
33375253
32561562
2560106
47496356
47490869
35703455
37183393
47487031
12240291
47482793
31448506
46179917
47473590
16369510
46323259
31744
2288902
30251532
24655228
3049907
31172637
596167
128693
47468131
36061514
31690578
37124606
119376
2091054
33181084
39011023
37333669
45485012
29638879
40202215
15596225
1313728
47454267
2835074
47454089
35134764
37781234
40903138
47452882
47452605
33012343
40390485
47450159
31781162
47417343
16464154
34149952
47305556
47304975
47277109
4045281
44270317
902762
36753181
47414919
35266418
47435147
33114324
47439523
30430820
46001613
15706969
1352478
34039957
3017685
47358142
47358591
47427344
32653535
869561
904061
31963927
30136276
16652077
44002156
35704433
1877530
2831626
107322
35949017
47349661
29931219
38443675
34065019
16710268
41871077
38504120
787957
37016653
833768
39170812
35586471
47408796
36058595
885936
35008493
37422961
36768829
40168236
38095687
32602679
47351895
15623990
256652
6299361
350737
41576793
36261291
47387143
34288861
43868759
30692628
20172814
45023377
1735
11798
611709
559985
47188647
3407761
1741663
40328496
36050
36076994
34039531
20163121
38215952
47230914
40600923
44599867
129131
166380
14505171
47188455
747359
1179613
