1013720
14950211
46993791
47997114
14382921
46473934
43947541
42501030
44803077
40945157
47930026
46576248
35793405
31811199
43686943
289548
41593559
36413583
43494458
46441283
47869672
47491543
47868102
42027587
43236174
47854978
47389416
47854410
37962279
29777439
43015770
44412070
38022316
47838291
20201428
946625
45505081
47052924
47778906
36677803
38099266
47176019
33567901
33211844
30692628
43064917
44022837
47665460
757599
37847929
47004401
47651446
47728664
30348316
440114
47523972
47705549
39410289
44169385
47694511
44298062
46210041
497208
38065482
47619495
35134764
336159
1642310
31500860
2050286
690071
37748639
13797691
44536810
34714895
549368
35906528
45981674
44800400
16472947
46828838
9385221
37937293
44002156
36370607
45525248
43077956
47593968
35787021
47609488
34268940
44474780
35532108
38385633
35949017
37061663
19065
1294972
44007420
47565670
1450237
39139537
35356466
30161279
1430045
47397948
44070277
484918
43762870
47516881
34271915
46677500
47496356
43104337
47493890
47411493
39892594
35703455
47482163
1701337
31448506
37512420
44545745
41576793
47433838
47473590
36359674
37978482
31766278
47427344
30575433
47454089
262103
30430820
119376
36660866
37183393
26105
14505171
45223202
40202215
47452605
47453317
47452351
1313728
36353300
47450512
39880797
1217162
37391952
34149952
34723761
46477152
44270317
34844519
32133313
29650066
40168236
47408424
6864881
2560106
32653535
47428088
30136276
38095687
43098007
36748465
1454595
38443675
41871077
787957
833768
43734740
36058595
47408097
885936
35008493
3113519
6569771
37422961
15640419
47322192
29580977
256652
6299361
47365209
44863496
350737
869561
29015623
41856164
36358059
39672592
41018492
15752220
47378292
47383757
47381284
47376284
46908782
44599867
45521473
47368273
47366808
15640799
41533789
20172814
38087037
46487027
11798
559985
47349661
38327738
36050
34385049
41867272
36582847
819604
38215952
15724439
36177229
45039048
47335870
3039342
44165505
31759977
34000110
32390084
2365508
47324560
31623338
46654120
47298198
47227341
47318977
32929368
32041576
33667720
45818068
43376737
38860322
37432552
40388727
195008
40682417
45692230
32121342
3049907
36643797
34656089
47179247
47144878
13825821
45787273
2861564
29638879
37881385
15231521
1352478
8329381
39688519
47280632
38547419
45002913
37093596
35601687
42223633
34935669
46025386
39702608
3020399
2268970
724199
40328496
38541316
30283038
3332131
2041152
47161437
1877530
38908163
47253962
41622579
32029613
27468427
47249961
369003
2296424
41073123
38566770
39007267
35704433
46303522
34815842
41514691
5658921
42297858
37054377
1136495
596167
33228745
37936505
39969276
2474458
33719282
44382235
29561077
37054012
40818502
47234878
3931101
46585159
44233189
14522191
43740077
41583566
36887514
37623667
36566001
1532300
31887466
43701102
34039957
16652077
40747654
831528
16353691
47131837
34021836
33178978
47067876
47022912
42026638
469051
47223685
2180884
42200942
1368810
1085145
37048405
47153504
47188647
7179401
30229260
2574908
32139827
47223195
47043167
31172637
3204018
16028388
15596225
33650487
38504120
33997138
5416941
36904927
29931219
40903138
34134004
45007213
1354597
33012343
8859801
16281223
33721921
41359295
3684401
36954591
40982320
2864498
35867886
38254966
36557501
36496295
35586471
37546190
2030918
29082263
40755081
1735
27907500
24448587
36607948
28137
822558
38933575
33622365
34439726
29047171
47054439
41217671
41285607
37808009
47161414
35881494
