7372
9134
11030
11798
11876
23386
26105
28032
32666
36050
38309
39450
43347
45978
58228
68971
74587
74955
118458
119376
134457
135120
139713
144689
149574
157910
159241
165184
187782
188965
190954
194016
196317
218213
219392
242556
256652
279202
286780
299601
302622
306108
317963
320752
321868
325709
330392
335834
336159
347700
348832
350737
400322
413515
421456
429212
441881
478197
484918
495302
497208
497880
528970
549368
550753
552245
559985
596167
608698
611302
650445
663139
665830
682034
690071
714444
743460
743884
749247
761552
772947
776180
826626
831528
833768
842747
885936
886922
888652
922703
950360
968015
975165
979925
999348
1034763
1097728
1112327
1140447
1143220
1169568
1183427
1201332
1230653
1243786
1246243
1251955
1258030
1309996
1310104
1313728
1333083
1368810
1382548
1392805
1418418
1427564
1430045
1436471
1450237
1460367
1495148
1507511
1515190
1542338
1550107
1551427
1555852
1563881
1567169
1582540
1612332
1613289
1620551
1642310
1643975
1644196
1657358
1682811
1697519
1701337
1761167
1796237
1821325
1829452
1857240
1877530
1890194
1903292
1907156
1922784
1958534
1975098
2016738
2029342
2039426
2069864
2097316
2142876
2204776
2215016
2238228
2257932
2264202
2264584
2332348
2334606
2400926
2450842
2454224
2560106
2666674
2670490
2681528
2688424
2715136
2723410
2724988
2795598
2914926
2940804
2944986
2970132
3020399
3032431
3048875
3095369
3137500
3140811
3174121
3181484
3181822
3214897
3979481
4300391
4719401
4904791
4917821
5045391
5644541
5658921
6190191
6233291
6260971
6299361
6314531
6425061
6477461
6490561
6647601
6711691
7540461
7552111
8004311
8620191
8859801
8896231
9035721
9094321
9244041
9361461
11268191
11277471
11451121
11961001
12128141
13797691
13865351
13999431
14045251
14350631
14505171
14522191
14993701
15137361
15238601
15583108
15596225
15599524
15623990
15640799
15706969
15729279
15752104
15774451
15786513
15820633
15821787
16067006
16128806
16169562
16217582
16430257
16457437
16504111
16547311
16652077
16710268
20172814
24255726
24655228
27093694
27544747
27645211
27719479
27788122
27887242
27932650
27933505
27934539
29027196
29065021
29072050
29129925
29145300
29189329
29196994
29564986
29650066
29783635
29821975
29876391
30117008
30136276
30161279
30348316
30369192
30410782
30418201
30490609
30573058
30692628
30731087
30767096
31020841
31082396
31172140
31366253
31448506
31478315
31525614
31540271
31550212
31669637
31677098
31781162
31849635
31925269
31963927
31974640
32001709
32006007
32023809
32221815
32274922
32300368
32376022
32378859
32482095
32493715
32496812
32547426
32622629
32636782
32676884
32726406
33052111
33054806
33056130
33088145
33114324
33196227
33263363
33306221
33375253
33376100
33492019
33520429
33667720
33788293
33794697
34032830
34077296
34134004
34168362
34268940
34341137
34439726
34491726
34522523
34538354
34607339
34620699
34702735
34761640
34789300
34853928
34886224
34934517
34977221
35008493
35134764
35188141
35316515
35322329
35356466
35388257
35421299
35485494
35520100
35545748
35658877
35780359
35798485
35892158
35917676
35941718
35949017
36020360
36040285
36058595
36094392
36359681
36367831
36402740
36407722
36413583
36421773
36578450
36607585
36660866
36748465
36751486
36753181
36772578
36851315
36919501
36926243
37021876
37039599
37054012
37061663
37064392
37124606
37251405
37391952
37422961
37477808
37546190
37603804
37638400
37642160
37683789
37709854
37748639
37750044
37942128
37962279
37987387
38032583
38065482
38087037
38095687
38189050
38215952
38218223
38271468
38302994
38374990
38385633
38413069
38420098
38443675
38504120
38594007
38667277
38725869
39139537
39193270
39250294
39253729
39255036
39410289
39416559
39493094
39525069
39540480
39645605
39672592
39889486
39933061
40168236
40202215
40222092
40328496
40421756
40464318
40558511
40648256
40653131
40678592
40704110
40896759
40902096
40903138
40953884
40982067
41170699
41196633
41286185
41350753
41436722
41593559
41632851
41731753
41864342
41867272
41871077
42027587
42315412
42405041
42501917
42600441
42698273
42774864
42880339
42897269
42979050
43077956
43102385
43134729
43236174
43354899
43707855
43762390
43778934
43894753
43900021
43945490
43947318
43953617
44027392
44027628
44027773
44028462
44029151
44029300
44029561
44029717
44030103
44030221
44070277
44138952
44270317
44298062
44412070
44474780
44502348
44519246
44521937
44536810
44545745
44585952
44599867
44747247
44800400
45007213
45009792
45021734
45155556
45214871
45343619
45345514
45505081
45521473
45525248
45613387
45756987
45789566
45803840
46117940
46132621
46207189
46272525
46292964
46301843
46328212
46328326
46328525
46426941
46441158
46487027
46543029
46554512
46578483
46635654
46659603
46689527
46689782
46898611
46974021
46989502
46989839
47004401
47067876
47128997
47153504
47176019
47177102
47187825
47192419
47322192
47338444
47389416
47397948
47408796
47409655
47411493
47421299
47423968
47427344
47433838
47439523
47440760
47442894
47443162
47443596
47447639
47448131
47450512
47454267
47457041
47458057
47458848
47459659
47470333
47473590
47477154
47478439
47480644
47482793
47484822
47487031
47490869
47491543
47516299
47520005
47521374
47523972
47527656
47565670
47603951
47609488
47651430
47651446
47658877
47663974
47799520
47814088
47854978
47861889
