45739855
36583105
46471114
46442278
33909240
285078
48027507
44283738
41737790
48016257
47974602
38087037
48012180
40818502
30271595
36808298
47900761
47894397
47955173
46345088
33894301
42501030
45739577
14382921
33232042
46473934
40982320
30664623
47955473
44549364
45757654
47937217
47663542
40945157
46576248
1470788
34607339
952584
47883444
1895100
44138952
9347671
46441283
47619611
34884676
46302587
46226352
2817412
43348474
35951610
47809115
33307262
47752135
47491543
1500327
39471098
2495956
47854978
149574
1564659
37750044
47616526
37962279
47846874
47389416
46689782
44412070
43236174
38796319
47835931
34234467
47452640
40574364
47569242
16710268
47778906
29165738
47788675
1006048
47788452
29503023
47752079
1156223
40678592
37583211
47596371
47596117
37208712
47704429
47704150
47705046
39539062
47728664
47749874
40439959
47738794
47705316
47736866
33621348
47734735
47726396
16044663
47726522
7128081
46542374
14658981
1515190
34951373
37748639
29653756
47717548
30692628
180604
975165
47705549
47455013
1092136
585327
37273877
47566404
1696844
2186258
47698924
39410289
15631017
47690171
47694511
2722854
36353300
46635654
4371211
44298062
42027587
44519246
1187165
47658340
2389568
350046
37459452
45176306
47523972
37835801
30935981
47661756
30348316
1642310
3020399
37191019
690071
47658877
979013
47656494
47656344
45525248
35008493
43637692
31543514
43636765
13797691
35180848
47645071
47583656
37270043
47619495
37512420
44536810
38065482
29649316
36660866
34196472
8859801
1450237
47628530
47630757
40328496
32389649
42986642
29777439
1134513
16457329
47623937
45235954
43655893
47621182
42425764
47616452
32198539
7546591
39672592
1126892
35787021
46117940
32444603
34268940
44474780
47606246
422836
47603769
38037858
35191439
39061573
47491416
47593968
33278514
47593059
36080478
47590413
47588578
40940986
42425580
42425397
34857022
45521473
37061663
7876371
32376022
37078428
38385633
16073157
31974640
12471661
45656246
833768
5216031
36748465
35356466
33212535
1364487
42425241
11096711
30161279
37054012
47397948
32409459
47511529
27175597
47531399
15789805
47477154
46659603
8620191
47529210
33179635
47527882
47527875
6002901
1430045
44747247
47192419
40680602
47520005
34656089
47519240
36058595
10559921
47516299
1495148
837162
43591631
36413583
15988020
1923328
484918
32121342
47049846
39889486
42993963
38420098
33250285
44070277
42373885
43616552
42373741
33375253
47305854
33263768
219392
29755139
34387564
36421773
6299361
747675
23455
36879718
47496356
43104337
44418143
41632851
47223195
32246575
47478439
32754475
8329381
43868759
55188
34439726
32685060
47411493
336159
47490869
885936
36851315
39747463
37391952
29541566
35703455
1867824
33292729
27202855
31887466
24586616
47487031
41283546
32904985
30484191
47473590
47484822
1388397
15962880
46939557
45863635
46430128
47482793
36523759
38850077
35532108
46844955
31448506
1403021
2560106
41547182
31468537
29650066
44545745
2981972
15707110
27508093
40442860
90796
41578923
35310395
40600923
42405041
45023377
904061
1701337
44165505
36050
2238228
44169385
30251532
46025386
1291319
37422961
45505081
13446
31172637
40730287
37251405
1051286
46356931
128693
47468131
36061514
31766278
35776862
1093826
1150366
2827104
2491948
33137913
1510906
29797490
1898766
43376737
37124606
42520168
32602679
12545151
32676884
36614161
27715426
39489443
31311518
47461312
235720
119376
39161111
2091054
33181084
34288861
40701193
20172814
35793405
37296762
38296369
2889014
1610361
3565161
46245577
46554512
33028865
37183393
30283038
45485012
29638879
15596225
32029613
15231521
15783943
37546190
33015800
869561
1313728
38095687
31759977
6455781
16169343
33599119
36792599
40202215
42116343
76934
265732
33880811
38388818
27649561
44002156
47454267
2835074
47454089
2945482
29786748
47134088
47131837
228748
11798
34074480
3049907
256652
37781234
40903138
35520100
47452882
47452605
39327860
47452351
1065391
4232141
40708147
37224976
40390485
14505171
47450159
45780548
42230726
31781162
46292964
15794652
37736681
39880797
35949017
43686943
31833200
36266626
37199454
33187551
1502356
151922
2831258
31880815
356914
757123
35586471
1877530
22814620
3034532
41583566
34471324
39688519
20163223
34149952
29902611
14522191
39011023
37727399
29815920
35959134
2864498
36954591
27933505
30872897
38657276
43077186
2790348
30062930
350737
34538354
47417343
20310952
34323652
43855044
33551183
44117474
47277109
559985
34822783
35208076
30369218
24655228
30136276
47351895
44842461
31744
41856164
37718132
34854332
45343698
7125561
13999431
34232185
45343619
1085145
38946650
46477152
596167
3178636
3024929
2574908
29931219
4981411
1964526
32561635
16084020
15671315
33012343
34134004
880919
47176019
31623338
33313938
39203082
32809758
41985646
26105
47022912
902762
38215952
3407761
42532721
44599867
38580835
41110482
1557713
36753181
594787
1000103
36643797
37520186
144735
33114324
47435147
47439729
47439523
37333669
47427344
32653535
38504120
4045281
30229260
790656
