1735
11798
36050
43925
79759
83166
113897
228748
310033
350737
484918
538621
559985
596167
663682
689838
761552
787957
819604
833768
885936
1072650
1313728
1619557
1877530
1885884
1899896
1909080
2491948
2560106
3020399
3098274
3846811
6299361
6355641
6865391
7011261
7179401
7330061
8599771
8859801
9361461
10195431
10887981
11383191
11406731
13825821
13999431
14176361
14415941
14505171
14522191
15102371
15231521
15581377
15596225
15668079
15706969
15938450
16083992
16112690
16152450
16198933
16200290
16211694
16315933
16333561
16418911
16563751
16652077
16670224
16713727
16804231
20167189
20172814
20206645
20549524
20565718
20566834
21463242
21614119
22647238
27122866
27138115
27272083
27286168
27300136
27448792
27453217
27513193
27527992
27570205
27678379
27689377
27784066
27798646
27799810
27902979
27933340
29092290
29099846
29146330
29173895
29176341
29204736
29323526
29571108
29571316
29572067
29586089
29637740
29638879
29650066
29673090
29753961
29831504
29931219
30136276
30148203
30167634
30201822
30230122
30262906
30283038
30318459
30342405
30342989
30369218
30430820
30436573
30450833
30537884
30539715
30650361
30672019
30714402
30908831
31008709
31090390
31105569
31130349
31140147
31208597
31244623
31255056
31434986
31448506
31453422
31495479
31498116
31498417
31546568
31548792
31655420
31751400
31762662
31766278
31781162
31791987
31880815
31898212
31963927
31964478
32017855
32021803
32029613
32126568
32176103
32220279
32263125
32308936
32318771
32389904
32459102
32561562
32600182
32603445
32658122
32676884
32703125
32745703
32785861
32809507
32820954
33012343
33085387
33111674
33114324
33132119
33183450
33187551
33212772
33236664
33308956
33319792
33351848
33375253
33390952
33445727
33521044
33591923
33602703
33608062
33609580
33719282
33737124
33739595
33772719
33860932
33876325
33936442
34021808
34039957
34042846
34083253
34232272
34234731
34313704
34367432
34451070
34488307
34553280
34571044
34656089
34714895
34752860
34789727
34829884
34842004
34889479
34933046
34935669
34963255
35128270
35171640
35173049
35340305
35401790
35417834
35462175
35532108
35542573
35552136
35586471
35594084
35652721
35693562
35703455
35704433
35712328
35776904
35797666
35842531
35949017
35956664
35959134
36009182
36069276
36120204
36239345
36261291
36298228
36311632
36330119
36426498
36449254
36469941
36477621
36479049
36748465
36753181
36775060
36834648
36887514
36937667
36954591
36966646
37094468
37124606
37154466
37174539
37177773
37183393
37218092
37333539
37351036
37422961
37441025
37460121
37473305
37512420
37551899
37573558
37705088
37736681
37800615
37824362
37825261
37854231
37867981
37873835
37942090
38001692
38012979
38093199
38095687
38141639
38215952
38233270
38254372
38303324
38495580
38499598
38504120
38680859
38753165
38759943
38766635
38823095
38845853
38850077
38923533
39177475
39185052
39203082
39277677
39286569
39290158
39672592
39861585
39872371
39886727
39904765
40000914
40202215
40284916
40328496
40377705
40442860
40566980
40600923
40648256
40755081
40794216
40818502
40877485
40903138
40945157
41110482
41128286
41212169
41285607
41455152
41578923
41630304
41632851
41837022
41856164
41985646
42502130
42508219
42629037
42775176
43682953
43740077
43962411
44002156
44239457
44246553
44270317
44403289
44599867
45060685
45075620
45155556
45305176
45346432
45692230
45789566
45943697
46001613
46025386
46245577
46272525
46312370
46429254
46554512
46671544
46803804
46950649
47004168
47004401
47022912
47027454
47153504
47161414
47161437
47189877
47223195
47277109
47304975
47351895
47351929
47358142
47366808
47402558
47408424
47411493
47417343
47426681
47427344
47433838
47436666
47438402
47439872
47440558
47448912
47450512
47452605
47454089
47457041
47461312
47468131
47468825
47484822
47485729
47490869
