45739855
46345088
34243702
47177102
975165
45739577
40982320
30664623
45757654
47940543
40945157
46576248
35793405
46012061
40574364
289548
952584
44138952
47895395
46226352
43348474
37750044
33567901
47752135
47491543
47868102
34656089
43236174
47389416
47854978
37962279
47846874
30692628
44412070
38022316
46060844
47838291
38796319
47835931
20201428
2098570
47715168
37638400
47778906
36677803
38099266
37075133
47176019
47752079
40678592
47767266
1092136
47749874
40439959
45023377
16044663
47728664
7128081
46542374
38189050
1515190
34951373
30205043
38065482
47698924
47694511
30136276
36353300
44298062
46210041
38557447
46689782
37835801
1642310
47651430
3020399
37748639
979013
35008493
47619495
43636953
13797691
44536810
37512420
549368
47628530
8859801
40328496
42986642
6002901
45235954
44002156
37048405
39672592
45525248
32444603
34268940
44474780
422836
34385671
40940986
45521473
37061663
32376022
44545745
38385633
44007420
16073157
40464318
47397569
11272311
1450237
833768
5216031
36748465
35356466
1430045
37054012
47397948
30161279
34439726
32409459
39895988
44070277
8620191
869561
47527882
32676884
37391952
38579246
47192419
36200075
36058595
34134004
1495148
36413583
484918
42993963
45789566
40168236
33375253
45391268
36421773
6299361
38087037
43104337
47490869
1701337
47478439
885936
29541566
35703455
44233189
33292729
42798547
47122833
34297224
34085676
47482793
35532108
47482163
31448506
2560106
41547182
47468131
29650066
1171095
41576793
47368273
47473590
42405041
47067876
44165505
36050
2238228
46025386
37422961
39886727
37124606
37251405
36261291
2491948
37881385
5658921
38292454
119376
34288861
20172814
36660866
1470788
46554512
37183393
26105
29638879
15231521
33015800
38095687
40202215
40818502
31797942
47454089
40127134
47131837
11798
1313728
47452605
256652
40903138
35520100
35867886
41514691
31781162
37736681
35949017
43686943
47417343
2831258
31880815
42177082
35586471
1877530
37321660
14505171
30008136
34149952
39011023
35959134
2864498
350737
43712100
559985
41856164
45343698
13999431
45345514
30289612
46272525
47308814
45343619
1085145
44599867
36234386
596167
38504120
29931219
39969276
4045281
1964526
15671315
33012343
47427344
44270317
3407761
34844519
36449254
38215952
