68971
190954
484918
596167
885936
1169568
1333083
1382548
1402268
1570547
1582540
1857240
7128081
11168991
12755921
15546603
15583108
15689438
16067006
20172814
24655228
27093694
27544747
29015921
29241296
29650066
29931219
30136276
30767096
31020841
31082396
31172140
31264380
31698620
32410289
33012343
33306221
33667720
34341137
34702735
35793405
35951610
36094392
36826086
37054012
37061663
37251405
37281322
37366473
38087037
38215952
38218223
38354753
38504120
38594007
40800953
40903138
41856164
41897830
42212246
42712950
43147041
43236174
43250667
43617911
44070277
44474780
44599867
45179389
45225226
46482785
46487027
46538550
47020213
47101780
47122833
47140209
47223195
47341362
47565670
