45739855
46057587
42107554
14382921
40982320
30664623
26105
44803077
40945157
46576248
35793405
952584
43903985
38218070
46226352
37124606
35657092
47491543
41856164
47389416
37750044
47854978
635944
2491948
30692628
44412070
45023377
34607339
1092136
37191019
29777439
36353300
44165505
1515190
34951373
30205043
30136276
42027587
44298062
497208
35949017
30935981
38273490
16174613
119376
1642310
40344160
979013
885936
45525248
975165
35008493
13797691
16652077
45176306
46442156
36660866
43376737
31540271
47628530
8859801
40328496
45235954
40168236
45092208
38065482
34268940
46752747
336159
30229260
46554512
35556629
47452605
31995113
40940986
11798
45521473
37061663
32676884
33292729
32376022
35867886
44545745
38385633
34664661
40464318
1354597
833768
35356466
30161279
31887466
1430045
33114324
37054012
47397948
47533193
32685060
46879905
596167
44070277
46659603
47022912
8620191
34963301
20172814
29650066
47527882
15596225
219392
27138115
47192419
31448506
3168506
35703455
40818502
36058595
34134004
13999431
31683324
37183393
46303522
46989502
29887929
42993963
256652
2831258
33375253
1171095
30283038
14522191
350737
34439726
31409774
847736
869561
559985
45391268
32561562
2560106
2864498
39688519
1085145
36421773
39969276
1474421
976952
6299361
484918
38504120
45214839
1877530
35959134
507929
41632851
41578923
47131837
44599867
40648256
38215952
33012343
38095687
36050
44902260
47477025
47478439
40755081
47427344
35586471
40903138
14505171
