122801
219392
251548
484918
559985
596167
662901
737660
819604
842380
908695
1000103
1403021
1430045
1867824
1877530
1923328
1932870
1962364
2186258
2238228
2560106
2831258
3168506
3407761
4981411
8458681
9361461
14626361
15231521
15596225
15707110
15797480
16089037
16202778
16464154
20172814
20310952
24655228
27138115
27202855
29650066
29826051
31172637
31448506
31660678
31759977
31842456
32288681
32462492
32561562
32561635
32676884
32904985
33047022
33128903
33187551
34257553
34313704
34439726
34569924
34623214
34638196
34656089
34844519
35208076
35703455
35704433
36200075
36434146
36792599
36804885
37124606
37183393
37234673
37314712
37374584
37391952
37601679
38035875
38082096
38215952
38579246
39310677
39581020
39969276
40680602
40730287
40818502
40982067
41514691
41583566
41856164
41985646
42005294
42116343
42297858
42405041
43343712
43894753
43956641
44002156
44070277
44456717
44599867
44842461
45023377
45392282
45435960
45568935
45803840
46179917
46659603
47022912
47192419
47223195
47349661
47440558
47454089
47468131
47477154
47482163
47482793
47484822
47485729
47487031
47490869
47496356
47508580
47516299
47519240
47520005
47527882
47531399
