36050
55555
137223
156376
240316
241208
284409
284526
316333
350046
362019
377428
467642
468123
480103
529402
544729
596167
753758
780171
781716
833768
922703
947424
952584
1092136
1243937
1343056
1375382
1406539
1450237
1474421
1515190
1524210
1534380
1701337
1834812
1843074
1906994
2242494
2336624
2379088
2450842
2695476
2744810
2864498
2966040
3039342
3124052
3190499
4232141
4548981
6057671
6178821
6328601
6529121
6647601
6906571
7011261
7063171
7158451
7179401
8004311
8040861
9701681
13943411
14270431
15517331
15615189
15724439
15729279
15789805
16012731
16073157
16117522
16131003
16652077
27175597
27511300
27627952
27705658
27804535
27822787
27915539
29578013
29600334
29636643
29810412
29876391
29931219
30136276
30139122
30149221
30398408
31024889
31084666
31392608
31405965
31632653
31727017
31766321
31815067
31995113
32004066
32191890
32294965
32370298
32482095
32516956
32595977
32602742
32685060
32927669
33072830
33073014
33232042
33256572
33467222
33794146
33908679
33936364
33957213
34021139
34039531
34243702
34292198
34325794
34326835
34359189
34656089
34664661
34821861
34853053
35015159
35301602
35520100
35549764
35551110
35565667
35590998
35724326
35762054
35762575
35867886
35949017
36117710
36141473
36280940
36519786
36557501
36634038
36639468
36673717
36685011
36851315
36893693
36900459
36954591
36995972
37127115
37183068
37183393
37292563
37546005
37590878
37634409
37843534
37927239
37993205
38089066
38121509
38121701
38127848
38182077
38215952
38254966
38282085
38302428
38327738
38378876
38410490
38443675
38504120
38538968
38651345
38678207
38747840
38860749
38997259
39250294
39510587
39645605
39688519
39886727
40168236
40255440
40375098
40442860
40478260
40663165
40827416
40871547
41213155
41265174
41414352
41457700
41821464
41871077
42084939
42428472
42673553
42880339
43044654
43060808
43134729
43222751
43289986
43376737
43648960
43762390
43764452
43947541
44070277
44138952
44165505
44224329
44238298
44270317
44382235
44585952
44618374
44652948
44901037
44957931
45029251
45195797
45227760
45274605
45299010
45305266
45329506
45331555
45435697
45451343
45463620
45470483
45474046
45510587
45518740
45571591
45640833
45679597
45709874
45751808
45755862
45803840
45894868
45947284
45968121
46001613
46117940
46133173
46140584
46196797
46208977
46213120
46293124
46293810
46312379
46394812
46445891
46464940
46474079
46487027
46492982
46503192
46504551
46504632
46514375
46519065
46519708
46539941
46578483
46659603
46677500
46687273
46689782
46692372
46707495
46708983
46719510
46722894
46724568
46728395
46734922
46738063
46753016
46760247
46838501
46900968
46937562
46957476
46972263
47018601
47019439
47029755
47032040
47053487
47064064
47131837
47131901
47152649
47188647
47192419
47207979
47212385
47223195
47249961
47269494
47280314
47283880
47322192
47376659
47397569
47397948
47403806
47411493
47423945
47434876
47460129
47469760
47473590
47478439
47499148
47509523
47521374
47527882
47537413
47564695
47584482
