45525248
240187
1812889
34243702
37124606
16490560
47762546
46345088
40818502
268813
44803077
34903603
36808298
47997114
46473934
147035
2050286
5617901
35241545
46576248
42501030
14382921
15798631
41834161
47952768
42970899
47949602
1579038
44163777
32676884
47663542
36359674
47940558
47940543
36660866
4803181
47930026
37054012
35793405
46012061
26105
47799520
952584
43158835
35520100
44138952
36413583
1224222
46328212
37103833
44284849
46441158
46302587
283487
46226352
7876371
27896356
35657092
32567851
39012655
47879517
2783282
45362797
47368273
29600334
16073157
47871848
31484816
176028
46301981
47865553
41399936
47022469
29826051
34656089
43236174
6906571
32490771
34548976
43686943
36247416
37750044
47389416
40663165
47854410
29777439
37962279
39914632
36726098
46919984
47850411
47848860
2491948
44412070
45023377
13999431
2230652
47841377
573227
38796319
1930960
37061663
38538968
20201428
47829628
40574364
8620191
348705
36132341
149574
15238601
38296369
38095687
36766421
37075133
31394077
37609896
35322329
47176019
38159556
41477852
36471897
41582800
47777095
29311587
14026241
1450237
33028937
31887466
31049200
42200942
1092136
2043228
30229260
41583566
47742657
47752079
36889904
884061
34607339
6647601
38413069
36058595
46487027
1339042
47734735
37223289
3124052
30161279
40478260
44430385
16398877
32209191
32703125
15543377
16652077
41856164
44165505
24655228
1515190
33567901
32409459
34951373
10559921
35281191
37251405
33578569
47705549
29143388
1899896
44789299
1701337
47566404
36582847
256652
47698924
36650218
1729671
31287507
30736887
27175597
45968710
37713901
16101243
36050
47694511
37937293
36353300
35166066
40436877
32795197
39663
42027587
47651446
29650066
29027196
44298062
15231521
20505799
1392545
866596
43376737
37550336
144453
27799810
38298634
1085145
44519246
166651
27836164
40168236
497208
47675856
13825821
1470788
36879718
480783
2066900
41514691
47338444
30712289
35949017
47131837
32079756
40903138
39939581
33548178
45176306
38065482
40328496
5658921
46208381
38001692
46180939
20172814
2955500
47221767
46689782
14505171
45030226
15724439
32080331
29004482
34884676
34439726
42468526
2723410
16174613
32029613
43016837
975165
276141
32462492
47473590
30348316
559985
47619495
30819324
36496295
2955762
35134764
38459912
30136276
38504120
596167
2560106
42742458
1642310
2186258
37321660
37094468
1231476
289548
1846432
1564659
31172637
37199454
30008136
43076820
47523972
45521473
43373445
3020399
35959134
32222388
35378818
44599867
7179401
47004401
36170647
1563881
336159
37488179
47658982
47658877
16050617
36900036
27138115
29887929
15596225
41283546
33650487
30430820
37191019
35704433
40344160
235277
979013
7540461
37748639
8458681
38215952
47656573
36887514
33012343
331561
32722484
15102371
2574908
44070277
44474780
38196585
35315526
35867886
42528841
2215016
33114324
113897
38032583
2981972
