55188
89483
132900
142145
149574
156376
174875
176028
182652
209357
219392
270988
308564
326035
333977
350737
356914
458271
461105
475321
502799
529402
531846
596167
646897
662901
723052
823161
833768
852015
856151
857179
873902
902762
903795
914385
1007058
1029377
1059426
1085145
1112602
1113778
1137598
1146459
1151459
1166405
1209909
1222000
1228236
1254215
1316340
1354597
1375382
1376234
1430045
1445371
1474010
1495148
1500327
1502356
1546518
1557713
1563881
1613020
1634949
1655201
1691178
1701337
1768405
1785505
1867824
2036688
2038034
2091054
2302866
2393674
2560106
2603944
2721168
2864498
3043392
3172424
3190499
4098391
4463561
7546591
8663401
8750541
9006571
10875851
11923871
12204791
14405041
14505171
14522191
14891711
15007081
15046851
15580348
15582766
15707110
15724439
15834175
15986276
16045869
16073157
16117522
16129138
16176263
16213182
16450480
16630303
16652077
16692985
16710268
20163223
20428294
20450062
27373033
27560938
27577696
27715426
27753742
29027196
29166949
29187149
29244115
29276614
29293021
29330355
29502582
29519529
29547729
29602263
29620254
29650066
29777439
29810412
29889111
29931219
30136276
30251532
30283038
30692628
30731108
30770314
30787053
31083446
31759977
31785762
31842456
31880815
31884662
32198539
32198828
32198988
32209191
32418177
32496589
32602742
32636782
32653535
32750142
32766237
32904985
32960758
33012343
33114324
33128903
33196610
33305492
33578569
33604562
33667720
33788293
33869553
33880811
33885536
33902024
34074480
34083253
34134004
34164316
34176815
34196472
34295100
34388083
34563425
34633845
34656089
34753197
34854332
34977221
35127509
35160490
35232645
35362146
35449059
35516896
35532108
35586471
35630997
35704433
35721001
35747647
35779872
35790928
35856961
35874337
35883998
35884107
35981618
36061514
36080478
36107347
36266626
36341680
36458297
36471897
36523759
36660826
36726098
36728204
36728751
36789803
36894353
36894430
36928773
36947262
36954591
37005980
37183393
37255335
37361145
37425820
37596867
37627709
37736762
37770232
37775650
37864625
37871739
37997804
38002155
38024362
38033095
38148138
38246632
38254966
38273490
38429407
38504120
38519941
38535689
38538968
38609195
38653950
38850077
38935875
38945158
39019247
39072259
39139537
39170812
39295247
39310677
39357730
39396803
39454457
39639797
39706109
39824063
39876830
39886727
39950919
40127134
40152266
40160563
40439959
40442860
40600923
40730287
40735688
40818502
40903138
41023811
41367194
41520160
41578923
41689901
41908175
41913784
41975804
41998150
42157258
42160122
42162600
42172914
42218055
42230297
42297858
42354234
42425016
42425397
42425580
42425764
42445572
42463761
42531162
42576727
42586385
42587211
42601556
42616300
42632101
42712112
42789683
42814603
42867663
42893171
43000440
43104337
43181357
43200752
43236174
43246279
43348474
43655893
43735577
43760220
43762390
43887655
44002156
44122607
44165505
44233189
44238567
44282300
44283738
44298062
44430385
44449784
44799628
44842461
45067849
45136485
45184976
45260853
45272125
45273880
45297124
45308342
45355148
45362797
45391268
45420562
45435960
45505081
45506034
45550714
45558296
45647338
45652682
45693603
45727234
45740493
45751041
45757654
45757801
45760294
45780548
45797216
45802257
45805587
45817609
45817836
45830718
45863635
45869652
45885574
45893854
45900410
45968710
45996391
46012061
46013153
46019657
46019884
46020057
46037147
46057587
46058368
46061396
46063353
46133173
46179917
46180939
46185226
46191075
46208381
46208977
46212157
46213112
46219823
46239326
46262658
46276156
46292964
46301843
46301981
46302271
46302587
46303768
46324118
46328212
46328267
46328326
46328525
46332170
46335586
46337714
46350778
46354712
46355657
46356931
46357056
46357861
46359762
46362644
46363660
46365438
46366216
46370487
46371015
46371800
46372312
46383124
46398365
46405460
46407820
46411886
46412128
46418730
46431669
46432285
46433815
46434861
46436144
46441158
46441283
46441307
46441435
46441989
46442156
46442278
46442946
46444956
46448253
46453824
46464621
46464942
46469597
46470870
46470946
46471018
46471114
46471228
46472758
46474826
46476652
46481292
46488947
46492597
46493667
46494289
46494637
46514706
46540088
46541828
46542374
46543029
46555602
46556094
46556733
46556853
46571046
46593741
46593848
46594008
46594176
46594793
46603474
46609397
46616869
46659603
46665008
46680008
46700888
46705878
46707306
46714873
46722880
46725536
46743160
46750391
46751093
46752163
46753716
46770543
46807180
46822381
46822697
46837631
46837761
46837936
46850435
46867118
46879953
46908782
46932189
46932514
46939557
46958760
46962041
46970212
46974164
46978009
46991080
46992052
47003859
47028442
47080608
47092466
47104334
47139913
47140408
47141319
47144878
47152924
47154412
47157757
47171837
47172457
47176019
47183125
47185038
47188455
47189365
47191238
47206624
47217989
47223195
47243513
47275900
47277095
47290391
47335870
47338444
47349661
47378292
47392486
47394389
47408796
47411493
47412419
47414616
47414919
47417343
47422404
47427344
47435147
47438883
47452351
47452605
47452882
47454089
47454267
47459168
47459659
47460129
47485947
47487031
47494823
47498229
47508580
47511529
47516019
47520005
47527882
47529210
47543076
47551987
47571081
47593059
47593530
47596117
47598405
47599808
47603769
47606246
47612349
47623157
47624176
47625610
47658877
47663196
47688630
47691863
47705316
47706069
47710215
47728664
47737282
47752135
47767266
47775529
