11604
11996
36050
43580
44325
73209
109049
139585
144055
230737
256652
269343
331561
336159
380141
388335
549311
596167
648145
663774
705259
854810
869561
885936
912871
979013
1006269
1087338
1203961
1313728
1354354
1508454
1662364
1693740
1711743
2050286
2457130
2477482
2550754
2600870
2758546
2787286
2831258
3042167
3092338
3888801
4395101
4712591
5292291
5891051
6647601
7603691
8859801
9035721
10044291
10850231
13999431
14634791
15568441
15697068
15962827
16004772
16083703
16692985
20172814
27379042
29221194
29602729
29621512
29638879
30136276
30161279
30229260
30283038
30630871
30655327
30736330
30955769
31287507
31413421
31442476
31684917
31781162
31785692
31817746
31988181
32219155
32402450
32556320
33012343
33052341
33114324
33141654
33292729
33329099
33548178
33580409
33718582
33876379
34110308
34326920
34352584
34607339
35191439
35243862
35322329
35544606
35565535
35652721
35704433
36081368
36089087
36608354
36677803
36980246
37075133
37609896
37638400
37830402
37848382
37938629
38021646
38065482
38095687
38099266
38215952
38296369
38385633
38520122
38864834
39081228
39172268
39410289
39421713
39729476
39886727
39889116
39958335
40009425
40168236
40323288
40446561
40488903
40577692
40626121
40781312
40903138
41040847
41080787
41092755
41110722
41410146
41656252
41689901
41779242
42027587
42215810
42224139
42297858
42613493
42613684
42669161
42699517
43263843
43443757
43762390
43855044
44081214
44289966
44298062
44352637
44442114
44462428
44513121
44519246
44532060
44536810
44545745
44780811
45018941
45087347
45181685
45260656
45355888
45371557
45463592
45471569
45591874
45646113
45682446
45793756
46277304
46344418
46423859
46441158
46539524
46635654
46654098
46659603
46750391
47102461
47131837
47294566
47346901
47381284
47383757
47406135
47438402
47452605
47526733
47564957
47567430
47615848
47632970
47651446
47656573
47715168
47715814
47742657
47775885
47778906
47796641
47800485
47801353
