11798
36050
219392
256652
336159
350737
433814
484918
538621
540348
559985
571983
595215
596167
602538
656158
740601
780635
782533
833768
885936
915548
954628
975165
1022228
1023645
1085145
1136495
1313728
1335910
1354597
1430045
1437402
1450237
1557713
1564659
1590101
1683427
1701337
1877530
2053036
2316080
2326980
2494990
2550436
2560106
2781112
2831258
2909126
3020399
3044312
3050151
3124052
4045281
4822311
6002901
6499981
7373991
8507311
8620191
8896231
10044291
10195431
10887981
11272311
12410691
12440481
12471661
13825821
14026241
14505171
15102371
15231521
15420311
15596225
15598604
15668079
15724439
15752957
16010326
16062164
16198933
16315933
16333216
16418911
16642348
16652077
16670224
16715698
16751152
18032854
20167189
20172814
20478610
20488540
20549524
20565718
20566834
22700512
24655228
24980431
27044128
27271669
27272083
27453217
27678379
27778402
27798646
27799810
27833914
27932982
27933340
29047613
29092290
29146330
29152931
29204736
29220600
29243918
29323526
29506966
29549552
29571316
29572067
29586089
29609227
29650066
29753961
29777439
29821442
29872546
29946275
30008136
30136276
30161279
30167634
30177003
30201822
30205043
30209011
30251532
30336475
30342989
30430820
30436573
30448904
30450833
30537884
30539715
30672019
30692628
30693515
30697417
30712289
30714402
30750907
30908831
30935981
31008709
31063177
31090390
31105569
31244623
31255056
31287507
31380549
31434986
31495479
31498116
31500860
31506450
31512952
31542115
31546568
31623338
31718809
31751400
31762662
31784386
31811984
31946795
31964478
32017855
32021803
32126568
32209191
32215986
32267639
32318771
32358714
32389904
32390437
32421158
32438007
32574236
32600182
32604222
32615112
32683473
32745703
32820954
32951567
32974354
32975445
33012343
33132119
33145999
33146438
33212772
33248937
33367843
33390952
33567901
33605067
33609580
33674954
33739595
33747194
33829876
33856927
33860932
33881883
33908192
33992531
34029339
34042846
34064497
34102371
34168362
34207298
34232272
34268940
34306039
34451070
34488307
34520163
34535844
34553280
34571044
34584295
34607339
34656089
34714895
34752860
34842004
34889479
34933046
34963255
35008493
35128270
35173049
35340305
35356466
35390395
35390767
35447885
35462175
35542573
35594084
35648534
35693562
35703455
35704433
35797666
35860134
35867886
35927275
35949017
35951610
35959134
36000758
36009182
36058595
36069276
36120889
36132341
36174042
36239345
36286132
36353300
36354217
36358059
36426498
36479049
36515417
36582847
36589528
36677698
36772578
36884663
36887514
36952752
36954591
36957144
36995972
37061663
37288974
37321660
37333539
37360202
37441025
37512420
37546190
37551899
37573558
37634426
37658138
37748639
37750044
37825261
37854231
37856436
37867981
37887202
37937293
38054491
38065482
38095687
38141639
38176600
38181860
38215952
38233270
38254372
38259086
38273490
38275809
38296369
38303324
38339964
38385633
38447482
38504120
38538968
38579246
38631965
38667277
38823095
38845853
38910283
38923533
39139537
39243483
39277677
39466230
39503178
39552727
39702608
39886727
39889486
40000914
40168236
40464318
40755081
40903138
40940986
41128286
41177783
41367194
41455152
41514691
41535785
41546018
41698620
41856164
42070451
42200942
42214974
42393610
42405041
42425580
42468526
42508219
42698273
42804788
42970899
42986642
43076820
43373445
43376737
43644657
43712100
43740077
43762390
44022426
44070277
44165505
44168639
44204975
44270317
44298062
44458676
44474780
44512962
44536810
44545215
44545745
44599867
44688714
44724275
44747247
44902260
45023377
45075417
45176306
45224059
45235954
45305176
45505081
45521473
45564429
45663081
45756987
45803840
45981674
46025386
46213120
46245577
46294674
46301843
46328212
46346458
46537850
46554412
46554512
46784461
46823148
46827180
46950649
46951793
47022912
47052924
47176019
47177102
47192335
47360336
47389416
47411493
47470333
47516881
47531417
47531637
47541037
47586679
47587708
47606246
47619495
47628530
47643432
47643906
47651446
47652679
47658877
47663542
47663974
47686888
47694511
47777095
47799520
