46594008
46471114
46834358
46471018
8620191
44232013
31140147
46442278
45852026
46442156
16096191
45525248
1923328
1352478
46057587
47187825
36353300
42333356
45968710
46208977
45757801
46058368
5292291
1656182
45760294
31205188
48020034
29638879
33548612
4045281
40903138
3686661
30692628
36677698
40600923
1059426
41577369
38032583
35134764
573227
46356931
45789566
20310952
16073157
37124606
16652077
48027507
44169385
35187727
47914269
395362
2571472
47427344
909757
47857021
37885530
41750117
1975098
16464154
1477035
47835931
44011125
44838960
2782366
36286132
47974602
48016257
119376
46469597
40701193
44842461
1877530
862079
40574364
219392
36261291
29004482
41578923
45521473
529402
30348316
43016837
46635654
31478552
1489898
36413583
32249085
2859554
30856576
44789299
42520168
47663542
47868102
2560106
1596987
1171095
455235
35008493
47254158
14382921
46907541
35779745
39886727
39310677
43236174
151922
32390437
47459659
41737790
47840439
37962279
3049907
1500327
8329381
44747247
32703125
975165
14522191
38413069
39139537
44117474
34313704
36954591
36523232
35803299
44536810
29501421
1072650
47176019
43894753
3119605
45273880
392712
24980431
39011023
55188
44803077
29220600
46505586
37224976
44545745
16031116
47267180
34854332
1450237
44683040
44002156
16257421
43201387
41611890
33894301
33880811
30519316
30283038
596167
11798
43686943
46345088
37864378
44233189
36995972
39036674
37078428
42501030
13825821
559985
16158111
35580368
10887981
36496295
37939823
44189677
38183281
34900751
35704433
39454457
42993963
44070277
42814603
356914
36050
46473934
35586471
33181084
41547182
14505171
20508721
38215952
47389416
