4
947
1208
1503
1992
2010
2094
2385
2646
2686
6086
6679
7627
8061
9134
10483
11455
11798
14190
15704
16128
17783
18288
18442
18635
19456
26105
28137
29420
31254
31799
32666
33449
36050
37057
37210
42280
42819
44464
45147
45582
47498
47606
54442
56267
57166
62697
63817
66430
68164
68971
70844
72368
73744
74778
76245
79361
87230
88612
89363
90796
94979
95216
97287
98345
105841
113863
115986
117315
119376
121030
122012
125714
128693
128794
129815
131833
135686
136925
139978
140734
142455
146100
153160
154448
155881
156376
157250
169032
171887
174524
177222
182908
186718
190265
190954
192345
193119
195104
200710
203048
203473
205195
209583
212297
221477
223114
233341
238013
246282
246351
250055
251233
251371
252305
254666
258442
260065
266549
266882
286780
288258
299776
301505
302501
313488
317832
318725
319205
320616
322926
323960
331561
331748
336159
337376
338227
346473
347700
350737
351192
351243
356041
358603
359395
360832
363274
365595
373036
378152
378678
380154
391367
401743
403277
406262
406817
413840
415468
417829
417880
420146
420774
420967
421943
422836
427544
449062
467145
479472
485283
496054
502382
506498
507586
507929
510511
522830
554813
559985
564018
565791
579437
579698
594927
596167
623280
631682
641304
654118
705133
710215
710665
736954
754642
757519
768845
770377
776180
780702
781268
785764
789336
790656
816270
833768
869561
869886
875427
885936
886367
935189
947625
950521
954639
966897
975165
977729
979013
1001535
1065391
1068008
1085669
1106109
1110320
1112602
1117022
1146459
1162025
1167248
1170258
1178328
1179102
1223073
1258884
1264443
1272610
1289194
1293750
1299270
1301457
1316204
1338302
1340482
1357077
1369502
1402570
1442477
1450265
1464484
1476238
1480611
1489306
1506485
1522485
1541435
1608618
1613318
1619896
1634336
1642310
1662619
1679454
1695348
1701337
1711017
1723498
1744035
1766395
1803175
1805535
1816687
1839306
1844570
1877530
1893296
1906826
1912404
1918856
1933362
1977790
1993354
2149848
2157282
2238228
2257306
2309004
2350512
2362908
2475828
2649482
2651158
2785044
2825260
2864498
2879580
2899692
2920374
2987484
3020399
3053067
3063841
3133219
3223238
3231996
3309341
3674151
3769991
4404631
4843291
5119571
5138331
5438181
5804381
5917751
6299361
6499981
6893681
7011261
7072271
8697461
10605261
10819421
11111291
11609521
11814541
11967091
12103971
12569191
13775221
13776041
13797691
13825821
13989101
14094211
14522191
14550091
14551361
15538894
15627969
15706969
15736873
15836109
16010326
16031116
16037566
16117522
16648075
16652077
20173210
20350372
20402389
21915986
24524806
25509867
27278854
27490792
27584854
27809266
27821617
27872259
27966128
29057504
29061655
29096165
29185265
29229488
29248346
29250137
29266515
29267628
29604055
29663232
29777439
29795229
29931219
30004405
30136276
30161279
30283038
30369218
30499915
30643341
30664623
30717179
30849113
30872897
30920027
31117534
31194365
31207301
31246716
31279290
31296827
31328625
31373073
31448506
31525614
31669141
31688100
31728793
31866053
31887409
31903006
31904185
31922438
31989682
32009417
32114367
32165341
32174210
32390084
32403474
32625132
32636782
32638739
32654523
32654735
32662280
32757628
32781955
32842748
32966557
33007368
33012343
33052341
33455400
33515220
33519700
33533814
33615524
33648507
33673483
33679158
33679974
33682299
33731413
33745184
33811255
33839283
33859457
33887023
33932999
34040543
34134004
34218848
34268940
34352304
34399961
34412619
34463561
34636130
34664661
34714895
34862884
34899689
34922126
35008493
35012934
35241545
35322329
35370300
35507621
35703455
35998017
36058595
36088839
36089370
36143876
36177229
36183673
36274535
36455453
36660866
36819819
36879718
37058800
37061663
37076955
37123750
37183393
37221599
37478432
37609810
37663535
37963140
38001692
38032583
38215952
38252875
38538968
38594007
39529809
39688519
39857072
40755081
40818502
41350753
41514691
41689901
42162600
42297858
42586385
42970899
43104337
43398293
43799827
43867500
44007420
44165505
44235508
44459233
44758758
44775528
44851715
44953642
45171399
45423817
45814344
46001613
46219823
46844955
47004168
47126069
47134088
47359805
47619495
