11798
14357
31041
36050
51268
63822
85568
87230
88612
119376
128794
130005
132743
137782
141944
145959
152860
155881
166732
175360
177222
181052
190265
191158
192144
194293
194365
228023
228748
232744
252305
252560
259133
260223
287805
299905
300867
303254
304185
311546
318536
320201
321346
322389
325273
335630
339080
345634
349648
357237
367132
380141
391710
427284
450123
455608
458356
465750
467145
469449
470772
479358
498657
536301
540439
559985
565417
584468
596167
600355
626533
668297
678530
723948
747739
752430
756294
780674
790455
790656
827035
840643
868438
887471
887579
897175
917322
927470
940263
940861
941290
950521
950759
971065
973456
974478
1044585
1053903
1054168
1055997
1065391
1076304
1085669
1113456
1153209
1167248
1185960
1200718
1217594
1229931
1257735
1272753
1291125
1308678
1318119
1364938
1368314
1382142
1426214
1435276
1468439
1497635
1499373
1506541
1518838
1592472
1625365
1648406
1663141
1664292
1666542
1712001
1712408
1737273
1738217
1781105
1794489
1857358
1877530
1893016
1895100
1912404
1918856
1940802
1962496
1966870
1970206
2098570
2124222
2194976
2212684
2227824
2290292
2382836
2386474
2631490
2711328
3073518
3136674
3165584
3166470
3226353
3232856
3338721
3778491
3789091
3947441
4329771
5119571
5377741
5724261
5981211
6453791
6774211
6906051
7628201
7868791
10729131
10887981
11148521
11229861
11967091
12664011
12743281
13797691
14277591
14788301
14868191
15621488
15684306
15685351
15700379
15754773
15754984
15803653
15811258
15816217
15840538
16094597
16136676
16156280
16537102
16645093
16695088
16749982
16798735
20172814
20291152
20306548
20402389
20413546
20492716
20544292
22410569
27121567
27584854
27700420
27908659
29018990
29042850
29053647
29064728
29099432
29106659
29206275
29284918
29610149
29616322
29811414
29831504
29941809
29965767
30004405
30007773
30101195
30143099
30208026
30242089
30407419
30472835
30686173
31009306
31128614
31140147
31448506
31649667
31675143
31849548
32004730
32046118
32163624
32190247
32203081
32217369
32297955
32306230
32355871
32447667
32495626
32522806
32554504
32654523
32693386
32698748
32789690
32797901
32958870
33158741
33194995
33222783
33388120
33450215
33471284
33596879
33687535
33721407
33745184
33778662
33793607
33811255
34063962
34155186
34174720
34189487
34218848
34261097
34306039
34385049
34524868
34526963
34612634
34682576
34715872
34726732
34822330
34856477
34921869
34927050
34934984
35053786
35282162
35300985
35360059
35390395
35652243
35652721
35710628
36050166
36060471
36152472
36158078
36159055
36228861
36292045
36299528
36327691
36342850
36347721
36362831
36556814
36583105
36589679
36593969
36623461
36654419
36742325
36865090
36943792
36991232
37049881
37076955
37123750
37150861
37234673
37254757
37346379
37516502
37631762
37715574
37719703
37722812
37756277
37779628
37781885
37873266
37885598
37910913
37962948
37992647
38017095
38018690
38030967
38061995
38141504
38233811
38246013
38273461
38640178
38858875
38962779
38975779
38987674
39140353
39164742
39489443
