11798
18128
18635
26105
36050
51268
63959
119376
126300
157250
181052
193832
202029
221748
234297
286325
289548
335556
336159
349648
360832
397413
399175
412971
421901
446295
447522
454122
480783
487840
497208
522670
532859
559985
585962
596167
627356
692070
713850
771064
819730
829690
833768
843392
863440
870735
885936
887471
897175
913581
954639
982280
996224
1041538
1053903
1054168
1072650
1078333
1080527
1085145
1085669
1088701
1110624
1112602
1147217
1167248
1179102
1202368
1236224
1255710
1258884
1273778
1284048
1313728
1340482
1385253
1397526
1398925
1402744
1438502
1443249
1464484
1508745
1619907
1634403
1634779
1641673
1642839
1648406
1672432
1701337
1728501
1768105
1779551
1781105
1784441
1785505
1815139
1820663
1857358
1877530
1892260
1895100
1910430
1940432
2111058
2175706
2194976
2238228
2267930
2350512
2384818
2444046
2514434
2560106
2634934
2698984
2728334
2797724
2831258
2976384
2987484
3014848
3057166
3057643
3073518
3076070
3088745
3536441
4504091
5103461
6140791
6141341
6796441
7115281
7600471
8002661
8052791
8132501
8173141
8308701
8431361
8458681
8600591
8604821
8697461
9855421
10380991
10390841
10754731
10852711
11229861
11844241
11967091
13479141
13797691
14094211
14177871
14505171
15559884
15596225
15608768
15777277
15816217
15828710
15862074
16029199
16050617
16066789
16072171
16105421
16141632
16553065
16570897
16695088
16749982
16758676
20172814
20202538
20314600
20319652
20347216
20550430
27115000
27230251
27239512
27453715
27587071
27695374
27757705
27835687
27904977
27945388
27966128
29049851
29091894
29099432
29099868
29119740
29124792
29184013
29528004
29534878
29638879
29649316
29650066
29663232
29676584
29777884
29810412
29811414
29831504
29931219
29963197
30058493
30064861
30105379
30136276
30218280
30223052
30229260
30242089
30253633
30283038
30305457
30307841
30369218
30430820
30529892
30686173
30704756
30822269
30991006
31081682
31082396
31128614
31140147
31225367
31227672
31248009
31285314
31328625
31365702
31431900
31448506
31453127
31460780
31460896
31493028
31623338
31641561
31686476
31785201
31845460
31887466
31889101
31916219
31992896
31995113
31999191
32011145
32092705
32130725
32182070
32272787
32292856
32300584
32301946
32307946
32325098
32355871
32390084
32430037
32444603
32454094
32469392
32469717
32469967
32482620
32482658
32495626
32496446
32496714
32496777
32504440
32532173
32547426
32556123
32561562
32581731
32585562
32603445
32614942
32625132
32662280
32665248
32669976
32676884
32698748
32789690
32797901
32820417
32892341
32923155
32929368
32959936
33012343
33015800
33052341
33106804
33117863
33158741
33187551
33194995
33198530
33199410
33208982
33212508
33222783
33228741
33232042
33244300
33258850
33300265
33307638
33325882
33361765
33429447
33452362
33471284
33548487
33565098
33596861
33639268
33657367
33663611
33687535
33720587
33731680
33741778
33750074
33763813
33778662
33800608
33811255
33828316
33830241
33832825
33841903
33842081
33917350
33946798
33968532
33981469
33990463
34029757
34067804
34112502
34134004
34154698
34176815
34183672
34194247
34198658
34202948
34240403
34244887
34268940
34281074
34297224
34351175
34354561
34360203
34385049
34393332
34427418
34427483
34427658
34427729
34427791
34428916
34429050
34429175
34429344
34448766
34448804
34448833
34448884
34448930
34449236
34450570
34450846
34460855
34508594
34595217
34595388
34599585
34606773
34656089
34658317
34711755
34725570
34751894
34777481
34791304
34818170
34825538
34839839
34844519
34854332
34909985
34947124
34960573
34963903
35106960
35127103
35192754
35246303
35300210
35318056
35322329
35344935
35346144
35346368
35360234
35364353
35365833
35381471
35390395
35497249
35584341
35586471
35640554
35652721
35703455
35704433
35708425
35710628
35735993
35757014
35810416
35810490
35810867
35810910
35810971
35811103
35811340
35811407
35811662
35814839
35886829
35896932
35919467
35919882
35949017
35959134
35968725
35976020
35976180
35997913
36012652
36018657
36018978
36026995
36045525
36045639
36058595
36161663
36292045
36366713
36495495
36523508
36655420
36696017
36753181
36793148
36824816
36853590
37036907
37043833
37111418
37123750
37183393
37191019
37198383
37222377
37251405
37313925
37609810
37624508
37722812
37794049
37847929
37850681
37854483
37873266
37978482
37987387
38061995
38095687
38099266
38147231
38181860
38184493
38215952
38236337
38391762
38504120
38538968
38630457
38663403
38676955
38862178
38886256
38886464
38886514
38962779
38972138
39010033
39072259
39137022
39166191
39206715
39226901
39353287
39402384
39480855
39702742
39703712
39826347
39969276
40168236
40245234
40273966
40304814
40328496
40374533
40405511
40464318
40600904
40755081
40818502
40903138
40970290
40972605
41170699
41315789
41441868
41505538
41514691
41571299
41578923
41591751
41645642
41689901
41834161
41856164
42116343
42213000
42297858
42329757
42586385
42592435
42698273
42742458
42811248
42993963
43053716
43098007
43200487
43317791
43477110
43686943
43868759
43885450
43885995
43953717
44007420
44020514
44070277
44085570
44141251
44269315
44283738
44433327
44442114
44459233
44474780
44477045
44511210
44519246
44530466
44549923
44599867
44648586
44838960
45072018
45084328
45107432
45107850
45109725
45179345
45362797
45384104
45521473
45587233
45758780
45785289
45813267
46001613
46006290
46025386
46210041
46301843
46314871
46315435
46425104
46487027
46554512
46619169
46659603
46750391
46861061
46926713
47101780
47176019
47183125
47188647
47322192
47349661
47378292
47427344
47487031
47523972
47527882
47619495
47628530
