46473934
35234290
979013
46471018
41629366
35541732
2037948
27502726
42333356
16187074
35322329
351192
47675271
47999744
719715
3098715
46345088
30820581
47997114
243019
29969687
43462496
47972301
40574364
47663542
42027587
47940543
1898930
46576248
359395
46592628
1624178
38296369
47930026
27896356
47646274
41399936
47619920
31076711
31760940
354956
47389416
1495148
36413583
40442860
46441307
47646128
47619611
47799520
43348474
10950551
47368273
13672641
37962279
47809115
46208381
8343371
16033322
43236174
149574
47491543
975165
2333808
7128081
1092136
47176019
6937341
23207
47775885
30866494
30692628
2890414
47788452
47665460
40678592
47596371
44545745
31781162
35594895
43494458
47717548
37847929
44439606
2326146
47566579
47566404
864315
1349733
29650066
40487267
35944277
16174613
1472430
47651430
47656573
47652747
16096781
37634426
34196472
47583656
46185226
38065482
44536810
1563881
43894753
7968211
41677202
2246488
2994480
239964
47623937
45968710
47616452
39827109
500839
34268940
30348316
30363556
47590413
42425580
42425397
38385633
737174
1701337
1420444
29194948
47358620
47477025
47411493
47569242
45510587
868144
42286107
32212664
1430045
42425241
47427344
484918
29218999
46505586
42425016
47527882
47458057
38846307
15789805
47529210
6264581
47516881
44070277
6002901
46659603
42373741
32276559
37131544
30122240
37124606
44953642
3043392
8859801
46179917
3773111
32676884
47454089
44270317
41731753
1313728
36523232
35949017
1157786
30903005
1537283
16356817
2474458
36282658
47428088
10590951
47349661
34315915
2560106
36748465
32139827
31135906
3010278
21641287
30136276
46292964
36774493
36666664
45292661
38215952
291688
41436722
29042850
31088321
3020399
16600822
36287210
16498372
32233697
869561
42459225
40464318
34385049
42373549
42090951
1450237
47131837
36977137
30508187
30872897
32769849
39061573
38534051
15568441
47273300
47273088
35683194
33967482
34078104
15686052
47161437
1601406
47253962
20558962
37054377
30145966
47231720
156376
47188647
41576793
40600923
33823064
47223195
29573752
47206147
47193351
6499981
44022837
47185291
45803840
41285607
47179247
45692230
29293282
34134004
32376022
242676
1112602
723052
44442494
14505171
36660760
37590878
369986
3032431
47092466
2138658
885936
2296424
16161871
27255592
44442415
4269301
44442221
46025386
44442169
44442112
44442072
44441695
47059930
44441639
44441567
44441525
44441426
44441377
44441296
47055341
44280475
44249266
34854332
44220531
44218764
44214861
44062238
36080478
37624480
44221070
37993205
44221523
16652077
44231197
43184223
27222079
47027454
31843159
37183393
769159
31342381
31660678
32322020
32384368
33051296
35549764
37758777
1436964
3406561
16301122
46991491
33233851
36701042
34664661
5862211
2725904
32602742
33667720
46487027
43967843
16147721
46964809
33454874
37835801
42172914
36075581
32140582
15559015
136170
42173059
33444223
34935669
42218055
3190499
32685060
40903138
301013
46559119
37753812
46907541
40551805
46893272
587963
46885307
16692985
44029036
735157
15744715
41286185
14688721
41998150
1966870
29931219
32902278
31926526
31623338
27715426
40648907
16137460
14634791
36882626
15720267
36659315
833768
37729135
29599869
27891784
9802251
46795141
34243702
46800405
46689782
17962
31796644
20269321
3880611
38504120
2914464
8173141
41656148
1231416
780171
34491726
37832826
46209499
46564196
44902260
7726311
34692249
30957578
27470602
2713502
46766137
34481713
31979714
39738930
45811143
37938734
42993963
44513121
40168236
46755081
31641561
46753716
46752163
42459643
42494235
46750391
39645605
31005008
45023377
44265267
39550803
41578923
34656089
46579728
40755081
34853053
46730204
32649855
38958050
44652948
46671544
35867886
44165505
11670
46676217
46698715
45818068
16089037
39886727
46628839
7373991
31412838
43060808
1001945
46692857
1354597
1706767
1699234
2844128
954506
1481942
2777454
16047460
1476238
38246632
14522191
15594760
36954591
32165917
37497003
37049902
72849
27799810
31548792
46611352
33565521
46611537
37642160
2785918
36344279
15626380
38538968
16353691
36167527
38087037
46582098
4061291
20114968
37748639
40038471
8431361
46153013
36342408
46140584
822558
46539243
46539941
46540812
33796555
3288959
16062164
46519065
46001613
46511001
16117522
39688519
31366253
45391268
8329381
37941413
36515770
42811248
4934331
46507888
429187
950759
33116657
44530005
46488947
46494637
29053884
35309271
628860
46481292
43033878
43376737
494835
34281959
46479731
46098995
46476068
514070
37673632
42723564
2268970
33482061
29071738
75898
15583108
30679721
10520
41250206
10044291
46465268
46424470
46460529
37361659
45113964
30063280
42994924
32676016
44604986
46454010
33820963
29889111
15799268
48909
44412070
10258171
46442946
46429479
44144004
33146438
2332404
34524385
32646745
46424732
29775700
45303065
46434861
1858718
242813
46437645
15569913
4224701
30919314
36879718
36481116
31363889
46425603
32043445
15972864
1562665
1149124
1112708
31654607
16050617
38273490
37518532
38843411
38579246
539828
40640270
42537305
42632101
29541566
42576727
46409715
45521473
42847742
43222751
30251532
35790928
31491001
46402932
35856961
1628437
38252875
1176411
15837069
33080419
10171741
45802257
46389381
740601
998536
42046778
33141654
39471098
659677
30148203
35577790
38862178
2641362
46364556
40101476
34829307
45830718
41871077
35787021
24308066
46213120
40992884
864952
43712100
455235
29777439
37951232
43172247
42673553
3158048
36753181
16096481
46337786
45424770
1085145
180604
42530973
15596585
42530528
34021477
36442947
31951846
1204656
1508859
373149
40144312
37433288
38300443
1209529
16060886
31934050
42297858
32513129
46219823
33342123
15724439
35017071
46314871
46315435
46258510
39140353
33434492
36957144
36458297
16285309
32185231
37321660
8014631
37177606
38877455
35654053
191158
37778888
3088005
38170666
27332995
36568691
7708711
46307743
40344160
3220506
73306
45525248
35895277
32495956
2219624
46001729
30696473
8162091
2620788
35704433
2784950
44760707
38421243
26105
46287249
38907515
35059806
1348093
952584
39623249
33372140
46277257
41777543
776676
41507229
368495
46274132
237544
46196797
12038821
2567778
37698826
44909512
1208243
46226352
33485651
987929
663774
41367194
46247776
46255444
42033
33012343
46212896
42592435
16178516
45450183
35874337
46250307
40149813
46012061
1720131
8253491
15782834
41689901
37873561
23410122
38957184
27963844
31183325
42494820
41591751
42734274
34897636
44433601
36092519
36035431
46174820
36132341
43413766
2851816
32018906
109672
39081297
32754475
44851715
37672932
40467667
44027486
838425
30620838
46036754
46216789
35502663
37296122
46216072
39880797
3210855
1508741
3912951
37606952
45558296
6906571
562927
33028865
24064841
44030022
310033
43565942
42699517
15706969
45025761
19456
42494588
45082986
310368
42459818
46194282
894969
178291
42081635
46166965
46186765
37452015
8020801
37871563
46178713
46173759
33460049
31923832
1315436
45740493
326750
46167348
1326480
34714895
34963301
1734019
35390395
347700
35941718
3494271
31879493
2274000
2534114
29047508
37723536
31009760
31398394
41852820
34224765
1089217
46137025
46136499
825267
40688911
5057241
37873266
88824
10238631
4341061
36317553
9347671
45132026
251442
31995113
46122048
2350506
37619643
46121289
27629623
30010836
46119721
3025588
44849404
31513049
33637523
30151239
8829451
32246575
234439
136657
34149952
41961537
45939372
46067854
1410170
36482028
38474152
45524839
43343894
36142896
16031147
46091660
1696371
44509699
16542901
1720935
37654088
36295327
46089001
42978456
38352625
36405493
11390761
2574908
15984702
33478703
12176131
36304422
29018221
37234673
41850586
36614252
33008968
35378818
29117010
218232
31330115
1861202
650034
27351742
27109402
2394508
37048405
597881
37918277
31790986
2876652
224686
36783052
44511636
37012756
33199695
27913213
30903420
36078619
993088
42581711
43797771
29787255
522072
34397644
46045898
37987137
46045651
524073
33900379
16026266
27682357
35670789
1366361
36495495
20272939
45009792
33741778
1662024
44953686
1564688
1029377
2029812
15752031
35944731
46006290
15729279
14950211
41018492
5840751
45878207
306743
33820495
46034804
38701668
43869336
41156259
27353065
2252198
31868776
16575364
12342411
16039001
36638178
38206730
1610857
46027645
43119832
36637954
2707220
36481637
10148881
2450842
14871071
33168800
41583566
283487
2840952
38474784
36794375
1487435
36887514
1766941
43480018
16138641
348705
43076820
377670
40940986
29786748
35755127
2947282
31518078
44451964
42582992
1834008
32409459
309398
45184976
34445265
3061918
1163954
31668995
16165278
38564916
35257421
15794711
32306756
1427130
9897431
43104337
44459233
27707434
44442114
36614161
45564831
30369656
842380
29066400
39931678
2864498
45984961
23455
2056794
1579038
1883808
45986956
27175597
38708605
45298303
27156520
45974842
16164000
33864894
34502735
1684998
265395
13812731
1068500
42168267
30392498
34709057
45960537
43158835
33162704
353634
30336712
2836434
469051
1103520
30369218
2254660
31729428
38910283
30229260
1608224
32567851
43762870
1388397
674370
38651345
29051972
37639320
16295650
43016837
34354588
62523
37649718
1380738
32636782
1535900
39437876
34583011
35613147
14317671
32924305
16030160
31529449
38894847
37228149
35912003
42849987
521519
390411
39535400
14658981
31898001
89883
43787919
427870
32724775
30242089
30365927
347749
39685860
27123661
43246279
35822911
1080527
34093276
915984
45512591
37150861
45818021
1651057
5321391
13255
32004730
30444363
44182338
29097157
29004482
44724275
37850322
43686943
37841437
44256480
45760437
490152
479987
38856816
36576341
37313925
31727017
757599
20390872
31718060
41512928
2339528
36677698
7202131
45107432
5406761
604329
849318
37320079
1593617
780674
39137427
30634854
34416982
36370607
38500832
43924687
33952657
1397805
34288861
27940960
37424273
27022555
15631017
102354
333869
3084278
43734740
35875426
37928042
34030732
63856
16080559
37425820
39818466
33548178
31854307
33350682
588088
1961384
37165220
1516280
461128
2785044
661509
1718564
37937293
41023720
44789299
15407291
7113861
34557198
14030851
2022582
44935421
13961201
182881
22826122
45921150
29606448
41032823
45432505
11881381
613087
45917637
270672
3309611
37850681
1959252
930146
45004044
1510906
3118740
11753871
16131003
34161633
33025815
44838960
32430037
2040840
35703455
31972541
30574224
45908079
37649449
37860758
8604821
43026219
39249006
1051540
3064384
2452778
1387033
36295363
43113031
617132
6569771
310165
44909801
15665668
2374278
34098622
35776862
595215
11111411
33906991
37467782
320519
36839991
34757059
44280700
3172294
45817836
32802465
874505
42032081
40877485
2088360
31720491
539692
44418143
4132931
32176103
37290276
1007550
6342431
341071
43582570
30532647
31414309
480783
129199
1672546
1051286
32390437
1171095
487840
45896058
32327353
34857022
38860322
38099266
38547419
1308444
2815594
37413241
124891
45890152
10684671
954628
4873751
32178169
44204975
6521491
33430228
36271156
45889449
2262378
29663232
34903603
1265249
41730539
29324312
36202831
29218499
40421756
27092449
607939
20662
78139
16215672
31020841
4426601
17912113
44647769
16002278
38678207
906568
8507811
15738802
31744
31254865
1207725
1525891
45856997
17341
31297544
810427
5658921
34306039
7736001
16123375
29290600
20508721
58238
1156452
15587234
33194995
27246763
44235508
83440
15721556
5109041
789336
2572946
45343032
36383677
1325769
31991313
45671028
514744
32031508
757801
8334821
1454595
30514259
34943141
39890015
30058710
37603730
41441868
43383305
1697345
35710369
2238228
35664782
33307262
279922
43343712
33119158
37177773
559179
596167
27967462
34651665
1074794
31448101
44218
37094468
32560780
862079
1264966
34741193
33433065
36582847
16070873
36792136
1093826
516765
31898212
2722462
30167634
1413680
39033410
29210845
1066611
16127809
1324906
8438
389059
27734290
38183281
34042846
1169531
41091419
41306593
32041070
42177082
33604028
12546361
2079808
33551478
16753939
2531218
32217369
43272346
39545507
7961181
39389456
43231597
36808298
6856511
34730060
43078019
32809758
10400551
8734731
35283189
35793405
14094211
15596225
31222247
2317946
1774953
30567215
37881385
842198
3235457
45039590
44977762
44959195
757123
15681438
33726771
44180414
35841731
43642690
33333932
35433107
32067831
16347181
1582216
32493978
40818502
41477852
1573474
20329657
33860932
144453
32094030
53111
37191019
269343
44839714
40205665
44606767
37138991
34950386
31313419
37708655
43055636
3143510
2324744
2723410
43811088
2453590
33681928
158963
15640419
44957853
30671410
44901037
41582800
226846
33187551
228748
44447339
635944
1509704
35425599
36320428
764211
33221994
1334942
29143388
35296632
20505799
422025
347839
41818793
33719282
31534848
35829902
37027429
37583643
33281917
1358038
10700561
41177783
36177229
1932870
4099001
16232743
36958431
16114679
27789274
31695290
34829884
38499
6467761
30177003
38181860
39011023
7330061
32272739
39655565
39243483
5958551
33015800
4720381
31326611
44856875
33580073
37023570
36249297
33945504
35182649
34271915
1623319
37459452
43962411
33431612
45787273
31248065
32603445
30904524
1725046
44572569
39369587
3460351
3172664
37452480
30163040
33982731
33132170
27243754
44574477
36654419
44293977
3071062
33106804
30656932
3092638
1002313
1564659
129131
22242426
32561635
916754
36093463
44279235
36261291
1257678
45838136
37243017
34508730
31644084
477713
899089
38579094
27508093
1132278
34292917
314317
42970899
36094392
32761555
36728204
29223785
79724
39479048
32554504
40436877
30008136
11743421
7263681
5115901
35935601
35087560
31172637
45715971
4615471
42916666
24928110
15543988
29257842
39663
6495561
3050151
41547182
30551173
35950726
33028937
40245234
37005980
39914632
15231521
76773
15862074
121936
36583105
38000457
37788492
32444603
13918231
20449939
33168078
33332996
16394092
39125648
83166
413470
33292729
41939084
35725645
12064581
36168038
45833782
16037073
24655228
16069970
41099736
30479845
27064408
1895100
7540461
27942267
1070510
39442196
33162046
506498
31797942
45626922
33740996
29917273
31321106
27958300
44430385
1549534
1899896
15806356
34340446
36766421
36214250
6604351
436913
9657
39853044
289548
409155
38705201
41600761
27320473
37546190
30161279
907173
1571432
262103
35085395
36749107
4787421
108944
34535844
31974640
81747
930744
44798093
33521129
27263884
1082526
36956789
11604601
32669976
31766278
29099846
15578934
31847896
58007
35191439
39808500
41283546
13999431
39892594
35079820
39672592
12471661
33433912
336159
33085387
31250638
469768
31880815
37790713
38136270
34334606
5133701
2009368
34884676
37971440
9333001
38032583
45622192
15838692
34924217
37953907
36901530
36266626
2920036
44769079
465227
38410704
45820839
33211106
37473305
38912949
29832069
37623667
1664251
36726098
36200075
44726439
3065466
40374767
40308083
44771015
3846811
342128
32586215
31193547
44686463
1906994
43608312
43887655
2151646
27122866
31007302
1473720
41373622
32647929
817336
33305907
32761839
10887981
38207003
15420311
27138115
43740077
37690739
29659327
33150806
36685101
35675914
12197821
35106960
440114
40463327
30816628
31205188
8425811
15829823
37036907
35241545
42742458
41172101
30550573
1156417
2558356
2831258
41661858
282534
44404929
30171681
29673090
16676209
31030137
3814771
258630
29506966
27450523
443387
552864
3034532
1446315
27338806
40786301
4100271
76934
38633776
42024609
30682077
5199211
33938198
16308229
29577771
33854343
151911
1795591
1639228
16169343
33880811
8458681
35567786
40982320
34753512
2394078
31881564
1729134
38495580
31805492
44749873
32335668
3103377
33468749
42393610
29831504
2618508
26625
29572803
31832582
29192125
7778531
16158500
37340658
2048896
33848599
15710218
34365250
3028530
2568432
29564986
43493677
3059230
7851051
45447015
27869484
33931225
33032038
36660866
9134
31843701
250670
2383356
30283038
29188310
30883618
37423790
2854654
11016051
10694991
464935
15694270
32319784
34277316
33449
34313704
11429171
29044116
3231996
27393127
16072171
36838596
31691811
271698
1011340
1254889
8599771
39670270
13825821
27874103
36322417
2715074
1183471
32543426
313667
1411376
27645211
44209178
1255404
42157258
3018337
44648671
37054638
8768181
45219585
2967690
33591923
321346
35290150
31560870
31484816
1484501
4412651
32654735
3168506
44754418
41515851
8307341
31197848
37927004
43519671
2365508
36317846
15988020
33650487
32155331
36934797
30600093
32044124
37513111
39022392
16360258
16312741
31561300
38611319
29887929
36804885
36566001
37781737
34548203
16031116
44143082
40052369
32322000
38188989
555518
27753742
627092
31409774
43976631
31955639
36449254
45092208
16457329
44356983
34654025
33706731
1683427
826460
20478610
39594122
29809953
889807
38298634
35355802
30664623
45816942
37054012
31560489
35863425
44775968
34176815
45770929
2277058
2944724
2212684
1436117
975103
36496295
31408319
34039531
42586385
42936594
43185113
954639
32250354
45564515
31887466
45623194
417658
34595388
37058800
45184352
3823561
41856164
1100421
1993354
308344
772230
45551869
32394318
1294972
1317632
1364938
2261820
43373445
35068344
35586471
35601106
40328496
1634403
38135314
27825415
44632670
30410024
35593526
41282414
33842382
30245223
43885995
31571871
35008493
42162600
38874523
35776140
20172814
771064
42127374
37282818
31512952
35857828
35084777
45362476
38545343
641304
35580368
42584673
2050286
20328433
45385388
45383979
37100029
388335
29317550
475774
43993170
44007420
29077421
43293093
37848382
30905246
15674567
13797691
32747296
34844519
16010326
34387564
1877530
32133313
33052341
36058595
38095687
3076087
266915
38170035
2186258
35356466
34341227
34261276
34850744
1470788
42865823
35561457
36851315
2457130
31432310
41390495
43776747
30667386
309048
1102115
1960954
38716140
256666
34931179
350737
41080787
36682596
119376
29638879
31525614
2175706
15671315
6299361
37061663
31172140
38594007
36353300
31296827
368373
32726147
559985
11798
155881
36050
331561
29250137
507929
34867697
39969276
39876830
1146459
32625132
44445012
36468700
39007267
37049881
1688338
36593969
36908592
14788301
35735993
2227824
32842748
34218848
32654523
33388120
1368314
