2292
6214
6719
7935
10500
10520
11033
11798
11977
12100
13446
14190
16079
16610
17660
17962
19201
19456
20662
21392
23455
24989
26105
28137
31315
32631
36050
36468
39403
39743
42629
43073
43300
45132
47043
47329
47470
48746
50422
50974
53111
54453
56181
64689
66032
66849
75898
75982
76245
76934
77019
77617
79724
80627
83375
84822
86038
87718
89508
93248
94691
101634
102326
108944
109980
112546
113572
117456
120180
121653
123022
124786
124891
125409
126018
129330
130352
130444
132137
133837
135263
135975
136093
137700
140953
141366
141745
141776
143486
144735
147072
150910
152025
152280
153044
155881
156376
156958
157250
158963
165193
165631
166380
169492
170632
172800
173684
174733
175863
176156
180294
180975
181600
184241
184436
184938
185739
185983
187432
188237
188777
189223
189961
190405
191444
191777
192413
192471
202801
202810
204536
206581
206930
207813
208238
210824
211565
214196
216144
219308
221748
228748
235090
235720
237127
237476
238538
239375
242874
243019
243765
245725
250339
252225
253274
256864
257374
259587
263351
265732
265807
269286
269343
269592
269630
271698
275127
279526
284595
286825
289464
289711
290413
296497
297101
298631
298788
301506
307850
307943
310368
310577
311546
312351
313096
313252
314317
314965
315209
315891
317064
321465
323232
325649
325973
326443
327341
328279
328368
332620
334473
336030
337687
338669
338803
345114
347483
347749
348705
349145
349263
351166
356914
357778
360298
360308
363717
366415
370225
370761
371995
374221
377588
377897
378177
382184
384629
391593
392141
393015
395953
398945
399222
399916
401716
404511
406857
408445
408654
410964
415366
416118
416683
417658
418018
418518
421728
422836
423574
428086
433838
434321
436667
439612
442112
445662
447444
450288
455235
458204
461128
464063
465227
466500
467946
473072
478879
480654
484504
486243
487082
487840
490061
490152
491222
491904
496838
497302
503417
505735
507929
508938
511001
511184
513130
514070
517653
520544
523840
523974
525265
531655
532310
537982
539568
539692
542261
543616
543722
550460
551326
555877
557118
558463
559985
561012
564507
565560
566842
573940
582124
588088
589864
590289
591170
595215
596167
597484
599377
599906
602551
608191
611709
612474
614316
616572
617319
618005
622449
626435
627509
629076
631088
632142
637807
640680
645283
646319
648697
649469
649929
650274
650596
659933
663015
665923
672965
677679
684906
690071
697526
698209
698395
700931
701938
707279
710498
711566
711611
713031
718047
718448
719993
722037
723838
725453
725947
727834
748458
750438
750766
752175
756685
757801
761395
775272
779445
781926
785156
786296
788235
790656
790731
793672
793866
799609
801328
811610
813735
819604
821973
821995
825239
825482
836652
838135
839788
842663
845329
849318
852015
854283
854982
858715
870203
871809
873495
880919
882264
882367
883089
885616
885936
888799
892155
894969
896696
897549
898541
903883
909757
913302
917547
917635
918741
921060
921674
923965
929531
935189
941479
948416
952584
954639
955391
960868
967383
968030
969226
970200
973621
976219
976974
979085
985670
990646
991758
994716
996539
999339
1000416
1001222
1007550
1007746
1010063
1013108
1014834
1020055
1022228
1026259
1027965
1037158
1041405
1045274
1046620
1051286
1053547
1054074
1055997
1065186
1066611
1067922
1068976
1069591
1075290
1075451
1076132
1078638
1080527
1082314
1084014
1085145
1089180
1092206
1093347
1093526
1095896
1096416
1096806
1100217
1101303
1101828
1102115
1102479
1103520
1104813
1105387
1108160
1110713
1114032
1116296
1120639
1127451
1132949
1136444
1143218
1145372
1148941
1156223
1156449
1161063
1163674
1169215
1170091
1174125
1174608
1181249
1183892
1190712
1200306
1200324
1204656
1207071
1207725
1208410
1216709
1216897
1217370
1217645
1228529
1231476
1236224
1244231
1254662
1254796
1255710
1271172
1272449
1278320
1286235
1292005
1294039
1294598
1295513
1304843
1310439
1315436
1322549
1326626
1330785
1331255
1332297
1334942
1337583
1350436
1352563
1357546
1361984
1364487
1368322
1373118
1378863
1384598
1384829
1386880
1389679
1396855
1397476
1402949
1407729
1413811
1432046
1437402
1443223
1448502
1450387
1454276
1468244
1468309
1472628
1477490
1480870
1492302
1493961
1496505
1500327
1506629
1507732
1508454
1510906
1511778
1512592
1518394
1520897
1536721
1538870
1540976
1544512
1546069
1550028
1552602
1556995
1564688
1565678
1571867
1575779
1577135
1589060
1593617
1593847
1594950
1595127
1600469
1607765
1610333
1614151
1628908
1631158
1634403
1634430
1636013
1636684
1643339
1648582
1652121
1657865
1659616
1662881
1665985
1672276
1673603
1674466
1680354
1684998
1685215
1691178
1695885
1696371
1696606
1705709
1718564
1718606
1726254
1729317
1729671
1744219
1748087
1757207
1761167
1764329
1784927
1789997
1795591
1797635
1800223
1806853
1819459
1849364
1849402
1857240
1870502
1877530
1878180
1887414
1889934
1899896
1902686
1910376
1929894
1932870
1965620
1975098
1977130
1977820
2009368
2011504
2017200
2028536
2033322
2038076
2041152
2050286
2066790
2066900
2072444
2084372
2089848
2101614
2118782
2147978
2151270
2151646
2158624
2171934
2178078
2182600
2183366
2204900
2208232
2208250
2209564
2211910
2230652
2237666
2245218
2245646
2246744
2251844
2252100
2254660
2270350
2281866
2286024
2293014
2299492
2302370
2333358
2336542
2337668
2347786
2351330
2361654
2367670
2371366
2372952
2380876
2394508
2407802
2408800
2412222
2418850
2434834
2440174
2447530
2447960
2449020
2450842
2473848
2478904
2488254
2493026
2494792
2503578
2505296
2514396
2521274
2523412
2526966
2531022
2534114
2539106
2545138
2553122
2584708
2592688
2606240
2608932
2614102
2618508
2623010
2630504
2635572
2647502
2660846
2674244
2698706
2700856
2704510
2715148
2721352
2722246
2724988
2771294
2787286
2787610
2798602
2808072
2816076
2816342
2823032
2825932
2831258
2834312
2847182
2851758
2859156
2864498
2880174
2896748
2896820
2911804
2914464
2917508
2920036
2928098
2944724
2960322
2968076
2989184
2992018
2993250
3002130
3002366
3014848
3017013
3017956
3025051
3026272
3028447
3028486
3030090
3033131
3039342
3040477
3049907
3057703
3061350
3064390
3071446
3073472
3078840
3084278
3091284
3103377
3104823
3110598
3110716
3118113
3118740
3120807
3124904
3126954
3134202
3136293
3141298
3153572
3158967
3159716
3161550
3162108
3168174
3170961
3174008
3178636
3182556
3184509
3185736
3198517
3200546
3216889
3220838
3314121
3384201
3403441
3407761
3430711
3505851
3543401
3565161
3598061
3709571
3806031
3835931
3867101
3884561
3899521
3957601
4045211
4045281
4052111
4184801
4371741
4380711
4409291
4416791
4458951
4504091
4606271
4615471
4649081
4690571
4720381
4724691
4808241
4880221
4880561
5045391
5127331
5143021
5154081
5227241
5489841
5658921
5796691
5843961
5849291
5859781
5880571
5994931
6004111
6011631
6062641
6071991
6086891
6097101
6134101
6152371
6245641
6299361
6340271
6342431
6373331
6441261
6490561
6495561
6499981
6506101
6562701
6580881
6780001
6894451
6906571
6935141
6944321
6974391
7046071
7118951
7147241
7386881
7530151
7546721
7708711
7750061
7765411
7825671
7855331
7863041
7876371
7918741
7996471
8020801
8067181
8127411
8310561
8425811
8458681
8654851
8762691
8779501
9093931
9166521
9173031
9267011
9270081
9306301
9326341
9334981
9422541
9468451
9478001
9504571
9560641
9602621
9679841
9692461
9976211
10046911
10144911
10171741
10232471
10238631
10307451
10309931
10559921
10684671
10694831
10694991
10710191
10887981
11016051
11111411
11118001
11229861
11277471
11613981
11677821
12180721
12197821
12471661
12480171
12546361
12660841
12711541
12757701
13797691
13825821
13913261
13996741
13999431
14030851
14059361
14083941
14094211
14220091
14341541
14357831
14471931
14696331
15210511
15386791
15458001
15459021
15536480
15542713
15557473
15558219
15577685
15578934
15596225
15611293
15623990
15631017
15652765
15658303
15671315
15674947
15690818
15707110
15721250
15733079
15738598
15742829
15758936
15773897
15793241
15795455
15797480
15809477
15811258
15816217
15824924
15838692
15988111
15991618
15996864
15997185
16018763
16019464
16024895
16027022
16031116
16036036
16054791
16060886
16069970
16075566
16087421
16110484
16123375
16131003
16145846
16169343
16174613
16174654
16180541
16183822
16185345
16188527
16214943
16215672
16218536
16232743
16299535
16353691
16369510
16370005
16464154
16533094
16543741
16551967
16592425
16601521
16659412
16686052
16686505
16691395
16692544
16692985
16755601
16798735
17210692
20150803
20172814
20173210
20181019
20193445
20272939
20281678
20312071
20314600
20360218
20374528
20404966
20412073
20431189
20445235
20468503
20484526
20496850
20515390
20539633
20558962
20565712
20574376
20577727
20724031
21614119
22105823
22826122
23626041
23906682
24328586
24402492
24522829
24728183
24804214
27057838
27100270
27103804
27138115
27140728
27175597
27191155
27233788
27263884
27272236
27277555
27304948
27319069
27330937
27373033
27413245
27433246
27453715
27512086
27564673
27584854
27586306
27636967
27644995
27645211
27646777
27693565
27710278
27717268
27750553
27780457
27798700
27799810
27818857
27836164
27871006
27873079
27884465
27911548
27917882
27924403
27925053
27938114
27943061
27950001
27963076
27966128
27967094
28006407
28174596
29039438
29041566
29044114
29069095
29071738
29072050
29072054
29074813
29076764
29090616
29093406
29099432
29103781
29106706
29112168
29115139
29131195
29134745
29165634
29165738
29169554
29204736
29223943
29226796
29243513
29260625
29261016
29279818
29281402
29282242
29311179
29311587
29325062
29414451
29508053
29513672
29526947
29533560
29534878
29538774
29541566
29564986
29567211
29572803
29582527
29590938
29594526
29598553
29609604
29623376
29627411
29634471
29642097
29649316
29653756
29753096
29755139
29783646
29789005
29793560
29802461
29804686
29821442
29824808
29831504
29832069
29889111
29944187
29975638
30004405
30007773
30053902
30075524
30078310
30079195
30094259
30101195
30122069
30206340
30242089
30271536
30290439
30291452
30335172
30336518
30369218
30369656
30377356
30388753
30412252
30448790
30505527
30514259
30527052
30529730
30551173
30551620
30567215
30569308
30573229
30587048
30598606
30616300
30621117
30634854
30635252
30651773
30659309
30664787
30667386
30696473
30714370
30718031
30732006
30766738
30770705
30774565
30789739
30796255
30850166
30856576
30876796
30885133
30890255
30899600
30936548
30991327
30994322
31007302
31030722
31085576
31097254
31120081
31137836
31140147
31172140
31189472
31189909
31225367
31236308
31245893
31249124
31267339
31296719
31296827
31298004
31313419
31314472
31326611
31330509
31337029
31346101
31367431
31380519
31394077
31421106
31424767
31429093
31429594
31443615
31448506
31512952
31518078
31539488
31550854
31552255
31554685
31573117
31579071
31608019
31622964
31623338
31633521
31634204
31644084
31670149
31682415
31689552
31718186
31726532
31741174
31743544
31754250
31797942
31799512
31805492
31811661
31811751
31819515
31819967
31821114
31844414
31853793
31866610
31879985
31882301
31887466
31906186
31916219
31932731
31965164
31974640
31975064
31979091
32007875
32013009
32013038
32023717
32029613
32041223
32041576
32046340
32114287
32118486
32133313
32142699
32149365
32166212
32169207
32185324
32206404
32254452
32262728
32276072
32299566
32301799
32302017
32306543
32313523
32322245
32325098
32326830
32333011
32339327
32343740
32344308
32353250
32354751
32370503
32376022
32389649
32389844
32406191
32406594
32442956
32448820
32449346
32455809
32459102
32461768
32471705
32485734
32486963
32488535
32504033
32506232
32534149
32543426
32556030
32557703
32561635
32561872
32598736
32603445
32647929
32652521
32668209
32683231
32685864
32686103
32713577
32722484
32726147
32736059
32739195
32750914
32752311
32754475
32761555
32764561
32811880
32814547
32818793
32825687
32826592
32837770
32854013
32883304
32895618
32930374
32949699
32972159
33008180
33012343
33014215
33014500
33015800
33018396
33031869
33043309
33046106
33076419
33085387
33093114
33105687
33113936
33120037
33150806
33158741
33187551
33188785
33194995
33196610
33197611
33199448
33199695
33208975
33211844
33212535
33228745
33232042
33236893
33239512
33245845
33258008
33269308
33282985
33292729
33305180
33325849
33362446
33373523
33428945
33432979
33455676
33471284
33481426
33483959
33483985
33490641
33548178
33565521
33590741
33596879
33599119
33605243
33618340
33623446
33623885
33655289
33663611
33667844
33681928
33694410
33741778
33778662
33792884
33796498
33802618
33811255
33813159
33814880
33822124
33840057
33840705
33843123
33848599
33849889
33854080
33863572
33873735
33877527
33877604
33880576
33880811
33896370
33909240
33924275
33925318
33931225
33938170
33939806
33948127
33951155
33959287
33961670
33990383
34002836
34019847
34020087
34020987
34032543
34038237
34042846
34065019
34076365
34098622
34108620
34109939
34126443
34164316
34168714
34175829
34176265
34183425
34202335
34210672
34213086
34213305
34232185
34234719
34248062
34257553
34261097
34268940
34276051
34276090
34276313
34277316
34281340
34284915
34286160
34288861
34292832
34295816
34296068
34315915
34321778
34329643
34335512
34342257
34360203
34367721
34370273
34388172
34397644
34417504
34441974
34458689
34460855
34466402
34467799
34470821
34474577
34475013
34476540
34497494
34497639
34507751
34535980
34545247
34554855
34562915
34583011
34606600
34612882
34612997
34620632
34638196
34641904
34658632
34670776
34678381
34688511
34692856
34705505
34710867
34721378
34753512
34777563
34798706
34799847
34800781
34804853
34809235
34810623
34819563
34824427
34840033
34840508
34857022
34867986
34870878
34871129
34886385
34904612
34923948
34931179
34932789
34971269
34972864
34982525
34989862
35001486
35008493
35020479
35024888
35027686
35041363
35046363
35049478
35050917
35060820
35068153
35068227
35068344
35083859
35095863
35104103
35106960
35108425
35128270
35158730
35163118
35173211
35180207
35194738
35207442
35209852
35243680
35277072
35293985
35297357
35310144
35310395
35322329
35324749
35326018
35331660
35346368
35356466
35374213
35376740
35385858
35404855
35420305
35447436
35455301
35459098
35475810
35481612
35490102
35497249
35520100
35531087
35542288
35542573
35547039
35573388
35580368
35586471
35595701
35621839
35637375
35640554
35640635
35649204
35656086
35662793
35688774
35693814
35725360
35739426
35755127
35757014
35759892
35768987
35773220
35775752
35783647
35793405
35803562
35808325
35809503
35848169
35857256
35868840
35875426
35880357
35884137
35889893
35919792
35954533
35956245
35964709
35965679
35969916
35974150
35980682
35983367
35989597
35993393
36022348
36029101
36047229
36057576
36076810
36091836
36093463
36098565
36098654
36108724
36109057
36124425
36124522
36142896
36157931
36166468
36168038
36174982
36214597
36223368
36225197
36238124
36241707
36242782
36244323
36244475
36253880
36261291
36266626
36274489
36275640
36288848
36309414
36311632
36313856
36317553
36318786
36324521
36327691
36329582
36331681
36339757
36341680
36344827
36350085
36356498
36370538
36381054
36401953
36407984
36409309
36419886
36419931
36427374
36449254
36451530
36457662
36467709
36468700
36474431
36494446
36515770
36521007
36536500
36538189
36553080
36559113
36559919
36569522
36571061
36573101
36573470
36581641
36582847
36583105
36593749
36625764
36637954
36638178
36649161
36660760
36666664
36680419
36682688
36703081
36716277
36718317
36722553
36743948
36753093
36753181
36776160
36792136
36809558
36813021
36828046
36832113
36838004
36848975
36853590
36863247
36879718
36879805
36893025
36901530
36906347
36920358
36933791
36938904
36991232
37001434
37007161
37008112
37011633
37043833
37045120
37047665
37048273
37049856
37049902
37054012
37057697
37061663
37066292
37070282
37070519
37075396
37076955
37077123
37094341
37096030
37117433
37117582
37142214
37161998
37162530
37201726
37204727
37217446
37222172
37224976
37234673
37242148
37262792
37264112
37271767
37288045
37291023
37294857
37295891
37296920
37298897
37314712
37321660
37322881
37338400
37361096
37389267
37392502
37402096
37432611
37436558
37446469
37452015
37474465
37484359
37484468
37496489
37503361
37504093
37516117
37520551
37521628
37526528
37542864
37545051
37551899
37554994
37579608
37580198
37590492
37609896
37610865
37619643
37626532
37626759
37627586
37631762
37654748
37672932
37675919
37690739
37722487
37724180
37727633
37729135
37742365
37756277
37758988
37761496
37777109
37780181
37783497
37792381
37794049
37797787
37799890
37815761
37823431
37832826
37833786
37843534
37850681
37855931
37859556
37867912
37871689
37885598
37933037
37967761
37974464
37974511
37974563
37974644
37975587
37987137
37988042
38024362
38034231
38053711
38054689
38068431
38079669
38080867
38087037
38088613
38098544
38107273
38122272
38123256
38130465
38131601
38139013
38140665
38141202
38141236
38141583
38141639
38142327
38146947
38156081
38170839
38170860
38182077
38186555
38186614
38196585
38204030
38206730
38219123
38225214
38232692
38233811
38236337
38252875
38255422
38291064
38297191
38317231
38346605
38353549
38356557
38421243
38424129
38425091
38443635
38447743
38493267
38494340
38494864
38534051
38546417
38553073
38555391
38564916
38565565
38572780
38580328
38590644
38594007
38606502
38607770
38607775
38614898
38623262
38630457
38631141
38647757
38650254
38673309
38690456
38742141
38766635
38777646
38797427
38800942
38851691
38858875
38866331
38872920
38894593
38894760
38906691
38907286
38910283
38923664
38946650
38946712
38965674
38975205
38985883
38987406
39004156
39005280
39007267
39008269
39031956
39037653
39073119
39081228
39095143
39131207
39140353
39153477
39153575
39153836
39154021
39154171
39154241
39174653
39206715
39208503
39238577
39249006
39255036
39292191
39302985
39324081
39325112
39327860
39362247
39374179
39415497
39423203
39442196
39455542
39460835
39461261
39469853
39480855
39498303
39539062
39549370
39579428
39598811
39606850
39619156
39644011
39645105
39645605
39657040
39662514
39683755
39688519
39692938
39696605
39707451
39716505
39720882
39738153
39758927
39760470
39775220
39787374
39795490
39818466
39819328
39819554
39819640
39819713
39819805
39820244
39820487
39821228
39821355
39821476
39822000
39822756
39823387
39824229
39824396
39824650
39825738
39826347
39826859
39838398
39858752
39877574
39880797
39886727
39893020
39895988
39899807
39904765
39926480
39926997
39927406
39927656
39931678
39933564
39936193
39937702
39950919
39969276
39970721
40005999
40006897
40058525
40105455
40134478
40137141
40140241
40157713
40160049
40177095
40183955
40190689
40192952
40194115
40194302
40199202
40205966
40232211
40242367
40245234
40273095
40279483
40280338
40287194
40287750
40304814
40308803
40328496
40344160
40347005
40362860
40385394
40407463
40429570
40437157
40465058
40478260
40489129
40493021
40500830
40517135
40550704
40566980
40582972
40593603
40593918
40597911
40609696
40626121
40628322
40628427
40629437
40630452
40675485
40681432
40702658
40714247
40715312
40719291
40719343
40738444
40744690
40745520
40746157
40770147
40775397
40776056
40778201
40779712
40786301
40801268
40820287
40821190
40824239
40836335
40837826
40839815
40843970
40851402
40865490
40900256
40905161
40908765
40915013
40941950
40969376
40981506
40991499
41003588
41007236
41009885
41018492
41024740
41029758
41030531
41033018
41041317
41051127
41062588
41068397
41095159
41098557
41099350
41099805
41100309
41100484
41110644
41138563
41139726
41165670
41170247
41173292
41180729
41181846
41182790
41183280
41189105
41189980
41192947
41198288
41199637
41203402
41207821
41225092
41240864
41250206
41259673
41278521
41278898
41278978
41279434
41279773
41280317
41281733
41282351
41284427
41285142
41287051
41288278
41289152
41290321
41290692
41291185
41291798
41292521
41293452
41323782
41324465
41325546
41325937
41326448
41326778
41327188
41327506
41327917
41328519
41328885
41328961
41329606
41329665
41331077
41331881
41343099
41349230
41356307
41363461
41379331
41391596
41395464
41396196
41398012
41398214
41398626
41399161
41420682
41424784
41426007
41426139
41430233
41435752
41445447
41452758
41470960
41477852
41483061
41504742
41517508
41519874
41522819
41548128
41552743
41552820
41554138
41558803
41568424
41572066
41575517
41578248
41581934
41582079
41582800
41589302
41600886
41601391
41601902
41608840
41613889
41615480
41618405
41618715
41622781
41627556
41636176
41644195
41645642
41657338
41665237
41666722
41677699
41683713
41688552
41689901
41690513
41691630
41707236
41714204
41734469
41739373
41748973
41752066
41752544
41752840
41753142
41753489
41754302
41760018
41762970
41763343
41765904
41766606
41771314
41775610
41783347
41783816
41785331
41785821
41786562
41789271
41791524
41801985
41803207
41804218
41804421
41809846
41815820
41817758
41824132
41826197
41850586
41870536
41873830
41879250
41886838
41888765
41892042
41894309
41895736
41899444
41905998
41913784
41941125
41985596
42029492
42046778
42090563
42101987
42104489
42125646
42127022
42132956
42159302
42170732
42176701
42197749
42297858
42318062
42634391
42647521
42672758
42678816
42699716
42713458
42723054
42726315
42860779
43154792
43565942
44412070
44425474
45113964
45184976
45830718
45940386
46006290
46135056
46219823
46314871
46315435
46429776
46437028
46448674
46539941
46540492
46600527
46611352
46619169
46671544
46847085
46928913
