4
11798
14217
18128
18635
26105
36050
51268
63959
64688
74778
78143
98340
102281
119376
130025
132743
139713
190265
213321
213372
242259
252483
290441
305687
305834
311546
321346
336159
359153
359606
368373
417619
422935
427284
476246
480840
488295
494557
497610
508099
514070
546551
549368
551767
557035
561672
564604
574689
580344
596167
609152
643314
646549
723816
728565
767194
769344
780771
813417
817034
827481
833768
885936
886367
920308
934961
940263
952166
954506
954639
971065
979545
1000931
1054168
1080527
1092823
1093526
1116708
1127234
1137769
1146459
1148536
1167248
1177930
1200306
1277099
1300856
1307256
1339787
1375532
1413713
1452188
1481942
1511624
1516836
1527294
1540206
1543840
1564659
1602228
1603249
1606821
1617723
1628317
1630592
1634403
1641437
1663141
1687321
1692579
1693304
1712001
1748963
1765427
1800711
1877530
2050286
2053462
2170546
2227824
2252198
2385014
2398424
2486070
2583892
2641194
2668054
2685502
2690296
2695734
2747580
2811256
2842930
2932174
2961540
3049907
3105983
3108693
3123331
3146286
3160979
3179406
3200203
3698941
4031241
4132931
4190001
5119571
5287711
5328821
5351741
5535121
5643951
6141341
6299361
6490561
7221621
8397931
8409591
9309061
10036561
10145001
10417071
11229861
11388691
11461791
11967091
12806611
14388431
14505171
14559041
14788301
15559884
15578934
15623990
15626921
15649919
15684306
15720042
15744086
15794753
15816217
15824759
16039991
16058644
16058992
16069870
16155183
16174264
16652077
16749982
20163223
20172814
20249620
20325979
20326693
20347216
20375794
20407024
23179751
23649524
27153715
27273163
27624247
27695374
27757705
27871006
27872892
27873977
27888488
27930555
27953924
29068197
29098458
29243450
29280915
29321595
29327090
29550885
29616322
29663232
29777884
29786941
29832069
29902611
29931219
29956289
30007773
30061129
30101195
30124680
30229260
30408166
30430820
30664623
30704237
30810619
30961623
31238737
31248009
31283950
31641561
31649667
31682030
31688477
31748586
31849879
31876248
31930598
32185231
32217369
32362673
32364564
32390084
32522806
32554504
32625132
32696740
32979253
33012343
33088580
33108783
33141591
33187551
33307638
33503433
33596879
33618340
33774277
33811255
34021836
34064706
34085666
34098622
34176815
34218848
34224765
34306039
34351175
34385049
34460855
34466402
34508594
34569495
34570248
34595388
34664661
34684101
34844519
34880007
34922229
34934984
35008493
35039943
35196470
35262199
35294013
35322329
35356466
35482588
35497249
35542288
35573811
35585386
35586471
35589069
35615031
35640554
35663466
35690568
35703455
35735993
35791948
35793405
35886829
35950803
35976180
36058595
36072492
36080478
36098654
36159055
36159271
36261291
36292045
36299528
36317062
36342850
36407091
36520517
36556814
36605550
36654419
36655420
36656233
36865090
36920436
36933046
37004699
37021876
37054012
37061663
37076955
37123750
37124424
37127078
37127113
37127139
37127283
37178043
37183393
37254757
37290276
37322158
37350815
37425820
37435862
37501878
37580198
37589972
37609810
37631762
37684601
37701161
37873266
38030201
38182077
38215952
38352020
38504120
38538968
38594007
38862178
39007267
39098781
39144301
39392578
39410289
39454963
39525009
39563448
39584269
39645605
39667683
39730758
39827815
39919187
40328496
40818502
41367194
41569682
41992679
42217248
42297858
42586385
42698273
43016837
43025309
43376737
43390374
43843596
43885995
44070277
44165505
44459233
44545745
44869328
45043488
45450183
45830718
45883866
45970653
46006290
46133173
46219823
46315435
46928152
47223195
47427344
