9134
9209
11798
28137
36050
39630
39663
63884
72358
86605
95441
117987
119376
127793
156623
160872
172466
175102
181930
189575
190613
190759
193832
198200
200675
207498
224443
227367
230781
247926
270390
282043
289548
309048
311689
316401
317001
334940
336159
336749
350737
351774
353194
368373
380141
386998
401816
408993
422652
443985
473755
476680
478438
488295
502799
514070
520796
522170
531655
532204
559985
565791
570839
585962
588088
596167
700471
771064
780771
785404
797562
833768
842663
875575
885936
928701
954437
954639
979013
1006048
1044231
1146169
1146459
1208270
1313728
1319640
1325932
1403021
1416588
1435856
1460367
1473720
1477035
1491951
1520782
1561449
1634403
1642310
1683427
1695348
1697861
1704911
1720935
1760911
1820663
1842704
1877530
1954284
2023964
2039262
2050286
2053462
2090140
2238228
2300108
2316372
2450842
2454598
2466886
2569996
2636336
2657402
2785044
2815434
2831258
2869322
2908570
3045016
3140811
3152692
3209363
4132931
4182601
4264021
4564761
4988681
5068061
5477351
5658921
6291501
6299361
6842671
7365061
7456041
7784011
7929611
8507811
8604821
9035721
11229861
11967091
12711881
13797691
14156681
14505171
14693431
15231521
15420311
15583108
15587234
15596225
15615871
15623990
15640754
15671315
15763502
16010326
16028388
16050617
16061789
16117522
16118958
16158500
16464691
16464706
16652077
16692985
16764574
20150803
20172814
20173210
20390872
20478610
27413884
27625318
27889049
27913187
29004482
29008286
29015921
29027196
29086986
29096353
29263923
29266950
29271167
29294514
29589012
29638879
29810412
29824808
29931219
30136276
30196890
30229260
30283038
30315673
30338787
30430820
30475476
30549617
30567215
30664623
30692628
30696473
30715788
30786797
30920027
31068752
31082396
31172140
31248009
31378106
31408319
31520449
31525614
31562293
31574320
31590388
31727017
31766278
31781162
31818630
31965457
31988181
32001879
32066813
32073491
32133313
32217369
32225521
32288681
32292609
32390084
32444603
32561562
32638739
32717664
32747470
32781955
33012343
33015800
33052341
33258697
33334193
33461345
33565098
33650487
33666493
33667720
33679158
33741778
33746646
34020750
34071275
34176815
34271915
34297224
34387564
34595388
34648286
34656089
34664661
34741193
34844519
34853053
34884676
34927050
34963301
35008493
35134120
35192754
35479037
35553744
35580368
35586471
35704433
35757014
35787021
35874337
35900036
35959134
35976020
36058595
36080478
36410518
36413583
36466227
36538189
36660866
36726098
36759993
36954591
36995972
37024264
37043833
37054012
37061663
37087315
37114522
37183393
37191019
37199454
37313925
37321660
37413241
37600151
37603651
37609810
37937240
38012361
38067335
38095687
38099266
38181860
38215952
38249542
38252875
38504120
38538968
38544784
38594007
38630457
38678207
38869253
38917852
39098696
39140353
39325952
39354233
39366989
39535400
39569160
39645605
39747150
39754030
39876830
39886727
39969276
40008024
40168236
40181068
40328496
40376269
40404223
40498342
40648256
40678592
40730287
40735688
40738444
40818502
40903138
40982320
41080787
41090982
41170699
41282414
41283546
41300795
41303431
41550007
41583566
41591751
41689901
41856164
41921192
41961537
42056861
42200942
42213061
42279793
42297858
42547526
42557683
42581711
42584673
42586385
42698273
42913775
43021651
43065305
43246363
43383305
43471503
43519671
43608027
43686943
43712100
43713167
43740077
43758770
43853811
43866556
43982336
43993170
44002156
44002493
44007420
44070277
44114714
44125296
44127356
44129259
44182551
44214452
44225465
44235508
44331410
44412070
44441567
44442072
44442114
44442494
44446254
44446580
44475364
44513121
44599867
44632670
44649371
44665004
44673169
44678596
44691189
44700086
44751403
44753432
44775968
44782872
44785325
44829362
44833767
44836459
44838960
44841041
44841541
44898962
44902124
44945968
44967214
45006681
45007706
45107850
45109621
45132026
45179345
45184352
45184976
45253219
45343032
45392282
45505081
45521473
45525248
45622192
45750799
45787273
46001613
46006290
46025386
46213120
46258510
46312370
46315435
46487027
46629355
46659603
46935234
47176019
47177570
47188647
47213140
47223195
47468131
47588578
47752079
