47368273
37962279
44412070
30229260
30692628
30136276
44519246
979013
44474780
44070277
219392
35703455
14505171
32561562
47473590
3124052
31660678
1313728
47454089
47452605
41856164
30430820
47427344
33012343
29650066
44599867
869561
35949017
2560106
47131837
45482123
36748465
40903138
38215952
43967104
43947541
46487027
42297858
142145
47223195
29931219
885936
16652077
37183393
16692985
596167
36080478
38218223
38504120
954639
38252875
31641561
34656089
46750391
34853053
38538968
46001613
44902260
37546190
42405041
39688519
35309271
46481292
1562665
1085145
34714895
42537305
40344160
46006290
45184976
35654053
46315435
45450183
37321660
40688911
46012061
952584
45391268
2567778
987929
38218070
38957184
45800673
30251532
44279975
37698826
2707220
36614252
40818502
42581711
43104337
46001572
37639320
43016837
43734740
30140934
45626922
35241545
31880815
42586385
1564659
45787273
16174613
1038790
29810412
13825821
1146169
42162600
16072171
35586471
39155143
35158730
44574477
34176815
42698273
33251267
15578934
2574908
45225367
36353300
42584673
29638879
33292729
24655228
44838960
42855390
2057230
45107432
38630457
45109725
45188156
45184352
45179345
44114714
37413241
42213061
45142387
15640419
45107850
41689901
43253587
35300210
1873720
40982320
36058595
43021651
38239400
16028388
45084328
35495855
29004482
37788492
36663285
42279793
2238228
43713167
34297224
289548
34844519
43686943
41730539
771064
35192754
11967091
15231521
44789299
37313925
41170699
31562293
39747150
2831258
32390084
33565098
31654607
16099995
37609810
38095687
33052341
44442114
20390872
38012361
36808298
41011363
36645695
41514691
1634403
36177229
44206841
44206481
43612058
33455400
38067335
36863105
33015800
3191404
31172140
42104489
36042986
480783
44007420
39480855
29584654
32444603
2371744
1910430
29546835
37075133
36413583
38531018
5815311
43862187
38564916
32295746
39498303
43698619
36863247
6796441
31766278
35971388
487840
41587978
38099266
42993963
1417831
39604976
37921378
20201428
41591751
40374533
37642160
37096030
37978482
27799810
4255031
34313704
34202335
37933037
39895988
41547182
35757014
37871976
90796
41505538
42592435
7708711
37881385
37855813
35783624
34021836
2689610
15706969
37045120
42181381
37871689
29534878
35008493
37850681
34149973
33618340
36879805
32389844
41763343
41477852
37061663
41905998
13999431
41786229
41645642
41665237
37545051
32736059
35497249
41398626
649469
31916219
38606502
38894760
41250206
36753181
33046106
31367431
40287750
31030722
20314600
40865490
356041
33481426
32949699
2394508
1619907
35106960
35482588
35322329
39442196
40280338
36261291
35793405
34268940
191777
33467222
32764561
29131195
1055997
37296920
40466259
40328496
37947145
10887981
38622085
38866331
2050286
3168506
1200306
30717800
36625764
40190658
15596225
33232042
36468700
33432979
37054012
15459021
27966128
39907602
39692938
36838004
36409309
31995113
34726732
36479606
20347216
37970376
38315537
37836622
35658308
33596879
37781885
35561457
39372167
34261097
33187551
6490561
30567215
37873266
38018690
540439
36228861
20172814
38424113
36295327
36991232
38594102
38594007
38607775
38421243
36148068
30101195
34934984
35652721
37516426
27884465
3226353
37573495
32522806
347700
37885598
36299528
6299361
34936371
38202997
38222928
31313419
38167995
38141504
38173061
34502735
1582216
38061995
672965
38107350
15797480
169492
36719575
34854916
37991224
33152906
38043960
35313339
33811255
2811256
33471284
167705
37993205
36742325
35310219
37989779
37779628
13797691
37212632
24252121
37516167
34016023
31209204
37516117
37722812
31656728
29071738
14962591
35755669
703088
33909240
36865090
37150861
37513675
549368
37880563
6906571
35019422
119376
1610948
36298704
35356466
11798
37848908
34768668
1688338
27158524
36050
228748
34551922
36437426
27963261
36583105
37111418
36002724
29333654
1895100
31985691
1877530
35390395
35976180
600355
32149365
27757705
354998
11744331
31027722
1397526
7949591
35500107
34212482
5377741
11229861
35316369
35381471
559985
34385049
31448506
35340564
1572988
502382
15652765
33968532
1464484
34713334
30867115
32662280
29233080
29065313
29654006
30570058
7974821
32794952
31845460
1349101
31930598
31233363
3122433
1167248
30853883
16773343
628258
30253633
3200203
15608768
887471
353810
16050617
2095300
51268
27695374
27544591
27469399
3027971
47199
1795727
3038765
9762811
14729251
3158603
14244541
10529761
13995271
15684306
45521
1132342
15997624
16175417
16175349
16175327
12567481
378939
15592003
15997767
15556986
16124131
116060
9939
945798
2944578
