47674919
42333356
359395
1013720
336159
36247808
37078428
47646274
47646128
47619611
44239137
47824078
47176019
47738227
44439606
47566579
47698924
38065482
37124606
45968710
39827109
47398322
41285607
42286107
42425241
44070277
43953617
43953717
35703455
41571299
47452351
41436722
14505171
38215952
37897670
42459225
15735168
41867272
43376737
45525248
47223195
37199454
37183393
37590878
30664623
46323667
30283038
35704433
46025386
47059930
43325047
34656089
1477035
16652077
31083446
43184223
30736887
29931219
46554512
46487027
35959134
31660678
46765198
37835801
34664661
40903138
41856164
33667720
33012343
42172914
42218055
34853053
833768
46564196
38504120
41656148
46133173
38252875
41913784
46766117
42459643
42494235
38538968
46579728
39886727
954506
46619169
657789
42297858
46561658
39688519
46504744
46219823
46012061
37177606
41018492
38579246
42632101
46388705
45830718
34039531
46006290
42530973
46314871
952584
45184976
46287249
46277257
38957184
42734274
41670506
44851715
42494588
31923832
45576904
46067854
650034
33741778
3373881
36253880
1029377
45760437
43104337
39608793
44459233
1672546
296092
45903353
1564659
34032473
42584673
2864498
502799
16072171
36785613
1734019
43361093
45343032
954639
42586385
42162600
35586471
2574908
43021651
3043392
34387564
44794289
41303431
29638879
34867697
34059576
41834161
45158155
34714895
44937585
31172637
11967091
45107850
43686943
33726771
41583566
15420311
44214452
289548
1892260
34271915
37704831
34844519
44129259
44819382
44826155
16281223
34176815
15231521
32288681
14658981
36496295
16764574
16099995
41170699
44699127
36266626
38095687
857179
8892541
34884676
36161663
12711881
33650487
36392766
36092519
44519752
33052341
42056861
31654607
33565098
33580073
38181860
20390872
12128141
44442114
44233189
43016837
37609810
37937240
37043833
36149962
35621769
41648804
41752041
1368322
32390084
1695395
34243702
36766421
36660866
29946275
38067335
39480855
44229132
2349216
2995484
31766278
44022426
27959120
44203347
36524396
32444603
34741193
44189779
33455400
480783
43612058
351192
37426813
36177229
38441833
14220091
988912
2722854
41514691
36863105
27869484
36042986
44114714
44108563
33654851
44030412
34254434
31172140
41386918
33654963
41591751
29570980
43974325
36145887
37061663
31726532
1893312
35356466
44007420
43361976
44032142
38104917
40287750
38099266
36991232
32814547
31994546
3407761
1222244
34858547
36733157
42279100
58750
32016906
43916019
36233947
1910430
38197268
34829884
41587978
42993963
20201428
34110308
42116343
41992755
38293995
34886224
37933037
42592435
37921378
15710218
42927325
32182070
36478175
37881385
34715859
37459399
42213000
6796441
41280317
42329757
15706969
997522
41203402
42258435
33015800
37096030
37850681
32522574
41850586
41324465
2630504
41763343
41689901
39007267
41645642
37545051
31916219
41399161
41602418
1310439
41572066
40972605
28137
41492869
38606502
40970290
41315789
41435752
41250206
40407095
40405511
36753181
40273966
39702742
41360562
39703712
41278978
35497249
41252968
41099350
32831707
41056220
1619907
2816076
39926480
41016923
40328496
40987702
40258042
24920900
30369218
40600904
35322329
35658308
32764561
40597240
40596747
39224496
40525796
40304814
33553623
35852827
38866331
40369823
40184958
40322601
40307395
36479606
38910283
195104
38099471
37987137
33232042
34168714
40016994
39775220
27966128
11648271
16303108
33580409
34708704
36944482
339390
39741611
24510306
37809441
37963733
39595747
1634403
38972138
38886464
38886514
20347216
38886256
1584313
33194995
39161363
34099270
38858875
39207405
34135252
34261097
37854483
32353250
38053993
39336618
33292729
311546
31313419
33187551
30314130
38676955
38607775
38663403
6490561
37873266
39111402
34911788
20172814
39100158
32649855
37021876
38204030
36838004
39010033
32825687
36228861
38987674
38963248
16432171
31009306
33435398
15797480
33471284
33450215
38671828
38785029
38209809
35580368
511876
38828087
38590644
38671921
38794389
37516502
38669006
38631141
38640178
37580198
38421243
31120081
38570373
38147479
30411891
27884465
15963179
38147231
169492
37885598
30101195
30007773
37845187
27055720
35654272
35279376
36742325
3226353
522830
34352584
38206730
37573495
38246013
3014848
38226792
37094468
29266125
37979149
37041530
14962591
3109509
38017722
38169903
36625764
38141504
38029999
37649575
36693868
1200324
35310219
2679824
33152906
37212632
35281693
37701161
37501878
37950741
37722812
32176897
35599492
36865090
36886397
596167
37150861
36347721
35019422
33108783
37850322
1478550
37684601
36556814
33493428
34042846
37725674
37794168
37794049
35757014
34306039
228748
27122866
36538189
30896737
15596225
31548792
36696017
37593386
35956760
32635848
8799281
659560
36299528
37473991
23611534
34257553
35983367
27799810
1737273
29956289
34770777
4064611
31110130
32775926
1322549
16198621
33848599
2189616
37563071
37230188
35141024
37177773
20391718
33738435
37424811
1438458
37254757
33446198
37198383
33596879
37488562
16158500
35341973
32302017
37123750
37346379
13797691
29596609
37332488
36159250
37295846
28094275
37265652
34810223
37248556
31670149
33403565
35712214
36036876
36583105
37111418
33596861
29787255
37079112
37063210
35773220
35988329
36933046
29889111
36962120
36908867
35260907
36842978
310368
36877913
36856328
465071
36811176
36762829
36817610
36298704
1055997
32698748
31995113
32183742
16798735
36593969
33307638
237544
36432575
36655420
325649
35690568
35482588
73744
35106960
36327691
16040980
36575242
36292045
36525623
2323498
34934984
36523508
29262487
30595150
36482494
36474119
308564
33787992
35404855
1816311
36410007
35395714
36362831
36399991
1895100
29333654
36305051
36368416
36328847
35983105
35246303
36060969
36125581
36333354
36323273
2353958
36297461
36244407
29640031
31985691
25081374
36238523
36259572
10887981
36142896
36117148
36217694
36190120
36159271
34061238
34144549
36184748
36180975
35390395
36104804
36174269
36052575
36052561
35919467
35919726
35919882
35896969
36045639
14788301
36045604
36159055
36045525
36026995
33519359
36018978
36018657
36012652
1193945
1397545
950759
34085752
34085698
559985
24026928
36052651
35896932
35811103
4694251
35810971
35811157
35811233
35947046
35811302
35811340
35811379
35811407
35811447
35853753
24694309
1441009
32004730
35810910
35810867
35948177
35747647
35907515
35810579
35810523
35810490
32522806
35883137
35643370
31702571
35858083
35814628
35814839
35690469
35810416
35810371
77617
35791948
32840141
35705406
34961608
34085643
34240403
34085666
35708608
35708564
35708474
35708425
35708664
35708677
15559884
35708696
35708739
35710628
35708767
35708830
35708853
35709368
31027722
32820417
35701108
35701054
35700964
35700340
35700308
35700236
35700031
35584710
35584341
35585020
35585540
35583421
35583392
35585213
35585297
35585372
31129663
35240225
35472623
35472527
34785878
35472453
35472328
35469299
35469105
1388397
35581973
35577858
35468941
35468845
35468709
30161279
35631378
35468549
35467875
35612873
11744331
35472970
34218848
35468631
35467713
24586298
15742829
35396230
34403917
34959264
35347128
35346826
35347602
35359464
35360234
35362254
34606773
35362460
35363080
33146438
35345942
35345788
35345701
35345474
35345141
35388931
34212482
5377741
35344373
35126561
35126475
35126316
35126178
35126052
35365833
35125978
35125890
35125794
35344935
35344673
35126652
29789709
35126945
35125585
35133521
35120296
35120195
7711
35120100
35120038
35119972
35119871
35119681
35119621
35119567
30411022
4692961
29649316
34947124
32547426
34341137
443387
34449618
34450419
7349031
629097
34385049
1144857
1048008
35040168
35106115
385838
34935671
33636505
7221621
35029355
33968532
24105190
33681736
33510685
9961841
1399098
34063962
16805836
1869362
33945504
2175706
2194976
32654523
34351175
1464484
34895643
13999431
10590951
33663611
33849889
16232743
29072796
29616322
11472331
1628437
34825538
34830877
33990427
34818170
33990463
34711755
34803123
36050
1023000
34397062
34016792
32044253
34202948
1730685
413470
33990311
32662280
497208
34320769
534766
2384436
378152
34595217
34746956
34746067
34606830
34426496
34427319
34722214
1085669
33811255
30527987
32496777
148567
34668930
16141632
29603814
1397526
34607069
34607000
34606941
34606906
34450846
1340482
34626094
34108572
34449236
34448930
34448884
34448833
34448804
34448766
34271654
32919319
33388120
34450148
1053903
34352304
5077901
126300
11229861
1364989
33849032
33848888
33848508
32198766
33847770
34112502
33832825
33763813
34122753
34122722
34122661
34122636
34122600
30766753
34122543
34122493
34122442
34121970
33158741
34121929
34121799
34121774
34121719
34121680
34121658
34121622
34121591
34116541
34116492
34116452
483442
34429175
34429050
34428916
34427791
34427729
34427658
34427483
3054017
33999795
34403257
34457871
33990343
32898389
33196227
31453127
34402408
715925
34381459
1262095
34361115
34354561
4895061
4787421
30064861
7130251
27927950
627356
1028543
2760106
2099736
30587329
34029757
34258105
34253795
30307841
1123144
10258171
34234997
34231198
34122815
33848398
33847446
34209901
34198658
113240
34194247
3339171
34193293
33181286
33199410
33842081
33841987
33841721
33841903
33841816
33841541
33841304
33946798
33946983
33946870
33947053
33946922
33947103
34120045
34124896
34068971
34068717
34068582
34068319
34068148
34068051
34067941
31999191
29615695
34111316
34110502
32031740
34095794
956295
34076964
1875504
29065313
33141791
1372992
34043176
34040562
30570058
34022153
1438502
33013335
3088745
30250183
2344784
33687535
299776
33769647
33843634
32047881
33830241
2299196
31423818
33718035
16101208
3471921
32609383
2158442
7211261
32789690
404524
33148236
1497959
32890809
15901
656360
32092803
32092150
32092843
33720587
32068945
32069093
32585562
33438780
33131454
33671030
29610149
33661730
12273951
31298825
33578785
2045010
446295
31285314
302477
29516175
198732
1685304
206368
1938856
32760058
32614942
848326
1859646
577340
2568432
600355
33525350
32307261
32045153
33470462
33155718
15770397
29965545
3309341
33429447
2688970
31448506
286325
992829
33442376
32355871
11515
30774120
30280713
32421696
1443249
32300613
7430491
32299884
32469967
30123041
27756094
32327291
33129379
33155967
15569913
3164346
1630592
27938102
619151
31062364
18128
33228741
1352484
15557473
29220508
30100405
32318473
33136688
1779551
7910331
1557321
1653398
119376
31896002
11406731
3705401
1610595
30971229
31656728
31917127
32007010
366808
1392378
30222412
33128804
33116657
3536441
869471
15811258
451415
32638797
1336423
16169343
32644538
32021859
32581731
29931014
32719477
32318421
33025836
31644084
32308153
32961177
763396
1318979
27281542
621867
32935830
2830612
32935138
29636265
32638468
552575
337274
29011151
3020856
32892341
683538
4064581
2533298
32605852
15600919
29194068
32036526
32794952
16563685
1901174
29126540
32811675
32805902
1994512
549311
4082951
761552
548884
29752008
16649929
27659812
32134312
29327826
97151
16044785
32297219
32646600
32773267
298617
32540282
1112852
32200869
16077962
31655420
30407419
32739757
362415
276167
32733851
1056303
32450868
16091343
29253996
2454350
16758676
998177
31481027
30664119
1695917
30822269
251371
1117405
15636964
6261461
29267027
11590171
1748957
1131586
30841300
1610857
454122
4123741
7627
675521
32483106
20472862
1584287
3156019
1881318
16602835
16002521
10298341
2341482
2858616
1275523
27469168
301013
1716742
30423438
1803125
153215
1264583
2394078
20413144
2483738
31854307
21915986
6723751
16001809
31796133
15623990
1253882
1906826
1481942
1525153
576137
16552876
20282809
30311231
2565116
14503411
151911
27191155
3010278
614988
7687271
32631611
30152099
3267826
27586777
7593611
1324521
30727953
3546021
74103
16772167
27944175
16655833
29876444
30717720
1858718
2930318
12775991
32472485
27277984
1307468
260491
5013551
15592264
27936716
30008796
32649909
29099868
30904838
97669
1508454
12673591
431858
30147303
695754
32041944
7154901
548396
2758276
2884528
20528335
32608151
32601572
30218280
12748261
32422149
32298578
165241
1187496
12485
31043266
32033250
30876796
30200413
9344671
8745501
5997731
1593617
31431900
108478
3115912
31254865
407071
29179492
15721556
32555971
1369502
29173988
31245269
32568628
31865194
31108938
6747581
1267839
11220
1703788
4355571
3942441
27504850
937824
193
27477274
30979353
2729678
15996476
27596857
30667499
30447703
27572188
2545998
255911
514760
29546309
3022507
32544216
32543933
15700661
29528368
32300584
16889359
15610501
1501254
382119
32244273
1198813
32521866
32518318
2174664
32307946
32065620
9363521
572329
30474581
1375900
32504440
29663232
32154972
5376941
469603
278843
31505081
27283738
13672641
32496714
32496446
3172241
32495626
20241511
246140
1738383
590289
29229321
32484223
32322622
1864770
32295746
8347321
32477812
32244229
32244035
32244016
32243948
32310481
32310431
32310387
32310354
32310283
32469717
30497198
32469495
32469392
15735052
30991006
32448235
20492716
32442950
31930341
2350512
32026156
1041538
1784249
3150231
30497962
10141941
32404648
360832
29124792
15746830
1695629
32228244
2000322
2909824
877307
32214195
885171
242813
32309583
31849548
31142858
323275
27062458
32310249
32309604
32309546
9312491
3224841
30508187
31768272
2126380
15773275
1250654
30708170
2038786
30956699
1384235
2942886
30730199
16062115
640680
11022591
30599988
559671
1308678
807337
22426107
2280044
9565421
4614271
954488
1477155
32309497
438543
30510764
31554685
32309373
483945
30446670
16030945
232353
31802103
922891
1944874
687191
831740
2700012
1217229
490152
104251
29027299
32076338
16096781
15551490
4012781
32297955
1400410
305870
23870604
16389979
15764883
30551638
32007731
808613
29925569
29279278
15778105
2784950
142759
31774666
5154501
32049210
1251541
548999
1308833
30188057
8125691
30336712
2728092
31895507
30078761
15698602
427248
32351827
32309349
1885884
2620560
1589696
32263125
32307010
32306017
27298831
32268260
32217369
3167625
32279221
15662689
32256027
32255852
32252817
20387101
8697461
32231817
30149658
1266819
4500081
11798
2165758
166653
30038970
236575
31870553
31870432
31870410
31972218
31972896
31750514
30992203
1349735
5385001
734912
29169169
31964523
31112271
29266950
2823084
3194091
2076736
2205364
54442
29950607
1983254
27550063
8599771
15821626
1680956
1080527
10585491
29391374
443288
31845460
5562951
27186778
31951662
31930598
30530332
7945901
31422604
14483571
27062383
12056021
333196
31942863
2618508
7296861
31674429
299480
31902153
475864
29648975
30730182
31460896
31460780
913581
31760622
29256422
31776631
700456
29831504
223069
31128614
31440084
3032862
1249868
31438333
47647
31463958
31776936
31776962
31754185
31776999
455608
16198164
31777035
31777061
1088701
29547749
849971
1455538
1046410
9073721
32856
31339788
31762675
31769878
30827569
596531
584192
23641820
14094211
2119122
2300932
43655
16676209
819839
12211061
155881
779208
2456426
60734
31759976
31726269
4110001
1251075
2028470
530345
3136674
1123205
1479589
6692861
380600
2003752
16118206
408362
954799
3172424
143381
31561729
1395707
27579058
2564482
31481870
31366303
27590053
563150
30627694
168310
31097846
858479
3138907
1022769
30998896
124445
6506871
1607768
1446315
416060
1179102
21025
11508841
3460861
30600093
20433562
2629422
333532
220111
14388431
181052
31255373
29308906
1620854
27803710
31277250
31201667
22410569
1797707
117762
2753752
30986404
31170716
1783491
502692
1112602
24582554
1063057
1065986
3057643
31038481
3133700
31024787
31024597
31024367
16239709
112828
2152562
15734754
1056519
5344751
65177
2723622
13779801
351545
15993643
29545628
102354
537934
605070
6541961
1748595
1590101
945798
8725721
259587
15828710
3122282
16079
613087
14337621
1115425
21531890
1204656
981712
30885079
30884635
3606021
30881344
1733051
29796981
1725268
987519
8291991
27056317
1899896
30787589
30382692
568884
29810182
16753828
2713502
132931
1329963
1640190
22268985
30853883
334603
719993
27630118
1862066
30508093
30751948
1379036
30831790
2251142
29127990
29019639
29219470
29827636
29056428
16741075
1466062
580314
16198435
776919
27886834
828956
318752
519945
243344
11699631
1877530
16239415
29577562
1400310
2644494
184065
16376452
27937040
30240772
29146359
8041911
2983140
30704756
360688
29049923
940571
29193120
16396714
30529006
210930
1234202
29786941
30504132
30333451
3188854
11214431
115986
1450197
2354364
16569283
1657384
30747386
30681273
6422281
29966076
2322312
700139
15550136
1203906
30282097
16023074
5387511
20807085
29676584
2413164
7168471
15693921
13606321
27925157
30102959
29559066
2009368
29997551
525249
29676572
16773343
349574
16211315
30726687
1465282
1866950
30388753
5692801
30655505
30631078
628258
24226109
30638513
9559111
3146202
386899
30611175
29639234
30610417
30450318
30589171
30588452
477678
7835511
15467691
139713
30520546
27164008
30094746
30305457
30430116
30428866
30284130
30304525
30406528
30407230
30428015
30282354
30261136
30265652
24202798
10529761
677269
3585381
29215143
30253633
487840
30138818
16021788
1268431
13479141
810549
29946653
15862074
417143
5726711
3212819
560481
3064594
10754731
188202
16013098
682986
1308444
313141
2809252
29138287
1165782
744687
3119517
15708109
632142
593278
4872131
20470768
317810
2382836
2716046
381826
29873228
292917
864853
2756042
29249185
1579047
416974
29148485
1755395
328024
442668
373095
1518776
10694991
491046
1815139
3031596
21438733
3076070
30241631
30241655
660465
387122
2267930
16189890
996224
1118960
29185157
1094
212107
15814942
8118271
3200203
2698984
948416
12629701
30002663
348705
2384818
8073491
3109885
1521264
7642871
44886
29310453
1790613
2676352
29153482
1381152
20328433
29896765
16749982
285840
29811414
14580741
4787981
595335
1818647
29783496
399240
1712001
11272311
8802131
1420777
521987
29199100
29041924
1562388
142862
29630860
27873549
15449671
29611527
6205371
27917633
14626361
9983881
15802262
743143
29608215
2532570
1781105
7598251
20387842
29189898
490526
12741301
8930261
1455575
1806057
567193
24978
29099432
2309004
888613
45521
29332107
29120615
29311250
1066611
6049611
3019181
4766521
248755
700950
11959501
251442
29300640
438202
11101
1979410
12835331
1068597
490253
16695088
287536
4514141
16050617
20411623
1159979
29062964
29145487
768849
58687
1716142
1396855
1153722
2928374
2305944
486601
378204
486196
20449939
330962
467699
79520
63959
19021
1480549
669604
15414
314293
29206275
673581
1714704
27898576
55478
935189
42819
447360
124109
5617371
371956
109672
50974
2513382
59589
170689
1405528
15409241
16029199
3238471
1100421
1431777
2792578
8617571
487735
226050
228216
29085620
27899415
29098559
168006
7602851
887471
848461
525548
1712599
29187149
31744
27915253
118569
1153682
1033621
1102115
15608768
27023707
434461
1658594
1963360
7654501
1639228
6609711
27222658
15594285
27878105
2987484
1163639
24665401
270968
969614
790656
2944424
1148673
1129480
7478351
1817377
566613
15826393
27143299
1516511
81320
138169
9387281
342128
1704500
1186083
37712
1420549
3263
2747986
178291
129199
1999898
6329291
184301
136170
1677531
6586301
1208616
8626
633946
89159
250686
128693
378939
1161421
15558067
12040051
2095300
1172282
9626981
587861
1642496
472852
303699
158470
735156
309398
897693
7551551
914936
487223
406857
1196128
1314013
295151
782439
1952070
8587201
950863
124786
1036367
745456
1349101
1369932
1282522
10520
12835271
907173
220263
1612850
328399
1795591
1200297
27881179
534234
2501470
1373342
3073518
838598
27874497
441450
25255233
4347171
29021040
218232
7902341
1953054
827496
2365212
1542223
2184384
16140649
16049130
15816217
16025504
150282
1000368
349648
717267
9921291
6141341
436144
1628317
16066789
16123515
11769791
27695374
27473320
348600
716805
1093826
75103
3229232
1882408
921471
129858
301491
139494
20373052
528321
3225139
158654
367071
9939
1065391
27871195
27869984
1800895
27730567
884779
1398925
1684330
2702790
14164921
27646570
1511624
3003338
51268
27469399
1487670
434677
1459987
27280330
194278
477713
27204205
27162139
27082534
27021130
1280432
20393851
20373694
5200071
20243725
20239186
16795522
3158603
16618948
359064
1221004
6545071
15684306
16115821
851632
16082482
16020014
16011470
516967
15821646
15760528
15746721
1842916
15577069
15590726
5201071
10742421
15231481
9382071
12140821
414997
1189545
12060791
12009091
11796251
11010921
9321931
632196
5856431
977729
10113011
10020521
4023121
2545044
8779561
8572371
8525261
4573151
1579877
1945786
1497161
7659271
1271383
3111726
2953992
153485
7671121
6536871
996817
2835074
7133671
284732
781121
487694
1209529
2799348
1167248
3175812
723086
2625470
3583001
3216842
1547455
1362080
922332
3163947
3112120
857109
1660452
3043357
199193
1893828
871019
1952804
434321
680109
1576751
1699234
730949
1294572
1862442
1326029
3079089
764211
301505
1134835
115914
2053446
1001535
2400158
574098
3043519
633028
2965102
1159676
2740176
2164214
954628
2347668
2537068
2504058
1688360
2495986
21228
1118052
33449
322926
1214001
2211256
2192694
2182706
2118194
1975886
1956040
