1094
6679
8438
10487
10520
10912
11220
11670
14190
15901
16863
17962
19065
19412
19456
20605
21335
22287
22714
23139
26105
26814
27806
28137
30865
31254
31744
36050
36199
39360
39494
42102
43391
44827
48114
48909
49101
51268
51607
54844
56017
57376
58238
61339
63378
63647
64016
66589
70477
72064
72082
73744
75898
76044
76773
78422
78433
83365
88206
89883
90057
93889
94091
95502
97194
98202
101070
103834
104251
107218
110197
113019
113863
114921
115791
115986
121141
122733
123022
124891
126662
127610
129131
129287
130444
130963
131925
132056
132137
132527
134473
134768
135613
136022
137699
137713
139524
139600
139673
141745
143410
145546
145769
145945
147035
147214
149807
150507
150792
150801
151220
151964
152280
153215
154501
155070
155692
155881
160161
166915
167705
168233
169492
170632
172609
173493
174094
174875
177030
181007
181052
185739
185929
187756
189442
190954
192890
193858
194365
194470
196873
197280
197337
202451
202681
202810
204806
209344
210649
212494
215257
215587
216144
218659
219136
219308
219392
220263
224460
224600
226288
228748
235720
237608
239129
243007
243251
245154
246282
248693
250055
251217
251442
253305
253940
254608
255620
257931
259587
261840
262121
263414
264337
267648
271684
275127
276167
277833
277957
278193
278294
279885
280475
280479
282534
283592
285078
297460
301225
301506
303699
305373
309205
310183
312471
312624
312725
313301
314293
315203
316333
316428
318429
318816
321238
322389
323857
325008
325126
327001
328024
328626
330617
331561
333446
333829
334628
335616
336159
337687
338738
341071
345832
347483
347700
348107
348582
351192
351223
352990
356041
356914
357641
358706
359544
361091
361711
362019
364821
364897
365639
366605
367451
374221
374909
375193
377670
378939
380141
380600
384629
384988
385838
388474
390497
395643
395866
396927
400610
401426
403841
405111
406119
408543
412994
415571
415638
416787
416974
417804
418020
418194
421901
424176
425190
426108
427236
427248
428021
428754
429966
433807
434321
438543
440153
442140
446295
446529
446685
450123
451138
453710
454944
456957
459180
464978
466500
466974
469482
470053
471078
472185
472220
474493
475697
475774
477643
479143
484719
485069
487413
489945
490152
493911
499649
500126
501520
502382
502967
503317
503802
508529
511876
511903
513193
514275
516066
517072
518755
519332
520156
522830
523409
528688
530280
530574
531655
533140
533149
534766
535309
537838
538094
539692
539828
541508
546649
549311
549368
549603
552575
559985
564026
564812
565560
566478
568975
570541
571983
573227
579711
580544
580779
582817
585573
593866
594787
596167
597881
600753
600990
602954
604712
607890
610984
612898
617118
617400
621134
625754
627356
627506
628131
629076
629111
629928
632196
637781
637796
642091
644060
644963
645654
653676
655533
659560
660828
662805
672965
676500
686173
691250
695500
695919
703836
710911
713884
716217
718047
718071
719993
720861
721767
722220
731740
737551
739417
739739
740290
741507
744687
757123
757801
763470
765692
765940
766330
767105
768294
769159
770851
772230
773529
776676
777737
780810
781525
782533
785722
786296
788140
789336
790656
790731
804540
806794
810163
812380
812410
812739
813848
815918
816865
817669
819604
821803
822983
823376
825267
826882
827496
828956
829690
830065
833575
837470
842198
842380
842663
843146
848461
851851
854728
856594
857558
858025
859258
863527
865669
866592
869966
870226
871391
872936
874726
880499
880919
881161
882367
883730
884061
887326
888685
889807
895038
895290
895632
896354
897200
897693
898541
904567
909569
914715
914936
915984
916233
918679
922122
922703
922891
925938
927455
928584
930326
935100
935985
936611
946578
948301
950759
954370
955412
962207
973534
974779
975165
977598
978911
979085
979815
982280
983114
985567
994295
994716
997522
999339
1000205
1002313
1004720
1015295
1019388
1025367
1026292
1030937
1032457
1036937
1038790
1041538
1044072
1052687
1053903
1056585
1057198
1058366
1058835
1059190
1065601
1066257
1066611
1068597
1076899
1078084
1078333
1083680
1085669
1088210
1088701
1095220
1096068
1102360
1103520
1111936
1111953
1113238
1115831
1117022
1117256
1117559
1127355
1130538
1132442
1140429
1140447
1144857
1146459
1148266
1150057
1152603
1153722
1153944
1154961
1156223
1157476
1158816
1162173
1164108
1164359
1164446
1167248
1169333
1170875
1171095
1171789
1179002
1180876
1185882
1193445
1195626
1200324
1201572
1202211
1209529
1210236
1215237
1215516
1215770
1222244
1223382
1225070
1228511
1229659
1231898
1232416
1236224
1243127
1250749
1251399
1254215
1255710
1258414
1259941
1261773
1274200
1276297
1276631
1277444
1279148
1282456
1293750
1294736
1295110
1297907
1298334
1299261
1300309
1300856
1301507
1301561
1304639
1305220
1305319
1306946
1307769
1308678
1308691
1318353
1318380
1322549
1326718
1328352
1329218
1329402
1329963
1331412
1338412
1340482
1342318
1349843
1349978
1356774
1367208
1368496
1369502
1375592
1376607
1377612
1380205
1382639
1383726
1384124
1384829
1385151
1387033
1387071
1390419
1397526
1397545
1404628
1410170
1415034
1418595
1426490
1427500
1430848
1430907
1433323
1434758
1444672
1444955
1445473
1446315
1449393
1453907
1456039
1458748
1459572
1462015
1462416
1466525
1467337
1468439
1475448
1476238
1478550
1480525
1480870
1480890
1482263
1488056
1488559
1489115
1492302
1492780
1493046
1496146
1499188
1499307
1500722
1502356
1503461
1504814
1507355
1507414
1510276
1510906
1511737
1512592
1516280
1517243
1519617
1519916
1521589
1525502
1534367
1546483
1553869
1561952
1562952
1562989
1563311
1567930
1571134
1572206
1572248
1574264
1575779
1579069
1580705
1582216
1583948
1584176
1593741
1597760
1598928
1600290
1600830
1603744
1608711
1609374
1610361
1610948
1612850
1617623
1618439
1619557
1621014
1625030
1625038
1627919
1628306
1628437
1628557
1628908
1631070
1631396
1632482
1634403
1635385
1645539
1647870
1650234
1651622
1652679
1655573
1655823
1657384
1659295
1661029
1662332
1664251
1668407
1668506
1668561
1669502
1676384
1678035
1683183
1684998
1686155
1687227
1687321
1688338
1689143
1689268
1690914
1692227
1695629
1698253
1699660
1703162
1709978
1710021
1713240
1715073
1723486
1726297
1728501
1729134
1730025
1730685
1737273
1749855
1754075
1755507
1765385
1766775
1766941
1770521
1773921
1780219
1784155
1784249
1787759
1790349
1797635
1805535
1850936
1851678
1851914
1864770
1873114
1878418
1890360
1892126
1893828
1895100
1898372
1899540
1903292
1921050
1923794
1924516
1932870
1934362
1939158
1940432
1940652
1946104
1950762
1952070
1955610
1961384
1962986
1969520
1971472
1972872
1980544
1980722
1984978
1990488
1993354
2003798
2008992
2015776
2020768
2029550
2031212
2034152
2042302
2043944
2046492
2050286
2051586
2053462
2056794
2060990
2061274
2062304
2064172
2070992
2086932
2089848
2092816
2103374
2107654
2116326
2117428
2118054
2123094
2126276
2133996
2135102
2136786
2142194
2143966
2145530
2151646
2158442
2159208
2160716
2161320
2165812
2170304
2171934
2175706
2180486
2183848
2188316
2189616
2194976
2196056
2196430
2196568
2197774
2198512
2206772
2222796
2229452
2230652
2234476
2242494
2246744
2248718
2252198
2257306
2264390
2265710
2267854
2274000
2275292
2278742
2281866
2293168
2294808
2295264
2302052
2302726
2310682
2315016
2316842
2317946
2323636
2326146
2333808
2337590
2337668
2339528
2353958
2362512
2366540
2368412
2376044
2377362
2383356
2390052
2392294
2400314
2408716
2425008
2426108
2426176
2431212
2434380
2434834
2443332
2444046
2450842
2456824
2462694
2463294
2480078
2482076
2482814
2492540
2492628
2493878
2496930
2499244
2503578
2510794
2518968
2521114
2525096
2527814
2531218
2533298
2550754
2557902
2568432
2574908
2580918
2587798
2588798
2589348
2591804
2597636
2602410
2614102
2621294
2629424
2630504
2631490
2631930
2647908
2653826
2663082
2675052
2679824
2683536
2685080
2687974
2688106
2688664
2689610
2695734
2698598
2704510
2706088
2710130
2710664
2713774
2714706
2720886
2722228
2723410
2724872
2735382
2736404
2737814
2745372
2748820
2755926
2757634
2776794
2778198
2779390
2783028
2785044
2787512
2787950
2790264
2798602
2800192
2806264
2810088
2811256
2815594
2817412
2820056
2822734
2829346
2831002
2831556
2835074
2836012
2841498
2843812
2845120
2847182
2847232
2855444
2859156
2860182
2862932
2872164
2873444
2874552
2879148
2884270
2892686
2896226
2897888
2904740
2907954
2915886
2919932
2920036
2920504
2927112
2944646
2951684
2954490
2960912
2968076
2968688
2972890
2980110
2986410
2987484
2989342
2990076
3002474
3002476
3005940
3007292
3009006
3010278
3012160
3014848
3016297
3018715
3020399
3021991
3024310
3025113
3030090
3030994
3031596
3031876
3039134
3043392
3044216
3046204
3047032
3050157
3050895
3053227
3056320
3056700
3057397
3065870
3066568
3069435
3075476
3075940
3076070
3078380
3080878
3081569
3092638
3094442
3098306
3102137
3105319
3108598
3109509
3109632
3114118
3118283
3118740
3119205
3119709
3120354
3120859
3126954
3127249
3132383
3133376
3144092
3146038
3146365
3147999
3151051
3153411
3162055
3165825
3166754
3167086
3168759
3172294
3181488
3190607
3194458
3200546
3201014
3201563
3202031
3203057
3208979
3212183
3212819
3215075
3218174
3220506
3222882
3226353
3232604
3233965
3239316
3261041
3271106
3363801
3403681
3430241
3441541
3444521
3461041
3509431
3536441
3566931
3635851
3726791
3765911
3849781
3867101
3935931
3942441
3961461
4023121
4035601
4064611
4133941
4137871
4151861
4212781
4246691
4258721
4319251
4339531
4341061
4351411
4353131
4416791
4419351
4442811
4464111
4485981
4492701
4494581
4531221
4545951
4568851
4624411
4628221
4651201
4694251
4704611
4766061
4786481
4787421
4873581
4933511
4956101
4978891
5046121
5051351
5199211
5238911
5377741
5392091
5502861
5643951
5675081
5731651
5742861
5798171
5830531
5924481
5965091
5966451
5986721
6034411
6157681
6166441
6179461
6221251
6248501
6278501
6285901
6287131
6317141
6318731
6337191
6425061
6476481
6486991
6495561
6499981
6506101
6521491
6535071
6772891
6812801
6856511
6871461
6906571
6918041
6922711
6929351
6937341
6940511
6947111
6970931
7003421
7032501
7075451
7090751
7115281
7124501
7127891
7158451
7192801
7212251
7263681
7273571
7410461
7474171
7500961
7532751
7546591
7613211
7625381
7639251
7659891
7736001
7770951
7831261
7876371
7876411
7916571
7961181
7996471
8040861
8112301
8127411
8132501
8141561
8153821
8174081
8182321
8235581
8260961
8315651
8328151
8413271
8458681
8486751
8583931
8656651
8697461
8745501
8789621
8799281
8829451
8871361
8988411
9036891
9182171
9189561
9234011
9284671
9347051
9385221
9456781
9527361
9560641
9604271
9627621
9679841
9826951
9915441
9976211
9985891
10009841
10044291
10046691
10111761
10128871
10143581
10171741
10198091
10306781
10375721
10443451
10493041
10550181
10569401
10579101
10640251
10684671
10787021
10840001
10840011
10991251
11066471
11111411
11177381
11207981
11229861
11351361
11418581
11540611
11574841
11643231
11714771
11744331
11752141
11781771
11826171
11928401
12028371
12059191
12064581
12092351
12133581
12146511
12151561
12162151
12188031
12335831
12339601
12366971
12377541
12410691
12423781
12466571
12478301
12546361
12569421
12580651
12603061
12664011
12691261
12788311
12827871
12844151
13386971
13566561
13613061
13645091
13670891
13672641
13769551
13797691
13825821
13928581
13954861
13999431
14002851
14032221
14071631
14099171
14158371
14162821
14191531
14194161
14295941
14315671
14466541
14483571
14495451
14580011
14611841
14731311
14871071
14887711
14902381
14906911
14923481
14944881
14962591
15002431
15099071
15145281
15161581
15185091
15238601
15402801
15459021
15462051
15467691
15497521
15547701
15550136
15553776
15555630
15563364
15575524
15592393
15592581
15596225
15605257
15622928
15626760
15631017
15640848
15654495
15666284
15667597
15669026
15671698
15674334
15677319
15681438
15682262
15684306
15689438
15690834
15702016
15710218
15711810
15721556
15733930
15738598
15738802
15742401
15743657
15749002
15750046
15752031
15752414
15753422
15756177
15758936
15759490
15765226
15768079
15770691
15785160
15788724
15790859
15791935
15795455
15797188
15797480
15797561
15798919
15799268
15800051
15805038
15806356
15807930
15808573
15809890
15811933
15812064
15812225
15812295
15814942
15827306
15829710
15837595
15843165
15843825
15844212
15844560
15936338
15963179
15967059
15972864
15976434
15984702
15990724
15995293
16000254
16000747
16001514
16002573
16003577
16008429
16012710
16015908
16018956
16022909
16023106
16023595
16025288
16025519
16026763
16029676
16029863
16030945
16031116
16033322
16035890
16036066
16039001
16039596
16044065
16048343
16054791
16055699
16057537
16060412
16073206
16074161
16075622
16083568
16089037
16091343
16101208
16103580
16104208
16107791
16112425
16119220
16120941
16123375
16142744
16147105
16147376
16148582
16155565
16156319
16157959
16158500
16164132
16170512
16174394
16183355
16187074
16189118
16195784
16196176
16196641
16198106
16212520
16224278
16226389
16228329
16232743
16285750
16288024
16333561
16335217
16338631
16353031
16364221
16370005
16373368
16383610
16384288
16409200
16424818
16425502
16432171
16445740
16450336
16450741
16486999
16498372
16498528
16537102
16539985
16542901
16546438
16563685
16569283
16600873
16602835
16611424
16633996
16645093
16651885
16656325
16663291
16666969
16668697
16694692
16713910
16720030
16736059
16741075
16775599
16779820
16798735
16799884
16800910
18913132
18917647
20114968
20150803
20157046
20172814
20181019
20193445
20210251
20211067
20230654
20261668
20281486
20310952
20313391
20328433
20335030
20363731
20381257
20400568
20405299
20416126
20429890
20449939
20450245
20470759
20473174
20484031
20492716
20501818
20513452
20524954
20536720
20539633
20546674
20548858
20558962
21109660
21419079
21601651
22333350
22806863
22826122
22979509
23186174
23189329
23611534
23706801
23778198
23870604
23995253
24026928
24037040
24157033
24232080
24250561
24252121
24294931
24334743
24451259
24470165
24510306
24586455
24655228
24928110
25016445
25219330
25233752
27022432
27022555
27027388
27055720
27060364
27064408
27078529
27081649
27090682
27109402
27122866
27123661
27128602
27131233
27139687
27145474
27155863
27157114
27158524
27158923
27166135
27181375
27201148
27212968
27222079
27225058
27239512
27241612
27257428
27259183
27271141
27274060
27275656
27299365
27304666
27320473
27332995
27338806
27341227
27344248
27351742
27353920
27360502
27364207
27371734
27381634
27391246
27421543
27431638
27448576
27464830
27478711
27502726
27503869
27512458
27554317
27569611
27590932
27609346
27621592
27625318
27629623
27637423
27641200
27649561
27657763
27667387
27686377
27699478
27709681
27709771
27754282
27756178
27757705
27768811
27799810
27802411
27820531
27844612
27871006
27873683
27874103
27874223
27877303
27884465
27887242
27888568
27889049
27890078
27894707
27899308
27900124
27904977
27908659
27910162
27914683
27915937
27928110
27934963
27936716
27937681
27938126
27939946
27940960
27957405
27965453
27968433
28094275
28174596
29003333
29004154
29004204
29006419
29009582
29011923
29012077
29019936
29030326
29031358
29031983
29032428
29045586
29049099
29051395
29053363
29057564
29061381
29062726
29066400
29071738
29072229
29077421
29079936
29083128
29087402
29099225
29099432
29099846
29101098
29101493
29113569
29120802
29125610
29131195
29131494
29137216
29143388
29144682
29172937
29175206
29177743
29178343
29180213
29183498
29185215
29189352
29194948
29196716
29216241
29217144
29218499
29220264
29221194
29222399
29233692
29241961
29245920
29260229
29262487
29263308
29264527
29280571
29281537
29304995
29306871
29309697
29311587
29327271
29504037
29513377
29519541
29519974
29520312
29523622
29528004
29532676
29535493
29539863
29541962
29551221
29553834
29557272
29564986
29569441
29570980
29571108
29572803
29574359
29583839
29584060
29589362
29592255
29593695
29596511
29596609
29603163
29604990
29610149
29614578
29616322
29618843
29621956
29622686
29626209
29627687
29627710
29637140
29644381
29653756
29659327
29668604
29670066
29672930
29753687
29779682
29785974
29786748
29786941
29787255
29787740
29795983
29802461
29810412
29818857
29821968
29825870
29832069
29834706
29887024
29888466
29893030
29896640
29897810
29902611
29918830
29941479
29953815
29954255
29956289
29965767
29968196
29968325
29976376
29992699
29995483
30006423
30007773
30025610
30035069
30042315
30042496
30062930
30076469
30077436
30091870
30101195
30101682
30123025
30137038
30138982
30144133
30148203
30161279
30167634
30168925
30194730
30194805
30200510
30201174
30220861
30221875
30224103
30226784
30240854
30242708
30243452
30250183
30261169
30264691
30281832
30283038
30285234
30291452
30301747
30307683
30307841
30308859
30316748
30317077
30319030
30321146
30329244
30330786
30340909
30351088
30381964
30388577
30398408
30409229
30410782
30411022
30411891
30418299
30436152
30444363
30445940
30459111
30471596
30478591
30479474
30479845
30490609
30498621
30501455
30501881
30504283
30533152
30534309
30536237
30538921
30541430
30558604
30567215
30570995
30582888
30586215
30598606
30600093
30605160
30607864
30620838
30621117
30622232
30631459
30634854
30639903
30650361
30654251
30657041
30659547
30664623
30665322
30667386
30708051
30717800
30734802
30735937
30766044
30766864
30775543
30792060
30792301
30807276
30813280
30827182
30838026
30848818
30850436
30876796
30877187
30896737
30903005
30919202
30926260
30928525
30934214
30949407
30962287
30966632
30973933
30977520
30984761
30991006
30992809
30995556
30997321
31009306
31024889
31034406
31057871
31057880
31063134
31063625
31070973
31076711
31080127
31085593
31088321
31090489
31103983
31110130
31113605
31120081
31140147
31155600
31176181
31192744
31199574
31208581
31209204
31213066
31222247
31233299
31234166
31235642
31238461
31239370
31265061
31276269
31284557
31296732
31297544
31298004
31311203
31313419
31316635
31353411
31353623
31356215
31364762
31370412
31379456
31381297
31381803
31402780
31405041
31410994
31411036
31411618
31414309
31419216
31424767
31435245
31446040
31448101
31456399
31464665
31465467
31469754
31474582
31478552
31479105
31484315
31485258
31491001
31492339
31495702
31506557
31509599
31518078
31520449
31539632
31547038
31548792
31550854
31564229
31564535
31567162
31568925
31587658
31589725
31603522
31609102
31614681
31621486
31623338
31627450
31628007
31628855
31630403
31632890
31634204
31642465
31644084
31644399
31645639
31649667
31656728
31664103
31667243
31676466
31676765
31677262
31682489
31684917
31686376
31686476
31699232
31703221
31722706
31724664
31735191
31748586
31750398
31751832
31760940
31773883
31776801
31785692
31789456
31790986
31796943
31797942
31810997
31820084
31820212
31826820
31831367
31831770
31843701
31854307
31854855
31858505
31864717
31868776
31870589
31875275
31879749
31880815
31890082
31897669
31931842
31933818
31941668
31948211
31948897
31956529
31956783
31965164
31972954
31978024
31985354
31990598
31993494
32002706
32004730
32016906
32022578
32024217
32043628
32044253
32053110
32068358
32079311
32080549
32080611
32086811
32087003
32096052
32096735
32115339
32130725
32130833
32174075
32176103
32183678
32183773
32188171
32191890
32194286
32201963
32206404
32207636
32210671
32210694
32213888
32217369
32224897
32225216
32225730
32228749
32233697
32238808
32239127
32242819
32244163
32250354
32276072
32276559
32288741
32300368
32300584
32301946
32302017
32305843
32306230
32310345
32311466
32313523
32315411
32320126
32322020
32323036
32325385
32333011
32334798
32342911
32344893
32347833
32353250
32355871
32357332
32387022
32388275
32389844
32400370
32409467
32422289
32426694
32428275
32430630
32430871
32457057
32457593
32461768
32478036
32495626
32496446
32496714
32496777
32501720
32512935
32513129
32513174
32515167
32522806
32541031
32542281
32542735
32543229
32543426
32552947
32555048
32559966
32560780
32563444
32573525
32584428
32595623
32597240
32599496
32601017
32620174
32620327
32623323
32626769
32628009
32637381
32649855
32660534
32662280
32663767
32668209
32685864
32691256
32696309
32698748
32725953
32726147
32739195
32742701
32750835
32751758
32753314
32757769
32771686
32775926
32776513
32779651
32794815
32816441
32819697
32820534
32824967
32835722
32840141
32853698
32854446
32856134
32861543
32886237
32888588
32890697
32895407
32896594
32913384
32922471
32923011
32932631
32944515
32953133
32965377
32974461
32977008
33008051
33008968
33027075
33034499
33043160
33046106
33063843
33076419
33080419
33085387
33087980
33093114
33101615
33105848
33108783
33113932
33114650
33116657
33117646
33119158
33127455
33129061
33129874
33141654
33147986
33152076
33152906
33156596
33158741
33162704
33168078
33178885
33181084
33186263
33188470
33198042
33199410
33209714
33209768
33219308
33222995
33227839
33231218
33232042
33239512
33241195
33250285
33250533
33251267
33259172
33271912
33288057
33290196
33292729
33298750
33305632
33306303
33307638
33309867
33317817
33320711
33329099
33339543
33356470
33357514
33368068
33371643
33374580
33377979
33379984
33403910
33429447
33434492
33435398
33446198
33446328
33450215
33467222
33471284
33472085
33474365
33475346
33478262
33490376
33492019
33493428
33503543
33514407
33520429
33526400
33537227
33541730
33552383
33553623
33559604
33565521
33565786
33587266
33587686
33596611
33596861
33596879
33597645
33610593
33615916
33617351
33625111
33634973
33638163
33652552
33656768
33661730
33663295
33665889
33671030
33671938
33673610
33679036
33687535
33692941
33705198
33708235
33711936
33718067
33720587
33720993
33723952
33733730
33738435
33740996
33744045
33755022
33770016
33778662
33780111
33787992
33791742
33800868
33810611
33820495
33822124
33832904
33841304
33841541
33841721
33841816
33841903
33841987
33844019
33847770
33848398
33848508
33848599
33848888
33848963
33859457
33859915
33864485
33868748
33877176
33880811
33888481
33892204
33895659
33896894
33908192
33909240
33910707
33915607
33919849
33920393
33936592
33945617
33946798
33946870
33946922
33946983
33947103
33953237
33954686
33964502
33968532
33980787
33995396
33996842
34004373
34004421
34008691
34016023
34019813
34021139
34022153
34031054
34031252
34033067
34037563
34042846
34043176
34044393
34058859
34059219
34064706
34067804
34067941
34068051
34068319
34068582
34068717
34068971
34084624
34094748
34096077
34098622
34099898
34100156
34101783
34103554
34106466
34111316
34111873
34121658
34121680
34121719
34121774
34121929
34121970
34122442
34122493
34122543
34122600
34122636
34122661
34122753
34122815
34125624
34130170
34150716
34155513
34157603
34158054
34160784
34164316
34168954
34182104
34193366
34194247
34194840
34200013
34200481
34201119
34201391
34212482
34218018
34218848
34222692
34226704
34227856
34231426
34232370
34232451
34237902
34240403
34245100
34245809
34248062
34249099
34257553
34257819
34260374
34260520
34262341
34268940
34270602
34277316
34281074
34285713
34286584
34287134
34289169
34293534
34294569
34306039
34315915
34317415
34321036
34321778
34323278
34323652
34331827
34333691
34340446
34342278
34344312
34349554
34352584
34363749
34369686
34370331
34385049
34394993
34397062
34401083
34403368
34404622
34412743
34412861
34414201
34418394
34418902
34426428
34426496
34427319
34429133
34429175
34429202
34439350
34439613
34439833
34440335
34444235
34451313
34457060
34460855
34462018
34473917
34475013
34475932
34488776
34491798
34496291
34505674
34508594
34510251
34520881
34520895
34524868
34527507
34531197
34535980
34539614
34548976
34551922
34555834
34566628
34573480
34580161
34583011
34594925
34597391
34598634
34602698
34606906
34606941
34607000
34607069
34607178
34614172
34614227
34615164
34617756
34622597
34624649
34630096
34632865
34635637
34658317
34662151
34668315
34676086
34688406
34689217
34689250
34692249
34708009
34708704
34709934
34715872
34736015
34749543
34764266
34767872
34768668
34770777
34771318
34777481
34777789
34782708
34790440
34794561
34800293
34806161
34810223
34810454
34818170
34818369
34825346
34829307
34839033
34840440
34844235
34844369
34845556
34849537
34854916
34855714
34867986
34888306
34891402
34897636
34905277
34926939
34927938
34931176
34933092
34934984
34935671
34936371
34942090
34950087
34950386
34953507
34962766
34963885
34970425
34971738
34972480
34978495
34985721
34991471
35003565
35004259
35009503
35011745
35012720
35019422
35025826
35027686
35029058
35030837
35034148
35046363
35050582
35051047
35052576
35055438
35056694
35056940
35059806
35062631
35077508
35082686
35085395
35087560
35090321
35095863
35104103
35106960
35107264
35107806
35108768
35119512
35119621
35119681
35120038
35120195
35120296
35125665
35125794
35125890
35126052
35126652
35128270
35128978
35132074
35132371
35133521
35134776
35141024
35145246
35160006
35160284
35160557
35163894
35174696
35191439
35214473
35215573
35215581
35220995
35260708
35269860
35271764
35279376
35281693
35294013
35294671
35297357
35298136
35305339
35310219
35322329
35333127
35343817
35344054
35344373
35344673
35345141
35345474
35345701
35345942
35346051
35346826
35347128
35347602
35347897
35359464
35360234
35361695
35362196
35362254
35362460
35363080
35363405
35363777
35364645
35365430
35365833
35372458
35376078
35376740
35378469
35388257
35388899
35395610
35395946
35396423
35401695
35407403
35412494
35431011
35433107
35450311
35451494
35455309
35459183
35467736
35468502
35468582
35468714
35468845
35469054
35469105
35470390
35472328
35472771
35472877
35472970
35478329
35482588
35485494
35490899
35491893
35495229
35496296
35508117
35508808
35510191
35520704
35526574
35542288
35547039
35550497
35552161
35556629
35557339
35566676
35567786
35571440
35573732
35575651
35580368
35580948
35581706
35581973
35585020
35585213
35585540
35587543
35589065
35595926
35599492
35614066
35617332
35620266
35623352
35631378
35636702
35640554
35643298
35652243
35652352
35652721
35654272
35658308
35663158
35676455
35677096
35679221
35683194
35690568
35696432
35698235
35699762
35700031
35700236
35700308
35700964
35701054
35708590
35708696
35708739
35708812
35709368
35710628
35712214
35727758
35733059
35736458
35738817
35742676
35746933
35752174
35755127
35757014
35767259
35768002
35787348
35793405
35807318
35810371
35810416
35810490
35810523
35810769
35810800
35810867
35810910
35810971
35811340
35811379
35811447
35813676
35824107
35827819
35830865
35841616
35841731
35842344
35853735
35854170
35861222
35862908
35864759
35869112
35870546
35875426
35884107
35884650
35896778
35898967
35904495
35911395
35912829
35913877
35919467
35919726
35919882
35936718
35944663
35948177
35950044
35950458
35950803
35956664
35956760
35966676
35973210
35981226
35982027
35991661
35997913
35999969
36012652
36013777
36014370
36015014
36018657
36018978
36022072
36026727
36026995
36029431
36034217
36036876
36039873
36043241
36045525
36046849
36052637
36052651
36058595
36060602
36069961
36073914
36075581
36076905
36077410
36078619
36081119
36083111
36088964
36091746
36092838
36098654
36107386
36109028
36109822
36113378
36115816
36116131
36116340
36120562
36124522
36142635
36142896
36147242
36148068
36148086
36151272
36153868
36159250
36165552
36187548
36198175
36199759
36202831
36206405
36213196
36213874
36233832
36238243
36239054
36242782
36243841
36244818
36251152
36253880
36254836
36255481
36261291
36272651
36274888
36276601
36276701
36281870
36282658
36283240
36287210
36288170
36288440
36290947
36291717
36292045
36295327
36295363
36297461
36298704
36299528
36304422
36304731
36304976
36305051
36309563
36310347
36320428
36323018
36327691
36336044
36342850
36344715
36347721
36358870
36366690
36371131
36371874
36385464
36385914
36387341
36387705
36391331
36392766
36394019
36399164
36403595
36412193
36414323
36414550
36414961
36415093
36417960
36418555
36420006
36422006
36441808
36444626
36448909
36454671
36475063
36483666
36484394
36488471
36489386
36496576
36521007
36525760
36531425
36538189
36542875
36545200
36556814
36559269
36559919
36564900
36566912
36569384
36573271
36575242
36576341
36579027
36581096
36583105
36583774
36593100
36593969
36607235
36607708
36618570
36622363
36623461
36625764
36626226
36638178
36651308
36654419
36656233
36659701
36660866
36661015
36666664
36673860
36678273
36680226
36683373
36683714
36685640
36693868
36696017
36697772
36705075
36719575
36725587
36726560
36742325
36748180
36748613
36749107
36755908
36761762
36767758
36774493
36777790
36780730
36791991
36793589
36805279
36814615
36815717
36818413
36824816
36828046
36832113
36834514
36838004
36838596
36839812
36840295
36842649
36842978
36845129
36851240
36861196
36864743
36865090
36866706
36880657
36886397
36905639
36908867
36910728
36922403
36925171
36937450
36960076
36965515
36972622
36976255
36981093
36990448
36991232
36992274
37004315
37008112
37012504
37017693
37021809
37021876
37023526
37023570
37026329
37028700
37041530
37043833
37045808
37047665
37048273
37048391
37049869
37049881
37049902
37051437
37054012
37055960
37059304
37061141
37070519
37073733
37075902
37079112
37086661
37094468
37103953
37104031
37105653
37108085
37111418
37112272
37112446
37112601
37118183
37118395
37123144
37123750
37124090
37127078
37127113
37127139
37136660
37142230
37148430
37148431
37150861
37160602
37162530
37177773
37178043
37182435
37182818
37183785
37183796
37196562
37198383
37198784
37201726
37203392
37203463
37204438
37212632
37217701
37221599
37222860
37222900
37228347
37229351
37229462
37230188
37234673
37242148
37243017
37243766
37248556
37251405
37253745
37254757
37257065
37261034
37262792
37268599
37273920
37274170
37282818
37289646
37292563
37294857
37295846
37296165
37296502
37297434
37298467
37299366
37301013
37311097
37328700
37333491
37345508
37375246
37379263
37389819
37405765
37418291
37418301
37421199
37422043
37424685
37426909
37433288
37433292
37433330
37436467
37444157
37452687
37453162
37457391
37459415
37467794
37468700
37468968
37471579
37473991
37474040
37480297
37483035
37483505
37488562
37488592
37497158
37497473
37499480
37499649
37501878
37503964
37506587
37512180
37513675
37513906
37514092
37514126
37514173
37516117
37516167
37516194
37516255
37516298
37516314
37516400
37516426
37516467
37516502
37521601
37522074
37524634
37527312
37535946
37541293
37542896
37545051
37546190
37549893
37551670
37552938
37553338
37554475
37556425
37559700
37562100
37562104
37562137
37562173
37563071
37563163
37564923
37567544
37573102
37573495
37573558
37577436
37579431
37580198
37585769
37587895
37590492
37590552
37593386
37594761
37599821
37603730
37603804
37604289
37604538
37606952
37611776
37613983
37619643
37620363
37621218
37622880
37623035
37623088
37623102
37624508
37625261
37626244
37628066
37631066
37631762
37634041
37635051
37636558
37637844
37638400
37642160
37643109
37649718
37650807
37660491
37665863
37673287
37673632
37676269
37678454
37681718
37682644
37684601
37686888
37687841
37688106
37688251
37690351
37694265
37699164
37700019
37700259
37701161
37714250
37715574
37719703
37721193
37721499
37722725
37722812
37724804
37725479
37725674
37727399
37728953
37729135
37729670
37734906
37735461
37739941
37742198
37742718
37747292
37750499
37751478
37754873
37758777
37765581
37767512
37767638
37773136
37773542
37778882
37779628
37783796
37792921
37801493
37802587
37804293
37804630
37807862
37811172
37811920
37818532
37823935
37824362
37829759
37831800
37831995
37832826
37836411
37836514
37838303
37839669
37841360
37842334
37845187
37847551
37848133
37850322
37857312
37859556
37864378
37868366
37869286
37870044
37870728
37870985
37873266
37879426
37880563
37880999
37883330
37885282
37885598
37887801
37891199
37891606
37892252
37897504
37898671
37901054
37903642
37906284
37908584
37910698
37910913
37915606
37924306
37926140
37928050
37928524
37928625
37929556
37930916
37931046
37937221
37939662
37946689
37947464
37947470
37950741
37953251
37953347
37956374
37958032
37961117
37962214
37962701
37962948
37962980
37963652
37967682
37968603
37969677
37969762
37972221
37973509
37974329
37976909
37977513
37979101
37979149
37983143
37983367
37984259
37989779
37991224
37991515
37992647
37995027
37996789
37996939
37998304
38001805
38003559
38004751
38010354
38012447
38013060
38014261
38017095
38018690
38020352
38025506
38029426
38029999
38030041
38030125
38030201
38030241
38030727
38030817
38030887
38030900
38030967
38031069
38031148
38031492
38032477
38033330
38040708
38042137
38047829
38048174
38048212
38052802
38053711
38053993
38055258
38059708
38061995
38063513
38065094
38069448
38074183
38077916
38082748
38083324
38083367
38084075
38084081
38089462
38090059
38096535
38098018
38099640
38104292
38107804
38114010
38115763
38115944
38116006
38121423
38126400
38127708
38127848
38131601
38134884
38141429
38141504
38142384
38144606
38145222
38146735
38146830
38146887
38146931
38146950
38146992
38147036
38147073
38147121
38147176
38147231
38147294
38147335
38147425
38147479
38150141
38151428
38153176
38155514
38156081
38159046
38160471
38160892
38161056
38161396
38161770
38173000
38174510
38183891
38186143
38196563
38196894
38202477
38202997
38204030
38205989
38206730
38209809
38210824
38217679
38218780
38222928
38226440
38226792
38233811
38236337
38242740
38244450
38246013
38250001
38250024
38257999
38258583
38259161
38268784
38275042
38276173
38277422
38281286
38282468
38282908
38298290
38303587
38305440
38313494
38315487
38317762
38320563
38320672
38321544
38322095
38322629
38325697
38342410
38346310
38346605
38351758
38353535
38355453
38362226
38362956
38363195
38370333
38373438
38378229
38379429
38384868
38384906
38386925
38388521
38396361
38400363
38405209
38407327
38408737
38410659
38414448
38415497
38421243
38424113
38424129
38426012
38426590
38428453
38429092
38445483
38446441
38447278
38453768
38454119
38459305
38463658
38467185
38486718
38486954
38492830
38501671
38503242
38508546
38528496
38536070
38537275
38537711
38540119
38546417
38546529
38546942
38547419
38566645
38570373
38570675
38572516
38584632
38590644
38594007
38594102
38613225
38628844
38629617
38631141
38631436
38632874
38638408
38640178
38653117
38659844
38669006
38671488
38671828
38671921
38672389
38677786
38691520
38693479
38708362
38717132
38733844
38751396
38785029
38785498
38833953
38838215
38841341
38854457
38861157
38861356
38862178
38880742
38881519
38885985
38903711
38906837
38962779
38975205
38975779
38975800
38987674
39138135
39442196
39498641
39596864
39597363
39597590
39598059
39598655
39598827
39598982
39662614
39702139
39833189
39885607
39952596
40272866
40274732
40407095
40416688
40843413
40972505
41141381
41284700
41388309
41555935
41992373
42067427
42413333
42476429
42656230
42764813
42986642
42993963
43068349
43155171
43318814
43320032
43414333
43551064
43773917
43776629
43776699
43776856
43776930
43822270
43822569
43822791
43823800
43839726
43867074
43867343
43941202
43958867
43961628
43971229
44048094
44048973
44049285
44077820
44087419
44088542
44089740
44141918
44204255
44216611
44234945
44235221
44324994
44325393
44326646
44327267
44327321
44327934
44328083
44332159
44417418
44435061
44435617
44448661
44572248
47105979
47370870
47371039
