36050
596167
792456
892688
907173
1581784
1603363
1800779
1820663
2082188
2098068
2337668
2894638
3153275
3609551
5276741
8112301
11873861
15165701
15311941
15596225
16610458
27916032
29570701
29631282
29891224
31858505
32394234
32821139
32855727
33012343
33235791
33434295
33471284
33897158
34199128
34257642
34407494
34770969
34787683
34828997
35791941
35877616
36459387
36507660
37139917
37344741
37622746
37900493
37933234
38339964
38504120
38697157
39732909
40398270
40903138
43134729
45041792
45482123
