48048391
38189050
47857021
40574364
36413583
47799520
44239137
47176019
30229260
44545745
47733834
30348316
1375382
37251405
27175597
39410289
46635654
37191019
47656573
47651703
32602742
1701337
3043392
484918
35703455
44070277
32676884
36748465
39170812
30136276
45002913
885936
47223195
40358476
47161414
37183393
35949017
41285607
33285919
33887023
45803840
47128302
30283038
47053180
46245577
34656089
16652077
37545704
30736887
46554512
46487027
35959134
37590878
13825821
29931219
735157
46928913
40903138
833768
38504120
32140073
33472377
42297858
46564196
39688519
5416941
35704433
45818068
46734922
954639
27138115
46671544
39886727
1300500
33012343
45113964
46219823
2831258
44412070
514070
1085145
38796319
33548178
38273490
46006290
46212896
47470
46314871
40688911
46315435
37177606
37321660
39623249
952584
35654053
46287249
32636782
36496295
15563217
15231521
38957184
44851715
38252875
45184976
711157
42213061
38541316
9134
31923832
40818502
42405041
597881
33132170
2707220
39007267
42581711
3373881
650034
16030160
46036754
35182649
36523759
41018492
857179
40479611
15729279
45132026
33117158
1029377
43104337
43734740
3235457
41283546
15582766
42468526
1564659
34039531
31976226
34268940
20508721
41569682
30696473
31887466
44430385
41330448
40721308
32638739
38001692
42162600
41856164
43565942
41023720
2574908
8604821
34387564
29145300
29638879
45297853
42200942
36726098
41834161
45109725
42157258
1685751
34714895
34176815
1873720
2145458
45084328
41689901
16764574
44513121
43025309
43686943
45007706
29784554
44978239
35300210
44894326
2365508
44225465
41583566
39853044
289548
36538189
11967091
1892260
32288681
31988181
35192754
43016837
41819191
34844519
44129259
33072830
20329657
15587234
40304817
40183722
14658981
771064
44795147
36021769
15420311
35787021
42279793
33461345
44717279
44283738
37114522
2523534
34962537
42440304
8892541
1406545
42706368
41170699
33757764
36161663
842663
33650487
336159
32390084
39817013
29015921
31654607
1038790
33565098
44457516
44081214
33052341
44442114
38095687
12128141
40894369
20390872
10559921
36132341
42407388
35317334
44145331
37313925
8329381
38708605
36145887
36663285
37464104
37609810
44114714
41514691
1200306
30567215
38067335
44257444
36149962
5518781
43612058
32505782
31974640
1368322
44007420
33455400
42592435
40284234
8678971
37061663
36660866
38441833
9347671
480783
35520100
42726156
7764571
39480855
29584654
40640270
347700
43973375
3014848
35298320
20724031
34346381
2141954
73744
36313076
40932831
32133313
5815311
41963216
894383
31766278
32444603
37473305
34083043
39498303
43698619
43685269
43711141
43710874
36359674
35756611
41662829
2810584
32962875
38099266
16646965
15393881
43547971
35495855
16145186
42986642
20201428
42993963
40287750
37921378
33856687
37474465
42773788
42116343
39655565
43097358
41591751
40374533
7876371
39956902
35126582
1910430
42544849
38531018
42235052
37098117
38564916
2431476
43001172
38182077
30664623
16050617
42505123
41992488
1289194
28137
37140982
42827427
43060845
43060378
37643848
1171095
41587978
3153572
41441868
6299361
32182070
37096030
36900036
35008493
725267
41547182
36478175
42861258
35597765
38777646
1335045
37054012
30175088
32722983
42699716
42554196
34715859
37459399
24328586
40629437
27832507
42213000
37855813
35380944
24522829
29522105
6796441
42456802
34021836
41477852
38803386
27453715
41094699
36058595
417486
37045120
37850681
37871689
34466402
35586471
39427854
29798958
16169343
40134478
41973868
37619643
36879805
32522574
41850586
34822079
37580198
41905998
7708711
33015800
2696374
4107101
76190
34612997
41773702
1295513
41645642
41340019
39819713
35656016
38339651
41665237
31916219
36007906
41571878
34816185
40286079
36552503
41446978
36753181
41250206
30896737
35497249
10143211
37107304
41280317
20314600
32840141
39619156
2050286
15815877
37066292
1619907
353717
16216686
40328496
38286764
35376078
40183955
30495123
40569040
33899759
38872920
1488056
39372441
40807443
35322329
36304422
35396380
32713577
36168038
27216163
936611
36486366
40245234
34633210
35423895
38007439
3168506
35852827
35191439
1644449
574289
31784386
7907211
36730874
34184277
623266
36534213
33432979
33232042
31518078
40009391
16036532
1584313
2179056
30832295
1496505
37234673
34168714
33580409
33780078
27966128
38382028
123485
38878926
34664661
31819967
39679248
39676780
39512100
39661772
34099270
38858875
33373454
39595747
36409309
20347216
33796590
38170839
35126697
36187897
33187551
37804293
39474691
38233811
39445197
34261097
32770759
311546
29160297
35284749
35648845
36644610
37606535
31313419
1277025
38783981
37873266
36838004
38987674
38733844
32825687
36991232
38204030
29545894
20172814
37776972
1634403
38802988
37662811
38747999
1653771
33292729
35997913
1109937
38640178
38594102
36011349
37328700
1168460
38501671
36412394
27884465
38537275
30741171
37203392
30806202
38053993
38060536
30007773
38384906
2134672
36678273
38040292
31041138
123022
37573495
27871006
9347051
37041530
3109509
16089037
35755127
36625764
1582216
36565814
32953133
37316459
34244107
37991224
169492
38061995
1241959
38042215
33471284
38025506
2550754
35310219
38018690
596167
38017095
2679824
34281074
37992647
36742325
33276181
36674859
37962948
35356466
37150861
37950741
37516167
37722812
34016023
36865090
37112117
37262792
37289646
36328735
37513675
37461139
6906571
27394879
37870044
37779628
37860827
27937681
11236711
34844369
37842028
37850322
1478550
36298704
37842682
33493428
37212632
33338707
34768668
27963760
33108783
37299366
35757014
37759500
27122866
36696017
27799810
558281
27448576
32305843
37725674
37593386
36076438
34167125
37686818
1899896
37715574
32004730
1344046
35575651
228748
37684256
36299528
1480870
36586702
37655125
37657127
37637073
29956289
36434541
37631762
33848599
37334193
1733101
36730561
35870964
871453
7267481
3129596
37572416
5502861
29141114
34257553
37040138
37547386
35016261
829690
37506818
37322158
32775926
95967
33778223
1562952
37311097
37488562
1737273
2189616
35956760
33046106
1688338
33596879
36342850
37230188
37417578
33446198
16704613
13797691
37254757
15596225
37332488
36159271
434826
32725953
33774277
28094275
33088580
37178043
3057397
32185231
348802
37123750
31353623
36036876
36369691
36583105
29787255
36656233
37043833
36974938
35516148
36978280
37011843
2815434
36769605
36998136
36994678
36793121
36706067
36777790
35710349
32045542
36859305
393263
36952168
36947014
36923854
36941026
33738435
1777143
1010350
36908867
32568120
36219725
36869375
6071991
35326018
36825521
35776862
36814615
762572
32693201
2951684
5185771
35155714
36809365
29314444
36654419
36799208
27967471
1376607
36780444
3129414
34856477
36768020
35500700
872295
35550892
36764324
36525623
235720
36761266
14030851
36752232
36752157
36746434
35482588
36734728
31267669
36432575
36723435
36040285
18442
36713541
34218848
33307638
585129
32698748
32554504
36263795
9331171
1120333
35045608
1307225
36378265
16165278
36655420
10887981
3057643
36637954
1895100
1492302
30964081
29902611
1418566
31627115
36327691
2722240
34854694
36586361
36584503
36575242
36292045
12180721
36571587
29116616
14896631
34111873
34934984
36332719
29586003
32809131
31171012
36474119
308564
27635605
36323648
35969896
29832069
2700198
1055997
32121230
1753915
36410813
36402158
32183742
36335589
31764919
16220391
36057011
36368416
1512999
36305051
32189759
36355671
36344909
1864770
36335729
36329054
2353958
7560841
36309563
36297461
35246303
36244142
36167597
36117148
36238523
35565447
31070973
34085850
36142896
1397545
549311
35521829
3044312
36137424
31365702
36052561
33519359
35922959
35922798
35919415
35919570
35919726
35896969
26361
36153868
36116340
36045927
34085731
35912153
8994211
16588261
1369147
35390395
14788301
32306230
32522806
33935513
30527987
34820068
36090000
35976180
30693940
35363777
29616322
773529
33881883
31887529
36072492
30991006
32004533
35844454
35663466
36052637
35294013
370225
7784011
35378469
1976590
2811256
33146438
12711541
30181291
3053542
20326693
13688571
35662084
1917754
34980528
24694309
35542288
1342318
29203199
33283565
35951882
1612850
2452300
2545382
2629332
35283128
27690487
1365648
7221621
29777884
20417728
35948177
31830417
1083680
416209
2824666
2834332
27757705
179019
1000923
35810579
35883137
756818
1430848
32341997
35848161
20548858
13999431
15559884
2929466
35705406
34133217
29811414
27380221
35690469
31918801
1397526
30959857
15682262
35643370
31027722
35278068
30405524
32820417
30612855
2075484
35631378
14551041
35467736
33896762
11744331
32600886
35468631
35467713
33945504
35453597
8173141
34084562
35478312
1588691
32721803
2227824
32279145
591264
34959264
264777
34425498
29166137
16090716
1364757
33466041
34549003
35428940
35120195
32468691
34212482
32896024
35375011
32409830
584345
31972977
29072470
34892131
15660069
32024633
1749239
35003565
3226926
34385049
1331114
5145121
30161279
32184030
418940
31466721
33729898
1675727
32625132
34625033
35086110
30710154
1452361
2630298
628860
32159824
33576120
2621100
35027114
15702236
1703788
24105190
35003942
34989285
31328625
5110291
559985
1639228
34711755
34779107
497208
969614
16214943
99352
1157786
194365
1085669
30407419
33196227
6880751
33541730
33778662
11229861
31448506
32426210
33158741
126300
31435765
34622597
1697514
1871494
1053903
2531326
27899415
32355871
34275427
32181772
1630592
36050
627356
906393
30307841
34198658
29521709
34177533
27588004
33428945
34194247
32789690
33073323
30250183
32280336
32300584
32351827
33896894
31423818
32890809
33760511
29610149
32068511
12273951
446295
31285314
32469495
33548487
600355
1685304
848326
32469392
992829
33452362
27254686
32300613
32421696
32469967
234297
15210511
32327291
32238108
16555285
33269333
3164346
3222760
31721571
33101406
18128
33228741
1468439
16232743
119376
32318473
1779551
1893828
6641851
6338451
32307946
344788
31896002
3705401
33128127
32544216
32007010
776676
32231960
33116657
15811258
1842362
29062894
1443249
32318421
33044685
613700
33025836
1839962
15993643
31644084
32308153
1165974
23647940
2960656
16029199
10659691
29154667
32980264
1684998
831740
44218
1446315
33449
32961177
6164431
32923155
1508454
29539863
32935830
32935138
95461
7090751
30600093
405839
1834996
32256027
29126540
32892341
2394078
32807785
32665042
27698428
16758676
29099868
31431900
548396
3003492
1458519
1253282
16592425
2475598
29663232
29831504
2350512
14783121
16123375
32447865
8745501
29124792
37712
16100018
32310079
32309373
15721664
2871300
20387101
31879493
16144133
31774666
538043
27298831
16135839
468994
278840
32217369
734912
11798
31814665
16676209
29266950
30038970
32147022
1680956
153215
155881
31930598
31128614
1816687
30222412
1179102
22410569
660465
29754764
1088701
8089021
27927930
274637
30122240
1877530
16141632
31742293
2625410
16695088
503400
2513632
50974
30382692
31300272
305875
181052
1517610
30782056
11725611
15684306
27439009
29302068
7245941
1112602
30421968
16376452
11699631
184065
30704756
10754731
10529761
3089836
7600471
16773343
1465282
11590171
363845
16749982
4463501
2835074
24226109
628258
30253633
776919
15608768
29027196
590289
139713
1546236
30418024
13758941
900003
15816217
29099432
887471
13479141
2871918
29778479
30248927
2267930
1392636
2987484
1567032
1712001
2442692
1781105
51268
27599863
7689551
2326146
1753365
977729
681539
996817
7671121
12
1167248
349648
863527
97669
875888
954628
182551
1724114
1125893
1125902
1125907
1125914
1125916
1125920
1125930
1125949
1132209
1132222
1424745
407847
138193
