26105
39243483
46743233
47971245
47937217
4803181
37124606
47883444
47389416
45800673
47818218
47176019
463062
40442860
289554
37273877
43637240
43636982
1701337
47627083
46058368
46441158
42425764
46472758
32198828
46505586
484918
47527882
47519240
47508580
44070277
32676884
14505171
46208977
47417343
441917
47414919
47434003
47427344
30229260
33788293
36748465
38215952
47378292
30136276
20163121
47188647
30872897
34656089
47265284
41576793
12204791
47217989
47206111
37590878
46445891
47144878
47178996
47177570
47139913
29931219
33667720
16652077
44220684
44221070
47022912
37183393
2831258
16692985
30283038
34664661
32653535
40903138
3190499
1085145
38504120
833768
3043392
46752163
46738063
35867886
44165505
27138115
46671544
42297858
46605831
46600527
33012343
16050617
46513151
46132779
2864498
39688519
15724439
46494637
46219823
45830718
35704433
42046778
46437028
36143876
42157258
46383124
46006290
29777439
952584
46314871
46315435
45184976
37321660
46313870
1199053
43413766
41193047
44851715
45531017
42734274
38957184
39623249
44909512
43601422
39880797
37256224
42493854
45876116
5216031
650034
44758691
46120286
43386800
36496295
46073472
31887466
45770929
33548178
44459233
45817836
34032473
1029377
43762870
37951232
43104337
34039531
3157764
3505851
32625132
35485540
16072171
37290276
45789566
34093276
8507811
41283546
20152441
45671028
4045281
42162600
34595388
45838688
239232
502799
34867697
34232185
42586385
1564659
45343032
45762505
6559801
45739812
45622192
45721209
41569682
954639
43701102
44775968
41856164
1242800
45513062
36887514
43453841
36485470
44225465
15231521
45316213
43887655
2574908
40228776
45409383
42584673
44182551
29638879
37036907
45210371
34714895
41834390
43016837
45242863
36566912
42200942
36145887
33278514
45107850
40735688
45107432
45127947
1873720
15640419
43021651
571964
44798093
16764574
29004482
37355927
43686943
32133313
33726771
11967091
34271915
34176815
40642181
36726098
440114
44862282
44129259
37937293
15990503
20329657
34844519
14658981
35787021
33461345
8892541
15587234
44283738
42279793
37333259
37974411
44744360
44235508
15420311
1146169
16099995
36132341
41300795
36761353
12711881
36161663
36660866
36419931
41170699
44563047
44502841
44433327
36149962
11229861
33565098
44007420
44440138
33052341
33654963
20390872
29015921
44442114
44443425
12128141
38095687
37623088
36400299
8329381
37582932
37623102
44332583
44233189
36762078
43612058
1368322
34712493
37609810
44289026
32390084
44022426
36253880
44206841
38441833
36863105
33455400
44171961
38067335
44141251
44114714
44085570
2141954
43535978
44020514
41303431
38894847
4890991
43821616
1910430
41514691
35615031
230737
32444603
290754
31525614
34829884
36313076
43417238
336071
40982320
36605420
43172247
5815311
43878019
38870132
43803536
917635
43698619
41533789
31766278
35971388
35318227
42468526
43610974
43600306
43400552
42764878
4808241
43453883
42993963
37642160
1589279
39604976
42986642
42235052
42747410
40374533
43236004
41591751
43097358
41328521
20201428
38531018
38564916
43129302
42946296
38182077
42945580
42537231
42943514
42536984
41992318
41992105
43088536
15929370
2268970
42499674
42834550
42504883
40675485
40526216
8158961
37978482
36271156
39480855
37313925
32182070
42855817
35418208
34202335
42860779
35597765
29534878
42726156
38087037
34313704
42822494
3055894
1349101
8885
31642395
37881385
37859556
39644011
35640554
41547182
32854013
42729759
37672932
42672758
42647569
38297191
42713458
37871976
42592435
904061
36677698
42213000
37855813
29099432
1201332
35310395
42538183
1146459
42536044
37603651
31985691
37045120
38803386
42447539
1214763
41587978
6796441
15706969
1014768
37871689
37619643
37096030
42181381
20366986
842663
35586471
30664787
42145099
42104489
792456
40199202
34021836
1769633
29793560
37061663
3899521
7708711
41905998
36879805
41973868
29094601
37835991
41850586
35158730
33015800
41324465
39927656
41752840
41290321
39826155
39825738
41804218
41879250
24328586
268093
32406594
41775802
41826197
41477852
40629437
39821355
41763343
39821087
41689901
40629077
39498303
39007267
41331077
1208410
41665237
41645642
39969276
30117473
34470821
125409
39327860
1117022
30983
41399161
649469
31916219
31773402
16805836
37815761
1639228
41593559
41326778
41325546
32974461
37627586
35138900
37545051
218373
41430233
11277471
15386791
38606502
41420682
41435752
41291185
2944724
41426007
39683755
34560512
41412995
1619907
39921862
41411126
36168038
1080527
41250206
36753181
40595808
39893020
39877574
27057838
41350388
130444
30696473
35497249
38122272
36002724
35857033
41280317
33974599
41240864
40865490
2724988
41203402
40517135
39702245
34191713
38630457
1112852
33239512
62697
24577572
39154171
28137
41096713
34840440
33333932
39153477
32949699
40613368
41062588
32764561
30714370
40719291
1648406
37140982
40856231
41006765
39829462
40245234
337687
40992969
36824816
40980427
40183955
40714247
40005999
40921365
40905161
40902727
39140353
36809558
38872920
35300985
37867891
16027022
32713577
40582857
35322329
40774354
40767870
38945158
32487050
40328496
38483979
39442196
16025345
30529092
32235194
40678789
40495750
40398270
40638514
40596747
39224496
409948
18128
36776160
496660
29131195
33553623
39827986
39606100
39625671
40428152
40427020
31421106
3168506
1255710
16002278
37610865
38622085
38866331
30369218
34968620
40342718
9891
34063573
30526732
40232227
2050286
585327
40184958
36479606
30514259
236575
40150336
40149134
38324124
38322377
40110741
30004405
29966132
33232042
486092
486009
33432979
35829343
3014848
39890437
971174
38607775
12471661
39992594
39982325
39980846
33235967
3163587
1600243
1246699
34633210
1584313
39938314
29794300
34168714
457471
39919187
20347216
33580409
39893216
31110722
315877
36468700
39849063
1131247
39847854
39826347
27966128
39394678
37076955
39732964
38878926
927925
17632
31819967
534213
37296920
34726732
37850681
38145156
39597363
24294931
38127331
38127643
38320672
38321544
39673163
27080734
32849808
39664521
36199759
37963733
1239972
888799
1277025
35100173
39471235
50608
627092
1651365
37836622
38141279
38614688
34099270
34261097
38910283
837162
38858875
37855931
33194995
37856176
38056966
38166329
15578934
35551698
141373
39139965
33212535
29634419
1893312
37730952
38138929
323315
311546
36838004
38661234
31414862
39209707
39206715
30314130
33187551
31372272
39177401
33250285
2230652
39137729
38662648
31213066
32559782
37873266
38733844
39111402
6490561
32798
38233811
38591222
39100158
445899
1281687
38962779
32649855
35128978
38838215
37021876
39005347
36228861
38987674
34991471
802735
38689862
3536441
38954467
269474
38967167
16432171
34535980
35658308
32597240
38862178
38861157
38885985
1930340
11436821
35250484
253305
273217
3020399
38204030
38671828
31923832
16049071
33471284
38151428
38861356
38590644
787652
32231904
34160064
38671921
32780609
1096068
35082686
38802564
2408716
34164316
6342431
35862908
15596225
29185215
38780819
21915986
38671488
31995113
37516502
835538
36991232
34855714
32426694
38677786
30567215
38638408
997522
38566645
38669006
511876
30444363
38424113
38631141
20172814
145945
38052802
33292729
2602410
30161279
37055960
38640178
1625030
38594102
38594007
38010354
36083111
38209809
37580198
36818413
36295327
38421243
33008968
27222079
31120081
38570373
37516467
31833200
38250001
30471596
38501671
2689610
37041530
38546417
30340909
15963179
32389844
32224897
14466541
36742325
1634403
30306142
30283743
540439
38317762
289270
594787
38277422
29295503
380154
36880657
29565203
38259161
30261169
29019936
1021190
37845187
27483856
32110680
36078619
38325697
35652721
35911395
35279376
30101195
37054012
30007773
123022
38298290
147884
192890
1397545
38053993
36304422
35104103
33493428
29887812
27937681
3226353
35580368
531655
347700
522830
37094468
34352584
33718067
37573495
38242740
37885598
38246013
31627450
29653756
34936371
36242782
35745278
32751758
655533
38206730
38202997
323232
37901054
3109509
35067291
27871006
10487
11177381
38141504
37516298
3050157
37811920
38150141
36589939
17360
35810800
37868201
1784249
37973509
37841360
37802587
33450215
672965
37516400
37765581
36607708
24250561
27884465
1259826
928407
29217144
1521589
7115281
38030201
1534367
38030290
36683373
37996929
915846
32953133
31313419
1043127
36625764
37930916
19021
637781
38084081
15591700
36719575
37516337
34854916
36812193
15797480
169492
37991224
37516314
32663767
38061995
37522074
37311882
37665863
2553122
37516255
2679824
38059708
2683536
29177743
415571
37516194
37228347
33245263
629111
2550754
37234673
239129
38018690
37998304
3064390
37864378
475697
674578
38017095
33152906
38014261
24451259
1583948
38003559
1164359
16487341
35310219
9347051
503317
6506101
16768339
37212632
3072288
37724804
351192
596167
34016023
2407802
167705
37970376
1200306
3196252
322504
7987711
37953251
37962948
37962701
29834706
37958032
14962591
37953347
252560
37623236
37950741
451855
29541962
36693868
34385049
1361467
29263308
37148431
31009306
37928050
37516117
2418850
36865090
34602879
37931046
7980651
36864743
37891606
37903642
32718041
37262792
32210694
33909240
37694265
253940
34708704
794097
1554523
37719703
35652243
35755669
37910913
37908584
15806356
36791991
2757634
1114050
140734
37198784
37891199
37779628
36026727
35106960
2020768
34534224
37150861
31086356
33681928
36124076
8127411
37514092
37209949
37708873
36243841
639822
35376078
29185926
37792904
1683183
37880563
36045
31751832
36328735
2658158
37870985
35019422
34905277
6906571
21335
996539
29786941
7694071
90057
101070
37688251
37687841
34748427
7050671
29540102
897332
31448506
37514126
37047665
1167248
37514173
35455309
37850855
37848908
1314013
1388185
36626226
15936338
1849402
6982121
2043944
23139
36489386
35884107
36115816
15785160
33741778
37673632
7679861
420401
1751607
37513937
70477
33945504
1227708
34087062
2700614
30495123
35841731
37789638
37832826
6521491
1282456
1899540
37827451
169211
32288741
757519
1438458
37773136
1308444
37823935
591264
400923
721767
1499307
34042846
37722725
1195922
15652765
37783796
37804630
37804293
30224103
35684017
1171155
2522454
36556814
34768668
6781141
37794049
32352848
6285901
15568441
36333406
518646
569
35291334
35441909
889807
31789456
7263681
36793121
33108783
1787759
42033
34527149
1316340
1129624
31548792
37628066
29255724
790656
35757014
33694312
37765017
37513675
35210517
37513847
422530
610984
34914963
33087980
315447
3092638
293374
35388257
37624508
33387
33731680
11535031
183485
15631017
23611534
8438
29596609
35312547
737978
35045865
32301946
35956760
37577436
34020987
32130725
1610948
34863
13386971
11383191
37593386
31070973
8990471
10094
358689
37725674
33857331
335118
731740
37686818
37288551
29593695
35388899
20449939
29787740
1207725
36588576
37701161
37684601
37728953
1504814
337876
36696017
345859
9657
1716002
37722812
338738
37708039
11752141
882367
16183320
15684306
30762643
36905639
27239512
37715574
351223
2785918
37488592
34658317
1593617
29779682
32353250
885936
3044312
320158
37700259
37700019
23455
659560
35030837
1962364
34736015
95180
15035071
18698
637726
207260
6207401
31870589
2246488
29175079
104251
36990448
31656728
37686888
1725046
299563
2785044
729449
37683337
327587
29091894
31538252
1070510
29071738
9277461
32130833
611660
32046062
32473050
29099846
32305843
37008112
36538189
37299366
7732581
16031067
36299528
85536
1126892
368495
17321
34306039
309398
32513129
29591225
6947111
396410
31589725
47244
34144549
1224345
161920
8315651
496610
30058710
35983367
27889049
1313965
1096270
859258
6882711
129199
35988329
36098654
37108085
504704
950759
1103520
3049838
1668407
36886397
1572988
35257421
35875426
31930341
37499480
370225
37632127
1228529
3010000
964637
34351175
27131233
30425039
31451685
36515770
259587
889924
1124338
37096
123793
27320473
29956289
1026292
4860931
34516476
1690914
37638128
1939158
64016
34445265
2029812
32603445
37554475
35227092
19456
36335589
35559726
2363928
3051195
37628009
338524
854283
1292300
1507882
37103953
508398
1064694
37626244
1208622
2483738
34325371
30479474
152280
33093114
31972541
29220264
37631762
879494
20326693
16160906
36559269
33352377
2564770
76773
32276072
32389649
37623035
37301013
31797942
3065053
136170
37623019
35791948
36335729
29137371
36623461
642091
2758910
37620363
857558
11604
782533
564812
35491226
30552601
1718564
35482588
31472094
25086175
10195431
6009441
37583339
36115311
1840568
16636972
235720
27935593
2632766
1912452
34218848
27679414
11744331
34598658
32489590
1005699
37583211
34770777
1824303
35573732
396068
33525745
2424274
36277240
17211631
16091343
2013016
459180
176365
32510395
27255592
2815594
31233299
224600
16328041
567812
255382
10493041
76077
977729
998957
30405524
29057411
2621356
32586285
2189616
549603
831516
1562952
16713910
34303655
960934
16075819
58238
32722150
15764692
16646392
27380221
2313644
366906
16157877
2034152
1318353
390411
2038076
2002880
719993
144453
936611
628860
1516280
1387033
1187114
467699
815666
37583092
1388397
24704773
1696371
13999431
27175597
3010278
32442317
37583032
316333
44912
3176969
32306756
15789764
2323054
1546064
5278681
30718513
32513174
3101490
20261668
11295
165933
239375
382119
1906826
14190
32966742
21419079
772230
8140331
21737547
30296959
33596879
37582880
33593739
16396624
15829710
32460313
30280713
132137
16025288
711157
34108609
864262
36109028
228748
36295363
31923689
613087
33080419
2481492
16198621
33848599
29803674
354956
188680
30475980
35999969
1478550
35776862
715925
1305319
36437426
29810412
37272101
445550
500126
3397011
27942424
28094275
31448101
43925
1424281
37563071
33259172
37480297
37580266
37444157
314293
35663158
35956664
37578813
32004730
37542896
37578144
32861543
16798735
83440
348582
17341
31153256
119376
35294013
35869512
35390395
34360203
33250533
30584948
11670
1834008
27103804
1051540
33738435
30753028
36432575
621502
30570341
132056
32080549
516765
29900327
16064810
33110722
711181
8014631
15414
35340305
36618570
31208597
237544
1145319
1562263
812380
180604
34099898
37546477
37501878
34924217
20391718
3030541
34418902
35797268
33575250
1508859
288405
920716
33162704
2339528
280884
1033820
30167634
29811414
29218499
7118951
33498829
773529
36593969
154222
1274200
345832
584674
34260520
32693201
32669976
33565521
491422
76934
33849889
35884650
37201726
34922019
37562137
1487435
37178043
11344851
37551670
3214067
29889111
35502663
36832113
30524285
15718009
3071446
37564923
30735937
14788301
29241961
1598928
42141
16211694
995184
36680226
32351827
558281
1477035
32928954
36859305
27334408
27745888
191777
35516148
37424896
31183325
7212251
34384747
348802
57376
1453490
3303837
1465752
37049881
75898
539692
2039426
35450311
35890284
31226535
31024889
413470
32202440
15685236
36174982
27891641
29831504
8260961
34390150
31868776
2027588
31744
2694846
4341061
36142896
2151646
98184
29599778
37562173
1301507
29787255
283487
2811256
36050
1932870
1693816
975165
187756
999249
27122866
1563749
33800629
1659295
23870604
29821968
150479
16196176
2618508
22979509
141288
1480870
33273789
15080881
32903380
32741784
16107611
36573533
1468439
1561981
30667386
4442811
13255
37257065
1774953
29832644
15901
37433330
32583814
27914683
35664865
32046340
151911
236068
617528
1322549
212384
473810
35412494
1089217
1797635
1195626
3122373
281480
3088331
7530151
33599119
16158500
16039001
278193
1857240
715756
245725
36198175
2311224
328024
180294
225989
29663232
34402401
16445740
34268940
1276631
37251405
64135
35356466
356914
33550190
68262
15459021
1163954
1492302
33597645
16195407
34293534
33931346
1026597
2496930
32999632
1256255
31321106
37433288
35632167
467281
2951684
36766421
8458681
181600
895290
784244
1007550
31684917
5981211
33434492
36306109
153215
581469
689838
1459572
9117261
33877527
35912758
36027762
4551121
36814615
5115901
32569432
752967
1519617
35314159
32685864
37023570
37182818
37222900
37028700
113238
15838692
30479845
316634
37177773
32543426
97997
16727800
2815434
2531218
829690
29062726
29066400
1336395
32025797
35085395
55478
29900950
33754680
30220183
935495
33873243
4466051
7474171
14833
36261291
31593761
20405299
30123025
35648987
155881
16036066
31057880
35141024
36621419
27548944
31317053
31614681
33075417
975628
27707575
31088321
1575779
2394078
31609102
36189281
318589
51607
549368
1559883
16434997
352990
33521438
29083128
4615471
35696287
892688
95476
615445
35966676
30330786
32932631
33119158
15844212
37424366
36452476
36573271
37435296
2630504
2980110
30607864
32775926
37322158
33811255
33046106
12711541
1688338
37430215
32302017
37301952
32824967
34257553
37457391
36342850
37334300
37254757
35997913
37295073
11515201
34963885
37296165
37334216
37382557
37363184
37250090
1322608
37123750
31649667
37333669
37333567
37333499
219392
36654419
37230188
32246575
33446198
37297434
37112272
36159250
36448909
37127078
37298442
30311062
37297707
37297219
37296953
37296762
37296676
2385310
37273920
37273965
37273996
37274085
37274170
37270130
37263535
34810223
37245090
37255335
37251989
37244892
37250036
11091761
33618340
37246263
37245504
37244926
36525623
37127139
285078
37237990
13797691
37235728
37230080
37112422
36036876
37222860
35595669
37220340
30570995
37193235
37208875
37208712
739774
37205008
37204906
37204518
37103833
37198383
37195018
856287
181052
4064611
37193266
36090835
31353623
35311734
36017425
37173807
37173246
37168576
37164254
1624178
8599771
112155
1541464
35727758
33596861
37142230
36583105
37111710
37135773
37135673
37135337
37133533
37133679
37129394
37128105
37126302
32726147
37126208
37126149
37126058
37124152
37123854
37120976
37120394
37111866
37119379
37117808
37117017
37115976
37114684
37114482
35735993
37112614
37104217
37103393
37104063
7321611
37103175
10887981
37101162
37097538
37097366
37097037
37096695
37096290
37095966
37093469
37090666
37089585
37045005
29388434
123910
36777790
37073549
37069775
36934793
1329963
816865
37062647
36666664
37043833
3057703
933983
36660760
37053649
37044551
37044646
37051890
37044789
32677016
37050997
36292045
30307683
37047060
170354
1055997
37044077
37043900
36661015
36656233
32522806
477575
29616322
34064706
97194
680321
1874836
36864420
36829241
35246303
36298704
15560080
718071
20163223
36543182
36715320
223069
32554504
32698748
36659398
30054388
36650291
36638010
1515834
35969916
35793405
3198933
36517895
20328433
1339939
1418566
36601528
16060412
33358197
36327691
36859
124891
1877530
3084278
3192038
32437624
372577
36572820
36503942
36517418
34934984
10520
34111873
34820068
35059806
27885502
29333654
1895100
32561635
7876371
36419624
11798
559985
16158111
35876194
36305051
29832069
34932181
611709
1201572
27883409
10529761
20497357
772365
