47398570
1013720
47959613
47840307
47802373
47801353
35949017
38385633
33012343
42297858
38504120
37183393
16692985
34664661
44233189
833768
41928997
954639
45184976
35024888
46287249
15757312
46174820
44851715
24655228
2707220
34176815
45671028
45406926
35586471
15640419
13797691
36660866
32676884
34387564
15596225
29638879
41834390
45107432
44789299
37609810
20390872
13825821
33455400
2768132
43974325
5815311
31766278
37921378
35497249
37096030
35597765
42592435
37855813
36582847
27467212
997522
20366986
41905998
2630504
33251512
41398214
35310144
37545051
39007267
41398626
16174613
39498303
41645642
27453715
41399161
41399007
649469
31916219
33105587
40328496
34268940
2050286
1619907
40870085
40837826
40800978
18128
40567905
1373118
40157713
33232042
35580368
27966128
1648406
38614688
32744249
1397545
20172814
3210855
33811255
39130056
37873266
2622012
31923832
38669006
1893312
38424113
38594007
36991232
34855714
522830
29533793
31120081
33292729
38421243
24250561
36148068
1019396
30161279
38259161
30101195
29795983
38275042
3226353
6299361
37488592
34936371
227510
38220215
347700
37885598
37722812
34385049
784699
37094468
296816
13968161
672965
36625764
35356466
15797480
1877530
29101098
34854916
16089037
75898
36719575
35833655
11798
559985
3397011
37845187
34198542
36335282
36050
37999459
14902381
34458689
35744860
30934214
38037233
5859781
311505
38033330
596167
37212632
29311587
15536480
35485494
36583105
16319284
260869
1565687
3010162
36905639
2429328
31549124
661509
2452778
132137
1812349
323249
36261291
33093114
37883448
36132743
34878300
33805726
31929817
31521752
30932177
29778251
29530553
29166987
20447725
15840946
8354181
6417251
5826721
3037806
2118864
