47997114
1366361
47223195
34714895
335771
38504120
47193351
833768
35885962
34656089
46487027
37590878
34664661
33012343
40903138
45290556
45184976
33721921
41018492
43712100
37321660
46287249
43686943
952584
15231521
34844519
38541316
2707220
33106804
40735688
43016837
31880815
33548178
40818502
32676884
39012655
45815563
42586385
36660866
40479611
1571432
41689901
27836164
13797691
33028937
29638879
289548
35586471
33461345
44789299
11967091
36161663
34271915
33565098
33650487
41170699
38067335
37609810
38095687
44233189
41514691
41103846
38441833
39117598
31525614
36313076
37921378
43907326
2831258
41591751
31248312
5815311
35971388
42993963
38447743
38594007
39604976
34340446
34313704
42986642
350737
41386918
42726156
3163170
37045120
41130565
42181381
14471931
1807325
41905998
32376022
37619643
32406594
39824650
3153572
41763343
36680419
32092624
33015800
36494446
33596879
39007267
1061540
41645642
39498303
35497249
1634403
41402330
41399161
41398626
36583105
31267339
27057838
40279483
37721141
29226796
40328496
2050286
38037233
40837826
40886169
20172814
39871597
2772598
596167
29995987
235277
13825821
37873266
487840
30161279
35911395
36905639
35310219
2162468
132137
37298467
30934214
36524119
36520201
33957965
36153868
36116340
35747647
32522806
16060521
35630580
34212482
29307307
4776021
585547
35086110
29663232
30694965
559985
34090270
34202948
33990343
33990311
802735
1397526
30242089
126300
34622597
32898389
6319761
32355871
34120045
119376
11229861
2531326
31448506
36050
34311637
3076070
34058234
33355303
33228741
32007010
421901
29126540
32892341
29876444
29194068
1041538
996224
16758676
31431900
15592264
32324943
3049277
29099868
153215
30200413
2350512
10754731
11798
1179102
32217369
922218
977729
2400158
30
139494
