46473934
47663542
30161279
43158835
32676884
46140584
29027196
46328212
46441158
1895246
47824140
395362
46208381
35951610
38866331
42214974
47643906
47052924
43236174
14026241
33567901
38215952
16457329
44070277
44545745
47427344
32561562
885936
35703455
38095687
37124606
44002156
30430820
1313728
47454089
31781162
47304975
47277109
30136276
596167
36753181
40903138
47358142
33012343
44599867
869561
36748465
47188647
37183393
30283038
16652077
34664661
46133173
36080478
34656089
39007267
38504120
15988020
29266950
29931219
833768
34853053
1634403
37820613
12693151
38254966
954639
35586471
46710103
29541566
39688519
31660678
42046778
29902611
45184976
43078019
41569682
30008136
34844519
35158730
43686943
39702608
34176815
42584673
20390872
31727017
32747470
42213061
440114
31562293
36410518
42279793
45058927
31766278
29638879
41591751
39442196
36466227
39747150
34297224
36161663
41300795
42056861
38012361
44125296
31976226
37609810
32390084
33565098
44442114
39480855
13999431
34741193
38099266
33015800
480783
29584654
43933524
20201428
42592435
42997837
36042986
37921378
42965279
34110308
41645642
35497249
40701193
33239512
36824816
2050286
40328496
40714247
40946601
40398270
37794049
39224496
33471284
39894049
31762199
27966128
37076955
31670149
33194995
38053993
38325442
311546
39206715
20172814
37873266
31213066
38987674
38975779
34548976
36295327
35781052
32389844
38677786
30444363
33596879
38631141
37930916
37580198
38421243
34934984
31120081
38546417
30101195
30007773
31313419
169492
1593617
38018690
35991661
15596225
35310219
36556814
37850322
29596609
33108783
1478550
1787759
37624508
34306039
36566912
228748
29956289
2189616
829690
2811256
1737273
33998332
32302017
1322608
36583105
10887981
181052
31649667
13797691
37254757
37230188
35956760
33446198
627356
37308156
37285533
37123750
35712214
2407802
36999950
36292045
36898839
36666890
36623880
1895100
36362831
35390395
14788301
35356466
600355
32522806
29616322
35886829
35976180
32004730
34240403
35510917
35474702
34385049
35230656
35186786
559985
35012920
33832028
33811255
33663611
34848878
34818170
34817647
30242089
497208
33169219
32496777
33158741
1053903
11229861
34662321
29049851
34625309
34571508
32044253
1281687
34354561
34351328
34244887
34198658
32366026
31999191
1768105
29831504
33181286
34226890
34194247
32614942
36050
34122858
32355871
2446434
33953508
32300584
2987484
10390841
29271689
32092705
656360
33720587
29610149
32469717
29124792
33682967
33669916
33654187
33654104
33653135
1025717
33605384
1685304
32469392
2688970
33480276
286325
31736453
32702698
33361765
32469967
16029199
18128
3536441
33228741
119376
335556
33117863
33099440
1443249
27254686
33007047
32923155
32892341
29126540
1892566
16758676
454122
32693776
29099868
382119
29663232
32478414
335582
166653
139713
1179102
29169169
32053132
11780841
1039649
2472314
31460780
30736117
104251
31460896
31875675
31128614
31784443
1877530
31756796
655533
29099432
16370251
1057664
16695088
29811414
660465
31171039
1398925
20174125
30627694
31233363
31319656
31281291
31247024
1167248
31157226
31156403
128693
816689
349648
378204
30876796
30253602
137796
27347662
30030067
29813064
29604920
29210015
890916
29167335
29105310
29030207
29023924
27919997
27899645
1151182
10529761
27417901
27337720
4169731
20389075
20331460
16631449
15649425
16000213
16137102
16096618
16058642
16011999
15986077
15986013
15729472
365381
15406691
15378761
15285911
14914491
13864701
9795221
2400158
8539911
966619
