7372
9134
11798
28137
32666
36050
39450
62697
64427
68971
72082
74955
76245
119376
136925
144453
145769
157910
190954
193832
242556
253770
254666
273579
286780
289548
307742
308916
317032
321868
332862
336159
347700
348832
350737
351307
359395
370225
372916
383284
400322
406929
409155
413339
413515
413700
419792
442140
454122
471278
480783
482095
503204
514070
522670
538842
544729
545014
549368
552245
559985
585962
588088
589942
596167
602538
608698
650445
698395
702533
729937
771064
772947
776180
831528
833768
857179
859042
875770
885936
922703
935100
954639
968015
979013
1007746
1029377
1085145
1097728
1136495
1140447
1146169
1169568
1173488
1183427
1195626
1201332
1211888
1223633
1310332
1310439
1313728
1333083
1335045
1339967
1344744
1360325
1368810
1375382
1382548
1430045
1445832
1470788
1493839
1500912
1507511
1548136
1550107
1555852
1564403
1582216
1582540
1634403
1642155
1642310
1657358
1682811
1695917
1701337
1724565
1737201
1751121
1755543
1761167
1796237
1825689
1842362
1857240
1873720
1877530
1895100
1898930
1924594
1927190
1969506
1972562
1975098
1994290
2050286
2059670
2115764
2142170
2142876
2204776
2215016
2238228
2242464
2332348
2334606
2365508
2415656
2416208
2450842
2474340
2557612
2574908
2682822
2723410
2724988
2756024
2757018
2785044
2795598
2831258
2857142
2883594
2890808
2940804
3010000
3012008
3013776
3032431
3039342
3049907
3083950
3095369
3116950
3119371
3120106
3140811
3168506
3229239
3484121
3670151
3882081
3931101
3952521
3985901
4132931
4255031
4413451
4719401
4745831
5045391
5416941
5658921
5720821
6299361
6314531
6490561
6889321
7220461
7540461
7546591
7552111
7764571
7954401
8032691
8188801
8634531
8859801
9010211
9242621
9503481
10324191
10393481
10942341
11229861
11277471
11369471
11455121
11850621
11963761
11967091
12128141
12711881
13797691
14350631
14505171
15137361
15231521
15558219
15583108
15587234
15596225
15623990
15640419
15640799
15652765
15671315
15689438
15692059
15729279
15752220
15843165
16028388
16030160
16050617
16067006
16099995
16158500
16169562
16174613
16176749
16271125
16430257
16545169
16652077
16692985
16764574
20172814
20222188
20390872
20505799
20555602
24655228
27093694
27420064
27481207
27544747
27645211
27719479
27887242
27896356
27914044
27960782
29004482
29015921
29065021
29078196
29129925
29145300
29241296
29287180
29291258
29526143
29564986
29638879
29777439
29785838
29876391
29893921
29931219
30008136
30136276
30229260
30283038
30348316
30365752
30398408
30410782
30418201
30418299
30567215
30642217
30664623
30692628
30730511
30767096
30777141
30790382
30811539
30918305
31007302
31020841
31082396
31085859
31115204
31140147
31172140
31172637
31264380
31287507
31318660
31366253
31409774
31474582
31478552
31484816
31513049
31525614
31552785
31560932
31641561
31654607
31656728
31677098
31729428
31766278
31781162
31811984
31849635
31869643
31880815
31948211
31974640
31988181
31995113
32001709
32023809
32029613
32129707
32207207
32221815
32240272
32288681
32300368
32306543
32390084
32410289
32444603
32496812
32556320
32602742
32625132
32636782
32638739
32747470
32781296
32899980
33012343
33015800
33052341
33072830
33132170
33150806
33196227
33263363
33283510
33292729
33298365
33306221
33359260
33455400
33461345
33520429
33548178
33565098
33650487
33653696
33667720
33718512
33721731
33740996
33829013
33864894
34039531
34093276
34134004
34176815
34243702
34261097
34268940
34271915
34297224
34306039
34315187
34341137
34387564
34397644
34439726
34491726
34595388
34656089
34664661
34693922
34702735
34714895
34803208
34844369
34844519
34853053
34856429
34884676
34886224
34923225
34934517
35008493
35021150
35024888
35106960
35180320
35182649
35191439
35192754
35241545
35289124
35300210
35301602
35309271
35322329
35356466
35388257
35417620
35520100
35561457
35580368
35586471
35657092
35703455
35787021
35788757
35848990
35867886
35949017
35959134
35976020
36058595
36080478
36088512
36092519
36094392
36106265
36145887
36149962
36161663
36261291
36274227
36292045
36296257
36313076
36402740
36413583
36466227
36485470
36504922
36515417
36538189
36561605
36571761
36578450
36645695
36660866
36663285
36748465
36808298
36863105
36900036
36919501
36934797
36954591
36957144
36992274
37043833
37054012
37061663
37096030
37177606
37183393
37228149
37313925
37321660
37355927
37413241
37422961
37590878
37609810
37638400
37642160
37748639
37928042
37937240
37937293
37987387
38012361
38032583
38067335
38095687
38099266
38181860
38215952
38218223
38252875
38254966
38273490
38284073
38391762
38413069
38504120
38535689
38538968
38547419
38594007
38630457
38894847
38957184
39022392
39072259
39140353
39155143
39255036
39354233
39362247
39493094
39672592
39688519
39747150
39807286
39853044
39892594
39969276
40023910
40079071
40144312
40168236
40212040
40304817
40328496
40344160
40375763
40376269
40388727
40421756
40436877
40479611
40498342
40678592
40704817
40735688
40772045
40818502
40871742
40877485
40902096
40903138
40940986
41018492
41170699
41286185
41300795
41303431
41514691
41583566
41591751
41689901
41819191
41856164
41864342
41867272
41946144
41961537
41985596
42046778
42056861
42162600
42200942
42223633
42251486
42279793
42297858
42405041
42440304
42473008
42517159
42527675
42581711
42584673
42586385
42698273
42734274
42913775
42936594
42941011
42993963
42995478
43021651
43033878
43104337
43158835
43236174
43291768
43413766
43458771
43504288
43515466
43535978
43565942
43612058
43680919
43686943
43712100
43734740
43740077
43762870
43855044
43882475
44007420
44022426
44070277
44081214
44097297
44114714
44125296
44129259
44138952
44165505
44182551
44225465
44228321
44233189
44235508
44283738
44412070
44442114
44459233
44513121
44595834
44599867
44625136
44674329
44707404
44707710
44708102
44729966
44754418
44775968
44782404
44838960
44857840
44902260
44955861
45001984
45007213
45007394
45023377
45030226
45032157
45107850
45109725
45112737
45132026
45173766
45184976
45187408
45192869
45303065
45315344
45345514
45391268
45450183
45521473
45525248
45609863
45760437
45818068
45830718
45865577
45955920
45984961
46001613
46001729
46006290
46012061
46025386
46046013
46067854
46089001
46132779
46133173
46213120
46219823
46226352
46258121
46279408
46301843
46314871
46315435
46328326
46364556
46393156
46411886
46429479
46465268
46487027
46500147
46500161
46500180
46500193
46500222
46500264
46500289
46500319
46514375
46519065
46528253
46528273
46528285
46528297
46528308
46528325
46528342
46528363
46528371
46528393
46528415
46528826
46528845
46528860
46529348
46529364
46529377
46529386
46529404
46529418
46529439
46529463
46529570
46529783
46537646
46539941
46546063
46635654
46689782
46828838
46885307
46898611
47020892
47032040
47141319
47176019
47223195
47287944
47389416
47435147
47523972
47569242
47664735
47698924
47799520
47925116
