16073157
46345088
45968710
45760294
20449939
29650066
41737790
3049907
46576248
47971245
44803077
47267180
37078428
41286185
359395
44011125
47925116
26105
40574364
34607339
36413583
35657092
38413069
1375382
30692628
47665460
1674665
47651446
29777439
43494458
1701337
39410289
40504807
37191019
44144004
31394077
44536810
39140353
30161279
46301843
40464318
30229260
12756031
31995113
47477025
47569242
46659603
35949017
30035069
38385633
15789805
40442860
44070277
32561562
46908782
36775060
36772578
47485729
44545745
32676884
35046363
1313728
45485012
37546190
45223202
47452605
31781162
1655860
47440992
47414919
30430820
47414616
38215952
36748465
30136276
45023377
46487027
35281191
45692230
47265284
47188647
44599867
41576793
47223195
14505171
47183125
46323667
45525248
41285607
37590878
36274227
16652077
41359295
43519671
37622746
33860932
29931219
885936
37183393
46533046
40127134
46532857
47018521
32384368
46970212
34664661
156376
37594761
36080478
33667720
38535689
32653535
38504120
46532273
46532233
46531466
46957122
46956787
46956493
46531170
46531118
46500918
39672592
33012343
44902260
34656089
41064061
41868403
40903138
46531026
46530204
46529757
46529734
46529709
46529681
46529602
35106960
44285272
987929
16692985
735157
43947541
833768
46001613
44165505
2316080
43565942
39645605
46132779
46514375
16117522
596167
41578923
46734922
35867886
43760470
39803383
45800673
2831258
38538968
36167527
39886727
45113964
45865577
31539488
16050617
32119948
39688519
37619643
3039342
2896748
7147071
42811248
35309271
35703455
44412070
514070
954639
42297858
31324717
44909512
33548178
1562665
40940986
37350815
45830718
46315435
42046778
46314871
46212896
46213120
46046013
2785044
1085145
40344160
6935141
588088
46219823
37321660
44440612
952584
45531017
35654053
43348474
2567778
46258807
42162600
42734274
35613147
38252875
44030022
45521473
46194282
37487260
38541316
31923832
36496295
46165215
46149233
42405041
46067854
2707220
1471513
39007267
42581711
44724275
27183946
33741778
16030160
45184976
45760437
35182649
41241586
46006290
37658138
40479611
15729279
44459233
40841626
37075133
1470788
31887466
32417387
1579047
43734740
33864894
45987150
3168506
32924305
45817836
40436877
4132931
1672546
29307419
39243483
33132170
1564659
44430385
37036907
34039531
45790854
33738390
35550497
34595388
30008136
31363972
36785613
31408319
43361093
42586385
42698273
43885995
41282414
45472699
35889331
30007773
9134
43701102
13825821
39634426
3095324
36092519
1443088
40024934
34288861
234439
41856164
16072171
45516540
44775968
1592207
39155143
37788492
15245241
9714781
48909
33106804
30696473
29145300
906380
23163521
2574908
1033820
34884676
41283546
32638739
34374004
45343032
43609908
29992699
13797691
43021651
29638879
34387564
42584673
35279376
15738126
35021150
35241545
44531047
16214943
42936594
12546361
1430045
40704817
45184352
3119206
16099145
38958050
34487570
35293985
34856429
34714895
31432310
29290600
27253336
33438471
9035721
1623162
36838596
35049478
40075373
31727017
44838960
14030851
35617157
740601
15805038
34906401
39818209
43987105
41834390
27753742
45109725
33497839
32747470
1538897
38897483
2350506
39914632
33596280
42165045
37844394
34668616
45135470
440114
12096961
40735688
36286822
34867697
44648671
3430751
44393601
40671917
147854
35130958
1571867
40038471
30369656
16075566
1961384
34461310
35234290
1248698
32457057
43850878
15658937
2729330
38633776
44447339
35912758
44935421
41390495
35183253
16370005
34704798
45107432
31925269
6864881
38664568
754161
42213061
29221194
33551183
16080708
16419787
38484593
44288882
39290158
31017565
41413523
318699
44182551
45142387
39117598
32703125
45107850
36058595
15640419
34491726
1873720
38239400
33292729
42200942
37573558
42763152
30118060
29004482
538842
15231521
45032157
43855044
45007706
36233947
20329657
44686439
35300210
2365508
43493677
14094211
41583566
12440481
39354233
41303431
36919396
843392
35192754
38184493
36726098
1332865
35166066
34176815
37704831
36485470
34620632
35757014
38678207
32192510
289548
11967091
33359260
44129259
36298228
43511841
39498303
31956739
41689901
31972541
16764574
34844519
14938371
3140811
34271915
40304817
44789299
36654419
43686943
3969731
15583108
42804788
41819191
35787021
34752346
53111
30254222
43375369
37001434
37928042
34093885
1492302
15587234
15420311
41721036
771064
42279793
36419886
35648534
38439421
32722484
41014521
9503481
1473720
338524
33461345
35669250
38183281
32288681
34738565
43601805
44283738
37096030
409155
33212535
1146169
3119371
29592922
35107561
44707404
29125610
40242367
35869112
11229861
30790382
42271727
29561077
36696017
1388395
42440304
40284234
27175597
972837
44235508
1906826
43016837
34450292
1153944
33580073
12240531
38630457
633694
8892541
336159
9158771
41791843
757801
249796
10238631
27357460
1406545
1373118
16158111
11429171
36161663
14516151
1156223
150792
12711881
2632766
43463012
15623990
32476761
565324
43890898
40687639
1729134
991182
20436838
15990622
39744491
117520
16353691
20272939
39442196
40765587
31932731
3565161
132010
36132341
40800957
42116343
31562293
1510906
44246553
32029613
347839
699146
514744
33925978
4873751
20662
33881883
27547765
271698
30149526
43869336
35317334
2995484
37839092
877307
16751152
2225780
16169343
36042986
2196880
2710130
7659891
34775282
30501589
1325769
33597645
42177082
31879493
44502841
44513121
34475932
44248822
41170699
1225514
44125296
39747150
36392766
33650487
42591118
29198029
44442114
28137
41300795
30527052
41436636
37932013
34297224
39855206
36437426
42251486
3061684
32705368
16099995
42056861
38181860
35531328
31594832
27869484
43823170
1228529
44173792
42913775
42832604
2581328
309398
42221463
31654607
39892594
5416941
38859302
32814547
36645695
35455301
2394508
33565098
44081214
29015921
32510979
43780643
43763359
30397677
41101320
43882475
29510385
29649316
1477155
44433327
2534908
40600747
2728334
4085871
44433601
12128141
4206701
43612058
866402
29785974
38095687
43019077
36952015
35793405
31901303
33731680
36292045
1380144
390497
31525614
764761
20390872
733932
31140124
466500
30440362
35141362
38410704
14658981
31512725
35480995
40921471
34924217
9826951
1176411
33684791
2723622
3931101
38012845
1225331
1662024
37555494
1709978
1022228
1684998
24655228
38547419
37937240
16039001
34094748
353634
19412
504704
33150410
124891
3001406
36538189
30692888
487840
43077186
36746727
42279100
38001692
34959417
32594680
397181
30518547
1346677
348802
719993
37043833
30152636
1488527
38305300
14392951
36119661
10520
874505
41877913
8329381
37583092
31766278
43990729
37199454
144453
1518211
40118531
31671098
35460965
35074587
15596225
37275114
43499023
7573251
34277316
1875638
9347671
31172637
37623035
37177606
35727758
44233189
34354588
30574224
40894369
36117710
31409774
33671938
1096416
44114714
9328951
16168205
29903073
1136020
31880815
83166
30416368
29159283
34390150
43643105
34623214
32031508
674370
32121342
35378818
38218783
33786471
16281223
36200075
34979354
2722854
43515466
41961537
37456975
29223785
2783282
2676056
38143254
1051286
35062631
39895988
40484106
1727911
33931225
308176
37313925
37445882
1461746
655533
29174536
407058
35180848
31296827
36525395
33957505
31976226
29157047
31964758
10267521
36149962
1215755
1143187
34074480
31622964
710382
15745592
356080
42212886
32685864
43057330
33721921
16010326
41141990
32816893
3557951
39327860
894969
31513049
30620838
24868847
42170792
27899351
17358418
2965132
33052341
32299314
33150806
1400472
1600007
1134513
30330786
27928491
38664105
2566714
33740996
37937293
38894847
38708605
40818502
38012361
37674286
37609810
34315187
2364434
34475518
595215
36808298
37718132
37623667
38067335
34093276
30650361
31974640
36145887
480783
36358059
40041746
36566912
1634403
43371440
36766421
13999431
36663285
35586471
5658921
41514691
62697
32390084
30567215
16158500
35191439
36261291
43334118
44206562
29526143
15652765
42647669
40421756
1895100
33455400
36863105
40648907
36515417
351192
370225
37054012
36660866
1695917
37061663
44007420
39480855
2050286
41306593
33015800
36313076
20201428
38010354
43876331
39380507
5815311
43698619
42993963
34829884
31448506
35495855
35200183
43803536
40465984
42726156
38531018
32133313
33004543
36737005
32444603
6796441
36747329
43200487
37165220
33719411
763377
2811256
30040614
20314600
40328496
347700
16126486
38099266
38594007
34741193
42592435
39604976
42156302
43140368
35322329
35497249
32244163
34725190
43273366
842663
39101441
20172814
41591751
43097358
31089854
42986642
6299361
313488
37121970
40374533
35580368
1200306
1171095
39956902
43001172
36991232
35356466
119376
38182077
15671315
350737
42235052
35008493
43118230
11798
559985
41790979
40853773
36050
1877530
37048382
7764571
36874505
36800930
36557896
34934984
36316074
36166595
35336563
34869452
32389002
32135461
30859317
27968002
1368078
12687791
3222731
7393491
