9134
11798
28137
36050
147825
158808
179110
193832
206534
212868
289548
336159
408993
480783
484918
505735
514070
559985
585327
588088
595215
596167
602298
649469
650034
723052
833768
885936
917547
954639
975165
997522
1085145
1242418
1310439
1313728
1368322
1477035
1562665
1564659
1584313
1634403
1648582
1683427
1701337
1877530
1882270
1892260
1910430
1983010
2050286
2238228
2302902
2326918
2505968
2574908
2630504
2723410
2756024
2815434
2831258
2844476
2937664
3014848
3039342
3093350
3110448
3119371
3136011
3153572
3168506
3188353
3204498
3215848
4132931
5658921
5815311
6490561
6601731
6796441
7107771
7708711
8620191
8892541
11229861
11967091
12128141
12685191
13797691
13825821
13875071
13999431
14427791
14505171
15231521
15587234
15596225
15602316
15610035
15623990
15640419
15671315
15690891
15700440
15767620
15792731
16028388
16050617
16158500
16193019
16564903
16652077
16692985
16764574
20172814
20303104
20314600
20330311
20360188
20390872
24440734
27453715
27506215
27799810
27817105
27889049
27896356
27966128
29004482
29007198
29236750
29638879
29777439
29810412
29811455
29931219
30136276
30229260
30242089
30369218
30567215
30634854
31082396
31172140
31265564
31367431
31421106
31478552
31641561
31654607
31700608
31720491
31781162
31880815
31916219
31995113
32011145
32182070
32261970
32276072
32288681
32390084
32444603
32461768
32462973
32556320
32600554
32603445
32688775
32747470
32854013
32949699
32976222
33012343
33015800
33052111
33052341
33186209
33211102
33336359
33359260
33432979
33461345
33471284
33495562
33565098
33596861
33596879
33667720
33741778
33811255
33925127
34021836
34174720
34176815
34191713
34202335
34210935
34268940
34271915
34297224
34313704
34315187
34399905
34408818
34416982
34460855
34466402
34549154
34560146
34562915
34626985
34656089
34664661
34684101
34714895
34741193
34773444
34804432
34821439
34829884
34844519
34850744
34884676
34915591
34963903
35008493
35106960
35293985
35300210
35309271
35322329
35356466
35497249
35575209
35580368
35586471
35597765
35640554
35652721
35657092
35703455
35710349
35727758
35773220
35793405
35848169
35867886
35874337
35959134
35971388
36042986
36104163
36132341
36149962
36161663
36167527
36222354
36245166
36295327
36331681
36354512
36358059
36400299
36402740
36410518
36413583
36466227
36496295
36556814
36636116
36680035
36749107
36753181
36793148
36838596
36853590
36863105
36879805
36880657
36990856
36991232
36994750
36995972
37001434
37005980
37036907
37043833
37045120
37054012
37061663
37096030
37098117
37105957
37111569
37124606
37173938
37177606
37183393
37191019
37191067
37217446
37282818
37292467
37296920
37313925
37321660
37350815
37415964
37425820
37440111
37451636
37502128
37545051
37545704
37557207
37590878
37592811
37609810
37754298
37815761
37850681
37855813
37871689
37881385
37921378
37928042
37938734
37947145
37962279
38001692
38012361
38032583
38034973
38067335
38095687
38099266
38104917
38125815
38181860
38182077
38215952
38252875
38254966
38273490
38285285
38296369
38413069
38458942
38504120
38535689
38538968
38594007
38622085
38630457
38646236
38800942
38858875
38866331
38870132
38957184
38975800
39007267
39098696
39327860
39362247
39442196
39480855
39604976
39645605
39683755
39702245
39886727
39926480
39969276
40090500
40236796
40280338
40304817
40328496
40344160
40376269
40397977
40593603
40719291
40735688
40738444
40755081
40818502
40820287
40865490
40877485
40903138
41018492
41062588
41110482
41247190
41251909
41286185
41398626
41441868
41591751
41618405
41640084
41645642
41648804
41665237
41689901
41752041
41763343
41791843
41834390
41856164
41871077
41884150
41905998
41928997
42032081
42056861
42162600
42177082
42200942
42279793
42297858
42337632
42447539
42584673
42586385
42592435
42726156
42742458
42811248
42986642
42993963
43158835
43228569
43307909
43309687
43361093
43373445
43407690
43477110
43500576
43535873
43535978
43612058
43686943
43712100
43740077
43821616
43894753
43956145
44007420
44042101
44114714
44138952
44165505
44182551
44224997
44244407
44256399
44412070
44430385
44442114
44572318
44599867
44621843
44717279
44729966
44782872
44838960
44955861
44967214
45081995
45184976
45235954
45269849
45447015
45491751
45743450
45789120
45800673
45817836
45818068
45820839
45830718
45964355
46002168
46006290
46012061
46133173
46213120
46219823
46279408
46287249
46315435
46343311
46345088
46383361
46389289
46390048
46391359
46419476
46419811
46420212
46420683
46421422
46422064
46473934
46478755
46479947
46480341
46480577
46480862
46481249
46482828
46482869
46483659
46483909
46484424
46484862
46485295
46485788
46486148
46487117
46489362
46498588
46498627
46498660
46498711
46498733
46498761
46498788
46498820
46498865
46498885
46498950
46498974
46498994
46499017
46499043
46499087
46499104
46499138
46499169
46499197
46499308
46499344
46499398
46499426
46499921
46499955
46499986
46500125
46500147
46500180
46500193
46500222
46500264
46500335
46517772
46529377
46529783
46564196
46659603
46803163
47206111
47223195
47389416
47435147
47520005
47567871
47665460
47799520
47940543
