38095687
16073157
975165
29650066
37937240
47914269
2782366
3049907
47663542
43158835
43686943
359395
43236174
40678592
47389416
46208381
35951610
47752079
29777439
47653635
39410289
44070277
45756987
44536810
30229260
47427344
219392
35703455
1313728
31781162
24655228
885936
35704433
30136276
38504120
47378292
47349661
45023377
32041576
13825821
38215952
46687273
44599867
47188647
41359295
14505171
29931219
41630304
47061639
16692985
37183393
32685060
37788492
46991491
596167
36080478
44902260
33012343
40903138
39672592
15652765
39645605
833768
954639
34853053
34656089
29541566
2831258
46001613
35867886
38538968
29027196
46213120
45627411
33298365
44782872
35586471
45521473
514070
39688519
44412070
46437028
46006290
13797691
36092519
2785044
1683427
33741778
40818502
44724275
30008136
41569682
45510584
15587234
1470788
34059576
36058595
31070973
45032157
33015800
15231521
31773402
16158500
44754418
34856429
36161663
39442196
36466227
37114522
36132341
36358059
41791843
37313925
34297224
16099995
44442114
33565098
37609810
32444603
33455400
36863105
41306593
36313076
43907326
31654607
5815311
6796441
38894847
42993963
42986642
42116343
28137
42592435
41441868
39480855
32182070
125409
42213000
32929368
35757014
37855813
37871976
16231491
38297191
29534878
37850681
37096030
37871689
37619643
24522829
34149973
37061663
41763343
41905998
31421106
41420682
39498303
41786229
36223368
41645642
37545051
649469
41399161
38170860
2944724
35640554
39683755
41412995
41250206
33284661
35497249
1593617
39007267
35322329
130444
37721141
40279483
35793405
2050286
32764561
33596879
40328496
34268940
37794049
38622085
36838004
40157784
37234673
39756306
37076955
30007773
37054012
311546
32353250
6490561
37873266
39206715
39158623
20172814
38862178
38982892
33471284
36991232
37636558
33618340
997522
38421243
37580198
35297357
31293196
38575504
36253880
35652721
540439
38059708
2695734
3226353
37573495
35455309
37979101
3109509
36124522
34385049
35580368
29541962
36886397
36298704
34768668
29956289
1478550
31789456
37624508
36696017
37725674
27122866
28094275
37501878
33046106
33848599
2811256
32775926
35141024
37301013
31649667
37254757
37123750
37198383
24199387
32129707
36583105
29787255
37111418
754642
1200306
35482588
36654419
32554504
36432575
36637954
35969575
1898930
36594778
36593969
139713
33693219
36517895
36292045
36479005
886367
1642839
22696320
36474119
36375907
36255284
1895100
33787992
34934984
36305244
7784011
36406535
8697461
36410813
453308
36362831
16091343
29333654
35404855
36383227
36368416
36370958
2234476
36335729
15623990
31448506
135120
36238523
36345944
33608416
357237
11798
32522806
20326693
35390395
1877530
31448101
36050
14788301
950759
11229861
600355
36099631
35886829
32004730
29616322
32149365
559985
1443249
35636648
35591744
35095321
34994251
34603252
34363692
34344501
34304894
34280800
34093583
34031408
33984681
33620391
33136047
32875284
32807283
32461685
32217369
32026046
31920058
31470135
31292671
31195421
360648
31127099
1167248
30786019
29147178
15084601
869637
996817
1562952
