47177102
47857021
36413583
40678592
29777439
37191019
30229260
46554512
45510587
38504120
35703455
47427344
43894753
30161279
44070277
40168236
32561562
47496356
32653535
31781162
30136276
45525248
44599867
14505171
34134004
33860932
45391268
43184223
37183393
46133173
46487027
37590878
45558296
13825821
16692985
34664661
15652765
44902260
42218055
2186258
37199454
33012343
39672592
40903138
37350815
596167
43740077
32685060
1443249
29931219
34656089
833768
38254966
45830718
45818068
46001613
42297858
39688519
38273490
40344160
38252875
46315435
37321660
46006290
44433601
34093276
34651665
37036907
42586385
42468526
35366575
33292729
39573295
30008136
31408319
41282414
3039342
45343032
36660866
35586471
33052341
13797691
40818502
38095687
42162600
43686943
34176815
29638879
42584673
43882475
32747470
45205992
31525614
38000481
45084328
15231521
41819191
34844519
15587234
32288681
36161663
41170699
33816330
16099995
42056861
42440304
37592484
44442114
44513121
33565098
42913775
38099266
43016837
37609810
38012361
44114714
480783
41591751
43612058
38067335
150792
39480855
37426813
1910430
33015800
43956145
38034973
33881883
38564916
5815311
38531018
34725190
43158835
37642160
34202335
4255031
1460367
36119661
3020399
42592435
13999431
37313925
37871976
37855813
42504952
39007267
34427918
7708711
32854013
34149973
6796441
34804432
40328496
37045120
37098117
37619643
37850681
37096030
505735
28137
35640554
1350436
37871689
34021836
842663
29534878
36223368
40280338
35497249
35322329
41905998
41645642
34268940
20314600
2050286
1895100
33232042
33471284
37076955
11229861
6490561
33194995
37873266
33811255
38962779
785703
35580368
31009306
16432171
38671921
38594007
37649718
38638408
36991232
20172814
522830
38640178
819604
38546417
38650659
30444363
38631141
38322629
37930916
2927112
38246013
37580198
38421243
38594102
31120081
37516467
30101195
38325697
36583105
38298290
3226353
37282818
36242782
36299528
34352584
6299361
29653756
34936371
32130725
347700
35520100
38141504
37885598
33718067
37722812
27871006
30410782
31313419
34854916
36719575
24250561
38121509
695919
672965
27899305
11798
29071738
35356466
2811256
36050
559985
1877530
31453127
31361806
30839617
30776053
2487160
27898873
20402644
6086731
15571331
15004891
7803041
