4
11798
18635
36050
42280
45147
76452
118933
119376
123220
126300
154501
155961
169492
181052
187948
203305
223104
228748
280765
283487
347700
383817
392089
416478
466940
480783
491240
495600
549368
563083
585962
596167
659560
676390
678192
681287
695919
775272
803524
823600
833768
840597
851632
861801
881217
885936
954639
982243
997522
1043127
1055997
1073551
1167248
1171095
1200306
1310993
1314748
1339449
1386039
1460367
1478550
1493839
1564659
1564720
1572058
1593180
1634403
1640627
1688338
1721999
1807483
1830454
1833450
1877530
1895100
1921874
2000322
2035276
2050286
2081686
2136142
2234476
2261734
2271224
2311284
2363322
2394078
2472510
2612170
2630504
2652028
2811256
2815434
2889528
2945332
2946968
3065634
3095324
3101690
3168506
3200203
4168151
4887941
5292431
6490561
6796441
6829771
7128081
7708711
8373421
9805291
11036611
11554971
12532891
13999431
14646191
15539408
15596225
15710185
15720088
15738598
15781356
15797480
16099995
16198621
16692985
20172814
20201428
20390872
27239512
27889049
27950664
27966128
29534878
29610468
29638879
29792449
29956289
30007773
30057046
30101195
30301860
30444363
30567215
30629378
30630618
30849241
30995049
30995980
31008489
31009306
31110130
31421106
31445169
31649667
31656728
31789456
31820084
31995113
32260606
32317378
32390084
32408263
32444603
32522806
32636860
32775926
32854013
32949699
33015800
33108783
33156596
33194995
33228636
33292729
33455400
33471284
33485186
33565098
33596879
33738435
33811255
34021836
34099270
34176815
34202335
34257553
34261097
34268940
34306039
34313704
34385049
34387564
34460855
34525824
34658317
34664661
34725190
34728379
34770777
34804853
34844519
34855714
34920074
35008493
35059992
35082686
35106960
35158730
35304797
35310219
35322329
35356466
35372928
35453101
35478329
35497249
35520100
35580368
35586471
35652243
35658308
35727758
35787021
35788757
35791948
35875426
35971388
36148068
36149962
36233947
36271156
36292045
36413583
36468700
36556814
36559919
36583105
36654419
36683373
36766421
36799696
36808298
36834514
36838004
36863247
36865090
36991232
37023526
37045120
37054012
37061663
37076955
37096030
37103833
37104031
37123750
37162530
37183393
37198383
37212632
37221599
37254757
37296920
37299366
37313925
37457391
37501878
37513937
37580198
37609810
37619643
37620363
37624508
37631762
37684601
37694265
37701161
37725674
37727399
37732130
37794049
37804293
37855813
37871976
37921378
37931738
37962948
38010354
38012361
38017095
38018690
38033330
38053993
38061995
38067335
38099266
38099471
38141504
38204030
38209809
38233811
38254966
38421243
38453768
38594007
38622085
38631141
38640178
38669006
38862178
38962779
38987674
39044749
39394833
39480855
39604976
39826347
40287750
40328496
40865490
40903138
41250206
41360562
41441868
41569682
41591751
41645642
41998825
42056861
42279793
42527675
42586385
42592435
42993963
43417395
43477110
43612058
43698619
43874106
44007420
44114714
44218348
44412070
44442114
44758691
44851715
45184976
45328257
45688404
45940735
46006290
46012061
46315435
46445891
46592628
47041400
47389416
