44743085
40140241
47923267
47799520
38796319
47807255
35594895
30136276
40574364
3043392
33012343
47398322
7011261
47436721
46907541
2859156
445069
3114230
40358476
34134004
735157
38678207
34656089
43112703
32602742
26730
34664661
40903138
46133173
916901
45558296
16281223
34306039
39886727
33740996
30430820
44165505
559270
46783094
32100379
46711069
270988
46210041
46530786
46511257
42811248
1085145
46315435
31880815
37177606
34714895
44909512
42162600
7406441
45391268
4983091
36496295
2785044
163421
184423
3373881
45990788
1029377
1470788
43734740
1366361
46042470
43104337
43686943
45963826
44430385
32676884
37452480
38136722
40877485
32652238
857179
41689901
45303557
33497839
34844519
34297224
36726098
31172637
34059576
29778759
44549923
34176815
40404613
43021651
14046131
36116131
11967091
42056861
14658981
30418201
44795624
33434994
37973134
44767100
42157258
34083253
44732541
33580073
8754881
131604
32124275
44171637
34884676
33565098
36092519
44562177
590561
36145887
29015921
736036
33052341
20390872
42451931
44233189
37609810
43844340
26105
36177229
38860322
34829884
32295289
44007420
36233947
36681193
2831258
34288861
34010793
43826080
36737005
37096030
38141202
41587978
43610974
43610450
1152603
43498183
39432003
950759
40150593
41992755
41992893
42471378
37563141
43140368
43110190
16538737
39666126
32468744
42915250
1492302
43000756
32720226
37313925
2441738
42353942
29810412
37933037
41905998
41670506
37459399
1435305
42213000
29327615
40287750
29055640
15706969
27906719
1102550
3226204
35276844
33251512
1831164
1512999
37341234
39389964
41855996
32854013
3126954
684803
41763343
41280317
32995465
39498303
41356307
31512725
2799252
41645642
3025051
41618715
35310144
27453715
41606472
29610461
41428590
15652765
41504171
38930625
41463900
66017
41250206
41412995
1258414
41364898
39703539
7056151
41307228
73744
15707350
7708711
41278044
2050286
38800942
41251909
40934906
38517709
35869871
55163
555877
316134
41100454
38069802
39442196
39701896
34920447
7923611
31644084
1446315
40870218
29610623
40600904
35658308
31649667
35537506
40740108
33654851
37675919
40448737
1531473
29191474
39701575
40437157
40453256
1123912
40157713
33889999
16198106
32387580
40396427
40381594
1889774
39826543
32961416
40293588
40285093
11928401
32405332
3168506
40173273
38622085
30504283
121141
13928581
7090751
2904740
29570980
27915393
32853698
30600093
1144857
1019786
32016906
2920504
151964
59306
30495123
40112174
2665336
34466402
33232042
30554157
33471284
39935789
37076955
39921391
39874525
39867364
39855203
39850035
39475153
596167
39834705
39829679
39829257
36021273
39821617
39793410
37153472
39760060
39758752
39735064
39722552
39696132
39699834
39693751
39691334
39690066
39674642
3208820
39660622
39660989
39657040
39649590
39616720
39613812
39605024
39600638
39582558
208749
39555758
39535915
39511488
39507691
36467584
39458090
12711881
39441586
32399183
39427415
39383890
39375395
39366266
8673681
15712950
39344034
39330507
20172814
36014458
39292582
39281046
39256572
39248449
39206559
39182252
1223119
39172178
34094748
39152859
39147643
39135851
39134542
29231377
39084145
39083943
39079097
39069613
39043205
39026493
38540002
38990087
38987430
38977781
38941444
38940292
38933397
210025
13825821
38911399
1581943
38897181
38875483
38865045
38858070
38855354
38840246
38833669
34271915
38812909
38800553
38798928
38773386
38747949
38747134
38134884
38736864
997522
38716905
38708998
38693003
38692501
37467198
38666909
38651470
36050
38623211
38342410
38609115
38592573
38093901
38584358
38304387
36124522
34890423
33469648
38410659
38396361
38363195
2282130
38355453
38339649
36118906
38326604
15549098
556726
573227
38305546
36304422
522830
1467802
10487
38274393
9527361
38237030
38231731
38220396
38212456
36719575
38199652
38192664
38184122
38173342
38169422
37957065
38141504
38061995
29065912
37094468
38100827
283592
2534908
38042818
731466
38030900
38021082
414951
3886941
37883330
37903630
38004751
37996789
37983367
37975941
37968601
37560173
37965191
37961209
37956121
37952774
504582
6234671
1236224
37949192
37946744
27373033
82925
37944411
1497959
36693868
37943596
37937602
37935158
37933147
36060602
37930343
37925977
34912009
37922617
37920850
37920491
37912417
37907215
37907069
31785692
37904511
4100541
37903537
37903435
37902209
37901058
37898528
37889601
37886910
37884494
37880070
36534780
37874945
37874885
37873178
32694873
1222244
37867195
37862568
1478550
37855108
37852444
37850916
9565941
37844544
37842626
37829427
36098654
37823110
37819768
36696017
37150861
37814602
37810552
32210671
1864770
37807160
37017693
37789003
35246923
37775032
36974197
37772756
130558
37768990
32775926
37758268
37755244
6856511
3220506
30896737
37747005
37742859
37742061
37741699
27814894
1775315
37736793
113025
37733999
37593386
37209949
37732244
37731365
37729429
37720772
37613983
3039134
316564
8799281
37706873
37703991
33245239
37701232
37700281
37692136
37686704
37683436
37299366
37671237
22800
37663266
1300309
1195202
37654769
37651320
6007071
37647184
37644053
37632024
31297544
37625322
1926048
37619963
374507
36412704
37609629
30746348
37602395
37601253
37594097
37585252
37546190
35790394
16158658
1503461
37577844
12654551
37569741
252225
35623352
1888188
1127468
37550816
37549706
37548431
29155833
37546217
37543885
37259611
37539962
37537381
37535351
37529186
37526584
6071991
34408869
37521715
37521528
29539863
37516173
37515963
2301466
2465008
37508838
37508707
37508587
37505889
1480870
37505438
37504665
37495058
37496070
31857009
37494841
34953507
37488332
5145121
37472397
37469928
37455912
30039336
16215419
29896640
465701
3535721
37377195
716703
254313
29080220
37354176
13797691
37349705
37342385
37325344
37331339
37324902
33240281
37295043
30341507
35870964
37265652
37271116
37248821
37247575
37242786
15788724
340571
37235354
37234561
37230081
37222534
37222544
37216762
36109492
37211015
36583105
37190698
37185181
37175019
37168549
37161947
37150370
37146452
2197870
37141731
37141211
37128340
37127871
8664091
37122127
16384288
37116912
33638654
34865769
37087043
37078958
37067972
13825351
37059304
10520
33910707
37045808
35567786
36114535
1887610
3176352
37011924
36993484
36988125
36978311
36974861
36972179
36965955
36965567
36964398
36950911
36949399
36942803
36937310
36936677
564812
2363784
36924539
2800892
29062726
36919402
36917847
33738435
83375
36907039
36901299
118143
36892980
36877127
36877067
36876296
36866831
36866076
35155098
36850085
36849326
36848507
36848336
36842836
36842434
36837461
36837259
36836743
2635494
36835669
36831055
36829868
36826344
35780906
36824526
36821800
1521087
36525623
941830
36807205
36802941
36798107
32823253
36782266
36791068
36783192
36782249
36781764
113401
36775570
36774708
36768117
417361
36764044
1114032
36758134
36752088
32597240
36077410
1438260
33307638
14401531
36432575
35289450
30079195
519332
6064931
34154698
35326018
35482588
33787992
36611127
3211488
29172065
696985
34013166
4223511
36577474
34292618
30977520
1849008
31953210
1130385
889728
32053110
36482645
1350353
1895100
3064114
4492701
31864717
916754
1083680
36385526
4160301
757801
16157589
36282498
36356715
34269710
1929708
2406592
16682296
366719
1448567
34315915
35703203
35636973
2589702
301389
16432702
3339171
35390395
31365702
27946325
33519359
35448501
563150
1091953
420967
4151861
36132770
27547765
35092488
36131226
1055958
2855444
32935830
1397545
35884059
36105097
36088964
35246303
773529
33207661
1051933
35895554
35804580
490152
45230
31475148
359544
2712098
33980133
35794155
16295650
36013777
31587658
548999
35994131
34517918
33945617
32361034
32948146
35948177
33182262
27789931
35896262
30962287
10697581
32799705
2276960
3065053
998895
31985044
2127194
35666307
35882691
613087
15744456
1400410
205398
528773
35808300
7996471
1932870
35690469
2562500
2227824
34820068
1542042
48302
309205
35700054
35260907
1898930
16386277
1175120
781716
35583392
35585372
31129663
11285291
27765304
16103279
31286683
2907506
34785878
35472453
35468941
35468709
1546069
35468549
35467875
30411022
34266902
35592987
1345783
27908659
32134734
35468631
35554571
2444046
35544738
34903695
34212482
32820417
16127809
29241068
30886534
1390419
11744331
1692052
31684917
32620327
34612997
35417643
34317415
163171
3172294
35345360
35126475
33599119
35346194
35127044
30694965
35294671
35298035
35052576
34774774
4776021
385838
32590744
587558
34186638
35003565
1688956
35087435
34926939
34351175
35029355
35018534
30956831
34555834
1835794
16569283
15520
1947530
29626209
34900878
34884552
34883309
34880996
33813856
34517980
31571358
431340
29143388
34833988
497208
34711755
33990311
802735
1008910
4987781
34450945
34731993
33288057
30283509
5377501
31786473
34690570
34678950
34687217
1388840
34674911
34611842
9526291
34633838
32662280
6580881
29255713
34097527
988994
715925
27899415
34500618
167587
31145374
533600
32609383
15790859
31623338
16022909
31353623
102527
30548747
3232907
32112270
30240854
4961101
16537102
34393332
16232743
34403689
1446504
15746830
12076861
154501
33834859
486368
348152
786720
34327713
34120121
31128614
34029757
32898389
1934362
30307841
32456817
34076964
27191155
33064540
222023
32543426
226288
31005008
34177533
34122815
446529
34131843
33428945
33847770
34194247
520156
34155513
33199410
29045368
33946798
1179102
27913124
627356
244897
29642097
413470
6641851
326361
34071340
1730685
34074862
32355871
32799164
30224103
33976025
33967812
32103382
32789690
1123205
434477
189548
33821916
1352629
6570181
525933
33720587
29610149
696242
7467471
1286083
10483
33225055
2045010
346589
30671410
33584770
16029199
31267989
32937126
446295
7574721
1696276
33552890
1392619
1794677
33025836
842198
2306172
1674441
2176952
350709
33502246
32630578
32299025
1838262
32620203
332348
32218970
485069
33453758
33442769
32300613
32115624
30395572
29221526
30135960
32318473
15623990
3223939
2028028
33235799
7211261
15599446
1363788
366144
1139162
32421707
1500956
2631976
2862990
1572768
1882624
2377874
33132171
1464344
16239709
5562721
32198187
33182107
33179703
3220572
33165267
32632448
267874
3397011
1625704
36983
1516296
33101991
27459133
179556
31485465
761552
3039559
6062641
33008433
2606486
32498441
31431900
16222078
1519144
31849548
8458681
125262
1812873
30810478
27330757
3705401
10686841
32783397
16809148
115914
781660
31280484
32716142
16060206
934390
2032612
2533298
2057282
31337200
8838011
30129212
431858
517987
31837529
1643497
12056021
32585908
29898663
790656
29529900
3022507
30554853
1534405
32256164
29266950
32501620
32496596
29229321
1164383
31792842
31314768
29831504
29124792
4419301
7362351
37712
884061
2000322
1673453
1475667
1620364
32381079
832
27682279
32362162
1198893
1038574
32046806
30265134
31941759
661509
2582702
2137272
656158
32217369
32300707
32265770
921524
31891560
2202414
14117881
1628157
236575
980582
316
32134947
29667761
1781157
398915
1338705
1466331
29390865
15504551
30382692
21673
31766053
32053114
31744281
1138347
139713
31940961
305870
15628287
311616
32017097
31964197
31986925
31317856
31931249
2768136
11798
935615
31432693
31777061
27553933
31754185
31776999
1877530
31787406
6071571
1130493
31769878
1946834
834573
91837
16172587
886146
20544043
3136674
531594
221477
447043
29785021
339151
29754764
1751813
1848686
9751911
31422604
4299991
2009854
31297502
1059351
271683
2796626
477713
27698428
181052
715435
1315212
30591210
29277797
1714428
286320
31297822
5001441
1057839
31256372
30292427
279201
31210955
31006176
30991181
2262102
30980430
31078284
31040802
31016858
29301625
30953591
16282519
29308204
1770407
15781645
1995338
569167
329008
1656182
29797548
29676584
16135511
30747386
30684638
3075940
606749
171129
15608768
29215095
139603
326419
10186131
16220441
30496939
9732461
381826
30241655
9766061
27383803
194278
1127811
30253633
558601
30408274
30398414
6894451
13479141
316154
10754731
1907628
453899
1223620
30284130
29551744
29249185
2568432
660465
29192371
223749
30183064
30147939
20193637
3200203
1532070
29174245
30080317
2698840
742776
30075512
2400736
7920981
84265
14883251
29099432
112167
215450
5311341
776919
14900001
44518
6644511
93171
63959
7961631
1420549
29005126
29556529
828956
521987
1231383
14113571
29622002
29619609
1472357
1254550
29590693
2547234
1477225
29276773
2407572
29562838
29552992
125928
3921321
29511904
235751
168310
29505914
1817377
1471339
1112602
16050617
16695088
29252258
29206275
1630311
29258709
2362378
1281463
740897
887471
29226508
29207790
1205213
2095300
1630185
3414521
1109386
27933441
436144
10023651
13694101
15816217
1153722
1405528
1511624
1945706
1593129
16049130
2205112
9142311
11600481
265038
476920
8684091
16102
3106212
1003811
27817522
27653803
27698008
2780014
134422
167845
152697
51268
15710707
12703961
6692861
475996
16577713
2197444
15862074
27368497
24203
119168
2512554
15538482
27399715
15839293
11280451
20240695
27295090
1962924
627916
16182179
1190030
192551
27305779
1138583
270968
2251142
1673420
27270925
2389044
27243637
1125257
357656
887650
16194517
5177151
20410939
1837822
1664524
27243328
1970428
3744321
15684
8424861
16136309
27099571
20305384
27152113
2550754
1800895
269311
11045651
4824211
27106657
1542307
1392636
20443303
15785160
27023314
13919671
27022906
1728991
16004034
1492493
307171
27053386
20350477
27044065
27022774
16123515
1436080
125946
12157861
16025504
20561278
2267498
16374328
2419306
20194216
15724996
20357767
20257435
416496
54691
297799
15810970
217174
4276431
367221
1314485
1340167
7725041
3184101
20348869
1226670
16216633
5200071
2203208
16132995
1995202
637571
167320
20249275
20230990
377817
20199487
9372831
890681
16034549
20172007
1542223
1264779
586867
2340948
2236628
7429071
383427
653085
16684357
3201315
12203421
626353
802310
2961984
16659604
16664506
10573251
956625
16128012
205757
349136
1403792
9361301
650910
6065611
16092108
3158603
16365844
15343601
10529761
3872901
16366936
16356244
3194513
60734
3179957
16302754
16072004
2532928
16167290
2185456
16252594
2045588
1867190
1392754
511452
538043
16096789
16211315
16063378
15997095
1882042
16092818
1766409
16176435
1092961
16186360
16185123
2802716
1611082
859433
3020726
380600
877322
314865
3229886
16153941
16127582
1982464
1381634
15797709
1381665
16138810
2588242
16133284
4448251
718434
16000197
16126903
1681612
1070064
128693
15964065
112356
1594204
9465971
16110707
16027344
753179
443520
15964757
344710
16048741
3005746
1845922
15704815
2197124
500400
9919951
1831022
2688786
1690494
3841961
724910
3070868
16049882
881751
15823006
2001404
14389871
15584316
15822716
16018763
12234721
79520
15194391
6259471
5439431
719993
16003305
605677
11069751
1057422
945577
14091521
1403881
15821425
1377312
9597571
1397367
593278
1709938
371403
15770397
15988650
351853
15560785
15796756
15984002
1934140
1375951
115946
15965278
2718210
2131844
15841397
15705311
582631
15822313
926088
15821509
1283637
15833941
1250801
15831316
6584321
9426421
9839421
9510431
15810628
5563641
1213006
15741603
1723944
15732831
2793436
115986
1762349
12819501
3143949
15765548
15769918
1088701
1023190
325974
15760025
15758275
15579452
871758
2458788
15747173
1634125
15743611
1431737
30913
1417997
9387281
15737376
7585961
6345441
15321131
336071
5021801
563330
15704564
2364354
401346
2456070
15148931
9889551
1482196
15686025
14208421
15663809
1842916
15681792
15680419
15654811
15675383
14784591
15638509
563723
1008362
1759009
3635431
5096161
1434919
430337
4519611
9323311
311741
48114
11440431
15620416
15617257
8298341
1845604
15602882
15602348
1016332
9151201
3093021
15484911
1136630
833364
1424171
14687821
15556890
435085
15569142
243262
15566592
15562901
15545433
1439315
9830311
15557774
3235762
13920491
240936
13865971
12749771
879861
15474371
15458061
15457071
14146111
741879
19408
42376
15323891
5201071
356080
2975018
3209618
95548
921342
2148818
569009
444044
1527515
718467
9184011
318470
1349101
13703151
14344861
2141462
13946071
1703260
1336604
14766871
1487927
1508454
149343
2643338
1584434
1632657
14611921
14343561
4479791
824338
14565881
168903
12297181
2133996
11005321
1167248
14385261
1042334
1692653
285680
1497161
1917640
3133700
7426381
6447931
1277643
916142
97669
96306
2844428
1688360
117762
1906256
314718
559204
231502
7049661
1594246
1459202
357916
855993
12226051
13705851
1571989
13651171
1538535
12825491
1034079
12792771
2538284
11725281
11731541
7043831
1142779
1420965
416827
12549021
786242
369328
496462
12469581
1661912
12462451
496583
1371610
7601371
1215089
12407741
12406991
11433851
102109
2439528
1017844
1456688
1139990
1669520
834292
12228621
6335121
737296
12137921
3165825
9756241
2992600
335440
3172424
937024
10303761
12062761
4880111
11607941
8587201
10464081
3054058
11947631
11547801
1256101
977729
11831761
6356651
30187
1276631
1407906
11541891
11505071
9544831
2005224
615698
11465701
1013806
1328793
675521
1865806
94855
2623338
1709146
566613
11035731
2082488
5856431
2015680
3708481
8299921
1904358
7133671
2333854
341826
287172
10370381
6377191
10319791
10269511
2051400
503069
2283696
2525740
10111761
390123
1447951
9879401
4692961
405660
9960461
502948
9942141
106610
945737
946476
134328
1289729
1237175
9598411
1569964
1866650
9475361
1536697
4039021
9318531
252676
808411
234952
2540664
9044761
8497311
1067318
7835511
8821851
978897
1568489
8694851
1799531
2275842
823873
3168731
8316261
7143541
964806
1189077
8283161
1476507
8027061
8140711
2469620
8092071
1131758
1382566
1752903
1110320
1479491
1501410
5292281
7960911
1459987
525548
7671121
1324482
3621631
7760001
7741731
5116471
3235084
1414219
7694291
7586791
7542721
7410461
1562952
4386451
154222
111177
7058721
5866861
1454612
6947361
4190211
34221
6878041
3108016
548884
404742
6120411
2617652
1298149
4012401
3159860
349648
1604168
6077561
6186691
2962020
6203431
3129334
3074327
5958911
1898456
4329291
5481561
5753421
278221
4328541
470279
4327671
2242532
5489291
287687
3099705
1176534
2946726
3544781
3510221
1620854
4360461
3353981
44804
4533221
879668
669604
386899
3824201
1594854
3023003
4324831
3121685
4301671
4269121
1506196
108096
1823425
716805
1225514
487223
2883016
2806560
3917161
267599
3234654
3583001
280582
3558051
3490951
2906104
3217799
3431921
3420161
3215176
3051756
1872634
827496
998383
1818493
3191865
222733
3187936
1869134
3163583
486196
515883
2296416
857876
3018133
3150399
547714
1161085
869354
2876388
2753752
2658048
3129214
234023
3118777
1576751
3103186
1680956
3099643
3101894
1249356
1749281
2604636
2400158
2625470
2923204
528959
3086682
2838870
2186828
3008892
3058442
492745
954628
3015898
363773
3027664
3024850
669223
2716510
2944424
857109
377747
392738
2354946
1284736
2963014
1948968
2961774
922332
1639228
2945590
2939456
416974
547544
788263
517779
2891552
499951
1117256
1729946
2862908
2231752
303456
2690582
2760318
2755354
2743190
2738568
2729310
39283
63314
2694828
1460740
1893828
660564
2640042
2647078
2643984
1213615
2524974
1640190
2605240
1749855
1189545
2604300
2379984
521743
2580308
1862442
2567266
2558036
2552402
2548798
334993
2205388
268160
2523832
2523450
1368467
1672505
2510636
360003
1350992
2506548
2185938
364821
938711
2460654
187363
1672989
590289
1065801
1565497
1569813
897165
179499
2432534
2349336
900414
361418
2386372
1865440
2359210
1115966
2199012
570985
1342599
130898
932459
930717
2329310
2328336
1796705
1850110
2303492
2289262
1267843
1272594
139494
350979
127058
2235142
353810
933742
2221326
1977830
345259
1159391
308006
894630
176402
2199350
527964
2195686
39791
1935118
2192094
2190302
2190070
1519207
1148066
2187360
1258030
2184822
549195
1608618
382210
587861
2177354
65003
1804797
2166674
1389204
752559
2168366
497939
222754
1902996
2069876
1444827
2164238
2163858
1324288
2162960
1643612
251442
528678
1538659
301373
642296
1031448
387039
935008
591264
888613
429631
342579
407847
547994
686888
1586939
109049
369962
1136620
1505047
2021758
1981456
1961610
1933750
1916554
