4
2686
5064
13535
15520
16876
19408
22287
22714
24031
26730
26814
30187
34221
38963
43171
43642
44282
44804
50071
54844
56769
56933
59306
62457
64285
71530
77736
79923
88965
91837
94962
96306
97669
103242
112167
113025
115345
115986
116060
117762
118302
118414
121141
125262
125946
130743
130898
131705
132958
139524
145969
151220
151964
154501
156133
157036
158654
158684
159981
163171
167650
170269
175420
180373
189613
192551
194278
194293
196324
198023
199178
205757
208597
210441
215450
220111
221676
222392
223749
227018
232137
233204
234273
234736
234985
239133
239179
239442
240936
243215
246493
247508
250247
251442
253016
256478
265567
266766
267599
269311
270866
271079
277266
278137
289260
298746
305373
305870
306795
311616
311741
314787
315113
316276
317705
321609
321677
324615
326361
327798
328304
329801
331765
332282
333528
333543
334993
335440
342318
342579
348051
348152
357656
359544
363327
363662
363773
365123
367198
369106
373782
379579
380600
401346
403249
405111
405660
407847
411292
413470
416827
417654
421445
423237
426286
434477
439164
441014
441557
444044
453899
455627
460533
465701
467230
468639
472220
475762
477639
477713
480855
482170
485069
492745
496462
500535
501646
503986
504971
517987
520156
521743
527159
528079
547714
547994
552174
555925
561946
563150
564683
566613
567707
569167
570985
579718
582103
587861
589080
591264
596167
597834
610800
612500
615698
617176
619657
622607
628661
629197
639873
640902
643636
653982
659668
661509
669115
669786
671843
672158
675521
683216
684803
687442
692793
695601
696651
700758
702148
703206
710405
715435
716217
716627
716805
724910
728775
731466
737449
743589
752559
761774
769133
777737
784320
785722
786242
803121
805309
808411
810941
814771
817085
827876
828271
838640
855572
858598
861143
863918
865918
876911
877236
883730
886146
896485
897165
901829
902301
905586
918450
935100
935968
941830
953327
956625
957344
959443
964806
998383
1010747
1013806
1019786
1023190
1026105
1037312
1047633
1048504
1054567
1055958
1066174
1066239
1067318
1083669
1083680
1086425
1088634
1088701
1092287
1096902
1104924
1107647
1110320
1115808
1115966
1116194
1118663
1121613
1125483
1130493
1136435
1136620
1138347
1139162
1142779
1144857
1152603
1153722
1155662
1159391
1161085
1161658
1179102
1180124
1184182
1184946
1189545
1190092
1198825
1198893
1203601
1205213
1210916
1222244
1237175
1241971
1256203
1256225
1258414
1264924
1272206
1272594
1276783
1277444
1296933
1303771
1306224
1324482
1332487
1336642
1338705
1343767
1345783
1350747
1352629
1364515
1367962
1384829
1388840
1390419
1392619
1400410
1403881
1420445
1420965
1428389
1430644
1430907
1433323
1446315
1448567
1454612
1455170
1459987
1460434
1466090
1466617
1471339
1477281
1478231
1479491
1488573
1489525
1499082
1519144
1522090
1536697
1558560
1559236
1559737
1568489
1570247
1578535
1583835
1597292
1603968
1607768
1611294
1613541
1614255
1618132
1630912
1634894
1646573
1646907
1647361
1661388
1661822
1665694
1668748
1674441
1674617
1675608
1684020
1689143
1692052
1692350
1696928
1700826
1703260
1714428
1715194
1724022
1724880
1734879
1772565
1796957
1797125
1807759
1820359
1827752
1831224
1839962
1845604
1849008
1860370
1862694
1867190
1876756
1890404
1893828
1898898
1898930
1902996
1908280
1916554
1933750
1934330
1935512
1939252
1946834
1961610
1964270
1970428
1981456
1984560
1990638
1995338
1998054
2004094
2005224
2007604
2015680
2017772
2021758
2027154
2054814
2060906
2061274
2101856
2109256
2127194
2141462
2144952
2164238
2168366
2170246
2174222
2194600
2195686
2197870
2201988
2203208
2205112
2221326
2222796
2235142
2250206
2265710
2280594
2289262
2290668
2303492
2309022
2319106
2328336
2329310
2333854
2354946
2359988
2377080
2377606
2386372
2418634
2439528
2441738
2445172
2484982
2488326
2506548
2510636
2510794
2511580
2523832
2548798
2551158
2552402
2558036
2562500
2566586
2567266
2573524
2580212
2604300
2605240
2626576
2635494
2643338
2643984
2665336
2678092
2687402
2694828
2703946
2709650
2729310
2733586
2735026
2738568
2743190
2755354
2818026
2828396
2835950
2844428
2845644
2862908
2885338
2891552
2893580
2904740
2906104
2920504
2945590
2961774
2963014
3002476
3024850
3039559
3042107
3043289
3064441
3066749
3081316
3086682
3103186
3118777
3131512
3132759
3133700
3143278
3149519
3158567
3169666
3176352
3213110
3226204
3490951
3549251
3621631
3635431
3838971
3917161
4145211
4151861
4269121
4301671
4324831
4339531
4496231
4519611
4533221
4543551
4668341
4685301
4776021
4987781
5096421
5137491
5543421
5657551
5753421
5783301
5897711
5944871
5958911
6062641
6108221
6192851
6203431
6226891
6356651
6447571
6641851
6697731
6760331
6831041
6940511
6947361
6999871
7049661
7090751
7148221
7211261
7213221
7217431
7275631
7467471
7481821
7542721
7586791
7741731
7760001
7960911
7996471
8092071
8155771
8224311
8283161
8334881
8694851
8799281
8924841
9142311
9560391
9598411
9627621
9737091
9751911
9779101
9879401
9960461
10023651
10111761
10269511
10271341
10370381
10430511
10686841
10695371
11005321
11022851
11433851
11465701
11541891
11555521
11565681
11566091
11928401
12076861
12146511
12228621
12386911
12406991
12462451
12469581
12825491
13573271
13705851
13797691
13928581
14079091
14113571
14455761
14558171
14687821
15157761
15286871
15504551
15537929
15543067
15554684
15594134
15608656
15617166
15627800
15701270
15705114
15707350
15709170
15712950
15744456
15746167
15746830
15763663
15781645
15796377
15797335
15799677
15819612
15842824
15976394
15979195
16000022
16018359
16025742
16031034
16038229
16038678
16062838
16073689
16074161
16075300
16096603
16099635
16100704
16110777
16147376
16161473
16176111
16184306
16186996
16197891
16209915
16215419
16218864
16225109
16267735
16282666
16386277
16538227
16561300
16633996
16658761
16798213
16807423
20264560
20307127
20374582
20420062
20434852
20471314
20492983
20519248
20542426
27022864
27064825
27100195
27102529
27115486
27229048
27268000
27365656
27371191
27400672
27511633
27566902
27572905
27577693
27613735
27682279
27703036
27720889
27901011
27902505
27913124
27915393
27934627
27936716
27952954
27967709
29023782
29083112
29083925
29122002
29129333
29138362
29148913
29149513
29172065
29198613
29207790
29226508
29226823
29258709
29505914
29511904
29519396
29538137
29539863
29547184
29552992
29556529
29567685
29570980
29590693
29610623
29619609
29622002
29631282
29634651
29642097
29785605
29819655
29888875
29898663
29939861
29976350
30003357
30075512
30147939
30183064
30283509
30384413
30398414
30445940
30467781
30474632
30481050
30491870
30496939
30504283
30600093
30656028
30681639
30791057
30800689
30807740
30839707
30886534
30894974
30900973
30953591
30995004
31016858
31027933
31040802
31047363
31078284
31127683
31151690
31173991
31210955
31256372
31297822
31348784
31378986
31379138
31379456
31386498
31405041
31406717
31408440
31424782
31440665
31507103
31536868
31571317
31587658
31593487
31609351
31646764
31669224
31684917
31718088
31722460
31724207
31764072
31787406
31850978
31915689
31921759
31931249
31964197
31972991
31985101
31986925
32016906
32053114
32056192
32134947
32147873
32258561
32265770
32300214
32324684
32342866
32362162
32381079
32410194
32433036
32478036
32496596
32501620
32517337
32542510
32572214
32574240
32583459
32585908
32717638
32726194
32732911
32743772
32749294
32781712
32783397
32824508
32853698
32864567
33002838
33008433
33114225
33115604
33165267
33179703
33182107
33199454
33235799
33257464
33288057
33442769
33451568
33469648
33471284
33502246
33589060
33607366
33669801
33744160
33821916
33829775
33857601
33878080
33899343
33911465
33967812
33976025
34059219
34074862
34140458
34161706
34186848
34196441
34306443
34382665
34452052
34523015
34556783
34561369
34596301
34623252
34633838
34635614
34687217
34690570
34724913
34731993
34735139
34791594
34820068
34833988
34848981
34880996
34883309
34884552
34900878
34920447
35018534
35046271
35087435
35195666
35246947
35298035
35318509
35346194
35417643
35421332
35451202
35491241
35544738
35562193
35592987
35673488
35688359
35822314
35834153
35914691
36001577
36028406
36056511
36077410
36093768
36105097
36244971
36250712
36250754
36300564
36385526
36482645
37076955
37128819
37306055
37340524
37653846
38014397
38181749
38181804
38195859
38498842
38577132
38852819
39039250
39704554
39894622
