4
18
20
62
193
10520
11798
14514
15450
16892
18128
36050
37712
42819
51268
54691
58687
63959
63980
66366
79361
88206
89346
93248
101634
115753
115914
117762
124891
125409
128693
135543
136170
151418
154314
157250
166653
180604
181052
182439
183485
187552
193832
194365
202029
206534
209357
219610
223303
231281
236838
251442
254552
255150
260223
278840
288258
298776
302404
302875
304528
310033
311546
313301
315219
336159
349145
349648
353810
355685
355698
361339
380067
380154
381826
382119
390411
395105
396264
401743
406857
411137
427958
429743
436144
437628
446295
448749
449062
451855
455608
458271
475864
482289
486196
497208
502744
503215
507057
530566
532859
538043
559670
566613
567193
592937
596167
597807
600355
600723
659933
671187
676192
696220
698395
700501
700950
716927
722231
742009
743143
761552
765630
776919
779208
790656
806722
815693
819730
829489
829690
842782
852015
852836
852997
864161
873495
875782
887471
895724
913581
914385
928525
929531
935189
936369
941387
950759
992829
1006917
1014179
1024170
1039649
1048226
1053903
1054168
1055997
1064868
1073431
1085669
1088701
1100383
1129071
1134513
1137769
1141548
1146213
1148137
1167248
1170258
1172019
1179102
1180076
1223928
1232978
1234354
1251075
1258884
1265975
1277099
1281247
1323426
1324521
1330924
1333207
1353010
1365968
1373342
1380171
1382286
1388397
1397327
1397526
1398925
1399098
1403881
1420627
1433568
1436860
1438502
1450964
1455538
1465282
1483625
1492780
1508454
1520931
1578192
1593617
1598615
1624178
1628437
1638013
1639228
1656484
1657453
1661399
1662881
1679424
1684998
1692513
1696371
1704500
1712599
1725325
1737273
1741713
1768105
1781105
1784441
1795727
1802439
1817377
1820663
1855976
1857358
1871494
1873720
1877530
1878180
1886596
1891434
1895100
1898766
1903260
1906826
1932542
1934362
1999514
2009368
2039880
2050286
2062100
2064342
2067492
2082488
2095300
2117428
2121344
2160914
2182240
2182600
2203362
2215264
2220672
2236720
2267930
2293014
2299196
2313196
2347786
2350512
2381976
2386474
2389568
2395890
2407802
2424064
2433726
2444046
2463294
2525298
2545138
2553122
2571472
2622524
2625080
2626912
2631490
2649988
2661092
2716046
2728334
2811256
2830612
2832086
2844362
2865806
2866062
2880174
2893836
2954730
2987484
2995484
3023486
3025749
3041858
3057703
3073518
3090926
3105081
3118113
3123708
3129144
3136674
3144433
3172424
3185736
3223958
3309341
3384141
3505851
3543401
3569571
3765621
3899521
3989901
4572891
5083251
5119571
5221681
5329101
5438181
5643951
5915311
6049611
6059621
6062641
6134101
6141341
6422281
6506101
6646371
6795481
6796441
6880751
6934911
7066051
7478351
7531061
7551551
7560841
7694071
7708711
8002661
8329381
8418041
8458681
8580101
8710411
8727591
8916771
8963781
9304491
9848761
9982331
10285171
10406001
10529761
10852711
10860451
10969621
11229861
11272311
11429171
11613981
11699631
11703781
11839921
11927221
12056021
12100691
12128141
12180721
12532341
12827871
13797691
13839351
13994291
13996741
14036451
14055611
14228801
14266341
14330271
14370031
14788301
15038721
15231521
15386791
15449131
15559884
15566204
15596225
15625296
15655151
15669844
15684306
15700661
15723300
15743805
15750539
15752183
15763159
15775279
15782497
15811258
15812146
15816217
15817446
15828710
15838692
15979933
16021788
16022909
16023074
16027344
16029199
16039001
16042442
16050617
16060412
16063351
16063378
16066789
16074161
16078686
16079220
16091016
16091343
16099995
16109171
16113739
16158111
16167290
16231486
16284442
16284526
16308067
16314037
16376452
16414270
16468306
16537102
16592425
16606792
16630303
16666969
16695088
16749982
16758676
16764574
16768387
16773343
16802494
16809148
18222850
20166496
20172814
20304235
20328433
20375257
20387101
20390314
20390872
20399845
20402272
20435230
20492716
20539855
21392684
22410569
23393056
24137721
24226109
24655228
25255233
27023707
27075628
27080734
27115000
27128602
27174541
27191155
27254686
27301117
27373033
27456658
27457447
27468511
27516739
27565510
27573061
27592405
27689203
27695374
27733192
27741265
27761341
27871006
27904099
27918126
27939488
27949093
27950249
27965177
27968633
27969332
29014015
29017976
29018581
29041644
29041924
29050112
29051986
29055640
29064728
29068476
29068699
29084602
29085620
29086918
29091549
29099432
29099868
29104045
29104239
29124792
29126540
29128321
29138271
29143275
29164919
29169169
29179196
29179492
29184142
29187265
29194068
29198517
29198573
29206275
29223211
29234944
29236977
29246629
29255347
29266950
29293021
29295891
29297539
29300125
29304441
29310453
29318698
29325057
29504083
29505640
29520890
29521411
29521709
29524218
29545585
29554370
29559664
29561052
29568421
29577562
29578144
29579748
29580732
29581080
29603143
29610149
29616322
29628743
29635202
29636627
29640031
29652040
29663232
29667232
29676584
29786748
29786941
29798487
29811414
29827915
29831504
29970151
30035407
30064510
30116916
30138818
30241631
30242089
30245205
30248491
30248927
30253633
30305457
30307841
30369218
30407419
30411022
30494010
30495123
30599988
30696473
30704756
30816628
30881344
30884061
30902157
30936384
30986404
31006231
31065007
31081682
31128614
31261841
31303592
31315106
31365702
31378495
31453127
31460780
31487429
31518494
31525614
31649667
31654607
31683959
31686476
31759975
31759976
31760622
31760940
31762675
31785201
31789456
31844414
31845460
31849548
31870410
31870553
31876585
31880815
31889101
31891560
31930598
31951662
31964523
31976226
31999191
32001284
32015805
32029613
32031740
32041944
32044253
32065012
32065265
32065512
32130725
32203261
32217369
32243948
32244035
32246575
32288681
32295746
32300584
32300613
32302017
32308153
32309349
32309373
32309497
32309583
32310079
32310145
32310216
32310283
32310354
32310431
32310481
32327291
32351827
32352848
32353250
32362673
32388924
32390084
32404648
32404749
32405171
32405528
32444074
32444603
32469495
32469717
32469967
32473050
32496714
32496777
32544216
32555971
32556011
32585097
32600242
32614942
32662280
32665248
32764561
32775926
32819697
32867594
32874249
32892341
32935138
32935830
32960960
32961177
32976222
33025836
33046106
33072830
33119102
33147620
33158741
33169219
33194995
33199164
33259051
33302693
33325882
33342123
33351668
33446198
33461345
33482617
33495562
33596879
33681410
33686131
33710647
33720587
33726771
33750074
33757606
33778662
33832825
33833042
33841304
33841541
33841721
33848398
33849889
33881532
33946798
33946870
33946922
33946983
33947027
33947053
33947103
34015956
34019953
34037728
34043176
34067941
34085496
34085643
34085752
34090270
34098622
34110308
34112502
34112647
34115885
34116004
34116117
34116180
34116230
34116452
34116492
34116541
34121565
34121591
34121622
34121658
34121680
34121719
34121774
34121799
34121929
34121970
34122442
34122858
34144549
34180348
34212482
34226890
34240403
34244057
34244887
34252763
34292832
34315187
34315915
34354561
34395806
34403257
34403368
34403551
34403689
34403917
34404138
34426428
34427483
34427658
34427729
34427791
34428916
34429050
34429175
34449290
34449342
34449415
34449458
34449534
34449574
34449618
34449661
34450224
34450281
34450382
34450419
34450461
34450507
34450786
34450889
34457060
34460855
34498209
34622597
34633210
34649933
34704798
34705505
34708704
34757098
34768668
34778155
34798706
34804432
34811211
34841031
34910503
34954523
34988835
34993888
35004037
35004416
35015432
35038673
35095077
35119512
35119681
35125665
35125794
35155714
35241096
35322329
35332515
35338521
35344373
35344935
35345141
35345942
35346051
35346444
35346578
35346826
35347240
35347401
35347602
35347656
35347897
35360234
35362254
35363417
35364645
35364869
35365833
35383377
35404855
35419556
35448006
35467713
35472970
35497249
35542288
35584341
35621839
35708425
35727758
35773220
35773963
35808325
35810416
35810490
35810579
35814616
35814839
35894553
35919467
35919882
35980682
35983367
36012652
36018657
36018978
36026995
36045525
36045639
36075713
36132341
36137424
36142566
36159055
36203865
36215514
36233832
36244142
36266626
36267085
36292045
36305051
36335589
36342850
36368416
36374490
36449254
36573271
36635794
36656233
36660866
36666664
36682596
36693868
36722553
36753181
36773427
36832113
36834514
36859743
36864420
36879805
37003893
37008112
37026430
37039994
37045005
37076955
37096030
37100049
37123750
37178045
37180408
37198383
37222860
37234673
37238057
37254757
37255463
37270043
37270130
37273858
37274085
37274170
37282818
37291024
37297219
37297434
37298259
37333123
37333304
37361314
37377474
37418301
37501878
37522074
37545051
37686888
37701161
37722487
37722725
37723529
37725674
37757154
37804293
37804630
37828699
37855813
37871689
37883001
37946689
37950741
37987137
37988042
38012361
38368196
38391762
38468690
38606502
38663403
38886256
38886464
38886514
38972138
39480855
39683755
39702345
39702742
39703712
39747463
39826155
39950919
40273966
40274359
40328496
40582972
40593918
40596747
40628427
40630452
40735688
40801268
40908765
40972605
41170699
41247190
41250206
41278521
41280317
41287051
41305994
41329665
41350388
41398626
41399161
41452758
41524728
41552743
41552820
41593559
41622781
41657338
41683713
41689901
41714204
41783347
41856164
42101987
42125646
42213000
42266974
42267379
42279793
42311020
42536044
42549059
42556317
42595421
42598397
42598840
42682312
42925195
43016837
43017526
43208417
43601805
43908270
43924687
44171961
44207480
44283738
44442114
44459233
45107432
45107850
45165218
45233763
45246839
45263754
