7382
8877
17746
33686
36050
42629
54541
90839
98200
124786
125179
130444
161629
163443
171338
179024
187379
218736
237436
257415
277149
291068
296761
301225
309680
310183
311012
320867
321002
321164
349145
350859
355418
381075
381758
390800
411071
419813
424930
427397
428390
436675
475762
489051
495103
508938
516314
521983
559985
592506
596167
644703
657781
710128
718448
721707
725507
730437
750895
757420
766958
805026
824711
878179
938477
984835
990930
994315
996785
997522
999057
1019627
1098676
1106074
1118926
1125873
1141626
1157630
1232588
1281898
1285585
1295513
1296447
1346099
1372155
1453962
1477035
1504760
1520897
1613854
1663973
1708090
1720491
1737201
1739751
1795959
1802967
1818013
1873322
1877530
1975064
2094166
2391664
2524652
2538938
2545060
2553122
2630504
2798922
2811256
2831258
2866490
2918234
2944724
2951902
3025747
3039342
3100753
3121300
4140061
5048441
5074891
5747661
5815311
6328581
6535071
6561541
7086231
7627231
7733001
7876371
8212171
8694551
10171741
10288771
10405811
10690281
11329861
11342091
11997071
13774361
14721391
15295441
15557473
15593465
15652610
15780966
15981941
16002588
16121376
16146077
16147739
16156561
16159937
16163291
16169343
16409998
16524181
16720693
16767322
20212177
20314600
20328532
20414836
20493610
27050650
27084082
27476074
27821704
27883277
27884465
29093406
29111085
29153283
29501123
29589362
29753096
29810412
30007773
30364413
30551173
30664787
30959857
31030722
31367431
31448506
31651113
31819967
31925134
31948106
31960182
32061107
32165608
32299566
32376022
32394664
32512868
32556320
32712374
32861649
33049419
33618340
33710647
33848599
34002836
34110308
34246003
34387551
34470821
34562915
34612997
34705505
34936371
34972061
35053715
35234777
35447571
35561856
35566901
35652721
35783624
36074507
36100765
36109407
36242782
36253880
36295363
36494446
36828046
36879805
37094341
37096030
37103992
37191067
37216330
37301952
37332011
37341852
37378474
37483571
37545051
37656844
37802124
37835991
37855813
37881385
38350148
38494340
38870132
39327860
39427169
39498303
39683755
39925985
39964659
40199202
40328496
40648907
40784818
40865490
40894369
41097502
41135663
41199637
41244570
41279983
41287051
41324465
41349954
41398626
41399161
41435752
41477852
41547182
41763343
41855403
41860452
41907077
41995339
42043717
42145099
42170792
42251798
42286799
42413569
42592435
42698758
42726156
42744699
42808286
43477110
43803536
44019246
