1700
1932
2528
6622
7573
8778
8877
9134
10500
11374
11798
12912
14514
19236
21025
21928
26105
28091
28137
36027
36050
56883
60175
60491
73744
77019
81224
90193
90796
96848
109049
123022
124519
124891
132354
132439
133819
134959
135866
137670
137883
139733
165193
165631
167705
169492
182828
185739
187552
188237
190502
193832
196989
200880
203284
204846
205216
206534
219504
228351
228878
231027
232586
234903
235090
241777
252305
253770
261437
269343
277149
280623
282404
289548
292868
297802
301162
307850
311121
313488
315662
317464
317551
318023
320867
321180
323485
326443
331130
332809
334336
335610
336159
338363
339390
343953
346558
347700
347800
356041
360298
365145
365418
367071
368210
368373
371854
372589
372916
374221
377951
377962
379318
379489
380409
382184
383587
387117
390458
398670
401743
415490
417887
418020
431461
434713
437628
439602
444827
453460
460690
471404
472760
475697
476266
482039
485079
485335
498576
504995
509462
511001
512848
514070
515242
516314
522830
525265
527064
529854
531655
532077
534234
536170
536301
541632
550891
553269
553918
559985
565748
566569
576333
578339
579270
586144
594690
595215
595733
596167
596275
597881
605288
607423
612944
614692
620403
626686
633488
641875
643062
647745
649469
650034
654259
667758
672965
691098
695631
696227
697526
698395
699822
716821
719129
721894
726323
728782
734954
739733
753758
756809
759323
771064
790656
792192
796524
802555
818928
821787
825648
833768
836094
837831
841065
842663
854738
856888
869561
871238
878290
885936
891189
910871
915590
915882
917547
925719
929531
935525
938831
939035
952584
954274
954506
954639
971174
991707
997522
998536
1007558
1015017
1022861
1022885
1029345
1029377
1029634
1044241
1080527
1084014
1090050
1110713
1112449
1117956
1125602
1141450
1146169
1158320
1160576
1171424
1175459
1181507
1187771
1200718
1206797
1207780
1236224
1251198
1255710
1256375
1277025
1281900
1286235
1295513
1310439
1311864
1313728
1332879
1335045
1350798
1368322
1370100
1373364
1378137
1388940
1392661
1396482
1410913
1435856
1444739
1460367
1461712
1473720
1477035
1477548
1564659
1582216
1601956
1602757
1621483
1628888
1634403
1636224
1653140
1657865
1685122
1688338
1701337
1711172
1718664
1744077
1787583
1796693
1820663
1858018
1858622
1873720
1875462
1877530
1895100
1910376
1910430
1940668
1963330
1975098
1983202
1992098
1993354
2017220
2021908
2041682
2045684
2046396
2050286
2066900
2098570
2173224
2178078
2184752
2188316
2215016
2248910
2266364
2268970
2269306
2277058
2288902
2302052
2317946
2321536
2324224
2329804
2339528
2365508
2380036
2394508
2408716
2439234
2482814
2493646
2514722
2546928
2571730
2583262
2593238
2604976
2609064
2630504
2636076
2665578
2685274
2721352
2722854
2723410
2728334
2729676
2736312
2756024
2785044
2787950
2815434
2816076
2816342
2825260
2831258
2840548
2852112
2892170
2944724
2955724
2969690
2970288
2979580
2995484
3025051
3039096
3055894
3056590
3064390
3077324
3080565
3088005
3102373
3109509
3124052
3134148
3140811
3147489
3148645
3157764
3163170
3178256
3178623
3205743
3220474
3224839
3226353
3234155
3747761
3893281
3899521
3970211
4045281
4098391
4255031
4277951
4341061
4371211
4374741
4397561
4413461
4514141
4557621
4594631
4893881
5048441
5204121
5350261
5658921
5815311
5825011
5915081
6172191
6326851
6490561
6526831
6532491
6604351
6667091
6796441
6898461
6977291
7321611
7451961
7708711
7725081
7916571
7975491
8020801
8215921
8431361
8436591
8549261
8620191
8988411
9035721
9229631
9287161
9589311
9890651
10188121
10223761
10441301
10513821
10839341
10887981
11091761
11352501
11388691
11668981
11676031
11758911
11967091
12128141
12180721
12264431
13701591
13797691
13999431
14046131
14091511
14195101
14317671
14505171
14706301
14730671
14980411
15231521
15420311
15583108
15587234
15596225
15605616
15607965
15623990
15640419
15652765
15660305
15671315
15706969
15710218
15754928
15797480
15991012
15998500
16027022
16050617
16074236
16089037
16099995
16113739
16117522
16126486
16137364
16140187
16145780
16158500
16163291
16174613
16180541
16303921
16430776
16432171
16450819
16464154
16481863
16609861
16652077
16658386
16662985
16692985
16700869
16706791
16791490
17596474
20172814
20201428
20213083
20274991
20314600
20328433
20329657
20390872
20397073
20430193
20430586
20484526
20505799
20521441
20577727
21303547
21662272
23418499
24522829
24577572
27057838
27100120
27101941
27175597
27212407
27262423
27332488
27375106
27433246
27443017
27453715
27532732
27590932
27650509
27657139
27717859
27735502
27799810
27829990
27871006
27871139
27874603
27884465
27887242
27902716
27904008
27913213
27967876
29004482
29017155
29019936
29027196
29037129
29041704
29057469
29065923
29067933
29086918
29099432
29117172
29131195
29145300
29153283
29156238
29221249
29226796
29250137
29266515
29266950
29330355
29504548
29505266
29513623
29523622
29534878
29578654
29584654
29614452
29638879
29753096
29777439
29879177
29931219
29945214
29953275
29993684
30007773
30008136
30011798
30026118
30136276
30152636
30229260
30291452
30348316
30369218
30392823
30411891
30473936
30495088
30551173
30569308
30643341
30679587
30684635
30696473
30712976
30719472
30735707
30750746
30762269
30767445
30809826
30828121
30875434
30905246
30998299
31030722
31082396
31140147
31154880
31172140
31172637
31225367
31248312
31293767
31313419
31319252
31341742
31343722
31367431
31393542
31408319
31414162
31421106
31499398
31520449
31562293
31562403
31630974
31641561
31654337
31654607
31718214
31739467
31766278
31781162
31785692
31797942
31823428
31833200
31887466
31916219
31926526
31936151
31974640
32058019
32113279
32134947
32158641
32203261
32244163
32288681
32299566
32300368
32325098
32333011
32345799
32363494
32390084
32394664
32398931
32406594
32409459
32444603
32499357
32501559
32512868
32556320
32571528
32580444
32650225
32665252
32685060
32698748
32703125
32712686
32725378
32747470
32764561
32775926
32824339
32854013
32976222
33008335
33012343
33013545
33015800
33046106
33052341
33056938
33073226
33132170
33152906
33232042
33247572
33270240
33292729
33298365
33322508
33334193
33341006
33363448
33432979
33455400
33471284
33495562
33503433
33533814
33565098
33580073
33596879
33618340
33650487
33654851
33667720
33683769
33719411
33754669
33772659
33778662
33801000
33823643
33832327
33834879
33842909
33849889
33851145
33860746
33945504
33973462
34007912
34015787
34021836
34039531
34085676
34093276
34094382
34110308
34111873
34116230
34145834
34164316
34176815
34186504
34191713
34202335
34223277
34231815
34243702
34252763
34256169
34261276
34268940
34271915
34277316
34288861
34297224
34305057
34313704
34339441
34343391
34351925
34352584
34367464
34385049
34387564
34405925
34405982
34416711
34448310
34460855
34466116
34466402
34470821
34497494
34550233
34562368
34562915
34588896
34596237
34612882
34612997
34664661
34684983
34714895
34724356
34741193
34741569
34844519
34853053
34854916
34856290
34884676
34886224
34886385
34908115
34936371
34989719
35008493
35026748
35037740
35130474
35134764
35162659
35182649
35185915
35191439
35192754
35243680
35282406
35289124
35306950
35309271
35310395
35322329
35356466
35370094
35390848
35392879
35425599
35462290
35467294
35497249
35531087
35541671
35545484
35580368
35586303
35586471
35588222
35600879
35608300
35633363
35638247
35640554
35652721
35654053
35662793
35663581
35668100
35687547
35702488
35704433
35716699
35727758
35728465
35740928
35764793
35773220
35787021
35789947
35830569
35848990
35854170
35863425
35866484
35888984
35956245
35958900
35959134
35971388
35976020
35992428
36002013
36058595
36064481
36080478
36087710
36121049
36131473
36140039
36142566
36145887
36149962
36157931
36161663
36177229
36180558
36203865
36233947
36242782
36253880
36266626
36274227
36295363
36304422
36313076
36315183
36317553
36347683
36351009
36353300
36386163
36400299
36402740
36409309
36409577
36419886
36431980
36449254
36460619
36461210
36470642
36488471
36495495
36569749
36583105
36614161
36620751
36660866
36694118
36703081
36707096
36715958
36719288
36722553
36725974
36743948
36747329
36748465
36753181
36766421
36808298
36809558
36824816
36828046
36834514
36863105
36865090
36879805
36900036
36955258
36991232
36993647
37040016
37045120
37054012
37058800
37061663
37076955
37094341
37096030
37098117
37112422
37114522
37116358
37121970
37124606
37138991
37146733
37162530
37165220
37177071
37183393
37191019
37198383
37199454
37212295
37216298
37220460
37230934
37234673
37235728
37241337
37282818
37313925
37316325
37321660
37333259
37341852
37355927
37373287
37391952
37422961
37430215
37444540
37474465
37506351
37532496
37538755
37545051
37546190
37551670
37555318
37575793
37590878
37592484
37601369
37609260
37609810
37619643
37620851
37623667
37626759
37634426
37641000
37665863
37672932
37680663
37721141
37784389
37788916
37802587
37841360
37842977
37848382
37850681
37855813
37871689
37871976
37880566
37885282
37894220
37921378
37926140
37928042
37946689
37968603
37978482
37987137
38001692
38012361
38024362
38030201
38034973
38047477
38053711
38061475
38065482
38065711
38067335
38082748
38082961
38084004
38095687
38099266
38107804
38127331
38131601
38139812
38141504
38141683
38145355
38156051
38156376
38167123
38181033
38181860
38182077
38186706
38206511
38206730
38215952
38252875
38254966
38255710
38273490
38277422
38323372
38328307
38350148
38393364
38400363
38425091
38426012
38458859
38470059
38494340
38502299
38504120
38531018
38535689
38536922
38537788
38539709
38562973
38563171
38564916
38572780
38579246
38594007
38606502
38630457
38646598
38800942
38870132
38888464
38921514
38957184
39124560
39139537
39140353
39155143
39161363
39243483
39406531
39413881
39422249
39436807
39480855
39498303
39517521
39581561
39589015
39604976
39605930
39608793
39617976
39645605
39683755
39688519
39716505
39716554
39720882
39738153
39747150
39747463
39775220
39785253
39787374
39819328
39819554
39819713
39820244
39821087
39821228
39821476
39822000
39824396
39824650
39827109
39859222
39877173
39880797
39895988
39925985
39926480
39926847
39926997
39927137
39927406
39927656
39969276
40089827
40101476
40103985
40157713
40168236
40195411
40197645
40231902
40258042
40284261
40304814
40328496
40361871
40369823
40374533
40376269
40397977
40398270
40421756
40448737
40450491
40463643
40514753
40528278
40536651
40538385
40582972
40588940
40593918
40595497
40595808
40597911
40613368
40629054
40630452
40678592
40701193
40708147
40735688
40767870
40769783
40772045
40774012
40797505
40801268
40806998
40818502
40818891
40851512
40865490
40903138
40906795
40908765
40978007
40982320
40990078
40990236
41020646
41040824
41041267
41041317
41047359
41060137
41073123
41096713
41103846
41145511
41170699
41192411
41193047
41197966
41199637
41207821
41245856
41247190
41250206
41268741
41278044
41278521
41278978
41280317
41281733
41282414
41285142
41286185
41289152
41290692
41291798
41292521
41293452
41304365
41324465
41326446
41326448
41327917
41329606
41349230
41355655
41356307
41359295
41398214
41398626
41420682
41452758
41474274
41514975
41547182
41552820
41558803
41568424
41572066
41577369
41582800
41583566
41587978
41589302
41591751
41593019
41600886
41601391
41601902
41602418
41606142
41613889
41618615
41622781
41641375
41645642
41648804
41655329
41656148
41657338
41683713
41688552
41689901
41691630
41714204
41752041
41763343
41783347
41791843
41803207
41818793
41852820
41871077
41879250
41899444
41899593
41905998
41909575
41913784
41929936
41995734
42056861
42090951
42100377
42106101
42116343
42120599
42127374
42172914
42177082
42184348
42200942
42203888
42206433
42213000
42213061
42218055
42230726
42235052
42267379
42279793
42286107
42297177
42297858
42354676
42370667
42425016
42425241
42459225
42459643
42494235
42494588
42503252
42530528
42530973
42531258
42536915
42536984
42549059
42563840
42581711
42584673
42586385
42590062
42592435
42632101
42699716
42726156
42744699
42747208
42773177
42808286
42811248
42872770
42913775
42986642
42993963
43014810
43016837
43076820
43097358
43104337
43143430
43145135
43278990
43373583
43376737
43383305
43383798
43386932
43399690
43462119
43477110
43524356
43535373
43612058
43675691
43686943
43698619
43762870
43776519
43803536
43821616
43833485
43834516
43862187
43869336
43883315
43885995
43897408
44007420
44022426
44070277
44081214
44114714
44128782
44129259
44145362
44145862
44165505
44173792
44189316
44214452
44225465
44235508
44248822
44283738
44392809
44412070
44433601
44442112
44442114
44454514
44458613
44459233
44502841
44513121
44545745
44549852
44567508
44572569
44599867
44686483
44715994
44732647
44754418
44775968
44782872
44819382
44902124
44902260
44909512
44932052
44935421
44953642
44953963
45008126
45015758
45096098
45107850
45109725
45184352
45184976
45343032
45389226
45391268
45392302
45516540
45521473
45531017
45738376
45759399
45784143
45818068
45820839
45830718
45844302
45885325
46006290
46025386
46132779
46132983
46133173
46196797
46208977
46213120
46219823
46315435
46383124
46387797
46429776
46437028
46437645
46487027
46505586
46514706
46529602
46529681
46529709
46529757
46530204
46531026
46531118
46531170
46531466
46532128
46532233
46532273
46532857
46533046
46533121
46564196
46603494
46611352
46719510
46795141
46822897
46908782
46956787
46957122
46969039
47018521
47051023
47054439
47131837
47139913
47305556
47389416
47427812
47451799
47482793
47538800
47566579
47652747
47661756
47734735
47752079
47769124
47875016
