2010
2686
2759
6679
6951
7627
8924
11191
11220
11641
11798
13524
15432
15704
16892
17276
17497
17668
18128
18442
18635
19692
22287
23589
25070
26102
26105
28137
29891
30803
31041
32856
32880
33215
33449
36050
36757
36983
37057
40640
40913
42280
42616
42819
43890
43958
44218
45026
45147
45582
46626
47606
49866
51466
52159
53111
54280
54541
55295
55559
56059
56763
57166
58535
60640
60742
63171
63521
64843
65177
65694
66303
66655
70488
73744
77944
79361
80627
81685
85568
86715
88612
89346
90057
90932
91205
92181
92863
93248
96567
98345
100392
100613
105011
107740
111187
111769
113401
113757
113863
114380
115914
119376
121030
121141
122453
124891
125212
125714
126157
126300
126662
128693
129096
129873
130025
131884
132480
132743
133686
133852
134282
135029
135454
136156
136971
137293
138439
139524
141709
141747
142080
143570
144406
145891
146889
149807
149826
150928
153160
153512
153792
154501
155881
157250
160616
160792
162186
162369
162857
163171
163421
166732
167587
168207
168278
168480
169047
169492
169755
170269
171887
173389
175768
176402
177030
177222
181052
181802
182439
183485
184514
186718
187321
187552
187756
188420
189553
190265
190556
190933
191492
191777
192345
192998
194365
194959
195104
198203
198918
202029
202451
204906
205099
205195
206435
208253
210025
210231
210802
211137
211170
212297
214018
214228
214377
215287
215587
215955
217073
218668
219798
221477
222023
222392
223483
224624
224851
227465
228748
228867
228911
229245
230738
235611
237103
238337
239920
240936
242015
245725
245884
246629
249693
250055
250780
251371
252305
253940
254692
254965
256478
260065
261370
262121
265581
265927
265968
269061
270988
271434
272561
274976
275353
277149
277670
278503
278840
280486
280623
281753
285272
288258
288382
289924
290130
290140
291171
291684
291811
291867
292310
294687
296761
296816
299455
301225
302410
303456
305240
305373
306802
306857
307429
308564
308753
309205
311279
311546
311616
313667
314165
314537
315437
316154
316564
317198
317502
317617
319205
320029
320823
320867
321346
322888
323728
326473
326718
327798
328846
330557
334993
335118
336095
336296
338800
339109
339264
340056
342937
345884
346391
346616
346927
347094
347700
348152
348418
349145
349648
350859
351192
351243
352973
353810
353988
354998
355418
355685
357237
358171
359544
360832
361339
361418
361599
363327
364926
365595
366595
367519
367557
367593
368327
369905
370456
373819
375579
375946
377747
377951
378152
378399
379543
380154
380600
381590
382155
383284
383466
384218
385838
388140
388278
390369
390411
390564
390755
392709
398915
404524
405839
406857
407932
407942
409350
409638
410189
411432
413470
414491
415882
416209
416787
416907
418403
420918
420967
421992
423649
424506
427958
431105
434855
435422
435544
436675
437562
437628
439279
439498
440575
441450
441557
441903
443469
445703
446295
447444
447792
449062
449263
450607
452406
453899
456145
457002
457130
457377
457740
459471
462700
465257
465701
466974
471483
472220
475029
475697
475774
476082
477039
479472
479642
480565
480654
480855
481546
482095
482515
483396
484719
485069
485335
488265
488541
489698
492572
495888
497208
497356
498657
498897
502382
503069
503215
503339
505185
505856
507057
507308
510508
510511
511876
514275
518115
519422
519574
520156
521683
524823
524875
526129
526550
527139
528510
530539
532582
533299
534234
534766
540439
542545
545853
548413
548999
549311
549368
550460
553112
554813
556726
558777
559671
559985
560721
562195
563150
563897
564018
564812
565791
567018
567437
567535
568122
577340
578857
585573
585694
585962
589072
589760
589942
593643
595215
596167
596801
598189
600355
600685
601054
601642
602415
602954
607104
610293
616376
621135
622183
624050
627356
627916
629097
629159
630802
638557
640703
642165
644260
651094
654734
656158
656360
661509
661579
665829
671187
671420
672965
675476
677679
678971
678989
681152
689475
692046
695780
695919
697526
698931
700569
700950
702950
703578
703836
704414
704954
708587
711271
713884
714458
715784
715925
716301
716805
716912
716927
717462
718230
719993
720407
720857
722213
725507
727236
729725
732738
734156
739417
739733
739911
743222
743265
745669
747668
748487
750830
751858
754642
757429
759323
762220
763542
764211
764413
765630
775272
775900
776676
781268
782609
782685
785764
786242
786548
790299
790412
790455
790656
791025
793418
793866
794293
794354
796129
808613
813317
817677
819730
820376
820723
821623
822221
823136
827496
827847
828986
829489
829690
831269
833768
838123
839893
842380
843513
846272
847736
848326
848897
849785
850442
852015
856287
856780
857423
859779
860145
865669
868172
871365
872428
873326
873391
873495
875427
875649
877236
877312
878448
881156
882209
883059
883730
885315
885936
886367
889807
890091
891725
895038
897175
901483
902583
903598
905554
905766
907126
907173
908139
908609
908668
911772
912221
913548
914936
917397
917860
919798
919819
926520
934054
934430
935100
935189
935643
935968
936611
942250
942532
948718
949616
950465
950759
950863
950897
951579
953277
956295
956666
957702
959408
961368
963115
967297
968343
968362
968552
970223
971174
971576
971645
972837
975165
976708
977090
979013
979089
980410
982455
982561
984786
984908
987242
987475
988994
989155
989195
989836
990918
990990
992389
992829
996744
997522
997895
998308
1000923
1001535
1002956
1005613
1005914
1006095
1007558
1008233
1009935
1010350
1011327
1013842
1016093
1019532
1020320
1020996
1022472
1022885
1023645
1025717
1029741
1031448
1034317
1040950
1041538
1042878
1043127
1043394
1043776
1046219
1051388
1051636
1053903
1055958
1055997
1056606
1056793
1059294
1059920
1065165
1065391
1067922
1069415
1070588
1072344
1073062
1073325
1078309
1081591
1082526
1083028
1083282
1083680
1088122
1088531
1088701
1088877
1091953
1093526
1093560
1095677
1095752
1095896
1096068
1100383
1101828
1105252
1106109
1108458
1110624
1111931
1113377
1114032
1115734
1117022
1118339
1118960
1122852
1123217
1125654
1126892
1128868
1130144
1132188
1133314
1134835
1135097
1137314
1137357
1138020
1139092
1140095
1141310
1141626
1142256
1144857
1146459
1147510
1151118
1153944
1155641
1156448
1158725
1164981
1167139
1167248
1170258
1171424
1173594
1175777
1177124
1179102
1179214
1180498
1181507
1181577
1182617
1187496
1189077
1192100
1193945
1196798
1199652
1200306
1201621
1204993
1205213
1207071
1211009
1211084
1220262
1223073
1223466
1229651
1232191
1232416
1234015
1237605
1240168
1242418
1243937
1244977
1249292
1250307
1256271
1257919
1258884
1260255
1262779
1264960
1266777
1269605
1269916
1275306
1277025
1277625
1280077
1280590
1283865
1283978
1286303
1287883
1288030
1288199
1290922
1293552
1300899
1304639
1307701
1308703
1311416
1313037
1313339
1322549
1324432
1326840
1328291
1332487
1333327
1335045
1337509
1339335
1339500
1339608
1340482
1346456
1346516
1347441
1352331
1361020
1363711
1364757
1364912
1366361
1368314
1369147
1369502
1370231
1372992
1373118
1374700
1375212
1375377
1375592
1376607
1377693
1379122
1381715
1384829
1391737
1396145
1397526
1397545
1399801
1400155
1401036
1401490
1404291
1404526
1406569
1409121
1410397
1415949
1418595
1418780
1420627
1427066
1430907
1432706
1436471
1437160
1437512
1438262
1438531
1441006
1441225
1443249
1444041
1448179
1448915
1448992
1449142
1449171
1449393
1451680
1452188
1455538
1456230
1457806
1458173
1460058
1462364
1463902
1463992
1465719
1467288
1468439
1468984
1471601
1472628
1476238
1476734
1477420
1478231
1478550
1480128
1480870
1483625
1484590
1484925
1485234
1489042
1490745
1492083
1493839
1494623
1496098
1496767
1498533
1498719
1500314
1501248
1501254
1510910
1512355
1512758
1512985
1513219
1513432
1517121
1518518
1520298
1520782
1522647
1529083
1530238
1532238
1532576
1534380
1540734
1540891
1545669
1546483
1547273
1549960
1550469
1551295
1553550
1555222
1555942
1558807
1560283
1561283
1562952
1564062
1564241
1564720
1564740
1567016
1567060
1569754
1572206
1575207
1577557
1578705
1579069
1581416
1582004
1582216
1582344
1583734
1587874
1589277
1592472
1592788
1595404
1597606
1597863
1599884
1600444
1601956
1602965
1603185
1603284
1603318
1606252
1612046
1612850
1618662
1620739
1622432
1624178
1626071
1626560
1631884
1632713
1634403
1634779
1635976
1637544
1638624
1640082
1642839
1644637
1648406
1648625
1649638
1652663
1655666
1655860
1656383
1659314
1662887
1665083
1666613
1667455
1667539
1667710
1668791
1675087
1678934
1679129
1679259
1680354
1684998
1685304
1685434
1687831
1688338
1688622
1691180
1692185
1693671
1694089
1697252
1700139
1703788
1704896
1706106
1708792
1709734
1714774
1716181
1719095
1721599
1722105
1725244
1725325
1726576
1727121
1727933
1731809
1737273
1737617
1740267
1742515
1755543
1758781
1760761
1771825
1772821
1777143
1787759
1788203
1788787
1790249
1800779
1803125
1805535
1808389
1808599
1812809
1815829
1816687
1818013
1821087
1829156
1830426
1831164
1838262
1838704
1839384
1847648
1849008
1851818
1855976
1856610
1857240
1858744
1860176
1863280
1864210
1877530
1879078
1879226
1882624
1883970
1885048
1889774
1891352
1892566
1893828
1895100
1895136
1895578
1896226
1898766
1898852
1898930
1901646
1906826
1909694
1912404
1912850
1918856
1929708
1930370
1932870
1940432
1945300
1955878
1960918
1963936
1975878
1987922
2000322
2005320
2008310
2009368
2023296
2026158
2027944
2028534
2029726
2036154
2038076
2041152
2041516
2044570
2050286
2050402
2066790
2072158
2075332
2077692
2082488
2086348
2086774
2089826
2095526
2099736
2105910
2107660
2108326
2108724
2113502
2118782
2122360
2124848
2124942
2130258
2135434
2135674
2135944
2136142
2139112
2141492
2143936
2146948
2147086
2149806
2153658
2156730
2157282
2158228
2170546
2171612
2174664
2177016
2178702
2180528
2182076
2188058
2189616
2191470
2192340
2192392
2194822
2199674
2204716
2205112
2205858
2207846
2212684
2213894
2216770
2218848
2220796
2227824
2231624
2234038
2234476
2238818
2241230
2243856
2243982
2244974
2245116
2247222
2252198
2257306
2257724
2267930
2269194
2282130
2288902
2291928
2293648
2293758
2299196
2301512
2313196
2317238
2317946
2326798
2328052
2329542
2338044
2340924
2348038
2348588
2362112
2367066
2368364
2375698
2381976
2384436
2390534
2393418
2399734
2401738
2406032
2408746
2423798
2424274
2424922
2426160
2429694
2441472
2443118
2446434
2450842
2461388
2461962
2470134
2474340
2475828
2478080
2494216
2498202
2503470
2512272
2512298
2514396
2514434
2515082
2515512
2516294
2526344
2529198
2530152
2530616
2531326
2533298
2545138
2545382
2545998
2546928
2557612
2563966
2567296
2571588
2571730
2577988
2581846
2586994
2593716
2618132
2618740
2626494
2631976
2632766
2633818
2635170
2635494
2638630
2646756
2649224
2660882
2661202
2673680
2675834
2677688
2677880
2680522
2682520
2683992
2687834
2688970
2689610
2690112
2693278
2695480
2697402
2698542
2698578
2698598
2700012
2705480
2705776
2713502
2717132
2721260
2723740
2725934
2728334
2729186
2732638
2739604
2751886
2764702
2766004
2768828
2771800
2781112
2791404
2794730
2798020
2800032
2803664
2805746
2806922
2806948
2807672
2810036
2811256
2813442
2814856
2815434
2816076
2818858
2821040
2824666
2830612
2834332
2841214
2841910
2845918
2848102
2851802
2852888
2855444
2860404
2860570
2866462
2868748
2870246
2871918
2873312
2875100
2880174
2881264
2886652
2887416
2890610
2892034
2894420
2894638
2894912
2896580
2904740
2916754
2917360
2924690
2930088
2932252
2936626
2937998
2939084
2943264
2944724
2947128
2949484
2950688
2953366
2954182
2957704
2958786
2959622
2960418
2962666
2987484
2997422
3001536
3001602
3007474
3007532
3010162
3014848
3014986
3018304
3021991
3023486
3026735
3031767
3033855
3034939
3036789
3040658
3044312
3044835
3046849
3048841
3049838
3053087
3053558
3054450
3056037
3057643
3060868
3063314
3063434
3063756
3066755
3067508
3072600
3075940
3077638
3079128
3079426
3084744
3086307
3088240
3090101
3091582
3091681
3093998
3095978
3097970
3099356
3100693
3100942
3104894
3109509
3109907
3110114
3112496
3113325
3115129
3119362
3119463
3122669
3123708
3124904
3129414
3129797
3129856
3137707
3142630
3149777
3150667
3155756
3156521
3164346
3165584
3168162
3171820
3172424
3179117
3183541
3183621
3184129
3184472
3184522
3185736
3187403
3187704
3190499
3191612
3192545
3206573
3212131
3214977
3218005
3221343
3222059
3222870
3223363
3223743
3225440
3226353
3228990
3230332
3231762
3232907
3236420
3236540
3236811
3257135
3257833
3257959
3265227
3267826
3269322
3269950
3273706
3274812
3274951
3282116
3289975
3294688
3298411
3302121
3304998
3305386
3306389
3309341
3332891
3353881
3363131
3388571
3397011
3419451
3441641
3473231
3536441
3562681
3589451
3624751
3673171
3687661
3733221
3770741
3812551
3828131
3851561
3854151
3855841
3859541
3884781
3936681
3954921
3968541
4006741
4019911
4041441
4050191
4090661
4099001
4123741
4138301
4165631
4178451
4189291
4200291
4265231
4270141
4299991
4306511
4331291
4339531
4351421
4351811
4355121
4370721
4416791
4419301
4555471
4565261
4574321
4605101
4615471
4668771
4694251
4705361
4735151
4743581
4745831
4776021
4787421
4791401
4798571
4801071
4822311
4832111
4846511
4868111
4870471
4871851
4887941
4896661
4897851
4899331
4937111
4941001
4950021
4996931
5013751
5018051
5058081
5088461
5109041
5119571
5121151
5122661
5145121
5162461
5165691
5287711
5361411
5377501
5428941
5438181
5439241
5448551
5455831
5470771
5495731
5502861
5553671
5608641
5608931
5632591
5709121
5738021
5742231
5756101
5795821
5804381
5848841
5865331
5869891
5929381
5946241
5947651
5958551
5974241
5981211
5993151
6011851
6037721
6038911
6040741
6045221
6064931
6080831
6097101
6157981
6186401
6232251
6267451
6299361
6309371
6338451
6381191
6398081
6414551
6431241
6447571
6452001
6458681
6490561
6502891
6523161
6536181
6541061
6541621
6562701
6580881
6586301
6641851
6662171
6719241
6723081
6728271
6747581
6768201
6820971
6838001
6860401
6862181
6880751
6909911
6910561
6940511
6951591
6956671
7038431
7051591
7056851
7124161
7127891
7130251
7138611
7144301
7147241
7205231
7211261
7221621
7224011
7275631
7315271
7321611
7330791
7455031
7475861
7544901
7555631
7560841
7593611
7600471
7703921
7725331
7743501
7760431
7784011
7810081
7828131
7861011
7900081
7943351
7952721
7973431
7992381
8068901
8073491
8089021
8129601
8132501
8173141
8227931
8230371
8273451
8292911
8295031
8298131
8361031
8431361
8470091
8540981
8593571
8617341
8634441
8694181
8697461
8737091
8817481
8853941
8953861
9048701
9161681
9262271
9296281
9299301
9306141
9346741
9347051
9399641
9415941
9453221
9494801
9516701
9526291
9537401
9584481
9589311
9631171
9631601
9665591
9702441
9705051
9737091
9764191
9808231
9845031
9848761
9864381
9870201
9953161
9958341
9961841
9964321
9965971
10048651
10095901
10099641
10127531
10141131
10154631
10186131
10248271
10249931
10285171
10298341
10369471
10402851
10437071
10445171
10519751
10529761
10570681
10626021
10659691
10684671
10694521
10716971
10810391
10832691
10833571
10852711
10887981
10969621
11155901
11167721
11229861
11274491
11405881
11418581
11456331
11478661
11478761
11486481
11491041
11493371
11510621
11517991
11540611
11641761
11667611
11673601
11699281
11703781
11744331
11777441
11793521
11814541
11829551
11843201
11912501
11928401
11948001
11959561
12032251
12076861
12089911
12122961
12124931
12146511
12180721
12195531
12233981
12313291
12410691
12459071
12503971
12511771
12547681
12608451
12617681
12620221
12667001
12711541
12733501
12755601
12786721
13584831
13587681
13672961
13694601
13715201
13775221
13776041
13777331
13797691
13805451
13819001
13829531
13839351
13912241
13940991
13947131
13989101
13994291
13999431
14012901
14030851
14078141
14182941
14249611
14261141
14279721
14284201
14286091
14295271
14404161
14424701
14442511
14491811
14506611
14526081
14541441
14556471
14691901
14702871
14705631
14737251
14788301
14812991
14897171
14902381
14962591
14980771
15025531
15050511
15146591
15157821
15172971
15234751
15263921
15336371
15386791
15455571
15468231
15503281
15508731
15538138
15538894
15540184
15543462
15544376
15544943
15548336
15551100
15556027
15556604
15557423
15557473
15558067
15558594
15559884
15559967
15572195
15572288
15577971
15579457
15591147
15594891
15596225
15597024
15598006
15599611
15601971
15602920
15603653
15605616
15607940
15610276
15616339
15623990
15628783
15629825
15642047
15648869
15656671
15660433
15660865
15662947
15665668
15667140
15678022
15681628
15682988
15685351
15685591
15686122
15687174
15695164
15696227
15697596
15700651
15702236
15707692
15707819
15710410
15712850
15714814
15716840
15722391
15723246
15731693
15746830
15749877
15752435
15752616
15754455
15756832
15761234
15763206
15772890
15778105
15785262
15790859
15790915
15791309
15791898
15795675
15797480
15797557
15801414
15802822
15805847
15816217
15820609
15826900
15841910
15843165
15858275
15884288
15894258
15914966
15917661
15918782
15932617
15944293
15947486
15959219
15961417
15961563
15961606
15961609
15961620
15961671
15963179
15964590
15967653
15976430
15987420
15995925
16005501
16006359
16012386
16013626
16013952
16014372
16015908
16018286
16025004
16037566
16038983
16039001
16047216
16052363
16054718
16060412
16062880
16069970
16070885
16071073
16071504
16072025
16072611
16074220
16077906
16084000
16091320
16091343
16092590
16093601
16099031
16100028
16101208
16103430
16103737
16109884
16115678
16116864
16124927
16127476
16127695
16127781
16127809
16131856
16135122
16135224
16140381
16141495
16142103
16146077
16146772
16149303
16154096
16154178
16154452
16155183
16156561
16156775
16160880
16170727
16172431
16172587
16173350
16174394
16174654
16174704
16176015
16178687
16182194
16182481
16183375
16188527
16188567
16196037
16196200
16197431
16200121
16205797
16206537
16206636
16209274
16210657
16217947
16230518
16237057
16245346
16248703
16271077
16277929
16299010
16303096
16305874
16307317
16312135
16314814
16321669
16335943
16347181
16352785
16354162
16362166
16366282
16374145
16382335
16393360
16414399
16444237
16463890
16477990
16488277
16507216
16549948
16568680
16570996
16588261
16596358
16608340
16610458
16611424
16613350
16629436
16644925
16658386
16676209
16678723
16729018
16738846
16741075
16746274
16768387
16773592
16781413
16786798
16794937
16880026
16889638
16895257
17070793
17225044
17968327
18164428
18671959
19494952
19858795
19859968
19911361
20059408
20102377
20136184
20159275
20160253
20161186
20162302
20172814
20173210
20175490
20178121
20192344
20208784
20212915
20220616
20227378
20241907
20253481
20258815
20260741
20261668
20292985
20293237
20293594
20297257
20307799
20344579
20347216
20360122
20371339
20384053
20385562
20389015
20393812
20417728
20425498
20429890
20442115
20449939
20450086
20450245
20466214
20468746
20471533
20477254
20512540
20528182
20532511
20533252
20543362
20544292
20551339
20562454
20563885
20570158
20571085
20600383
20604047
20611140
20612080
20617491
20631732
20637898
20649253
20659839
20713021
20723723
20733417
20744028
20751800
20782125
20783799
20797243
20840273
20841241
20844079
20848898
20850467
20854870
20859324
20866309
20868291
20875549
20889622
20892734
20895549
20899583
20901892
20940903
20957989
20960626
20978582
21010372
21030416
21040130
21058716
21069594
21091841
21109660
21121078
21122186
21144146
21161128
21162910
21175147
21175567
21203465
21209827
21210907
21222560
21223864
21237809
21240587
21244646
21254940
21264988
21266455
21270259
21280571
21300106
21303547
21314232
21314997
21317685
21319671
21352500
21361477
21378558
21385941
21386617
21389277
21389941
21393608
21394720
21403693
21416598
21421081
21428949
21441365
21443609
21448966
21450054
21453563
21457542
21457926
21462352
21463246
21463611
21464939
21475148
21476325
21481000
21513166
21515988
21528916
21531309
21531890
21533792
21540567
21551238
21553825
21557588
21572857
21579640
21586565
21588896
21594602
21601556
21601651
21606198
21608825
21614849
21617631
21638329
21661205
21725198
21766073
21772267
21793170
21793875
21796176
21801032
21802176
21806501
21833311
21835905
21845159
21859846
21870978
21890634
21910403
21910489
21915986
21924269
21930862
21937855
21945787
21963991
21967577
21974839
21984006
21996510
21998386
22001382
22002235
22023023
22038440
22039196
22071168
22084499
22094571
22095679
22098974
22099069
22116936
22123431
22123673
22141019
22141222
22142148
22143084
22149108
22154374
22168563
22197645
22205428
22209775
22210192
22215832
22225327
22227749
22227957
22230161
22239498
22242426
22246420
22250933
22253011
22263414
22263959
22268985
22269410
22307306
22319667
22320569
22348716
22351946
22358778
22360993
22361099
22361327
22369093
22372768
22381598
22385903
22386463
22393766
22394849
22397828
22401491
22403599
22407044
22407250
22421075
22426252
22430637
22432832
22433752
22477255
22480045
22490354
22508512
22511133
22511218
22519790
22524955
22525180
22527343
22539347
22550017
22558595
22559595
22571477
22571742
22577608
22579932
22581346
22582144
22601164
22606875
22614918
22620945
22629164
22639591
22647238
22653636
22670202
22671203
22672321
22678392
22686809
22692403
22693006
22696320
22697298
22700512
22711297
22715057
22718827
22725259
22738880
22741141
22758889
22773692
22777765
22790940
22796242
22804502
22805513
22806863
22820240
22833383
22838697
22850346
22860553
22861687
22862948
22871153
22877091
22883045
22889984
22892611
22894383
22897990
22907633
22918459
22929166
22934006
22940898
22951350
22956973
22963312
22977966
22990648
22993739
23005150
23008803
23030158
23037185
23069412
23078886
23080255
23093769
23130214
23132004
23178569
23179751
23184853
23199725
23206343
23215008
23219853
23250535
23258800
23274333
23282041
23297986
23300545
23307464
23307872
23311086
23323568
23337050
23341651
23357141
23358405
23363409
23375864
23377965
23386681
23391361
23432111
23440636
23448326
23448876
23449194
23464153
23465852
23471240
23472007
23473168
23478767
23482009
23493284
23496084
23497011
23510614
23513312
23518622
23530720
23536070
23543449
23544297
23549197
23552918
23553677
23560693
23561328
23571602
23578649
23579448
23596027
23611534
23621483
23622376
23623753
23639813
23640683
23643475
23648695
23664580
23665758
23668731
23669656
23670959
23683051
23690551
23692791
23695524
23698395
23702736
23703038
23703992
23706801
23731171
23734671
23743890
23747229
23752287
23764275
23787371
23834669
23835855
23848952
23870604
23875665
23933832
23957508
23964497
23965190
23975312
23979973
24001941
24009682
24011615
24026928
24039978
24040984
24055854
24062320
24063209
24066531
24077320
24087306
24089880
24108408
24114484
24118545
24127490
24131074
24137721
24142652
24146794
24149282
24157033
24165948
24183176
24184555
24189757
24199387
24205229
24214605
24220103
24226109
24232251
24232582
24253793
24275497
24278453
24294931
24295213
24296050
24309239
24309492
24312694
24315234
24317824
24322822
24325370
24325544
24328586
24339244
24345781
24356111
24383440
24402631
24433863
24442228
24446459
24451259
24466795
24474878
24485158
24492579
24497121
24503659
24504795
24510306
24515231
24533757
24564296
24599491
24618430
24629878
24641219
24646609
24676327
24684450
24685821
24696966
24699596
24728183
24730794
24732305
24735008
24745355
24757083
24760413
24775206
24776613
24794384
24845381
24859449
24862057
24873973
24877090
24920759
24928110
24948442
24952004
24958915
24978357
25003043
25047030
25054491
25081374
25087898
25102648
25115890
25170152
25176414
25233752
25245996
25255233
25288943
25293321
25307475
25319817
25336614
25341428
25369299
25392830
25398896
25399179
25444690
25580613
25583024
25609115
25614731
25628913
25631188
25634151
27007219
27010780
27017566
27023707
27030001
27049549
27056317
27063976
27076036
27078529
27080734
27093274
27103024
27103804
27122866
27158923
27169909
27172903
27176476
27183946
27191155
27196522
27196681
27199756
27215611
27217720
27226438
27239512
27250198
27262423
27275503
27281542
27284362
27297985
27310141
27312238
27314905
27322876
27323857
27329461
27331834
27332488
27343204
27350683
27355924
27372484
27400738
27416791
27424270
27428923
27437293
27448081
27448576
27459133
27462250
27465118
27468142
27476074
27480409
27490612
27498544
27505717
27512614
27516154
27532033
27532732
27539341
27547765
27560455
27567997
27586777
27601783
27605287
27605314
27610744
27611632
27616618
27640021
27642451
27646177
27647845
27650314
27654370
27655579
27657235
27682888
27701416
27701908
27707434
27708070
27711730
27749746
27750856
27757705
27762661
27764665
27768106
27775138
27792877
27799810
27828124
27829990
27846568
27869484
27869700
27871006
27871309
27871866
27874103
27874235
27878765
27882157
27884465
27889439
27890657
27892823
27894707
27898797
27899603
27902128
27903003
27906781
27912266
27914055
27917805
27930170
27933711
27936716
27940027
27940989
27947884
27956910
27957664
27958805
27960232
27964707
27966128
27970793
28004525
28009104
28013284
28055563
28077968
28087981
28094275
28108426
28117590
28118663
28118732
28147092
28173516
28180494
28184664
29003355
29005047
29007357
29008646
29019153
29022984
29035771
29036034
29036470
29041754
29042504
29043152
29043597
29044493
29046432
29048220
29057564
29062451
29066950
29066971
29071219
29072414
29072796
29079643
29079958
29080141
29081181
29082914
29086918
29090424
29091894
29092788
29097547
29097838
29099432
29101609
29101865
29110127
29112231
29116426
29122409
29131195
29131524
29134571
29136581
29141207
29143388
29143528
29145237
29148485
29156756
29157837
29159858
29159965
29164647
29165981
29166137
29166992
29171776
29174928
29176589
29182695
29195114
29204168
29211255
29215213
29216960
29217825
29217985
29218024
29218782
29221249
29222994
29224245
29229027
29233080
29233431
29238821
29241396
29244483
29248277
29249442
29251185
29253176
29256518
29262487
29263172
29265953
29267027
29267367
29273928
29285708
29289248
29290172
29295098
29303033
29307148
29309925
29313662
29314740
29317545
29317729
29324408
29327353
29327550
29333654
29336967
29354751
29388434
29414451
29419996
29451857
29452277
29476193
29501082
29506966
29507760
29512247
29512837
29515434
29526947
29528004
29533469
29534723
29535493
29539863
29541454
29541748
29543333
29556913
29562749
29564068
29569466
29570701
29570875
29578644
29581680
29599622
29599763
29613252
29614959
29616322
29622686
29623852
29624833
29628162
29631282
29631586
29634590
29638788
29640939
29641552
29642097
29644571
29649313
29652219
29653588
29655508
29663232
29664682
29664690
29666938
29667040
29670346
29675552
29679201
29680697
29709417
29713057
29752943
29753835
29777884
29781680
29784089
29787255
29790706
29798533
29803674
29807135
29810615
29811414
29813264
29819088
29819655
29821975
29829293
29830186
29832069
29871113
29879177
29887820
29888140
29888598
29889058
29900270
29902611
29915142
29918205
29918438
29920406
29924014
29940352
29943908
29945521
29956289
29967659
29971908
29978074
29978390
29980521
29990115
29994416
29999357
29999709
30001508
30007773
30011312
30013855
30017555
30018266
30025922
30026325
30028582
30036667
30040614
30041514
30052629
30055366
30060087
30060965
30061185
30063434
30064510
30073226
30079894
30081833
30085227
30085243
30085963
30092417
30100487
30101195
30102120
30109604
30110695
30120026
30122487
30126559
30129753
30137321
30138643
30138660
30140486
30141849
30142308
30144776
30146091
30161279
30167423
30173944
30192683
30197922
30203195
30209556
30218659
30220328
30220541
30221540
30223494
30224874
30242089
30250183
30252304
30258963
30262275
30263129
30267371
30268573
30272153
30272822
30277706
30280692
30280713
30283038
30300925
30306285
30306318
30307841
30311062
30311231
30313461
30327964
30327986
30328683
30330786
30335172
30335360
30340997
30345911
30360534
30361960
30362970
30365927
30369218
30371937
30380380
30389776
30392052
30394293
30395051
30398408
30400338
30407419
30408425
30409978
30412316
30412321
30413212
30428851
30444363
30444616
30446670
30446756
30452482
30464041
30477604
30489436
30501832
30506519
30529092
30529730
30534361
30534608
30549530
30560271
30561212
30567215
30570058
30570557
30573282
30586476
30586924
30592022
30600093
30606075
30607864
30618193
30630917
30634130
30634854
30642015
30642217
30645195
30657345
30659765
30664161
30664623
30666101
30678575
30693515
30705694
30708051
30710154
30710582
30712424
30713726
30717179
30717800
30720091
30723950
30724970
30725592
30728778
30730767
30731729
30746343
30747325
30758434
30765604
30768218
30770089
30782255
30795263
30801814
30807692
30807999
30818271
30819177
30830218
30849703
30856537
30861081
30863711
30865253
30872812
30876796
30880393
30884061
30887601
30896737
30898530
30913874
30931337
30931700
30936868
30939586
30940736
30944046
30951822
30960104
30962152
30962287
30970881
30973933
30975374
30977335
30979933
30980587
30989640
30998048
31008698
31009306
31009310
31013383
31024510
31026627
31027071
31031690
31056901
31062670
31065035
31081682
31083645
31085216
31086356
31108440
31111280
31119090
31125131
31128614
31134045
31137149
31139235
31140147
31141932
31145374
31147969
31156616
31157875
31158779
31168748
31171810
31175444
31181322
31187307
31189448
31191076
31200136
31208573
31209204
31209872
31211959
31213066
31213998
31215391
31220225
31220689
31221080
31225367
31225479
31231655
31244044
31246716
31247594
31253352
31255547
31269777
31273111
31302321
31304743
31311203
31313271
31313419
31315106
31316272
31316468
31327271
31327954
31328625
31328719
31332358
31340209
31353411
31358101
31361815
31365702
31377050
31379125
31382578
31390565
31392125
31394606
31403102
31404463
31407109
31411482
31414165
31421201
31423818
31431569
31433038
31435773
31436551
31440933
31442001
31448506
31461267
31466220
31479009
31511631
31515185
31518494
31523073
31526180
31534809
31546456
31551934
31557670
31560663
31562166
31562985
31568099
31571358
31573151
31574435
31574999
31585772
31587658
31595684
31611130
31611527
31614399
31617951
31622938
31622964
31623857
31626235
31627400
31634856
31640093
31644084
31647210
31649667
31653362
31656728
31664737
31670149
31672106
31677098
31677542
31680284
31684294
31685166
31686763
31701076
31701803
31705596
31707275
31714155
31714791
31717365
31721571
31725934
31735527
31739213
31744872
31746804
31760672
31763803
31765324
31772425
31774465
31776913
31787146
31787392
31789456
31796158
31797217
31797942
31801944
31804121
31804246
31805643
31811855
31812685
31820084
31831542
31832569
31835304
31842805
31844414
31848312
31850725
31853957
31854393
31858505
31870964
31877314
31880959
31884600
31888569
31889973
31893426
31894895
31907263
31908991
31915849
31918899
31922438
31923734
31937371
31940403
31942842
31948669
31954087
31961196
31977030
31980426
31985044
31985691
31986667
31986870
31993337
31994817
31999191
32001709
32003658
32004687
32004730
32011145
32011898
32016800
32017375
32019728
32021878
32024633
32025876
32033719
32034340
32034604
32046544
32053110
32054549
32060106
32060379
32065886
32066791
32066927
32068511
32068574
32068945
32069508
32073491
32078285
32080989
32087003
32091725
32092705
32092843
32094986
32096052
32100401
32103382
32104018
32109572
32109996
32115758
32119563
32120008
32125190
32127110
32129289
32130725
32135047
32138266
32142471
32144661
32144853
32154325
32158628
32164944
32169821
32179592
32180029
32180293
32191572
32198535
32202364
32203560
32210501
32216754
32222425
32224897
32229184
32230264
32232048
32232898
32233640
32235531
32240007
32246106
32246575
32248587
32256936
32262311
32264840
32267298
32268128
32276072
32276986
32277372
32283457
32283776
32283923
32288080
32288085
32291327
32295461
32299767
32299893
32301581
32302017
32305143
32305843
32306230
32306808
32310140
32314653
32317804
32325098
32325816
32335069
32335107
32339176
32342317
32355871
32356077
32359787
32361246
32365020
32366026
32366308
32367435
32371452
32376022
32376400
32376762
32380038
32380578
32386139
32386298
32388052
32394285
32394664
32394927
32400139
32400259
32403085
32406287
32409830
32410289
32422081
32424494
32426694
32429023
32430037
32434075
32436305
32438693
32438773
32439079
32444545
32444603
32445658
32450941
32458097
32461494
32467899
32468744
32470803
32471290
32473050
32473573
32480411
32482365
32482658
32487050
32487361
32487857
32488276
32488476
32490657
32490832
32494152
32496105
32498935
32501797
32511293
32512868
32517696
32518133
32522806
32526661
32529481
32533514
32535345
32540992
32541847
32542980
32544777
32553638
32554418
32554504
32556320
32557313
32559480
32560419
32560995
32562624
32564434
32567471
32574930
32578173
32579186
32581186
32583556
32583667
32583704
32584361
32585562
32589003
32592348
32592664
32597240
32598212
32600835
32600917
32606737
32606992
32607689
32608964
32614942
32620450
32625132
32627874
32628929
32629334
32629347
32634084
32636945
32640128
32640415
32640484
32647929
32654523
32662280
32665248
32667880
32669976
32670866
32671683
32673427
32677639
32681209
32683231
32690778
32692179
32693201
32696309
32698748
32701090
32707610
32708572
32712126
32713598
32714921
32719329
32721781
32726147
32727950
32728243
32748019
32757300
32757769
32761347
32762417
32764561
32773267
32775205
32775550
32775926
32781033
32785230
32788438
32791029
32791811
32797901
32798418
32803683
32809131
32820417
32820534
32820537
32831756
32836860
32842748
32843626
32855727
32862176
32863731
32875814
32890341
32932647
32935830
32938722
32945104
32948146
32948623
32957130
32957204
32959936
32960416
32961177
32973718
32974324
32975654
32976746
32982468
32985042
32986861
32990165
33001040
33004779
33008051
33013335
33014372
33026921
33034119
33046106
33048622
33049419
33058018
33058033
33062386
33068165
33072537
33072830
33076227
33076600
33078808
33080419
33087973
33091744
33094115
33101615
33104869
33108783
33114650
33117738
33128804
33129993
33132037
33135579
33136688
33142648
33147193
33147620
33148236
33148297
33149067
33149135
33152906
33156138
33158741
33169219
33172793
33187551
33194083
33194995
33195238
33196227
33197611
33198042
33202896
33206885
33212508
33225605
33232042
33235657
33241656
33241734
33244716
33248157
33256857
33258257
33265555
33287212
33288057
33291157
33292495
33292729
33294226
33305692
33306591
33307638
33312001
33314325
33322538
33325882
33326381
33326756
33334055
33351668
33358197
33363703
33366541
33373814
33384441
33388120
33421261
33428526
33429447
33431366
33432979
33435647
33436092
33436350
33441377
33441775
33442582
33446198
33446491
33452362
33469387
33471284
33478775
33484245
33493428
33494545
33497469
33501246
33503247
33510685
33519359
33519700
33520410
33521438
33521918
33543180
33546127
33548487
33549047
33565392
33565521
33570551
33570658
33570667
33579525
33580409
33585994
33593044
33596879
33598843
33601956
33609068
33611087
33629854
33639268
33655673
33658407
33659098
33661161
33663611
33668091
33668532
33672786
33674645
33675707
33681917
33682137
33682299
33687535
33691039
33693219
33703440
33706852
33708543
33713157
33713992
33714885
33716967
33717845
33719320
33721407
33722710
33724618
33724997
33729898
33731500
33734836
33735513
33735708
33738435
33739376
33742004
33744709
33748476
33749707
33749975
33750074
33751906
33759413
33760420
33766326
33767285
33774277
33778662
33785330
33786019
33787992
33790833
33795193
33798200
33799311
33801000
33811255
33813783
33816950
33818732
33818967
33821919
33824562
33828311
33832904
33836420
33836547
33836930
33837885
33847398
33848599
33849889
33856515
33858079
33862921
33866294
33873313
33873595
33873765
33876496
33877492
33881883
33884243
33885853
33888773
33891296
33895163
33897848
33900773
33905734
33907078
33916378
33917127
33929555
33930858
33940831
33945504
33947006
33948085
33951499
33952129
33959629
33959837
33962531
33964543
33964923
33965386
33980961
33983677
33989371
33990427
33990463
33992958
33996812
33998362
33998698
33998994
33999082
34002637
34005284
34006011
34008088
34008691
34009935
34013757
34015956
34016023
34019108
34019813
34019847
34020093
34020361
34024172
34024183
34032867
34035579
34038274
34039463
34042846
34043176
34046532
34049468
34051239
34057308
34059711
34061238
34063962
34065019
34065470
34067758
34067804
34070051
34073412
34077065
34079860
34085643
34085666
34085698
34085731
34085752
34085804
34085850
34089291
34089895
34092121
34092218
34092648
34093551
34096171
34098846
34099270
34102889
34103194
34103337
34103349
34105587
34106209
34106897
34107675
34111691
34111873
34113922
34114929
34115145
34115223
34115794
34116230
34117761
34119509
34125157
34125476
34126149
34135500
34148991
34161778
34165899
34166531
34168700
34175885
34177143
34179188
34180898
34183305
34183672
34186147
34186881
34189389
34192329
34198542
34204053
34206209
34206479
34212482
34213991
34218848
34226704
34228733
34229977
34233396
34240811
34244057
34247461
34247532
34251199
34255504
34260496
34261097
34263437
34263481
34266608
34268940
34274978
34276051
34276342
34281074
34284049
34286160
34286239
34292832
34296684
34300271
34300902
34306039
34312065
34324301
34326556
34328435
34341137
34346367
34347392
34350333
34351175
34354561
34356300
34365805
34374281
34375615
34377951
34378443
34379384
34382070
34383040
34384361
34384747
34385049
34393356
34395806
34402568
34403097
34404622
34418902
34426977
34427278
34431818
34439398
34452930
34453836
34454914
34458689
34458944
34460635
34460855
34471501
34471823
34472647
34473917
34475867
34478832
34480913
34492068
34497639
34498209
34502576
34503010
34503480
34508594
34510251
34513207
34523851
34524868
34527037
34536872
34546552
34553126
34555310
34558713
34562314
34563711
34579114
34580558
34584871
34587586
34589693
34592829
34595256
34606672
34608438
34617200
34622597
34623628
34627351
34632227
34632325
34633210
34643451
34643772
34650984
34651032
34655726
34657338
34658565
34662244
34664618
34665380
34667503
34673491
34675672
34677239
34677971
34688740
34689214
34696584
34697867
34705155
34706086
34707404
34710048
34711755
34715872
34719249
34721057
34724140
34727003
34728637
34733823
34738661
34744175
34751894
34758602
34759402
34760665
34764266
34767731
34768668
34770777
34777660
34780574
34780968
34784863
34787683
34789300
34796244
34796574
34804853
34805704
34810223
34810351
34811211
34819795
34820068
34821805
34835707
34836485
34844369
34844932
34845014
34846227
34846855
34847071
34847484
34850739
34852108
34855439
34855714
34858547
34866630
34867149
34868094
34870497
34872738
34874376
34890423
34900976
34901625
34910422
34910495
34926076
34930582
34931952
34936371
34947562
34950087
34953507
34953960
34954523
34957989
34958656
34960236
34963903
34965785
34978234
34978725
34980528
34985226
34986945
34997129
34999745
35002490
35003565
35005469
35007118
35008356
35008493
35012720
35014351
35015432
35017071
35019422
35019948
35024790
35031334
35038673
35039651
35040648
35044979
35045608
35048330
35054162
35055527
35055555
35059279
35059806
35064318
35067215
35072882
35082686
35086110
35095593
35099105
35100306
35100975
35101012
35104103
35107631
35121465
35125821
35133563
35141024
35145946
35151434
35198661
35202048
35206821
35215157
35215381
35216553
35218557
35223713
35225646
35226260
35226341
35229471
35238619
35240225
35246303
35251093
35257313
35260907
35267052
35278336
35279453
35289760
35290670
35293940
35294013
35297357
35300357
35300985
35303812
35311860
35314358
35314756
35315438
35316347
35318227
35322329
35324826
35326018
35334969
35344054
35347656
35356466
35359390
35363764
35368711
35369426
35371753
35376078
35377729
35378469
35379327
35386338
35387163
35390395
35390888
35392094
35395310
35395714
35396230
35398735
35409672
35429229
35434278
35434616
35446636
35466198
35482588
35482668
35490899
35497249
35497779
35516148
35519939
35536616
35537110
35542288
35544132
35553869
35556629
35570060
35573811
35575209
35578064
35578366
35580368
35583921
35586491
35599492
35608430
35610384
35614644
35618728
35624016
35627106
35640148
35640554
35642925
35650333
35652424
35652721
35652995
35658308
35662793
35663466
35669865
35677690
35687547
35690568
35699396
35699690
35703608
35708677
35710349
35710628
35725645
35727758
35746250
35757014
35758079
35766762
35791948
35793405
35794851
35801127
35810523
35815476
35823994
35832001
35833997
35834064
35848169
35852827
35856961
35857256
35857284
35862908
35864759
35867272
35868370
35870358
35879674
35882979
35883117
35896969
35911395
35913707
35913877
35918942
35919001
35919157
35919209
35919415
35919570
35919726
35921055
35922798
35922959
35932724
35933579
35950803
35956465
35956760
35976180
35979849
35983367
35988329
35991661
35995509
35995954
35997913
36012902
36013003
36026727
36031875
36036876
36040285
36045604
36045761
36050166
36052561
36052575
36056682
36057011
36060969
36061359
36062600
36072492
36076792
36083209
36085804
36089535
36090835
36091583
36098654
36099138
36105250
36116340
36116444
36116710
36117148
36117776
36118183
36118982
36124425
36130196
36132991
36136220
36137424
36139694
36139989
36142446
36142896
36143618
36153868
36155570
36158118
36158318
36159055
36159250
36159271
36167597
36168038
36168433
36171768
36174269
36183673
36190202
36197702
36201959
36206173
36206281
36215514
36218281
36224354
36238523
36239054
36242782
36247580
36253880
36256782
36256814
36261291
36278264
36292045
36295327
36297461
36298704
36298883
36299528
36304182
36304422
36305051
36309414
36309563
36317062
36318098
36322413
36327691
36328681
36328847
36329528
36333354
36335589
36335729
36336240
36340477
36342850
36347721
36356715
36362457
36362831
36368416
36376935
36381852
36395601
36400892
36410007
36410813
36432575
36444038
36449254
36468700
36474119
36489386
36489601
36493629
36503942
36510893
36515770
36517895
36519302
36525623
36538189
36543182
36543195
36555786
36556814
36559919
36575242
36576032
36580628
36583105
36586573
36589679
36597012
36620751
36623461
36649520
36654419
36655420
36656233
36656370
36657980
36666664
36683373
36693868
36696017
36715320
36742325
36748613
36753181
36762829
36768721
36769189
36777617
36777790
36832113
36834514
36838004
36839812
36859305
36865090
36886397
36905639
36922403
36941955
36991232
37043833
37047665
37049881
37079112
37094468
37102501
37103393
37104031
37111418
37112272
37123750
37127115
37150861
37162530
37178043
37183796
37190648
37198383
37203463
37217701
37221599
37230188
37234673
37254757
37257065
37261197
37262792
37265652
37290039
37295846
37311097
37322158
37332488
37337142
37346379
37351170
37418301
37425618
37477497
37488562
37516298
37516502
37524906
37545051
37573495
37580198
37593386
37604289
37623035
37624508
37636558
37649575
37649718
37675919
37682644
37684601
37700019
37700259
