11798
36050
51268
73744
80098
119376
125409
130444
157250
171869
181052
193832
194365
219392
221084
257315
257736
360832
454122
480783
484918
497208
514070
559985
596167
627356
628860
761552
776919
833768
927455
954639
963048
975165
1046638
1053903
1054168
1085145
1085669
1088701
1116836
1167248
1171095
1200718
1265975
1313728
1397526
1430045
1443249
1462931
1470788
1477035
1480870
1511725
1512985
1564659
1589279
1612850
1688338
1712001
1715005
1728501
1737273
1877530
1895100
1900446
1945124
2045010
2050286
2084212
2119148
2123526
2131224
2145888
2152626
2172630
2173502
2174086
2178032
2189616
2207904
2214842
2227622
2252198
2280832
2346398
2367724
2380172
2433726
2469198
2477446
2485252
2504646
2523174
2596198
2649988
2667990
2685148
2703018
2759308
2818688
2830612
2831258
2970416
3004250
3025051
3036018
3123366
3128780
3132571
3153275
3154110
3228732
3337781
3373881
3500731
3581971
4063861
4211831
4397741
5990351
6371791
6880751
7303241
7389561
8219561
8282721
8477051
8543291
8547521
8697461
8738601
9031721
9035721
9317651
9347051
9361681
10700731
11229861
11345171
11345181
11547171
13797691
13963691
14061231
14471931
15148351
15231521
15596225
15684492
15685224
15792918
15840730
15962742
15996915
16001910
16021700
16048873
16050617
16054486
16105778
16126256
16154452
16202984
16211127
16228942
16254439
16554703
16652077
20172814
20177419
20347216
24593559
25002804
25601947
27111562
27254686
27314011
27453715
27454552
27755911
27756625
27760705
27788998
27791941
27856501
27875204
27887242
27954394
29028210
29074305
29099432
29164309
29324168
29538739
29549465
29562337
29593440
29606242
29610149
29638879
29931219
29956289
30012172
30028776
30136276
30229260
30283038
30369218
30371629
30690562
30854562
30861159
31026120
31128614
31140147
31213841
31305471
31328625
31331118
31394077
31448506
31515048
31538997
31649667
31654607
31686476
31790038
31916219
31923832
31976226
32080822
32182070
32224897
32238531
32265883
32355871
32356926
32390084
32444603
32546051
32586257
32595803
32662280
32669976
32797901
32866753
32977594
33012343
33052341
33118176
33158741
33187551
33428989
33429615
33429916
33432979
33446198
33471284
33478703
33687535
33741778
33811255
33834859
33843725
33887023
33896894
34021836
34074693
34106859
34191713
34313704
34315187
34352304
34385049
34471501
34562915
34595388
34626998
34656089
34664661
34711755
34725931
34726752
34759641
34797107
34812041
34844519
34907326
34934984
35008493
35103222
35109428
35299789
35303787
35322329
35346207
35445882
35497249
35586471
35936160
35951610
35956760
36292045
36342408
36349383
36353300
36603481
36643797
36747329
36753181
36768719
36783488
36863105
36887514
37005980
37076955
37096030
37098117
37123750
37183393
37234673
37254757
37301013
37307398
37373589
37415663
37425820
37459399
37530721
37577367
37609810
37614390
37675919
37750044
37781809
37845187
37850681
37855813
37871689
37951232
38095687
38121294
38151428
38160492
38215952
38222730
38252875
38254966
38310908
38408638
38446696
38453768
38482149
38504120
38824913
38840627
38861356
38870132
39056409
39243483
39321606
39326758
39362247
39395893
39401590
39421964
39582613
39688519
39778654
39822565
39928817
40001025
40164352
40168236
40328496
40671570
40724901
40779624
40818703
40865490
40903138
40960067
40981295
41283546
41285607
41286864
41294963
41398626
41441868
41477852
41478807
41569682
41805195
41856164
41867272
42051603
42086251
42197749
42213000
42221699
42297858
42435437
42456267
42592435
42595902
42859728
42986642
42993963
43104337
43108590
43184223
43240899
43277325
43453841
43535873
43535978
43612058
43686943
43934600
43967959
44070277
44152944
44451964
44545745
44599867
44851715
45002913
45111299
45184976
45308560
45391268
45450183
45756987
45818068
45830718
46001613
46006290
46219823
46315435
46323667
46554512
46705682
47139513
47188647
47209934
47216435
47223195
47633239
