48058522
37078428
44638360
40945157
40818502
37052500
40529543
47491543
47854978
35322329
30229260
14505171
1642310
47658982
47619495
47632970
3020399
29650066
34268940
44474780
37061663
36748465
47427344
46659603
869561
37391952
34134004
44070277
15789805
1701337
31448506
14522191
40202215
34288861
37183393
256652
47417343
26105
46001613
40328496
787957
41436722
833768
37422961
35356466
1508454
47131837
46025386
38215952
28094275
43376737
13797691
47179247
46312370
39826543
907173
41359295
47223195
43740077
43134729
38697157
47188647
16652077
789336
45023377
44599867
35008493
514070
8859801
45803840
2238228
35949017
41285607
36459387
30283038
44235508
46969039
38504120
47004168
29931219
30664623
16450480
46670601
30251532
46719510
11967091
16050617
41630304
31049200
15596225
36058595
47022912
1200306
885936
36080478
40903138
1877530
638020
13999431
46487027
36660866
33012343
596167
119376
45558296
46908782
46132779
16692985
33897158
35586471
20172814
32685060
11798
350737
6299361
559985
46972263
42297858
36050
41350753
8112301
39084150
35877616
1118118
2382510
139494
43325241
8627671
6734001
115987
