8852
11798
17790
19985
21025
24207
26105
28997
36050
37712
40511
56769
58535
67330
69285
71508
78251
84836
91837
92147
97669
103242
108069
109567
111177
114333
115595
115986
117762
118630
118773
119627
121141
124445
125164
130236
130444
131508
136170
137989
139524
143381
144295
150060
151503
152140
154501
155881
157250
162185
163171
163421
168310
169492
169552
181052
184413
190811
193119
193832
198203
210025
212171
215334
221218
222023
223039
224690
224884
228216
242142
242914
243019
243813
251442
254313
256478
257760
263538
265968
269343
271683
278505
279576
289548
293119
295791
301225
302358
303254
303456
307707
309205
309614
309720
311546
311616
314025
314360
317413
318752
318895
324365
334603
339311
346426
348152
349648
350218
353810
357656
358860
363274
365086
368985
372064
377166
380600
382119
385838
390734
403976
404699
404853
406170
406988
407847
408362
413470
416060
416496
422655
429561
431858
434085
436144
440070
440114
444933
445464
453899
455308
473842
475959
477713
479501
482289
485069
487223
493429
497051
497208
498674
500695
503802
505954
515657
516284
527129
534766
549311
559670
559985
568884
570541
580314
596167
600355
607240
609676
622477
623478
627356
627916
643918
659560
660465
682423
683538
712677
713850
716805
719713
719993
728110
730949
734912
735279
741879
747594
754264
756414
757801
758106
761552
763061
776676
781926
786242
790656
791025
811271
812739
820506
828956
831740
838331
838598
842198
842663
846797
848352
858479
862201
866040
886146
895239
907462
920558
935100
935615
940263
941830
950759
954799
961336
969614
978753
982280
987218
990990
991758
992282
994342
1003234
1022769
1026194
1029377
1040154
1047633
1048226
1054168
1055958
1055997
1056061
1056519
1076032
1077000
1078333
1080527
1083680
1085669
1088689
1088701
1103279
1112602
1115425
1115734
1153220
1164446
1168460
1169375
1179102
1189545
1198813
1204656
1205213
1207820
1225489
1228860
1233127
1252982
1256395
1258089
1264377
1266819
1266829
1278381
1286749
1289219
1318852
1340482
1342318
1343317
1350184
1350272
1372660
1373412
1384829
1392378
1397545
1413128
1420549
1420777
1443249
1446315
1455538
1462491
1464484
1465282
1466062
1471057
1476291
1480870
1482574
1482604
1483625
1508454
1534405
1555322
1558301
1562952
1572009
1575989
1589095
1593404
1597959
1602057
1604359
1607768
1617046
1619907
1628437
1634403
1636716
1639492
1643612
1644637
1659508
1660544
1680956
1688338
1692653
1714273
1784553
1799265
1800077
1828630
1832738
1850290
1877530
1881390
1888188
1893828
1895100
1907476
1907628
1914016
1916396
1933810
1937354
1939360
1955320
1970132
1989098
1991244
1995338
1996388
1999068
2000322
2003752
2014900
2020516
2021832
2032126
2046922
2050286
2060950
2108326
2175706
2182240
2194822
2222796
2227824
2230652
2251142
2257306
2262102
2267930
2272366
2282130
2285794
2288902
2339528
2342878
2350512
2350592
2354946
2377606
2384436
2394078
2417956
2419708
2504248
2512298
2531326
2538844
2550754
2563360
2566586
2584484
2607962
2635494
2644784
2649988
2655588
2655838
2662664
2680522
2695594
2700012
2708822
2717132
2723622
2756600
2795598
2799252
2802716
2811256
2816486
2819352
2825166
2844608
2848124
2915886
2920504
2944724
3002476
3019715
3036211
3043357
3054360
3057643
3065904
3070868
3075940
3109509
3124904
3136674
3138907
3153572
3170132
3172294
3172424
3528481
3536441
3566931
3594481
3705401
3960961
3989901
4064581
4087421
4196451
4199871
4339531
4370721
4526851
4692961
4776021
5119571
5428941
5815311
6422281
6490561
6506871
6560971
6606571
6641851
6692861
6738701
7041271
7130251
7133671
7211261
7221621
7385441
7430491
7539891
7778321
7818581
7921831
7951761
7956891
8065641
8156421
8334881
8417201
8483641
8684091
8697461
8942281
9081641
9363521
9557721
9593731
10009821
10298341
10854591
10886561
10887981
11123221
11181401
11508841
11703781
11744331
11966071
11967091
12056021
12128141
12181571
12469951
12735811
13797691
13999431
14521341
14788301
15157821
15241861
15542713
15559884
15577882
15580265
15592264
15596225
15610501
15628287
15630576
15650126
15652415
15699763
15707239
15710707
15723300
15734450
15746830
15781165
15797480
15811258
15814942
15839444
15986396
15987420
16025504
16029024
16039001
16072012
16099995
16101208
16126486
16151056
16198164
16214100
16237057
16344409
16569283
16676209
16682296
16695088
16741075
16758676
20172814
20200609
20201428
20326693
20345077
20347216
20387101
20390872
20411596
21175567
22410569
24105190
24694309
27025456
27080734
27121567
27122866
27195769
27298831
27453715
27610981
27630118
27698428
27879771
27886834
27940307
27946325
27967578
28094275
29055640
29065912
29071738
29099432
29099868
29126540
29162156
29170407
29193280
29194068
29196923
29215737
29248277
29258113
29333654
29521709
29528368
29539863
29610149
29616322
29638879
29810182
29811414
29817534
29821038
29831504
29902611
29965545
29966076
30007773
30064861
30101195
30127381
30137910
30161279
30163207
30194192
30240854
30282239
30282354
30283509
30386736
30389671
30396184
30397966
30407419
30421968
30459554
30587329
30600093
30686173
30691649
30704756
30753296
30756032
30802627
30822269
30827569
30938099
30941829
30956699
30960870
30984886
30998896
31009306
31027722
31030722
31097846
31105997
31128614
31172637
31225367
31233129
31234157
31236444
31278984
31313419
31344298
31353623
31404463
31405396
31421106
31422604
31431900
31440511
31492784
31497787
31562610
31571358
31576946
31644084
31668727
31670149
31670804
31714930
31726269
31769878
31776631
31776936
31776999
31777035
31777061
31845460
31849548
31916219
31920110
31985691
31999191
32004730
32011145
32021859
32026156
32044253
32069093
32092705
32112130
32130725
32210694
32217369
32231817
32235194
32252817
32255852
32256027
32256164
32298149
32306230
32309583
32318473
32325098
32353250
32355871
32363494
32368875
32387580
32390084
32394927
32421696
32421794
32444603
32469495
32469717
32478036
32495626
32496446
32496714
32496777
32522806
32543426
32592284
32606992
32609383
32614942
32654523
32662429
32687970
32698748
32709291
32719477
32721803
32726359
32898389
32948146
32972729
33015800
33031869
33046106
33116657
33129246
33158741
33168328
33181286
33187551
33194995
33199410
33235967
33292729
33307638
33312042
33388120
33432979
33434966
33450215
33455219
33465750
33471284
33510685
33514615
33519359
33534627
33565098
33596879
33639678
33713157
33720587
33738435
33763813
33832825
33841903
33842081
33847446
33848398
33904871
33945504
33946798
33946922
33947103
33968532
34021836
34039531
34059576
34067941
34068051
34068148
34068319
34068582
34068717
34068971
34099270
34110502
34112502
34115885
34116004
34116117
34116180
34116452
34116492
34116541
34119924
34121565
34121591
34121622
34121658
34121680
34121719
34121774
34121799
34121929
34121970
34122442
34122815
34155513
34168714
34177533
34194247
34198658
34212482
34234997
34240403
34297224
34313704
34315187
34317415
34354561
34385049
34387564
34402408
34402433
34403213
34427418
34427483
34427658
34427729
34427791
34428916
34429050
34429175
34429344
34448766
34448804
34448833
34448884
34448930
34449236
34449261
34449342
34449415
34449458
34449534
34449574
34449618
34449661
34450281
34450382
34450419
34450461
34450507
34457871
34460855
34510251
34524868
34606773
34627725
34632631
34677502
34803721
34818170
34839033
34884676
34934984
34936371
35008493
35029355
35040168
35052576
35086110
35110826
35119972
35125978
35126178
35126475
35127103
35166323
35246303
35279376
35322329
35344935
35346144
35346444
35347240
35347401
35347602
35356466
35360059
35360234
35364353
35365833
35404855
35411159
35445031
35468631
35468941
35472623
35495855
35497249
35542164
35572609
35583392
35583572
35584100
35584183
35584341
35584508
35584847
35585213
35585372
35586471
35608300
35655253
35658308
35700308
35708425
35708590
35708608
35708677
35708830
35712214
35727758
35755127
35757014
35783624
35793405
35810416
35810490
35810867
35810910
35810971
35811103
35811340
35811407
35811662
35814628
35814839
35852827
35853753
35883137
35896932
35896969
35907515
35911395
35919467
35919882
35948177
35950803
35951882
35976020
35976180
35983367
35997913
36012652
36018657
36018978
36026995
36036876
36045525
36045639
36052561
36090835
36104804
36139539
36142896
36149962
36159055
36159271
36183151
36197702
36206173
36206405
36233947
36239310
36239397
36242782
36251154
36253880
36292045
36297461
36299528
36303883
36305051
36318699
36318872
36327691
36342850
36362831
36372252
36375907
36385914
36387341
36387705
36410007
36414323
36414550
36414961
36415093
36415690
36416159
36420006
36420233
36441433
36441852
36442493
36442859
36457533
36457854
36458371
36458694
36479606
36481400
36481591
36483202
36483358
36484251
36550903
36573271
36575242
36579913
36580069
36580945
36583105
36594108
36598868
36599245
36625764
36696017
36742325
36753181
36784481
36834514
36838004
36853590
36856328
36879805
36887514
36908867
36941026
36991232
36998067
37036907
37047665
37049869
37076955
37094341
37096030
37123750
37150861
37198383
37234673
37250036
37250540
37254757
37257065
37265652
37296202
37313925
37322158
37332488
37488562
37609810
37684601
37694265
37722812
37725674
37779628
37809441
37850681
37854483
37855813
37871689
37873266
37881385
37937221
37946689
37964412
37987137
38012361
38018690
38053993
38061995
38067335
38095687
38099266
38141504
38147231
38180205
38181860
38182077
38186143
38202997
38206730
38246013
38285285
38307517
38353535
38424129
38501671
38503242
38512142
38537711
38613225
38631141
38640178
38663403
38733844
38878926
38885697
38886256
38886464
38886514
38962779
38972138
38987674
39116230
39219000
39362247
39432003
39471098
39517521
39595747
39604976
39661772
39702345
39702742
39703712
39826347
39880797
39969276
40005999
40009391
40060307
40273966
40274359
40280338
40287750
40328496
40369823
40374533
40405511
40427445
40437157
40447022
40479611
40582857
40593918
40630452
40714247
40801268
40818891
40865490
40877485
40972605
40990078
40990236
41019942
41060137
41096713
41145511
41195199
41197966
41225405
41268741
41315789
41324465
41349230
41398626
41399161
41452758
41477852
41552743
41552820
41587978
41622781
41645642
41657338
41683713
41714204
41763343
41767074
41834390
41905998
41907077
42156302
42157258
42267379
42363381
42447539
42451931
42549059
42581711
42592435
42634391
42699716
42742458
42832604
42993963
43021651
43104337
43384617
43477110
43612058
43884592
43923609
44007420
44060828
44186802
44442114
44554411
45027825
45109725
45587233
45869582
46012061
46082653
