9134
11798
18635
28137
36050
73744
119376
153160
157250
193832
194365
206534
209124
219392
228748
253770
289548
311546
321102
322086
336159
351166
355752
356041
357237
390411
496838
502799
511876
514070
522830
538842
559985
596167
672965
771064
790656
814974
833768
857179
885936
954639
979013
1008866
1029377
1053903
1055997
1072650
1085145
1085669
1146459
1167248
1200306
1322549
1340482
1354597
1369502
1390207
1397526
1451909
1464484
1477035
1478550
1564659
1634403
1642310
1688338
1737273
1820663
1877530
1892260
1895100
1898930
1940432
1993354
2043944
2050286
2178078
2189616
2194976
2234476
2257306
2313196
2474340
2491948
2514434
2534466
2538938
2567778
2630504
2670044
2756024
2811256
2831258
2872166
2944724
2953366
3140811
3153275
3164575
3235457
4098391
4132931
4803181
5048441
5119571
5815311
6490561
6499981
6796441
6880751
7158451
7221621
7474171
8329381
8604821
11229861
11465711
11967091
12128141
13797691
14046131
15231521
15559884
15583108
15596225
15623990
15754928
16030160
16050617
16117522
16156280
16652077
16692985
20150803
20172814
20261668
20314600
20505799
24232080
24451259
25162422
27057838
27588004
27889049
27896356
27913213
27941612
29015921
29131195
29145300
29187465
29233692
29311548
29463754
29616322
29638879
29663232
29777439
29870016
29931219
29939733
29956289
30007773
30101195
30136276
30161279
30229260
30242089
30283038
30736887
30766738
31009306
31065007
31082396
31172637
31213066
31225367
31265564
31313419
31372272
31409774
31474582
31478552
31525614
31562293
31649667
31654607
31705405
31766278
31781162
31797942
31887466
31916219
31976226
31988181
31995113
32133313
32288681
32295746
32302017
32444603
32482658
32522574
32522806
32561562
32603445
32636782
32662280
32663767
32665248
32698748
32797901
33012343
33015800
33046106
33052341
33106804
33139046
33147620
33158741
33194995
33228745
33292729
33359260
33432979
33446198
33450215
33455400
33461345
33471284
33548178
33596879
33654851
33687535
33740996
33778662
33811255
33860932
33877492
33887023
33968532
34042846
34093276
34094382
34176815
34202948
34212482
34261097
34288861
34297224
34385049
34439726
34442237
34460855
34497385
34517156
34595388
34608438
34651665
34770777
34787575
34834788
34841582
34844369
34854916
34855714
34856477
34859173
34874376
34935671
34960588
35008493
35019422
35053786
35082686
35106960
35180320
35204701
35241545
35322329
35356466
35373146
35417620
35432457
35482588
35497249
35514562
35580368
35586471
35599492
35621769
35648534
35704433
35743322
35757014
35787021
35830900
35949017
36058595
36147242
36159071
36165552
36233947
36292045
36295327
36305051
36355207
36421773
36427374
36473370
36478175
36479606
36496295
36525623
36583105
36614252
36644610
36654419
36656233
36660866
36663285
36677803
36696017
36753181
36775529
36817999
36834514
36846620
36865090
36912670
36991232
37005980
37036907
37043833
37049902
37054012
37061663
37076221
37076955
37078428
37094341
37096030
37112282
37123750
37138991
37177606
37183393
37212632
37228149
37230188
37234673
37254757
37425820
37438662
37488592
37506011
37516502
37529790
37545051
37546190
37563071
37564923
37580198
37590878
37609810
37631762
37649575
37649718
37721141
37722812
37734906
37788492
37809441
37855813
37860989
37873266
37885598
37937240
37938734
38003559
38032583
38061995
38095687
38099266
38141202
38141309
38215952
38242740
38252875
38322629
38353535
38441833
38502299
38504120
38538968
38564916
38607770
38640178
38862178
39010033
39442196
39683755
39688519
39890437
39969276
40008024
40023910
40157713
40287750
40328496
40344160
40517135
40818502
40865490
40903138
41018492
41250206
41283546
41285607
41359295
41398214
41569682
41583566
41587978
41645642
41871077
42056861
42162600
42213061
42297858
42913775
43021651
43104337
43698619
43803536
43821616
44070277
44138952
44189226
44189677
44225465
44269315
44283738
44412070
44412078
44433601
44459233
44599867
44648586
44729966
44838960
44909512
45030226
45113964
45184976
45274605
45450183
45519214
45521473
45575711
45663081
45756987
45760294
45760437
45800673
45803840
46012061
46046013
46219823
46345088
46539941
46576248
46579728
46619169
47188647
47411493
47484822
47485729
