11798
13481
28137
36050
77820
119376
130444
179814
193832
240053
240936
253770
285574
288983
289548
339545
347700
349715
367859
514070
549311
559985
590561
596167
757801
761552
764211
771064
833768
885936
949308
954639
997522
1029377
1085145
1146169
1208541
1228036
1295513
1313728
1508454
1564659
1623439
1634403
1642310
1648582
1661064
1683427
1701337
1848262
1877530
2050286
2098570
2264584
2276526
2560106
2567778
2574908
2630504
2707220
2798750
2802260
2811256
2831258
2864498
2944724
3025051
3062520
3124052
3153572
3168506
3235457
3899521
4098391
5048441
5709121
5815311
6299361
6796441
8620191
8697461
11229861
11967091
12128141
13797691
13999431
14505171
15231521
15541399
15557473
15671315
15706969
15729279
16030160
16050617
16072171
16073157
16222548
16652077
16692985
20172814
20189725
20201428
20314600
20390872
27175597
27364744
27799810
27803920
29004482
29027196
29099432
29131195
29534878
29612401
29638879
29650066
29931219
30136276
30140934
30161279
30229260
30288499
30413324
30500803
30567215
30664623
30887939
31082396
31128614
31172140
31267339
31394077
31448506
31525614
31727017
31766278
31781162
31869643
31880815
32182070
32198187
32244163
32314695
32355871
32385196
32390084
32406594
32444603
32558859
32561562
32602129
32603445
32703125
32747470
32883304
32911803
33004543
33012343
33015800
33052341
33106804
33188785
33251267
33251512
33292729
33429447
33455400
33554371
33565098
33596879
33657823
33667720
33724637
33741778
33829013
34021836
34083253
34134004
34149973
34176815
34202335
34216628
34240403
34261097
34268940
34281074
34297224
34313704
34354861
34409116
34438406
34466402
34523477
34595388
34612997
34651665
34664661
34714895
34804432
34844519
34884676
35008493
35049478
35052576
35063638
35158730
35182649
35241545
35293894
35293985
35300210
35322329
35356466
35485540
35497249
35557435
35561457
35567786
35586471
35652721
35793405
35885962
35949017
35971388
36042022
36145887
36149962
36161663
36180558
36203865
36223368
36264954
36394019
36400299
36405493
36413583
36573470
36614252
36660866
36722553
36863105
36879718
36879805
36957144
36991232
37045120
37048405
37054012
37061663
37071754
37094341
37096030
37098117
37124606
37135103
37177606
37183393
37201219
37282327
37313925
37321660
37350815
37503705
37545051
37584972
37590878
37592484
37609810
37619643
37643800
37736681
37754298
37769551
37815761
37850681
37855813
37859556
37871689
37881385
37921378
38001692
38012361
38022316
38065482
38067335
38095687
38099266
38111785
38134097
38181860
38182077
38184493
38215952
38252875
38285285
38391762
38502299
38504120
38531018
38538968
38541316
38553073
38565443
38594007
38630457
38742141
38860322
38873307
39174653
39182556
39249006
39255036
39423203
39480855
39498303
39604976
39645605
39688519
40024934
40038326
40154620
40239593
40304817
40328496
40344160
40376269
40479611
40627321
40678592
40720638
40735688
40786301
40818502
40841626
40903138
40956987
40960557
41003588
41018492
41051127
41062588
41105538
41203402
41250206
41280317
41283546
41291410
41327506
41359295
41398012
41398214
41398626
41399161
41420682
41441868
41459005
41477852
41514691
41589302
41591751
41615480
41645642
41655329
41669770
41763343
41785821
41791843
41856164
41871077
41905998
41991060
42162600
42257680
42279793
42297858
42314463
42536044
42584673
42586385
42592435
42698273
42726156
42970899
42986642
42993963
43021651
43037022
43097358
43104337
43115345
43158835
43172247
43373445
43376737
43428455
43532870
43566415
43612058
43686943
43712100
43719501
43734740
43740077
43770594
43834516
43841877
43924687
44007420
44022817
44030022
44070277
44093896
44095886
44165505
44182551
44221798
44412070
44412078
44433601
44442114
44459233
44519246
44599867
44682025
44724275
44752682
44775968
44782872
44868656
44954164
45107432
45132026
45158155
45184976
45205418
45223643
45356125
45447015
45521473
45671028
45723298
45760437
45818068
45830718
45955920
45980047
45984961
46006290
46012061
46025386
46046013
46213120
46219823
46258510
46315435
46345088
46394803
46522100
46576248
46919984
47101780
47177102
47183565
47223195
47349661
47420339
47427344
47468131
47520005
47621523
47644622
47645684
47734735
47752079
47799520
47850346
47862000
47879008
