46834358
40818502
3032431
37962279
46345088
30664623
44803077
35793405
1898930
37124606
35951610
46543029
34656089
37750044
44412070
30161279
44545745
38296369
33167125
47752135
36353300
31649667
30692628
30136276
47698924
47102461
29027196
47131837
44519246
45176306
46185226
47619495
43762390
45996525
45956771
45931867
36660826
31394077
47360336
41350753
35485916
44474780
37191019
39140353
1621375
40168236
39193270
46328525
45525248
38087037
46659603
35883998
34268940
38894593
336159
47398570
35532108
35949017
45521473
44070277
38385633
16710268
975165
47569242
45789566
39139537
47523167
40464318
31974640
36748465
1430045
256652
41856164
29650066
37391952
47176019
33375253
2560106
47490869
47427344
47122833
37183393
40202215
33012343
26105
40328496
44002156
14505171
833768
15623990
44599867
38215952
46025386
869561
41867272
28094275
47298198
45890261
33794697
32041576
33667720
46312370
3020399
47223195
37054012
885936
47188647
32595977
16652077
45023377
28137
33887023
45002913
40903138
35555374
30283038
596167
47022912
36080478
29931219
16692985
42405041
38504120
41359295
43791882
39886727
43060808
954639
34161684
46001613
38095687
20172814
46153013
46219823
514070
46006290
30251532
46424470
37061663
1085145
2050286
46425603
41871077
42297858
13797691
37177606
1975098
789336
350737
45184976
35586471
6299361
15724439
46315435
952584
35008493
34867581
34161633
5658921
36058595
42162600
36092519
43413766
42699517
119376
37043833
46216789
41852820
35580368
38594007
43686943
44030022
46132779
559985
36660866
36050
31823428
34039531
29638879
31880815
34110308
38630457
10887981
30991006
33490641
34936371
42102
1895100
35480820
33177460
34270602
31736313
3176541
2393868
10520
11798
2604976
8901851
1877530
181052
1039649
31807691
1168352
31749438
31743647
