11798
36050
113863
158963
188420
191777
193832
206534
221477
254692
289548
291684
311546
319205
336159
347700
487840
522830
549368
553112
559985
595215
596167
649469
661509
672965
783510
790656
833073
842663
861905
885936
935968
954639
1008866
1085145
1088531
1130144
1146169
1200306
1289194
1313728
1334924
1426299
1458824
1468995
1477035
1564740
1634403
1873720
1877530
1882624
2050286
2238228
2417228
2450842
2811256
2815434
2831258
2944724
3053087
3079426
3153572
4255031
5815311
6490561
7050671
7670691
8784821
9631681
10186131
11967091
12128141
13825821
14046131
15102371
15231521
15640419
15652765
15724439
16050617
16099995
16568680
16692985
20172814
20390872
27884465
27966128
29185215
29226796
29584654
29663232
30101195
30229260
31140147
31209204
31367431
31421106
31443847
31668088
31766278
32121230
32224897
32390084
32444603
32454918
32638739
32764561
32856677
33052341
33181286
33232042
33292729
33455400
33471284
33548178
33565098
33596879
33650487
33667720
33796498
33811255
33822124
33864894
33881883
34021836
34028128
34134004
34176815
34202335
34261097
34268940
34297224
34387564
34553126
34664661
34714895
34844519
35008493
35021150
35309271
35310144
35322329
35356466
35497249
35580368
35959134
35991661
36058595
36148068
36200075
36413583
36583105
36660866
36726098
36753181
36783488
36991232
37054012
37094468
37191019
37203463
37234673
37282818
37321660
37580198
37590878
37609810
37619643
37642160
37722812
37797929
37850681
37855813
37873266
38095687
38112059
38182077
38342886
38410704
38421243
38531018
38538968
38594007
38630457
38866331
39249006
39517521
39688519
39969276
40328496
40344160
40903138
41170699
41250206
41388309
41477852
41514691
41547182
41645642
41763343
41856164
42116343
42177082
42200942
42213061
42235052
42297858
42468526
42584673
42586385
42592435
42925195
42986642
42993963
43383305
43458483
44061602
44182551
44412070
44791011
44791361
45107850
45109725
45184976
45194173
45260770
45316213
45318521
45449664
46001613
46133173
46315435
46529734
47452605
