30792741
44011125
40678592
30348316
35875426
44070277
38504120
29931219
42297858
16652077
33012343
37183393
41856164
34664661
16692985
44233189
156376
954639
38252875
35867886
46730204
46698715
833768
46539941
46519065
39688519
46012061
44412070
1085145
46437028
46006290
45303065
37321660
34714895
46315435
39243483
44909512
24655228
43104337
2707220
38095687
42586385
13999431
42162600
3095324
34387564
2574908
34176815
44214452
43734740
43016837
29638879
45107432
29004482
289548
31654607
32288681
30696473
44442114
38441833
16099995
30206340
33565098
39517521
42913775
20390872
37609810
38067335
33455400
44171961
1910430
39480855
41514691
33881883
5815311
43821616
31766278
42986642
42993963
37921378
39956902
37642160
1700577
8877
38034909
38182077
38285285
4255031
32182070
42726156
42699716
37672932
40720638
39969276
825239
42634391
42592435
42595421
42556317
757599
42549059
38087037
37855813
40577916
42413642
42206419
997522
42311020
2689610
6796441
42266974
29534878
37045120
42201057
42151956
37096030
28137
37850681
505735
14471931
37871689
35586471
33188785
42125646
40199202
42101987
27123661
36879805
36863247
35008493
2450842
41763343
37061663
41477852
37389267
41905998
36400299
41879250
37054012
2630504
27884465
37619643
35531087
39498303
1200306
39819713
34470821
33015800
41398626
37545051
2724988
36494446
31172140
41645642
41399161
649469
2944724
31030722
2050286
35658308
39683755
41250206
40328496
35497249
34268940
20314600
31367431
33239512
36449254
40304814
2394508
36824816
5879261
35322329
35793405
33654851
40089827
37296920
39412883
33553623
1373118
38630457
37794049
38866331
40369823
40184958
37947145
37987137
33232042
37234673
29311548
35376078
27966128
38785029
38141236
339390
32325098
37963733
38975205
31819967
39109611
36479606
20347216
6490561
34261097
33194995
311546
36838004
29673090
38607775
38459305
37873266
33811255
30161279
39140353
487840
39100158
30681090
35983367
20172814
32522806
36228861
39009764
38987674
38975779
38862178
30567215
38963248
36930251
16158500
30547038
36660760
35580368
33471284
38151428
35853753
36098654
38204030
38590644
29233692
2534908
37235728
37222860
38671921
33848599
30314130
14162821
790656
37182818
37168576
36991232
38677786
6982121
37727399
16012710
989374
36344279
819604
38669006
35997913
29244483
7184771
8425811
522830
37962245
37580198
38594007
36620751
889383
15989122
38594102
30699685
37462868
31120081
37833786
20449939
37789993
1634403
20181019
33292729
16036066
35297357
947142
29501421
870226
29653756
38522419
30444363
31213066
147854
37298467
36073914
38602801
37069775
442618
37726835
1567930
37590809
32547408
37177773
36818413
3049907
16551967
1784155
15631017
38546417
37027133
33245845
38508546
323374
37499649
36287210
38421243
38059889
2703390
29144682
33596879
38099942
34649292
2048896
38252256
6495561
31684917
37118395
36610427
37203463
32389844
14190
32460313
36261291
36925844
33868748
32426694
33093114
37971407
21213599
31738109
747675
37061732
37050730
29520899
30137038
37117433
37852589
36569450
143381
38207003
595215
885936
3039134
1549534
286780
33113932
22870373
37593386
16681006
7266361
617637
330617
34502735
33220855
2514532
35725748
14099171
15738598
32278143
2408716
33008968
15829710
1030937
1254215
32780609
31103449
32820504
2317946
16015908
29117363
35943701
596167
30736330
29062726
37271813
2707502
34873497
15997048
15795455
33219460
1380427
31085593
15811108
38219123
2722208
36202831
37522074
1446315
38506071
15785160
914546
32335668
1195626
34013992
8712201
20223091
2534114
36181902
35853735
36148068
30101195
33493428
36299528
3226353
37282818
347700
6299361
3014848
38141504
37885598
36124522
34385049
31313419
29263308
37094468
38121509
695919
672965
1314686
38034973
1877530
29101098
37516314
34854916
16089037
20150803
34281074
33152906
35313339
33718512
35356466
38026750
11798
15596225
36050
36865090
829690
228748
9560641
36626226
13797691
36304422
36583105
36292045
1895100
34154698
3061684
29777884
33003093
27757705
31027722
16060521
34508594
29066950
11229861
559985
33714597
396027
335556
996224
1179102
29099432
10754731
1712001
51268
150209
