16073157
45525248
45760294
46345088
46473934
43158835
46576248
47940925
39011023
952584
30692628
1450237
36413583
30336008
46411886
40982067
46226352
41399936
1786143
43236174
42027587
29777439
38296369
47176019
37391952
38065482
24655228
44536810
29650066
1430045
6002901
38022316
47358620
44070277
44545745
35703455
37251405
32676884
37183393
1313728
47452605
31781162
47417343
35949017
30430820
36405493
30229260
2560106
36748465
37422961
43947541
44599867
39139537
47401530
833768
38215952
46908782
30136276
34656089
43376737
36643797
38541316
47223195
33887023
37138991
47185291
885936
14505171
41867272
47101780
47061639
36080478
34313704
35959134
33012343
43184223
46533046
46532857
47018521
596167
34664661
46991491
45235954
30283038
42297858
29931219
46967339
40903138
46532273
46532233
46532128
46531466
4993381
41578923
46956787
46956493
45424770
46531170
46531118
16692985
38504120
46831479
46001613
514070
16050617
46533128
954639
42811248
46504632
35309271
46481292
43033878
46460529
46213120
44412070
1085145
38252875
45184976
41871077
43712100
37321660
44909512
46315435
46287249
42734274
45391268
45787273
16575364
2707220
46008974
3168506
43740077
37425820
43686943
43924687
34288861
34651665
1564659
38181860
44430385
2864498
42468526
42586385
41856164
33292729
45679827
45639247
34595388
36092519
33052341
42162600
44775968
34176815
13797691
38630457
44007420
35279376
45361836
1470788
35021150
42584673
36682596
29638879
36353300
36058595
30008136
37788492
44838960
15596225
15231521
45107432
36726098
45109725
45107850
45179345
34844519
1634403
15640419
38095687
37114522
1873720
43021651
31988181
29004482
36663285
37054012
45025557
43610478
44114714
2365508
27454525
44163334
44978239
289548
35192754
36538189
11967091
36660866
39498303
12128141
44203347
36161663
44442114
44457516
37609810
20390872
34315187
41648804
41752041
32390084
39480855
35366575
36177229
38067335
33455400
43612058
36863105
34475518
29584654
37061663
41514691
39592726
40284234
20201428
36313076
32444603
43907326
463601
37921378
5815311
43821616
38099266
36504922
38531018
40465984
38012361
41250206
43718955
42993963
20314600
31766278
29226796
41591751
40648907
32244163
42986642
43097358
33152906
39958830
39956902
37642160
38182077
42726156
40982320
4255031
32182070
34202335
38777646
3055894
1460367
15652765
37140982
37459399
41547182
37881385
2482814
3020399
42213000
356041
90796
8697461
42592435
15557473
37859556
39969276
38087037
37855813
39249006
16231491
42496964
6796441
39007267
3163170
42452426
2811256
40577916
42448682
41689901
40627321
997522
347700
2944724
15671315
1605053
31172140
28137
33015800
42197749
37850681
37619643
37096030
35640554
37071754
2215016
37871689
41511205
37474465
35773220
41899444
35356466
35531087
24522829
29534878
15797480
36573470
35586471
3899521
1877530
36991232
38594007
41850586
41905998
1200306
6299361
27175597
41645642
41477852
35008493
32376022
35652721
2450842
37608429
38088613
41763343
422836
41398626
34021836
34427918
41655329
842663
130444
37282818
41805046
36400299
41886838
321102
41879250
2630504
35497249
41695134
37545051
41492643
41360562
41345872
41199637
38800942
40328496
2050286
1636977
31448506
35322329
34268940
40724820
40596747
40593603
40398270
496660
11798
35580368
559985
38622085
40354751
38858875
36050
33471284
40213597
1895100
39961895
20172814
39189354
37873266
37845187
38309201
3109509
34385049
36583105
38050668
31649667
1737273
35956760
37230188
37254757
181052
33446198
37217701
36159071
37123750
37178043
37043833
36424712
36291717
36285175
36252971
35545863
34968888
34903784
34712470
34228694
34063146
33766945
32414207
32321469
31952645
31948542
31938630
31338438
31115323
30955330
29313932
27919616
27224959
27224389
27214780
27116401
20429947
16301821
14350821
13603241
8421161
8340951
7031941
6892181
6768351
6561061
6497431
5954791
3163481
2957876
2514946
1992468
