5003
9701
11515
11798
18128
18635
26105
36050
53132
67813
74747
76934
78789
93248
94649
99465
119376
126356
128693
132439
134959
136971
150416
157250
172800
176365
181052
185778
194365
199250
224778
234297
262103
275428
286325
290563
310165
331561
366963
562858
565791
596167
635944
639822
662792
716777
834022
954506
964092
971065
1025695
1029377
1146459
1231476
1286076
1546064
1601956
1615461
1693934
2003798
2014904
2040840
2041258
2044694
2150842
2178586
2482976
2487856
2698336
2715074
2825260
2882012
3020399
3024929
3074284
3076087
3098431
3823561
4926571
5580171
6080911
6299361
7595571
8314551
8410561
8450161
10802691
10875851
11111411
11967091
15640419
15706969
15724439
15751396
15988020
16102520
16117522
27172804
27338806
27782242
27872259
27888568
29004482
29071738
29105957
29145300
29215680
29241068
29317550
29637020
29638879
30229260
30245223
30291452
30330811
31064035
31172637
31277925
31409774
31486297
31718186
31729428
31732081
31736453
31766278
31784356
31817490
31880815
32135740
32183678
32222579
32294285
32398931
32510395
32625132
32638739
32681042
33012343
33106804
33247572
33298365
33363448
33491266
33664033
33780111
34158370
34191636
34218848
34387564
34656089
34741968
34759938
34807676
34844519
34845626
34854332
34884676
34892101
34981474
35008493
35157834
35309271
35313145
35317686
35327422
35356466
35409672
35580368
35586471
35587625
35648534
35703455
35793405
36058595
36080478
36136373
36170647
36294289
36381646
36413583
36491612
36496547
36785613
36887514
36969623
37054012
37061663
37114482
37391952
37410772
37571704
37631294
37773143
37810108
38007096
38037030
38095687
38098784
38181860
38215952
38691360
39155143
39568847
39645605
39688519
40318244
40457835
40464318
40574364
40903138
41283546
41689901
42970899
43049432
43060808
43104337
43236174
43318137
43791882
43840381
43967843
44070277
44159847
44165505
44249266
44433601
44571152
44789299
44992153
45316213
45391268
45449664
45481747
45496545
45505081
45513062
45564515
45610986
45830718
45849929
45916172
46133800
46213120
46279408
46315435
46340306
46462044
46463231
46499955
46500028
46500125
46500147
46528297
46528371
46528415
46529348
46529377
47427344
47619495
