4
6862
11798
18128
18635
28137
36050
51268
73744
90796
102527
109049
119376
139713
142455
160005
169492
173801
181052
188483
193832
228271
228748
245725
254965
271883
289548
306743
311546
316755
335556
347700
350046
351192
378152
385838
480783
511876
514070
559670
559985
596167
600355
627356
761552
776919
780475
829690
832244
833768
852997
885936
940263
954639
976952
992829
996817
1053903
1054168
1085669
1095896
1101130
1110624
1167248
1198813
1200306
1236224
1239112
1265975
1295513
1313728
1340482
1354597
1390207
1397526
1398925
1418566
1427500
1464484
1480870
1519783
1544738
1562665
1564659
1611938
1620854
1634403
1640082
1643576
1658961
1662024
1685304
1698854
1787759
1795727
1877530
1881572
1882768
1895100
1905316
1910430
1922088
1993354
2009368
2021078
2050286
2057194
2064172
2189616
2215264
2227824
2433726
2514434
2688970
2756024
2784386
2806198
2810584
2831258
2987484
3020399
3025749
3109509
3124052
3126954
3136674
3193338
3235457
3536441
4309881
4920321
5119571
5377741
6490561
6604351
7202271
7221621
7703921
7951761
8458681
8958631
9317471
9961841
10529761
10706731
10754731
10852711
10887981
11018381
11229861
11388691
11703781
12032211
12242591
12665571
13797691
13825351
14962591
14991731
15546683
15578934
15604246
15608768
15666827
15703682
15755725
16009748
16014301
16022909
16029199
16074161
16174613
16184306
16550155
16652077
16695088
16749982
20163223
20172814
20201428
20202538
20285575
20390872
20551888
21175567
24226109
27134137
27164008
27230251
27239512
27254686
27462250
27550213
27759625
27817105
27871006
27903284
27967224
29004482
29085620
29099432
29099846
29124792
29217144
29309040
29534878
29582997
29596609
29600727
29616322
29638879
29654855
29663232
29754117
29813854
29876444
29931219
29956289
29997745
30007773
30008136
30119071
30136276
30161279
30203195
30229260
30253633
30283038
30285762
30307841
30411022
30425904
30454366
30471629
30518547
30704756
30991006
31059564
31063177
31070973
31081682
31082204
31140147
31172140
31174109
31190487
31287507
31296846
31313419
31328625
31421106
31431900
31438229
31448506
31453127
31460780
31479009
31499398
31525614
31543514
31641561
31645972
31649667
31654607
31686476
31727017
31759977
31760940
31766278
31774666
31781162
31789456
31887466
31922618
32004730
32007192
32011145
32041576
32043628
32044253
32092150
32133313
32182070
32198766
32300584
32307946
32355871
32390084
32444074
32444603
32469392
32469717
32495626
32496446
32496714
32496777
32522806
32581731
32614942
32638739
32644538
32781955
32797901
33002784
33004543
33012343
33015800
33046106
33052341
33158741
33187551
33199410
33284209
33285919
33292729
33420101
33429447
33446198
33450215
33455400
33461345
33471284
33521438
33556360
33565098
33596861
33596879
33657367
33681928
33687535
33698365
33720587
33727184
33811255
33832904
33877176
33881883
33900379
33931225
34021836
34037701
34067830
34085752
34093276
34176815
34191713
34194247
34198658
34205160
34212482
34240403
34244887
34261097
34268940
34270390
34306039
34313704
34315187
34385049
34387564
34393332
34460855
34466402
34472624
34591253
34595217
34595388
34612997
34714895
34777481
34818170
34829884
34844519
34853053
34875307
34931179
34934984
34935669
35008493
35134764
35192754
35200183
35241545
35292835
35356466
35390395
35398563
35485540
35497249
35504128
35561457
35586471
35640554
35648534
35692308
35704433
35757014
35787021
35886829
35911395
35951610
35970285
35971388
35976180
36058595
36090835
36132341
36161663
36228861
36289368
36292045
36299528
36307080
36313076
36342850
36353300
36362831
36366713
36494446
36496295
36525184
36578450
36583105
36753181
36879805
36900036
37049869
37054012
37061663
37071754
37075133
37076955
37096030
37114522
37123750
37124606
37162530
37183393
37254757
37257065
37266831
37311097
37313925
37350815
37545051
37580198
37590878
37609810
37619643
37631762
37675919
37694265
37794049
37845187
37855813
37871689
37873266
37904252
37937293
37950741
37978482
38012361
38018690
38022316
38033330
38053993
38067335
38087037
38095687
38099266
38108571
38202997
38215952
38239400
38252875
38254966
38385633
38424129
38501671
38502299
38504120
38531018
38535689
38538968
38564916
38622085
38852434
38858875
38870132
38874523
38987674
39009764
39140353
39406531
39498303
39604976
39645605
39773220
39853044
39956902
40328496
40374533
40376269
40627321
40741762
40755081
40818502
40903138
40982067
41018492
41098070
41250206
41285607
41300795
41359295
41441868
41514691
41569682
41645642
41763343
41856164
41905998
41956871
42027587
42056861
42116343
42162600
42213000
42213061
42297858
42441712
42505170
42584673
42586385
42592435
42698273
42993963
43016837
43078019
43097358
43184223
43200487
43477110
43535978
43612058
43686943
43907326
43923609
44007420
44070277
44114714
44165505
44182551
44412070
44433327
44442114
44511210
44674060
45002913
45032157
45107432
45132026
45184976
45205992
45242473
45288716
45297853
45316213
45521473
45525248
45531017
45626922
45688392
45760437
45780702
45794456
45810375
45830718
45833782
45856997
45896058
45981674
45999278
46001613
46006290
46012061
46025386
46034804
46091660
46132779
46136499
46173759
46179917
46213120
46216072
46219823
46226352
46250307
46301981
46307743
46315435
46337786
46409715
46463706
46476068
46487027
46507888
46540812
46611537
46622536
46627340
46692857
46755081
46784461
46786377
46789401
46791841
46820970
46821815
46823148
46879905
46964809
46969039
47022469
47172457
47176019
47192335
47221767
47225036
47338444
47349661
47414616
47428088
47452605
47516881
47559898
47625282
47653635
47673982
47777095
47799520
47823900
