359395
47879445
47726522
1571432
47661073
47627083
47411493
2560106
30136276
40442860
35949017
37183393
16652077
16692985
30283038
34664661
33012343
40903138
38538968
156376
1354597
46864403
833768
38504120
34656089
46738063
34083253
39886727
39688519
723052
46006290
46012061
37321660
46269657
40818502
31642395
45912388
43104337
37036907
35241545
42914761
35621769
44248822
42586385
45573792
14046131
34387564
44007420
43016837
41834390
31525614
15231521
34844519
43319601
29004482
36233947
31654607
43686943
31372272
1892260
34176815
44783537
42056861
36161663
34297224
12711881
44555126
32444603
40894369
33461345
44125296
36149962
33565098
38012361
20390872
34315187
29015921
12128141
31988181
44442114
1631779
37609810
38441833
36660866
42986642
37860989
1589279
43803536
42993963
41670506
42951871
36478175
16281223
42592435
42634391
42549059
37850681
6796441
37045120
38182077
505735
35586471
37094341
34021836
32522574
41477852
36434583
41850586
6906571
39824396
41763343
41804469
41783347
35497249
40287750
41714204
41657338
41645642
37545051
41665237
35322329
41622781
41615480
41399161
41558803
2944724
41552820
41552743
36753181
1826429
36427374
41452758
34611842
41250206
41412995
2538938
41349230
20314600
37299366
41245856
41268741
41207821
41197966
31007302
41145511
41060137
41096713
1619907
40856231
40990078
40990236
39362247
40912661
40908765
40818891
2630504
40801268
15671315
33796498
40328496
40630452
40593918
40582972
30767445
32235194
38630457
40157713
38858875
40369823
2178078
37756277
35191439
15542713
2050286
39890437
37987137
33232042
29311548
24524806
27966128
39826347
36838004
37809441
16050617
37418291
30567215
169492
775272
33194995
36515770
37873266
37452015
814974
38689323
38677381
38962779
33471284
36865090
38204030
34855714
37649718
596167
36991232
33618340
997522
522830
20172814
37580198
33292729
38594102
1634403
31213066
38421243
35658308
30161279
16434682
30007773
38501671
36625764
38424129
36304422
35580368
38341779
15596225
123022
3226353
35690568
1204656
511876
38246013
31627450
37049869
32853698
38202997
33877176
1688338
38141504
3109509
38030667
36299528
672965
34854916
33152906
38018690
37950741
37722812
33596879
1167248
27889049
29956289
36556814
35956760
35757014
36696017
29596609
351192
37593386
37728953
1478550
27239512
37701161
149807
659560
2189616
31656728
228748
36886397
29810412
33446198
33738435
29309697
2815434
37488592
356041
31649667
2811256
37332488
37295891
36159271
29787255
28077968
36159071
37178043
36583105
34820068
35710349
37111418
37043833
37103833
34934984
35356466
33811255
37026441
36219143
29616322
35390395
36292045
32669976
29543333
1895100
36766421
34708949
1200306
11798
564812
559985
29889111
34514115
308564
1877530
35246303
36188047
28138697
29463754
24980800
11229861
3493911
24148170
35453597
24507988
34385049
7221621
34777481
31328625
36050
32044253
29066950
27871309
1232416
31644084
627356
30240854
34509868
31145374
1508454
33431022
32634173
32258332
31884260
31571921
31332487
30859116
30692945
30359440
8623291
2233566
