11798
36050
119376
157250
181052
193832
232744
253940
311546
446295
497208
559985
596167
600355
627356
764211
833768
954639
996224
1053903
1085145
1085669
1340482
1397545
1443249
1478550
1599736
1737273
1895100
2050286
2189616
2227824
2382836
2709952
2756024
2831258
2927112
3033264
3057643
8593571
8697461
9884611
10729131
10887981
11229861
13797691
13825821
14788301
15596225
16060521
16109884
16733167
20172814
20261668
20269321
20326693
27453715
29164309
29266950
29291258
29541566
29616322
29786748
29790706
29931219
29956289
30101195
30161279
30283038
30369218
31120081
31328625
31439848
31448506
31686476
31988139
32004730
32355871
32390084
32454918
32522806
32554504
32654523
32665248
32714052
32797901
33012343
33015800
33158741
33298365
33305692
33334193
33388120
33429447
33432979
33446198
33450215
33461345
33471284
33478703
33501079
33565098
33580409
33687535
33750074
33787992
33811255
33881883
34021836
34042846
34295100
34297224
34309457
34352304
34385049
34521511
34522325
34548976
34562915
34656089
34664661
34725190
34934984
35021150
35356466
35381471
35390395
35404855
35497249
35586471
35615031
35710628
35747647
35757014
35791948
35793405
35951882
35956760
36080478
36124425
36152472
36292045
36335729
36342850
36345944
36362831
36573271
36583105
36607708
36696017
36838596
36895911
37040949
37049881
37076955
37123750
37177606
37183393
37230188
37254757
37313925
37433288
37433330
37545051
37580198
37609810
37638400
37719703
37809441
37812694
37832826
37873266
37930916
37951232
38012361
38254966
38273490
38421243
38535689
38546417
38631141
38958050
39007267
39480855
39688519
39747150
39853044
39886727
40168236
40328496
40344160
40388727
40903138
40997679
41080787
41300795
41398214
41398626
41618405
41630304
41645642
41763343
41856164
42056861
42297858
42527675
42986642
42993963
44144004
44442114
44729966
45392282
45830718
46219823
46315435
46424470
46431669
46487027
46750391
46753716
46773243
46937961
