41753120
42333356
1013720
47675271
47999744
37078428
47997114
45505081
46345088
47972301
40574364
44011125
47930026
47925116
47646274
47619920
1495148
39359241
47389416
35130958
36413583
47646128
47619611
46302587
35657092
47799520
33569516
41285607
149574
1366361
44239137
37750044
41399936
47004401
47814088
35974228
11604
47176019
30692628
47665460
40678592
47596371
47767266
38296369
31781162
463062
47728664
31159735
47734735
47726396
47732363
47719552
47717659
44519246
47523972
47566579
47566404
39410289
47694511
38065482
40504807
37938734
47651430
47656573
35968725
20528335
869561
8859801
47628530
30348316
47618463
39827109
46659603
1375382
47588578
42425580
12756031
42425397
47569242
30035069
42286107
42425241
595215
42425016
47527882
30161279
47458057
47508580
44070277
42373741
40168236
47131837
185929
47482793
1701337
40442860
46208977
37251405
47468131
32676884
35046363
47455886
47454089
42116343
44270317
1313728
1655860
47435147
47417343
47440760
47414919
47439729
30430820
47428088
47428887
2560106
47408796
39510587
47376659
47392486
30136276
41576793
47387143
47383882
38850077
47378263
47378292
20163121
42459225
16652077
42373549
47335870
30283038
38215952
46445891
47188647
45803840
1515190
47082976
47231720
885936
46908782
47226796
47223195
32929368
23207
47206111
33887023
47192335
14505171
35949017
47185038
47183125
47144878
47178996
47178196
47177570
46323667
46687273
46133173
47049846
47139913
37590878
47141319
2033960
47138892
369986
47092466
41578923
47101780
37873571
46025386
47059930
987929
12204791
47026973
47025427
35959134
156376
31660678
313218
46970212
46991491
31265564
34664661
46500918
39963370
36080478
1669502
33667720
46487027
32653535
46964809
42172914
34243702
42173059
41868403
46939015
2057194
42218055
44285272
2835074
46689782
39645605
37183393
31718672
40903138
46907305
46889236
16692985
41998150
29931219
46847085
40648907
15720267
368046
46817356
36143876
46800405
35084072
38504120
36167527
41656148
2408716
6906571
1354597
46760637
41913784
2316080
46755081
44513121
38239400
46752163
42459643
42494235
46514375
38538968
301506
46734922
40259456
37546190
34853053
34656089
32974354
29310726
35648534
46634444
44165505
1734019
10520
44955861
39886727
46692857
4255341
11621411
41286185
46674708
2777454
35299584
45865577
1023645
35867886
44902260
316428
29925408
1923328
36954591
31194810
46611352
39535400
45817609
45818068
46600527
35577790
31995113
31606957
45391268
46153013
46513151
46539941
2896748
46533128
46001613
45800673
723052
37941413
36863105
46507888
42032081
429187
46504632
15724439
41350753
46494637
3020399
42811248
43376737
34281959
38087037
46476068
514070
27581353
15583108
30251532
35388899
40680757
46460529
2219624
46001729
44874665
44412070
45525248
46429479
44144004
8789621
46437645
1562665
2109812
46424470
45303065
45113964
46429776
37871689
46425603
37951232
37350815
31654607
35106960
43954479
16050617
37518532
38579246
37638400
38957184
42537305
38273490
42632101
29541566
42576727
45521473
46388705
42527675
41032639
46383124
45450183
43712100
39140353
40101476
45574977
461027
45830718
46213120
8329381
29777439
1085145
42297858
46012061
46258510
180604
40344160
42530528
34775282
44909512
30416368
45433005
46219823
45574754
46314871
42046778
33434492
46315435
46313870
37321660
40144312
3088005
33548178
39623249
45132026
46191075
952584
38907515
32636782
41507229
237544
33485651
44248822
44851715
33012343
45576633
46212896
45525753
40149813
35874337
42734274
41018492
42494820
1688622
39880797
93640
43076820
46223657
46221991
38252875
42056861
46036754
44030022
42493854
580779
15594926
1677987
33028865
46196797
42314463
45025761
42494588
42459818
45876116
16700869
41871077
46179903
34457060
31923832
5216031
320158
45576904
45524877
46067854
347700
35704433
46149233
45577590
39662668
46137025
45524439
46093416
46133800
46099288
650034
45586785
744855
36614252
1008866
30426544
14496021
34234467
42256677
46091660
45523925
46089001
3373881
27183946
36253880
15984702
45939372
44433601
33740996
16060886
31049200
1683427
2876652
45184976
46060844
84822
45587754
993088
588088
45589383
33741778
38441833
40940986
41241586
37987137
40786301
36296257
32624381
43104337
954639
15907190
1029377
15752031
46006290
841977
46034804
2707220
37290276
8697461
45912388
1054091
377670
45760437
33864894
45539370
40479611
45564831
43924687
42127374
45531017
30229260
3022003
16030160
1103520
37425820
42880064
32409459
27970421
757599
44459233
45274605
43740077
37452480
40685043
1582216
333869
44430385
37114482
30140934
1716546
45917637
11306161
36247416
20445427
351166
45817836
4132931
40877485
1672546
45896058
360050
45856997
1485505
45847721
43383305
44572569
36938953
8438
20329657
33551478
37191019
20411878
1725046
33132170
416683
31186911
39709609
45820839
45814510
2864498
43762870
41172101
16154362
502799
43853811
16457329
30664623
45810375
42615572
37609810
275127
27963330
516434
36267057
35241545
42468526
293374
39072259
45796483
45794456
37399262
944337
45787273
35182649
36614161
35550497
1730025
43684555
31976226
44167080
45780702
30118060
41644195
16225166
43959437
45770929
34370273
1477035
30004405
1564659
45762505
35126582
1460367
3120354
41569682
2944724
33900379
37499351
43099927
302905
1952070
38697157
45738376
13999431
14871071
433814
30991006
1230123
31408319
34039531
480783
45724109
45688392
45721209
45720045
45715971
45715796
29018221
43101647
27889049
16370005
32775926
36703081
45692734
19456
35889331
986947
2992018
42581711
45663081
2044570
1727911
1445832
37178045
40818502
15720647
204536
45639247
316755
45646584
350779
43493677
45643839
455235
187756
38390047
9134
1134642
15414
45623194
43139508
37320079
434343
36887514
42586385
33455400
12096961
40436877
16610
20181448
219504
45362797
39243483
42914761
11893211
502093
43885995
1088701
2182600
29810412
744687
45447015
45558296
45593089
347749
35425599
45588402
236628
45587233
45573792
1146169
33565098
30245241
109567
44894326
20478610
45551869
15575524
45459052
34708704
38903722
31889343
45578492
37005980
29640482
34161633
39608793
34427918
191158
43504288
342943
38410704
35637375
640522
152155
42742458
44758691
136170
35893508
45564429
39738930
43460079
1443088
41527614
36142896
40005999
42798547
32302017
45519214
34288861
63856
348705
102354
3095324
101070
43019077
3088732
42847742
34884676
30008136
35240960
2269306
8885
328279
37991944
337687
464935
20662
876357
548999
375443
36452476
36677698
41852820
42136519
45516540
44775968
514841
97997
32431907
1592207
39155143
40904906
29565377
31534848
10171741
30000191
310165
347839
37058800
39621372
16096191
2721352
357778
26625
45496318
172609
214874
443387
35816075
41306593
852997
39249006
842198
1080527
193843
45487336
39930901
34354588
50293
1510906
39114303
32883304
31948211
338803
4615471
13446
31443615
44125296
9714781
48909
2723410
2212216
251442
11111411
328626
41282414
45474068
65062
81747
50422
34466402
265732
78139
42397454
16075111
10487
31083387
11876
691166
36466227
42162600
31869643
417658
16072171
34623214
17341
1209529
31512952
37643848
34281074
44691311
44695897
10148381
889383
353634
43780643
45329506
27098080
14651811
1112708
36442947
1494138
318589
31946795
15108091
4696141
34550986
34844
37756277
37491819
32809758
33449
315870
216144
36995972
44531047
269343
15578934
38428368
436913
550686
15692825
33179635
27645211
14190
29145300
44935421
2523534
906380
2078778
42157258
29649316
31875823
42445531
23163521
32080611
44492436
997522
45426599
787652
218232
38181860
262955
32895407
44235508
36271156
38860322
1535900
29889111
26105
36092879
31499398
41283546
45409383
34306039
41441868
16434997
37094341
42592435
555518
32747296
45406038
144735
3047909
33605464
32301917
45373191
34374004
1136444
35615409
76934
45187408
41100484
1573031
39702688
33283510
14094211
45316213
41073123
44648586
1470788
348802
374779
41885060
253770
42440304
44283738
30567215
29317550
2574908
11809591
121766
15652765
44007420
41547182
34968380
1207725
39480855
35283189
34098622
8425811
358689
13797691
38391762
39374179
698395
31925269
1961384
38067521
30665322
35290150
1593617
33468749
44182338
2899692
32724775
1043300
43383723
35326018
37959406
1605053
34387564
35322329
31313419
38095687
33326012
228748
38170035
45343032
39889116
41023720
15738126
34850744
35021150
43246279
33363448
41234612
1108551
45340437
3192038
45338099
44798093
2026504
39656439
29833362
2013306
33232042
37603651
43158835
39720820
34168714
331561
3156019
65177
36682596
11344851
1232953
145958
30876796
44967214
42584673
892387
962530
16070873
35703455
15587234
33106804
6604351
36808298
106
40704817
279202
16174613
31676460
27570205
37054012
36092519
31797942
13825821
5054
42177082
33873266
33671938
36214597
1859874
45307266
45306693
45297853
11924551
15721376
33278514
37404001
2365508
38068431
401716
34487570
41959632
155881
35279376
42165045
37036907
306442
16010326
15407291
29638879
2389568
31520760
2059828
37748639
954437
39002189
5477351
76044
34856429
32638739
36419886
33150483
31835410
108944
3220506
22979509
34714895
37201219
29914122
137883
12150041
34059576
301013
36792136
607939
35366575
1686155
31197848
40671917
336743
36303628
33500587
235720
40642181
414862
30369218
30007773
33028937
370225
31432310
7166211
31880815
306262
15710410
31248009
17987896
31675925
9035721
44218891
31409774
31498417
7876371
29015921
16470988
43471503
2620788
24655228
29290600
579467
31315712
45267999
5658921
20390872
27253336
45263033
6292001
14085291
39198616
42855390
32390084
15420311
14658981
1171095
42200942
27397792
7294161
34960316
41618615
35757014
27901078
44214452
43016837
32029613
1007746
33433065
34093276
44754418
43734740
2840952
43448575
32121342
166380
41834390
1571867
38572780
32272739
229746
42405041
39969276
5815311
32669976
1403021
12545151
31007302
44966012
36838596
45253219
35561457
45184352
39876830
2896550
1146459
36485470
540348
31070973
42156053
16500814
29502606
1180900
37550456
45249031
1156452
31727017
41834161
30832553
44838960
2040840
36766421
262763
38565443
356914
42698273
36515417
1218945
37654088
45210371
34297224
32646745
429966
90796
36566001
39539796
144453
35344054
27233215
34829884
2831258
1895100
45242863
38917182
596167
34271915
44813804
124891
2618508
409155
43290981
1695917
7540461
36660866
286780
36496295
29304995
40304817
33580073
195008
30549617
38250855
831528
132010
27629623
7879801
31887466
43273366
14449321
290745
1639228
34815842
2860462
35191439
14192361
29099846
144055
33650487
76245
1615461
316016
36286822
5606661
3153572
757801
112155
41352377
173684
27392644
43319601
35337322
10700561
45235566
36746727
36726098
29821442
14030851
35212777
42763152
1248698
1932138
34704798
3018337
33551183
35617157
27946325
32703125
34313704
20197342
42986642
6801871
740601
27662857
13981871
40287750
37975890
1667237
29572803
3101490
42165840
5460651
36261291
1427130
38836103
32304660
37679141
30854756
35356466
35387652
36934797
15805038
569
44245407
43680919
1006048
16075566
34538235
34906401
37374584
862599
35445722
862079
1153054
43855044
1385151
45225367
35160006
43682953
1035820
36728861
16031067
45177713
38630457
39914632
43348474
32288681
16980046
37471282
43684754
2722854
31063177
32614267
33212535
42993963
30656932
44083124
27504061
31525614
35183253
968030
30614743
45220368
37545704
4215241
12711881
43515466
44686463
44442114
39807286
761552
41503642
31766278
45215023
45214657
912871
45214309
32752087
31328625
33146438
32747470
38976885
16232743
35491226
8132561
34475932
39022392
9347671
30651773
752160
53111
38032583
36358059
488833
11406731
31845415
2729330
7736001
1380427
41730539
37538969
22268985
33137913
14158371
45205992
406610
9632211
15706969
34867697
35044288
30736887
34261097
45192869
43823170
36076438
31562293
20172814
29887929
20328433
7075451
31020335
16137460
45184796
45109843
34268940
38001692
32165917
15623990
33467222
45158155
38388818
44416407
37964412
45109725
37061663
30790382
30491203
40735688
36145887
4412651
15741138
34176815
2790348
33359260
15231521
45154822
152025
3049907
37413241
44182551
15596225
20505799
2716774
336159
42213061
31744
33052341
45127947
45107850
44171637
45136485
45136165
45107432
33015800
390411
2050286
1538897
36410518
44299443
2145458
34491726
33292729
20503372
44077883
1557713
1200306
43925
6299361
41856164
976952
35950726
44002493
45025690
34595388
41622579
36520210
37594874
31311518
560401
40982320
15640419
44511636
39299622
290140
30479845
32672998
44833886
44208313
5321391
182881
43791882
42279793
999249
1324906
45097785
33250285
3178636
43077186
38186706
314317
38099266
16028388
3034532
31172140
36266626
32133313
36370607
32444603
345859
35586471
41864342
45080613
40328496
39255036
43021651
2785044
5889031
37522074
31833200
6569771
440114
31773402
131074
37788492
62697
41689901
42102
12441941
31172637
1215755
16168205
34947124
353044
36663285
42809078
33263768
63647
79724
36058595
262103
3140811
43519671
326672
323494
571964
175457
118123
43435761
16764574
917635
45040566
34844519
2815434
1149124
2238228
45013007
350737
43686943
44269315
15671315
38594007
44953686
44225465
119376
289548
41583566
44953901
30696473
35192754
11798
29004482
44935790
147072
276167
33726771
1634403
44789299
843392
771064
904061
36295327
35580368
35008493
41899593
44877521
11967091
36050
559985
35787021
42293928
42233564
41972555
40184158
3109509
1877530
2004708
37201067
833768
549840
36406240
36383677
35323299
35300464
35300210
1179102
35025748
34833766
34794966
1158458
33036977
32739028
32442066
31604246
14051761
1416100
29311384
16081237
5862001
15824027
15752219
412971
