3483
10520
11798
13524
18635
19456
23702
28137
28765
36050
49698
51268
60640
64917
73714
76245
89254
119376
126300
132137
139713
141610
148680
155881
157813
165593
167705
181052
183699
185333
189509
192565
193832
196693
197648
221477
221748
227140
228748
240444
246629
253305
254692
275659
278613
279828
280586
285002
289548
309626
311546
319857
319985
322926
327004
327798
333975
345496
347700
347817
360298
365362
383970
405760
407177
414067
420086
424566
424862
429229
435461
447498
456939
471543
492858
497986
514070
529033
534279
543046
545675
547093
548129
553112
559985
565604
585962
592115
596167
597874
600355
614653
624056
629028
643570
660465
661265
661509
700008
710202
715188
719616
723052
725819
740177
748218
751858
764943
775272
778161
782378
790656
797029
804339
810100
817623
826958
833768
837977
838497
839720
842663
842969
844062
845451
861876
861984
862079
876928
885936
889113
896329
904913
905068
905111
909541
920204
920515
927268
931235
934054
936744
946344
946600
954506
954639
956319
967444
972805
990918
1009435
1010244
1020359
1022688
1044179
1047560
1052543
1075166
1085145
1098787
1104058
1104848
1119502
1139162
1150471
1160815
1167248
1171095
1180528
1182617
1236514
1248094
1280590
1285863
1307074
1317821
1322549
1329503
1330084
1335045
1346456
1346516
1366361
1371751
1373118
1374853
1377291
1397545
1401078
1406832
1408703
1428954
1444041
1460243
1465719
1465988
1470788
1473683
1477035
1478550
1508728
1512294
1518415
1564659
1564904
1592039
1609772
1612046
1612606
1616150
1622713
1634403
1644969
1648406
1664231
1683427
1685434
1688338
1722700
1737273
1743723
1846956
1856610
1866824
1873720
1877530
1895100
1909694
1925352
1929708
1986784
2034370
2036154
2050286
2104728
2108770
2113390
2171976
2172080
2176500
2189616
2191080
2227824
2235352
2256346
2268568
2325276
2434074
2437642
2441472
2493468
2532690
2582518
2631490
2658790
2707220
2724988
2755008
2757012
2771908
2781800
2811256
2815434
2829774
2830284
2843674
2864498
2893500
2929312
2993506
3004842
3017591
3018069
3019418
3020399
3023352
3042972
3063977
3071507
3109509
3114348
3169216
3171673
3171872
3180053
3211584
3216899
3235457
3347251
3709431
4103501
4323891
4402111
4872501
4990571
5046681
5103351
5360371
5416941
5652091
5815311
6010991
6024941
6490561
7079601
7275631
7280611
7338631
7406441
7533261
7618561
7955531
7964061
8072551
8620191
8892541
9035721
9303301
9720841
9808571
10371651
10887981
11229861
11277471
11304551
11532811
11700341
13783091
13797691
13825821
13959511
14094011
14150231
14788301
15165681
15231521
15401681
15551164
15562425
15596225
15640419
15652765
15671315
15674106
15692694
15993451
16027022
16030160
16050617
16098034
16099995
16170727
16212551
16414153
16432171
16486585
16568680
16652077
16692985
16695088
20150803
20172814
20201428
20316166
20390872
20474632
20508721
20525188
24655228
27175597
27239512
27254374
27375778
27534856
27537910
27649966
27695374
27757705
27830527
27924400
27966128
29004482
29035349
29039591
29084750
29112231
29113380
29127069
29131195
29151184
29207372
29326997
29517973
29578654
29603163
29611663
29638879
29650066
29663232
29753096
29777522
29787255
29821442
29887929
29915547
29931219
29956289
30007773
30052690
30095151
30101195
30136276
30148654
30161279
30209846
30369281
30427891
30430820
30459040
30518547
30532915
30590201
30662371
30714194
30736887
30769359
30771265
30786887
30943831
30956505
30990280
31024889
31104407
31171039
31225367
31248009
31314215
31362864
31448506
31496689
31511636
31514783
31518078
31521133
31649667
31654607
31719100
31766278
31781162
31797942
31809546
31948211
31961196
31974640
31985691
31995113
32029613
32044253
32120137
32133198
32143989
32179592
32211542
32221906
32262727
32288681
32290947
32298692
32340234
32390084
32420742
32426694
32444603
32522806
32561562
32602795
32603445
32638739
32698748
32779166
32823612
32876971
32948184
32949699
32962554
33012343
33016524
33028937
33052341
33076312
33108783
33152906
33155467
33198042
33292729
33446198
33455400
33471284
33565098
33596861
33596879
33650487
33672786
33680659
33719411
33741778
33748150
33784753
33811255
33823334
33829013
33890603
33935240
34002708
34015449
34016023
34021836
34176815
34177634
34202335
34257553
34261097
34268940
34279663
34306039
34366965
34371840
34385049
34389457
34460855
34554257
34595388
34649627
34656089
34664661
34714895
34768668
34844519
34855714
34868490
34884676
34903603
34928401
34934984
34936371
35008493
35018875
35106960
35128978
35185726
35188409
35192754
35241545
35255142
35279376
35309271
35310144
35310219
35322329
35417620
35425599
35455309
35481967
35494037
35497249
35561457
35581022
35586471
35589842
35652721
35657092
35658308
35689536
35727758
35735993
35791948
35793405
35835209
35843272
35864759
35882979
35927681
35956760
35957493
35976180
36036876
36088512
36092519
36132341
36149962
36159055
36159250
36159271
36161663
36167527
36177229
36191428
36242782
36253880
36292045
36295327
36298704
36299528
36307412
36370607
36386163
36400299
36413583
36432575
36451834
36468700
36496295
36509586
36510299
36523232
36525623
36541175
36583105
36643797
36654419
36660866
36663285
36677803
36680419
36696017
36696220
36719575
36742325
36746727
36748465
36777790
36785613
36808298
36809558
36863105
36865090
36879805
36886397
36981033
36991232
37042692
37043833
37069775
37076955
37096030
37098161
37103393
37111418
37114522
37123750
37150861
37183393
37198383
37217701
37221599
37254757
37292563
37296920
37297552
37313925
37321660
37389267
37452480
37501878
37513847
37516117
37516167
37516255
37516337
37516400
37573495
37580198
37593386
37604289
37609810
37624508
37636558
37638400
37701161
37721141
37722812
37758777
37758960
37794049
37850681
37855813
37867869
37871976
37873266
37885598
37901054
37921378
37937293
37951232
38012361
38034973
38065482
38067335
38095687
38099266
38181860
38215952
38285285
38305300
38385633
38414984
38421243
38504120
38538968
38541316
38594007
38594102
38630457
38742141
38894593
39109611
39410289
39441752
39672592
39688519
39818466
39991185
40005999
40235409
40287194
40328496
40344160
40406696
40498342
40735688
40774354
40903138
40940986
41018492
41170699
41388309
41398626
41399161
41441868
41514691
41569682
41591751
41645642
41763343
41836843
41905998
41928997
42032081
42056861
42173059
42279793
42297858
42314463
42319832
42402035
42420750
42447539
42468526
42520232
42584673
42586385
42592435
42698273
42734274
42775176
42811248
42925195
42972430
42993963
43016837
43021651
43098007
43102877
43140368
43249130
43376737
43435362
43447243
43475288
43477110
43487716
43609102
43612058
43726966
43734740
43740077
43953304
43986657
44007420
44061602
44070277
44081214
44114714
44135617
44165505
44181773
44183131
44257444
44285272
44430385
44442114
44459233
44519246
44599867
44678323
44709165
44722207
44789299
44807247
44838960
44851114
44857840
44883119
44909512
44955861
45024188
45081808
45107432
45109725
45184976
45242473
45288716
45449664
45521473
45531017
45558296
45574745
45760437
45800673
45818068
45820839
45984961
46025386
46046013
46132779
46133173
46212896
46213120
46233635
46272525
46279408
46314871
46315435
46389289
46390048
46391359
46419476
46420212
46420683
46421422
46422064
46422871
46431610
46478755
46479947
46480341
46480577
46480862
46481249
46481250
46482828
46482869
46483659
46483909
46484424
46484862
46485295
46485788
46486148
46487027
46487117
46489362
46498588
46498627
46498660
46498688
46498711
46498761
46498788
46498820
46498865
46498885
46498950
46498974
46498994
46499017
46499043
46499067
46499087
46499104
46499138
46499169
46499197
46499308
46499344
46499398
46499426
46499921
46499955
46499986
46500005
46500125
46500147
46500180
46500193
46500222
46500335
46500918
46517772
46529377
46529783
47188647
47223195
47349661
47392880
47435147
47567430
47653635
47655207
47665460
47799520
47807255
47813629
47997114
