38189050
37632996
41287492
45760294
47857021
47177102
46554412
47879445
42315412
43236174
44239137
149574
44412070
42214974
46025386
36677803
29777439
47664735
47651446
44519246
38065482
29650066
39203082
47338444
39672592
47411493
2682822
44070277
47358620
1430045
47569242
484918
336159
47473590
1313728
47452605
47452351
35648534
30430820
885936
14505171
38215952
40442860
35949017
47131837
45525248
6002901
47335870
47227341
47223195
16652077
34039531
37590878
33028865
45817609
16692985
2864498
30283038
16161871
36080478
40127134
43184223
46133173
45558296
638020
46487027
34664661
32685060
35600879
6499981
37183393
37350815
40903138
38504120
29931219
38218223
35704433
37820613
429966
44169385
39688519
34853053
31641561
46753716
41578923
46750391
1022861
34656089
44165505
954639
45830718
35867886
46001613
39886727
29300262
38099266
2777454
46219823
514070
833768
38538968
723052
37951232
46012061
39670270
46460529
16050617
35743322
45184976
38579246
46006290
37321660
34714895
46228336
32636782
33012343
37698826
40818502
857179
33741778
1008866
41018492
35111365
45770929
33740996
2465208
42581711
1029377
306743
45912388
1672546
32409459
43104337
33864894
42698273
39243483
34116230
20390872
1324906
39137427
43734740
44459233
4132931
45896635
34651665
42584673
1564659
37036907
42177082
41856164
45820839
45626922
1470788
45818068
45813267
35241545
35417620
42914761
15231521
35621769
43885995
44248822
16174613
36092519
32694530
45671028
1477035
43855044
30008136
2144220
40648256
43361093
33052341
41569682
42586385
34295100
42162600
3095324
14046131
34595388
37787672
45471556
2574908
44225465
9035721
35561457
44838960
29638879
1738537
42200942
39914632
31525614
930744
36726098
440114
45107432
34844519
45107850
41689901
31887466
43319601
37937240
45025557
36645695
41583566
31372272
38969592
44935421
29004482
37313925
1892260
3140811
33359260
16028388
34176815
15583108
10441301
43686943
771064
15420311
42279793
1435856
35787021
20505799
32288681
144453
31172637
43601805
39442196
44283738
36466227
475697
34271915
16099995
1473720
1335045
36485470
40008024
34297224
8892541
41170699
42440304
40894369
33461345
44125296
32390084
42056861
38012361
44433327
33565098
29015921
31988181
44442114
12128141
41622579
8329381
38095687
37609810
44233189
38547419
41514691
38441833
1634403
33015800
44218348
38067335
41001452
41591751
2141954
33455400
43612058
36863105
38894847
32444603
1910430
36313076
36177229
37860989
32133313
5815311
1589279
37754298
38564916
43803536
32703125
16126486
43698619
34094382
6796441
40741939
15754928
42993963
31654607
43553478
34725190
24524806
652340
36660866
42986642
39655565
43097358
38531018
29810412
43158835
37642160
1460367
2618508
41587978
41441868
36478175
269592
39895988
38458859
42744699
2811256
42592435
32929368
37871976
90796
37881385
39447288
37855813
38873307
2689610
15706969
657789
37850681
37096030
36275640
35773220
37871689
34021836
35586471
24522829
33618340
36879805
32522574
35008493
41763343
37061663
38553073
41905998
32779166
41850586
30007773
35497249
29131195
41645642
37619643
36296257
41398626
649469
41399161
31916219
37859556
2944724
33261298
37815761
31007302
41250206
36753181
41412995
2538938
1080527
41360562
7708711
35793405
20314600
37545051
2831258
41062588
1619907
35640554
40328496
40005999
38783981
38424113
34202335
40824239
2630504
37867891
30767445
3118740
1648406
33654851
36809558
38206730
1255710
11277471
35322329
33796498
4171421
37675919
34268940
596167
40525796
31797942
33553623
38630457
37794049
40347005
40009391
37756277
40327133
15542713
37054012
2050286
40157784
39890437
33432979
15459021
2616396
39831738
32457057
35191439
30529092
39826347
39109611
34726732
20347216
33187551
38141309
34261097
33194995
36865090
36644610
32353250
38053993
814974
564812
37730952
39139415
37680663
37873266
927455
6490561
511876
2679824
549368
33877176
38962779
36050
39054627
39005347
37727399
33471284
997522
522830
20172814
38640178
38594102
37580198
30101195
35997913
34934984
35658308
30161279
38250001
38546417
36742325
36625764
36253880
35652721
30281832
38059708
35654272
37573495
38246013
35455309
37979101
31627450
33152906
38141504
9347051
3109509
31313419
169492
672965
34854916
29787255
35310219
15557774
37631762
37212632
14962591
37722812
15596225
1167248
24232080
34768668
32261772
37734906
35956760
37725674
37593386
36696017
37673632
35356466
37700019
1754075
20261668
36299528
36886397
1668561
1737273
29956289
2189616
37563071
33848599
37230188
1688338
31649667
37488592
33046106
502382
37254757
33446198
13797691
36159071
37198383
3115380
36583105
37047324
37043833
31553944
36292045
37026430
191777
34708949
36040285
1200306
35580368
36525623
34962537
36555786
33307638
34514115
32698748
3057643
36304976
36628102
29902611
36327691
33358197
36517895
36474119
34111873
34113098
36410007
36362831
1895100
32630926
15623990
33608416
36340477
10887981
33147620
36137424
32557661
36159271
14788301
36118183
36099138
33657367
36059997
3160979
12711541
20326693
1137769
15559884
34310049
35976180
35886829
1877530
29463754
34418902
34508594
35196470
34819320
2623052
9965971
11967091
886367
187756
1478550
2670044
34385049
5543211
35206503
30307841
35132371
29216241
7221621
35107264
1397526
34471501
747739
35053786
33478703
35004259
29164309
34751237
2651158
16805836
30686173
34933092
2246744
2175706
4504091
559985
24207256
33663611
32662280
34777789
34668315
1388397
497208
33277199
34777481
33811255
34320769
33778662
33629854
11229861
33158741
378152
30064861
29049851
31328625
126300
33834984
1281687
32482658
1053903
627356
27239512
181052
32543426
34198658
764211
27588004
34022013
34194247
34139883
31081682
30242089
27103804
33996842
3088745
33687535
33895163
9875
30664623
11798
33718035
8697461
33750074
33800608
33765504
33735708
33735513
32585562
33574362
33693219
33681917
33680642
33212508
15770397
33668091
31856137
33228741
33603017
29663232
32614942
33584712
33639268
13479141
446295
33548487
33614687
31448506
165608
1938856
360832
32355871
32069285
119376
1468984
2516514
27950664
30822269
153215
8599771
1835138
1881318
