48015290
36413583
46411886
47389416
47846622
47752079
47678860
35949017
44070277
6002901
29027196
37124606
30161279
484918
885936
46908782
46487027
37138991
29931219
40254121
40903138
596167
16692985
45692230
46834056
38504120
954639
34288861
38252875
46757932
34884676
44165505
31766278
46686003
35867886
37775536
43686943
29777439
39688519
16117522
45184976
46219823
514070
44412070
40344160
46460116
46315435
30437524
38579246
45830718
43712100
46046013
46226352
15231521
46025386
46238558
45132026
35874337
34844519
46099706
45521473
38541316
36912670
597881
2707220
42581711
35182649
40479611
40735688
15729279
46025292
36887514
1085145
46008792
34039531
16030160
35869871
44724275
37296202
24655228
43734740
30140934
42468526
38095687
45789094
42586385
39573295
45736350
31408319
43361093
34741193
41282414
45343032
31962476
41856164
36660866
1470788
1146169
35586471
13797691
42162600
45485851
44225465
38630457
45343448
31432310
36370607
42584673
29638879
38594007
35279376
44838960
43016837
45107432
45244121
45109725
27454525
41276605
1873720
45087595
45045444
33654851
12128141
2636336
15420311
32288681
16158500
35787021
42279793
36466227
36161663
44671487
41170699
44114714
42056861
37114522
37177606
43612058
37313925
33565098
31654607
38012361
44442114
15558219
44081214
38067335
33052341
20390872
37609810
757801
35317334
2566714
36359674
37937293
41514691
14220091
36149962
39480855
33829013
36177229
37355927
38441833
33455400
37426813
15706969
36863105
44145362
35971388
42993963
2141954
33015800
30696473
34475518
31172140
11292991
43882475
37191019
43962364
43933531
32444603
5815311
43821616
43759988
34313704
42156302
2831258
38099266
16174613
42986642
43276886
43146734
1492302
112629
35332695
37474465
590289
24522829
4255031
41441868
32182070
42861331
3055894
42808286
37871976
42592435
37855813
42530603
38182077
42503742
2738540
42448682
37096030
997522
842663
27453715
2689610
40284501
37619643
37850681
37871689
35773220
29534878
30664787
36223368
42013559
41905998
37061663
35008493
34021836
41398626
37054012
2630504
41763343
27433246
29131195
41645642
41582800
41328885
649469
31916219
41250206
15652765
36168038
33046106
35640554
41352471
35497249
34268940
41263690
35652721
31367431
41183925
40328496
31394077
39912827
15596225
36809558
2050286
35322329
15671315
40574683
40572912
39692938
31677098
38866331
38622085
40352919
40107620
33232042
33432979
33235967
39848909
39840376
33467222
2815434
39704003
347700
34099270
39442196
36409309
34934984
38170839
36292045
34261097
33596879
36838004
33292729
36991232
34385049
1634403
37873266
37282818
20172814
1200306
37094468
1877530
38873853
35580368
33811255
38204030
33471284
38151428
38861356
32224897
11798
35356466
559985
38631141
35658308
38585337
10238631
36625764
38335118
36050
36299528
38257709
37979149
38202997
38201348
37593386
37745776
37613983
228748
34257553
37301013
37257065
1480870
1562952
37380006
37379681
37254757
33446198
37217701
37123750
37057907
36570197
36561389
36537303
36504678
36478503
1895100
36403801
36383261
36355266
36337759
36312366
14788301
36219347
36193349
1508454
36111740
33471856
35631375
35499760
35386309
35270009
35265322
35107174
34984190
34942592
34941514
34936758
34920248
34828092
34755868
34648656
34428650
34413779
34370690
34340540
34340474
34315708
34082235
33937061
33821916
33792035
33636423
33607598
33509035
