41856164
46345088
30692628
47877022
35793405
40574364
952584
36413583
40442860
46411886
47389416
46543029
37750044
47176019
47665460
36353300
38065482
1621375
44536810
43376737
47628530
37124606
46828838
6002901
9035721
44474780
40940986
44070277
47411493
44545745
40168236
30161279
595215
256652
44599867
47515984
14505171
1313728
47223195
47377349
38215952
46487027
16652077
42297858
8859801
37183393
885936
37590878
44325
35959134
37788492
46991491
34664661
29931219
30664623
39672592
40903138
33012343
596167
833768
38504120
36167527
31641561
34656089
46750391
6299361
2831258
44165505
954639
45818068
45113964
35867886
46529570
46529463
46529418
46529404
46529386
46529377
46529364
31409774
46529348
46528860
46528845
46528826
46528415
46528371
46528363
46528393
46528342
46528325
46528308
46528297
46528285
46528273
44782872
39688519
46279408
46500335
46500374
46500319
46500289
46500264
46546063
46500222
46500193
46537646
46500147
514070
35309271
46465268
44412070
1085145
16050617
38273490
38579246
40344160
45800673
42537305
46393852
37951232
31766278
35024888
42046778
39140353
45830718
38300443
46006290
46046013
37321660
44909512
35654053
336159
41871077
34714895
35293985
46315435
46314871
46219823
46258510
46012061
2567778
1801791
46213120
987929
35889893
36745623
46226352
45184976
38957184
43740077
42734274
45521473
38252875
37054012
46025386
37027429
44030022
31887466
45391268
42699517
42314463
45082986
43942389
16030160
39287944
45132026
36614252
40479611
30229260
40818502
15729279
43762870
43104337
37639320
43676410
44724275
40436877
43924687
43734740
37425820
44430385
1470788
37036907
37191019
45841326
42586385
45626922
45219585
42468526
1564659
33363448
41569682
43361093
36092519
29810412
42162600
44775968
34176815
29638879
44838960
43016837
45107432
2238228
45188156
45179345
37061663
45142387
15640419
45107850
43253587
34595388
37114522
37413241
34844519
43021651
31988181
35425599
45084328
31797942
45027825
2365508
34297224
289548
43686943
8431361
34738565
36660866
35008493
44283738
14046131
44129259
33461345
12128141
42279793
30523025
41791843
12711881
37313925
38713011
38664568
41170699
36161663
44114714
44442114
38012361
41300795
32390084
43612058
33565098
42177082
39747150
190795
20390872
38095687
33052341
38067335
35586471
34315187
37609810
26105
36663285
1634403
39480855
44007420
33455400
15706969
36863105
33015800
11044381
31172140
35459255
1910430
32444603
36313076
33881883
43907326
40982320
439958
43862187
38099266
34741193
42986642
42993963
37921378
41591751
43097358
20201428
39958830
40374533
39956902
42235052
38182077
42809699
28137
42592435
37978482
41441868
38285285
3153572
39061573
32182070
31785692
35322329
39969276
42695458
42569603
42598503
35310395
35783624
37855813
37871976
799609
42517300
16231491
15603152
10171741
40628524
997522
29534878
1605053
34692249
37096030
37871689
34021836
36573470
36879805
41850586
32376022
35497249
40629077
41558803
130444
41250206
1593617
33046106
41360562
41298684
38800942
41139818
41062588
40328496
2630504
36385033
2050286
37794049
35580368
38622085
3168506
33471284
39826347
31995113
33194995
39328762
39206715
37873266
34911788
33596879
38962779
39005347
31213066
38862178
38912949
36991232
20172814
38204030
37516502
15596225
35106960
38669006
31009306
1993354
7603691
30444363
37580198
511876
38640178
30007773
37885598
38542483
540439
38461926
38454860
1688338
35652721
36742325
38246013
38141504
37979149
3109509
36828046
36583105
37150861
35599492
37779628
6906571
33108783
29956289
1478550
36556814
34218848
149807
34042846
470053
37805654
36696017
35757014
1787759
1737273
37593386
27122866
37624508
29596609
35956760
37289646
29071738
695919
31985691
37230188
34306039
2785044
34257553
33446198
228748
37047665
4064611
34770777
37254757
181052
35141024
31649667
13797691
37332488
36159271
37123750
28094275
36036876
36002724
36555786
32698748
36655420
32554504
36292045
34934984
36517895
34492179
36375907
32004730
1895100
36328847
36293098
33608416
36340477
32522806
36137424
35390395
14788301
11967091
29616322
36072492
15623990
34703687
1055997
7784011
24694309
35976180
1877530
35883137
1850158
8593571
15601971
886367
35453597
35400072
1469842
34385049
32629572
1940432
35053786
35039651
2651158
33778662
27103804
33968532
33478703
34978560
29663232
34976469
2175706
34910235
31439848
16653979
15549108
34879548
13999431
1464484
559985
2194976
33663611
34517156
8697461
1397526
34865020
34859297
34859173
14980581
32662280
30656400
32220033
1472628
30242089
30407419
3057166
33811255
34784795
33169219
34822330
34711755
33687535
32044253
497208
11798
33945504
11229861
31448506
36050
1085669
34595434
1053903
29521709
34194247
32366026
33158741
3536441
10529761
15929370
446295
600355
32355871
119376
128693
992829
31644084
31128614
32217369
3200203
15608768
29099432
486196
15816217
15684306
1639228
1891208
1871816
4023121
2545044
7659271
7671121
3165383
996817
3090792
3109885
954628
922332
322926
863527
1222599
1065391
1001535
1862442
1167248
