359395
37969518
37078428
27896356
47807255
47767266
3043392
47508580
30136276
45692230
29931219
44220781
44231697
47022912
37183393
34664661
39880797
16692985
30283038
40903138
46826910
16050617
46482730
33012343
6665171
46315435
36509586
954639
46221991
46073472
857179
43104337
1029377
32676884
40818502
45030226
1564659
1228236
34844519
31880815
41569682
41856164
29145300
33580073
42584673
45513062
35586471
34387564
45316213
29638879
553112
31525614
44838960
42200942
43016837
38860322
35869871
40404613
45158155
33726771
45107432
15640419
16037257
43855044
2309090
45075274
45073813
45073728
45073492
45066965
44168075
40137289
45039372
34714895
45028756
45013524
43686943
45005988
45003113
44969696
44969484
44969315
44966742
44961163
43021651
3160407
44901056
44900751
43787553
20329657
44868516
44842758
44841476
44571152
44832491
44824130
44823763
44823189
33165822
44810134
14658981
34176815
42913775
44747934
2071540
44783760
38923186
16158500
44767376
43561772
15560785
30638870
44731321
38533717
36132341
44714618
44713138
44165227
44709507
41170699
33072830
38855155
44687986
44686639
44461405
44669997
44665556
33245257
35795863
3839701
44622215
44622066
225545
11753871
43728647
37609810
33650487
34083253
44442114
44171637
44125296
44549923
44537322
42915250
44533195
44498531
2155662
41689901
44508322
44502164
44502082
44501942
44501719
19572
44501150
35844889
34884676
44433601
44498559
42056861
44486451
33052341
436555
44474078
33565098
42297858
44461495
44463196
44462678
44462493
44461641
20390872
27547765
42527675
39517521
301013
3239693
8458681
44225465
42825423
44205146
44401489
44399282
380141
44395896
44385439
44384962
44384327
44366756
16093917
30656028
44365613
44365366
20291299
44352900
32442185
43608312
32390084
44166741
42157258
43098726
43103211
42162600
44261927
44253519
44229132
44203347
33455400
34297224
44228690
15799106
44022426
44213915
44213516
32444603
1959490
36863105
32419639
40826931
44146627
44088527
921906
2511112
2143090
44133776
44118048
44114714
32295289
44048742
44096547
44096323
44087794
41514691
38998055
44079341
44066632
44037144
6257901
44053635
37118694
44049162
44048302
2580426
44041519
16096191
44007420
43242287
44027628
44024490
44023682
39415800
44010901
5067821
43988339
43983026
35537506
43975412
43973420
36233947
43969672
43969170
43968339
43963024
43943154
43939538
43939348
10559921
43939062
43868082
43923285
43903216
3025749
32867594
37407113
43898321
2317890
480103
43821616
33708185
35304154
2901828
30558288
43851515
43844188
43826080
43825889
43822999
43698619
35266418
1095055
37852447
36737005
43771022
43760427
43749176
39853044
43732791
43711141
43710874
1870814
34545044
43693574
220111
31594832
33719411
2810584
3203440
43661022
43659561
43656576
43655927
43646184
43632734
31353623
41872554
43008071
32703125
3157764
43588415
43587453
761552
27876262
43538236
32759716
43548174
43533556
43533096
43523673
42710633
43502686
37313925
43493927
2831258
43492176
41084166
43470275
43443793
1152603
43438880
38927388
13979131
41742571
37079430
43405431
15753773
35495855
32177469
828235
2326980
1948092
43335752
43287747
43036475
43327698
43317791
4064611
42069465
29812814
35482588
33564612
41591751
7546671
41992836
2119270
43256173
43253651
32654664
43140368
43208286
43202816
43190063
43157306
43156944
43156785
30026118
43156523
43153307
43149314
41288253
330860
43133441
43130698
43118312
43113645
43116395
35724429
43106764
43104704
40994595
42823455
1996334
43082176
41723789
43078528
37153982
43040430
33178978
43051214
38099266
42127610
42592267
43037201
43028769
37909269
43028335
37978482
39895988
43002104
41877137
2496638
43000159
42988669
3153572
37921378
42958283
42941811
42940766
42919579
42912857
34202335
42855456
35597765
42849733
42842572
42842440
42837557
42831350
2497998
1349101
42809031
42808871
42808702
504225
42784417
42778031
36458523
42773326
42725247
37933037
42761250
33121337
39996942
42743973
36582847
39480855
42692109
41660279
42646996
41670506
34261097
15652765
37405122
6359001
34351925
42592435
42599419
42598461
42596122
37855813
42556338
42435507
42116343
32761184
40287750
32376022
42554724
42549099
38356347
29331714
35310395
42528235
42513793
37993821
16229672
42459554
42483783
42480378
1159376
42474020
42469951
42465423
42460468
740789
42457466
42457290
42457191
42457045
2191626
37871689
7876371
42363389
42361017
42358625
42352434
42353942
5074891
42337627
42345032
42316699
42313626
42311917
42307131
6796441
42295980
39939313
42264170
42280583
37045120
42271053
42269470
15706969
42268051
42267323
42251149
42180627
32742883
1215755
42128785
42235230
42232937
42232834
42230744
34021836
2758850
42199090
42197851
41014794
42192740
42179946
42104489
42160798
42124875
31901852
33707965
16569283
42072806
42071226
27472672
42052622
34724797
37199454
42023243
41850586
42005683
42008813
32948146
1505047
1512999
37555494
41982605
41980730
31972748
41968639
37341234
16281223
41943440
41925521
33537616
41791353
41902504
41900836
41879418
4956931
41873188
41866952
32406594
36400299
4223511
41818653
16169343
41816580
41813453
36223368
41802300
36835824
41763343
41783305
41761910
20201428
41738699
30097438
40629077
41724151
41724057
41723930
41723758
3899521
41720993
678324
41713426
41713198
41710723
8829451
41709123
41700613
41698141
41697819
41694703
41693951
41691673
41681049
30570738
41664800
35497249
41662721
41643062
41661924
32402397
41645174
34167125
41627254
41396087
41626917
41463880
1904670
41399161
41463891
41561411
39879388
41572988
41570777
41567846
41561364
41561295
41561251
37174441
8329981
1766401
9944021
41528951
41504171
32092096
41250206
41480786
37215331
39214597
33094408
41413676
41412465
2406592
41400938
35173403
41392443
41392259
32718041
40140241
41368285
41360562
41361290
16194852
41357039
41329665
41342802
130444
1831164
37815761
41306774
41330743
41307228
7708711
41292087
41304732
41303188
41278044
41272591
41271809
41271742
41271643
41269201
32840141
41270041
40813366
41262931
41260673
41254545
41247745
41246824
37987137
41209803
41200023
41194379
1546069
41169868
41168359
41159465
41153629
35246303
35114148
41136861
41111479
41127139
37602305
37811684
40765788
40944831
39890015
40336224
41099817
41099267
41095432
40851750
41095069
41045476
41083629
41079596
41078205
41067975
41043116
35322329
41039652
41034206
353717
38405833
40005999
41005831
41012148
27934138
32833106
37969975
40987469
40516851
36824816
40593603
31281113
555877
40970438
30003892
40950574
40922415
40914383
40827457
40899449
40885858
1869134
686361
1700661
33016336
40846461
40837413
40830104
34271915
40814261
40811411
40803600
38930625
40600904
716805
40780038
27918418
14059361
40752186
40142526
38024901
38982036
37584972
40285126
40680406
40673001
40658153
40306830
32813400
115986
40626874
40626470
40625487
40607579
40607435
31917407
40578144
40568827
40568035
1400410
40516749
40520463
31918801
31421106
40517688
40507052
35875426
40490752
40490616
40490529
40489428
38001692
35367984
40293588
40437157
40427240
40427128
40427021
40346457
39682197
32387580
1019700
40396427
40346480
40346503
40380547
40346527
2050286
38866331
1310439
2261926
38311786
1601000
40339535
40240077
40339137
35191439
40327385
40327161
40303969
39354288
39411001
40285093
40282053
40283458
40281122
40266059
40264717
40235526
40171662
3168506
40206514
40206348
40197528
40179694
35580368
40173273
38614898
40160049
38099048
40159155
748487
30896737
40124302
40124115
40123986
40123664
30495123
40120578
31726532
1501987
40089569
32961416
40049583
40075759
31637305
33235967
38599794
40024423
1551890
40019594
40019490
602298
33232042
39921391
31558436
591388
39971589
39971524
39971489
38622085
39967352
39432003
37066292
35640534
39940278
39940300
39381175
39935789
30098510
39933667
39931549
39929703
32910752
39219898
39826543
39910105
39908762
38906691
39896577
39896177
1895100
37247397
39880899
39880030
39874525
39780802
1284736
39867364
10092801
1102550
39861994
39855203
39850035
33525613
27966128
39834705
39829257
32325098
38753816
39801237
288405
39793410
39772159
39771143
39760060
37076955
39758752
39747598
39735064
31819967
39722552
39696132
37850681
11172831
39699834
39693751
881352
39692938
10920881
39691334
39178964
39583157
39690066
39686848
29231377
39597363
39674642
1277025
36217875
30478333
39636598
39660622
39660989
37153472
39658581
39657040
39649590
1605969
39616720
12711881
37774519
39605024
39600638
39582558
39555758
39535915
29047946
37647933
39512313
39511488
39507691
39412856
39470404
39458090
39441586
39301169
34612997
39427415
1155362
39414037
30897704
36670802
39383890
39375395
15666284
6490561
38920270
39366266
31743453
39350341
39344034
37944411
1680956
39330507
39139965
39324207
311546
1397545
39292582
39282697
39281046
35870964
37202356
38404594
39255730
39253369
39251247
39248449
31642465
39232502
38661471
38677674
39064034
39206559
32620201
39182252
36109492
37873266
16047736
39172178
30567215
39169792
38429382
36077410
32559782
39152859
39152339
39147643
38543085
29656319
582208
38303587
39135851
39135922
39134542
38733844
33471284
38722853
34612274
39108685
34385049
39084145
39085342
39083943
39079097
39069613
39065509
2593716
39065020
1661822
37885598
39043205
39038924
38975205
39016642
39026493
36613108
39015326
38355263
36228861
35082686
814974
31213066
38990087
38987430
27924403
38977781
35016717
38963100
32597240
38941444
490152
38940292
38509673
38933397
37853585
3212248
38911399
15639779
144735
38909482
38204030
38897181
38236337
37525274
35683798
2685080
38875483
20172814
38865045
38151428
38858714
38855570
33877176
38831689
38840246
38841341
31647676
38828087
38812909
6211971
35039943
38800553
38799279
38798928
38774888
2534908
5418211
1480777
38677786
38355524
38747949
38747134
38233811
5437081
36991232
38736864
35471685
38716905
38708998
38694071
38693003
35126697
38681766
38679690
38669006
38666909
38649648
27139687
32426694
38639685
1557423
38631691
38594007
30101195
38623211
37580198
38611502
38609115
38607339
38603524
38421243
38442194
35885962
2880574
34094748
36148068
33744045
38573334
38443780
38564593
37160072
35658308
38558861
4151861
1634403
36945035
15540805
1117256
38544249
38540002
32224897
2915886
38531872
35810371
35767259
38517377
38511756
38507979
31432693
211693
38278092
38472480
36324646
37886937
38259161
540439
33519809
38429092
33738435
38426590
37503964
38407327
1817377
38386925
34317415
31088321
37075902
38209809
38138692
31085593
38370333
38346310
38174510
36392766
38363195
38362956
2822734
38355453
35830865
38102935
38339649
38342410
38322095
32461768
36828046
36299528
38275042
31313419
37573495
31627450
34936371
347700
38202997
35376078
827496
37041530
3109509
842198
1582216
38141504
35810800
37973509
38141429
37841360
2527814
38134884
31266848
33068088
33792702
16351432
38116006
36483666
38114010
672965
37943993
36922040
37204438
169492
16741075
38096535
37848133
31835662
37883330
29071738
36659701
38061995
36625764
37301013
38083367
31549044
36124522
38077916
1503461
33152906
568884
38069448
283592
562124
11111411
38065094
38055258
38047829
35392879
33868748
163421
38017095
29062726
31402780
38030900
36583105
37764390
37991224
37573102
37699164
1236224
2550754
38018690
38021082
2679824
38020352
15688112
35431011
35430599
34614172
38012447
37898889
36693868
38004751
30311231
35991661
7366881
38001805
35812686
37996789
37991515
4100541
37983367
37984259
37983143
37585769
37982049
37692574
35310219
37975941
35547039
37529282
37972221
37969677
167705
37967682
37965191
36759881
32719477
16365742
27128602
37961209
37960479
37957065
35623352
37956182
37956121
37132112
37954903
37953294
37952774
6234671
36044674
37950741
37951443
37270717
37949192
37935158
37722812
37316939
37061938
37944048
37942725
37937602
31685862
31656728
37931889
37930343
37929556
37927444
31070973
3126954
36040285
16109725
37925977
37925865
34257553
36865090
37764541
436144
34912009
37922617
33909240
36886397
37920850
253940
36242782
37920491
37920295
2972612
32043628
37913184
37910866
37912417
35652243
37909589
37842680
37907069
37683414
37904511
37891606
37903537
20261668
37903435
37903128
37903124
37872566
37901660
36656233
37898528
37884307
37543885
29162239
37891199
540546
35618424
33031869
37884494
20331385
37882375
549368
45230
37874945
37874885
37873501
35019422
6906571
36131226
30240854
37624508
829690
34426902
37779628
37867195
37860115
36737272
37533939
37778882
37862568
195104
36385777
37613886
34844369
37514126
37848908
34016023
37852444
3172294
37850916
37850322
36298704
1478550
1300309
37847551
35967812
37847153
36292045
36098654
33108783
37844274
37513937
37842910
37559098
37842626
1112602
30280713
33596879
36412704
32704968
35884107
37836119
31623338
34218848
33493428
20328433
37722725
37833003
37676249
37590492
37692016
37831995
37355545
353810
37829427
976235
37827704
37150861
102527
37823788
37822769
37815249
35326018
37823110
37819768
37669177
37148431
36742325
37121294
600058
37816061
37815287
11395051
35752657
37814602
37814026
34042846
7778321
954628
37810552
37806712
126300
37804630
34934984
36068233
32053110
37212632
33846354
37800571
37804293
37017693
1864770
32210671
37328700
35567786
36556814
34768668
140734
2418850
37794049
35573388
30717800
1427500
31684917
37789003
31789456
37785375
35299328
4551121
36304422
37781627
2288902
37761919
37779135
37779326
37776607
2724852
20181019
1688338
35246923
33672786
37775032
36315928
596167
29245920
4568851
16127809
1787759
37767483
35757014
34306039
37764683
37764642
1737273
1794175
37762308
37292968
1055997
27122866
37758268
228748
31649667
36394019
35388257
32302017
13797691
28094275
36342850
37112272
734156
1610948
37230623
29596609
37684601
351192
35956760
2785044
7115281
35755127
1652679
1204656
29616322
36261291
158963
27946325
37593386
37725674
36696017
37136660
37177773
8697461
34820068
1542223
15596225
36327691
37728953
36990448
149807
37299366
2815434
29539863
1102115
29831504
15684306
36654419
37222860
11798
541246
1153722
37289646
659560
36832113
30242089
1492302
27239512
3115912
539692
37715574
29956289
11744331
1480870
35356466
32004730
2205112
549311
1899896
35980682
32698748
34658317
2189616
719993
34098622
32522806
33811255
32775926
757801
1189545
3172424
16232743
32353250
477713
1508454
37230188
33446198
559985
34839033
37123750
16613158
32494839
31546456
36381745
35991277
36142896
31985691
3057703
1471194
31448506
1244231
30694965
33746355
374247
33525701
2631976
34774774
35184895
32535309
32688373
34950087
16457299
16002893
585547
35080864
35038333
35029355
35004798
33325269
34963000
34951167
3397011
296816
34934287
32080331
32735817
661509
1781157
16549948
27434029
656158
7445221
11229861
30266447
31549124
33555068
33959027
1085669
34595217
33158741
32496714
34082086
32898389
29085620
36050
1286083
33965361
32789690
33771850
15929370
29610149
32355871
30100405
600355
27254686
1685304
16029199
234297
119376
30704756
1366361
33129379
31562610
29126540
14976
335556
29752008
31414219
32723592
260869
32561582
32689561
431858
538043
382119
29663232
473432
122012
32351827
2022582
31554685
30257096
32297955
115914
1266819
32217369
2350512
1657576
660465
32167893
32143207
1635011
31766053
251442
139713
108478
15767754
32061400
307741
29179492
29390865
31128614
30979353
30397254
9490431
22410569
3569571
27186778
8745501
31845460
31930598
2174664
31894716
475864
31760622
1088701
380154
31868423
1870924
31463958
1877530
16141632
27491638
30076307
31576196
528321
31742293
3136674
31300272
31732477
16172587
768751
31599781
31646964
27881758
1398925
2885170
1620854
1123205
5377501
299104
16695088
96212
3031767
31381727
1057839
279201
11703781
30627694
301373
181052
31373360
29827915
2293758
486601
10988081
31255412
1856610
1800919
884061
29676584
1415702
4510751
1139162
3133700
877307
1533092
29099432
4012401
30708170
3223939
30942157
30382692
30955733
1990430
29649739
776919
12733501
9344671
86715
1898352
29301625
887471
29997745
10529761
3003492
1172908
30253633
41834
51268
33449
27630118
10483
16569526
1610262
1167248
36983
1065391
381826
11699631
128693
16749982
2261034
15816217
869795
60640
1546671
607678
14883251
2690112
29786941
349648
14347401
30612515
450806
29594860
1813133
27000388
27873280
1124485
29939861
27879958
15843574
30310760
20400208
30138416
30125061
29616495
29537279
29307776
29211522
29098110
2619202
27343669
4159461
15684555
20520889
439939
