8877
11798
14685
16162
19456
36050
45602
51268
51905
76245
133726
140734
148108
152025
181052
188244
193832
198145
236441
239814
266996
269343
275816
282219
289181
289548
335556
345607
347700
351506
352041
356041
406482
409172
431439
448222
492346
497876
507308
514016
559985
596167
672965
674887
719947
746836
765799
797723
823444
843392
853642
899853
943711
970063
993043
997522
1023645
1042798
1054168
1062204
1075468
1081799
1082300
1083885
1088210
1096863
1110624
1113687
1117126
1128703
1141634
1167248
1176477
1180143
1220439
1229504
1242418
1284744
1309975
1314686
1397526
1411716
1476705
1478620
1533961
1560275
1612850
1620526
1634403
1638555
1707815
1711323
1712001
1716098
1737273
1755867
1796919
1816173
1834664
1873720
1875716
1877530
1895100
1897728
1903212
1910430
1935752
1964402
2050286
2135230
2186258
2189616
2228968
2238228
2283962
2354796
2365508
2384332
2533298
2581682
2626502
2630504
2631490
2679824
2720374
2768336
2797384
2848524
2951784
2968250
2987484
2999524
3014848
3020399
3029169
3057643
3064574
3074772
3075159
3136674
3172664
3216216
3226353
3410901
3474061
4011131
4218031
4219251
4255031
4581761
4920321
4993381
5119571
5483091
5511131
5646311
5815311
6299361
6796441
6880751
7109071
7560841
7708711
8072041
8431361
8886401
9035721
9562941
9675791
9698791
10307121
10421431
10548151
10561301
10570681
10852711
11033071
11165381
11229861
11667391
11699631
11703781
11857451
12128141
12801731
13653781
13999431
14634791
14788301
15231521
15579220
15596225
15600919
15616571
15636339
15705205
15706969
15708300
15738658
16517182
20172814
20201428
20261470
20375794
20390872
20424394
20476090
20505799
24980800
27122866
27358705
27380221
27601813
27645211
27757705
27899415
27961154
27966128
28094275
29004482
29027047
29250137
29263308
29292148
29311548
29574404
29584654
29610149
29617700
29638879
29670687
29752943
29810412
29923152
29931913
29956289
30007773
30026610
30046507
30101195
30139801
30253633
30283026
30335172
30360097
30444363
30536382
30588098
30639999
30653198
30704756
30717878
30735585
31009306
31024889
31058872
31080563
31172637
31225367
31310512
31310926
31421106
31431900
31436833
31448506
31627400
31649667
31654607
31656728
31664037
31677098
31819967
31820084
31988122
31988181
32130725
32177469
32182070
32217369
32224342
32297955
32390084
32444603
32457593
32462598
32522806
32554504
32622700
32654523
32764538
32854013
32929368
33015800
33046106
33052341
33106804
33117586
33152906
33194995
33208975
33232042
33235967
33292729
33325882
33421261
33446198
33455400
33471284
33565098
33596879
33646782
33687535
33811255
33829013
33855149
33933186
34099270
34176815
34202335
34218848
34231198
34243702
34251247
34261097
34268940
34273715
34281074
34297224
34365406
34385049
34460855
34508594
34582493
34595388
34719167
34725190
34738246
34738565
34844519
34854916
34886224
34931179
34934984
35008493
35021150
35186315
35192754
35313339
35322329
35347656
35356466
35390395
35458395
35497249
35559602
35572505
35580368
35586471
35636637
35640554
35643370
35652721
35720038
35727758
35791948
35906304
35956760
35978977
36017425
36143618
36145887
36148068
36162809
36174269
36274489
36292045
36299528
36301260
36335589
36521659
36540041
36554387
36561605
36583105
36599034
36619149
36660866
36696017
36722553
36742325
36753181
36756675
36838004
36865090
36879805
36991232
37032901
37036907
37043833
37054012
37061663
37076955
37094468
37096030
37105813
37114522
37123750
37140982
37142230
37150861
37183785
37234673
37254757
37262792
37282818
37313925
37321660
37397556
37488592
37505100
37516314
37580198
37609810
37624508
37642160
37665588
37722812
37742370
37754298
37783449
37794049
37850681
37855813
37871976
37885598
37901584
37921378
37948872
37962948
37989779
37992647
38012361
38017095
38061995
38067335
38095687
38128179
38141504
38148971
38163438
38181860
38182077
38233811
38246013
38350934
38373050
38421243
38461260
38473918
38531018
38579246
38594102
38640178
38669006
38777646
38838425
38858875
38862178
38883133
38896738
38962779
39120266
39155066
39206715
39226901
39480855
39587108
39631033
39666126
39818466
39826347
39892986
39893962
39895988
39920932
39969276
40066948
40157713
40190658
40310554
40328496
40374533
40376269
40526551
40590185
41041317
41170699
41270272
41360562
41398626
41420682
41441868
41505538
41514691
41547182
41569682
41587978
41645642
41861579
41963216
42097058
42162600
42213000
42362444
42440304
42468526
42586385
42592435
42633109
42662669
42845262
42917562
42991536
42993963
43021651
43104337
43610478
43612058
43618884
43684555
43686943
43821616
43987347
44007420
44022426
44085570
44114714
44182551
44214452
44225465
44239459
44239471
44442114
44572569
44686439
44838960
44930398
44974782
45006365
45027825
45084328
45107850
45109725
45142949
45179345
45288716
45639247
45878148
46282908
46367707
