8877
11798
28137
36050
119376
126300
157250
174105
181052
187756
190795
193832
194365
228748
279202
286325
289548
311546
347700
505735
514070
521987
527744
540439
559985
585962
588088
596167
780475
829690
833768
842663
886367
930834
954639
992829
1029377
1033820
1053903
1055993
1055997
1085145
1085669
1179102
1200306
1295513
1322549
1397526
1443249
1460367
1464484
1582216
1634403
1671660
1688338
1700577
1737201
1787759
1877530
1895100
1915910
1940432
1956800
1975098
2050286
2127994
2146734
2189958
2227824
2234476
2237708
2270402
2305990
2313196
2335020
2424348
2510746
2531326
2555734
2564482
2597472
2676920
2689610
2694346
2756024
2760020
2799602
2806164
2806198
2811256
2831258
2864498
2869932
2938052
2952518
2959838
3039342
3070840
3095324
3109509
3119206
3124052
3131959
3338751
3440191
4064611
4255031
4394201
4540321
4895061
5048441
5377741
5543211
5709121
5815311
5965621
6490561
6796441
6906571
7391821
8348371
8431361
8557811
8620191
8760831
9150651
9367981
9368261
9628321
10119571
10231461
10287701
10409701
10416891
10898701
10953111
11123091
11229861
11607941
12056021
12128141
12199701
12652441
12652451
12656501
13772311
13825821
13999431
14282101
14483571
14870061
15082951
15231521
15537233
15560523
15562431
15615189
15652765
15724439
15763784
15767190
15814942
16050617
16081218
16099995
16102372
16145881
16156280
16158500
16159446
16159447
16159449
16202504
16226087
16231491
16327174
16432171
16450480
16505344
16758676
16805836
20172814
20201428
20314600
20329657
20390872
20410144
20533561
21175567
21531890
24524806
24655228
27084973
27105043
27122866
27413197
27453715
27550063
27772279
27799507
27858148
27887242
27899415
27933469
27962017
28094275
29007299
29012617
29099432
29099868
29104231
29124792
29131195
29131494
29138536
29145300
29164421
29171776
29215378
29287651
29512837
29534878
29581080
29596609
29616322
29636134
29663232
29808227
29809065
29886678
29931219
30101195
30136276
30161279
30168631
30195476
30242089
30283038
30369218
30431848
30439051
30615384
30655505
30831746
30841673
30867115
30921566
30998355
31027722
31120081
31128614
31151152
31248312
31287606
31296902
31296960
31313419
31328625
31352139
31435765
31448374
31448506
31460896
31627400
31649667
31654607
31753085
31754185
31759976
31766278
31777035
31777061
31820084
31836239
31870432
31883705
31888943
31931482
31964523
31974640
31988181
31999765
32004730
32036250
32041576
32129420
32176103
32197691
32224897
32301804
32309349
32309497
32310145
32355871
32363494
32376022
32390084
32404648
32404749
32444603
32504440
32522806
32540458
32600242
32651029
32662280
32665042
32665248
32685060
32698748
32736059
32764561
32797901
32820417
32892341
32975518
32976222
33012343
33015800
33046106
33052341
33078786
33132170
33152906
33158741
33222783
33228741
33232042
33292729
33299255
33359260
33405973
33455400
33471284
33553623
33565098
33596879
33667720
33670740
33687535
33738435
33741778
33778662
33796498
33811255
33833185
33860932
33864894
33877176
33887023
33940040
33959557
33968532
34002834
34021836
34109944
34112575
34116004
34116117
34116180
34116452
34116492
34116541
34121565
34121591
34121622
34121658
34122543
34122600
34122661
34122753
34176815
34185182
34212482
34240403
34261097
34286495
34297224
34313704
34315187
34343676
34352304
34385049
34397062
34405269
34439726
34442237
34460855
34471501
34484251
34517156
34562915
34571377
34582819
34593174
34595388
34595434
34606830
34606906
34607000
34607120
34612634
34612997
34622597
34656089
34664661
34711755
34784795
34795472
34804853
34822330
34844519
34853053
34859173
34910235
34934984
34935671
34974929
35030837
35040168
35053786
35086110
35108768
35119567
35119621
35125890
35133521
35141024
35148610
35182649
35185832
35191439
35241545
35285840
35298639
35322329
35345701
35345942
35346303
35346578
35347128
35347897
35359464
35363080
35390395
35455246
35457963
35467713
35485540
35495855
35497249
35520100
35586471
35635520
35644991
35652721
35658308
35743226
35783624
35810579
35886829
35971388
36042986
36058595
36080478
36142896
36149962
36159271
36195069
36200075
36228861
36253880
36292045
36299528
36322174
36400299
36468700
36583105
36594718
36629475
36654419
36655420
36660866
36663285
36747329
36761446
36783488
36879805
36964504
36991232
36998356
37043833
37045120
37054012
37061663
37076221
37094341
37096030
37106201
37114522
37123750
37140982
37148903
37198383
37382557
37545051
37552131
37580198
37592484
37609810
37619643
37624508
37642160
37649718
37722812
37787672
37788492
37794049
37835991
37855813
37871689
37873266
37885598
37921378
37970371
37987137
38012361
38067335
38087037
38095687
38099266
38151428
38182077
38186614
38204030
38209809
38252875
38254966
38285285
38350148
38353324
38421243
38424113
38441833
38502299
38503665
38504120
38535689
38538968
38546417
38594007
38594102
38669006
38677786
38766580
38800942
38837728
38861356
38866331
38975779
38987674
39007267
39009764
39109611
39117598
39140353
39206715
39226901
39255036
39299902
39327860
39362247
39380671
39439241
39498303
39543941
39604976
39630727
39666126
39688519
39950919
39956902
40134478
40272459
40280338
40304817
40328496
40397977
40398270
40407095
40421756
40461821
40488746
40577916
40600904
40605877
40724820
40732728
40772045
40818502
40837826
40865490
40877485
40903138
41003588
41041317
41103846
41170699
41225405
41250206
41280317
41359295
41398626
41399161
41514691
41569682
41578923
41591751
41657338
41683713
41686889
41714204
41763343
41783347
41783816
41834390
41872254
42101865
42125646
42151956
42162600
42177082
42200942
42201057
42214740
42235052
42266974
42267379
42297858
42311020
42448682
42468526
42532529
42536044
42549059
42551688
42581711
42586385
42592435
42595421
42634391
42808286
42850470
42855390
42986642
42993963
43021651
43140368
43184223
43249843
43360208
43477110
43612058
43686943
43698619
43713167
43923609
43924687
44007420
44020514
44076804
44085511
44114714
44141251
44412070
44442114
44549923
44775968
44851114
45002913
45050862
45072018
45084328
45107432
45184976
45227760
45235954
45245218
45391268
45461320
45521473
45573792
45671028
45760437
45787273
45818068
45984961
46001613
46025386
46287249
46315435
46460529
46481292
46487027
46526146
46588767
46732567
46931212
47073685
47131837
47188647
47218263
47349661
47378292
47383882
