16073157
34243702
48027507
40574364
40152266
42107554
35008493
47900761
47894397
46345088
46635654
47972301
36995972
33894301
37586611
35580368
35322329
46473934
45757654
44803077
43236174
47940543
46592628
45505081
39359241
47177102
47923021
11798
46576248
37413241
34607339
40982320
43158835
37987387
35520100
47707578
37103833
33052111
29220600
8896231
1877530
37750044
37962279
42027587
46543029
256652
46208381
46185226
47865553
35951610
43686943
35134764
36050
37632996
47389416
42698273
40982067
37546190
47799520
43076820
42214974
47814088
38296369
47788452
47596371
44545745
37208712
37391952
16652077
15596225
30692628
36058595
44766777
559985
35648534
36353300
44519246
497208
45756987
20172814
30935981
47661756
30136276
43762390
336159
34623214
47658877
37191019
979013
43636765
1470788
37871563
34714895
38065482
43376737
38215952
31540271
47630757
3690841
14522191
1959860
46328326
38087037
46301843
5577831
31429594
32041576
44070277
34268940
47606246
35531328
38894593
32046340
35968725
833768
35556629
36804885
35470973
47586890
35532108
3020399
34664661
30229260
43701102
44204975
34134004
26105
191083
38000457
1710786
1183892
35949017
3061684
30008136
35881494
44002156
34313704
27138115
13446
27933505
1575466
2574908
30479845
38443675
41514691
35542573
29650066
41985646
787957
47473590
166380
37473305
475774
34884676
14190
8599771
47131837
34815842
38413069
38032583
47366808
35585026
41856164
41583566
13999431
2560106
47496356
47443162
847736
15102371
36900036
27122866
42297858
39203082
39469361
32887096
149574
35743226
35290150
47477154
205115
39139537
46659603
499787
219392
20503372
43537360
47527882
38420098
37183393
27202855
36523759
46554512
1313728
47454267
47454089
40903138
47452882
47452605
47452351
47450159
47417343
47439523
1085145
596167
38504120
47439729
29931219
33114324
47427344
47176019
42046778
47414919
47435147
47434003
33012343
44599867
14505171
46893453
46889236
39886727
