47663542
34714895
833768
30136276
34385049
885936
41856164
34664661
30283038
16692985
33012343
40903138
156376
38504120
954639
39688519
46219823
46012061
44412070
46460529
45830718
16050617
40344160
2707220
43104337
36520210
3235457
34039531
36468700
1477035
35586471
42586385
41569682
40479611
34387564
29810412
42742458
20201428
45587233
42162600
34176815
45355819
34844519
29638879
15231521
40304817
36726098
15640419
44114714
45107850
43021651
1873720
37114522
38012361
38099266
38095687
2238228
45025557
43610478
44269315
44163334
43686943
14634791
20329657
2365508
35300210
35482120
36660866
44902124
44129259
32390565
15583108
37928042
37964412
44884482
14938371
33461345
31484816
31654607
16028388
37313925
3140811
37061663
43624441
35008493
36161663
41591751
15587234
35787021
42581711
42177082
32288681
771064
31525614
16099995
44442114
32390084
20390872
37609810
38067335
32444603
33455400
36863105
42993963
37921378
40374533
37642160
42726156
34202335
37096030
32182070
1460367
42213000
37855813
42592435
997522
42197749
6796441
34021836
37850681
842663
36573470
35497249
37619643
41763343
41477852
37054012
33015800
36223368
37545051
27453715
41615480
41399161
2630504
41250206
35640554
40328496
11277471
130444
34268940
35793405
2050286
35322329
33796498
37296920
38233811
30004405
38858875
33232042
35580368
37234673
39907602
1895100
33471284
39610258
11229861
34099270
32325098
34934984
33194995
34261097
1648406
775272
37873266
33292729
36838004
1932870
596167
6490561
30007773
38862178
38987674
38975779
35658308
38204030
15596225
38963248
15797480
33811255
31213066
16432171
38151428
38861356
38590644
29233692
38671921
38594007
33848599
790656
36991232
37055960
38677786
540439
37649718
20172814
522830
38594102
30444363
38003559
37580198
38421243
36148068
31120081
37516467
38501671
1634403
38546417
37203463
30161279
33877176
35862908
38546942
14962591
35699762
36253880
38209809
33596879
30101195
38325697
35652721
38298290
36299528
3226353
34352584
36242782
35455309
6299361
37488592
29653756
34936371
38222928
672965
35520100
37885598
33718067
36719575
347700
37722812
3109509
37516400
36749107
181052
31313419
1688338
34854916
35757014
29596609
2785044
31649667
37123750
13797691
36292045
32522806
35988329
36040285
35755669
36298704
829690
29616322
35045608
36655420
36432575
3057643
8697461
1800779
11798
559985
36637954
31448506
1877530
35615409
36050
32503465
32145736
486196
27908898
843981
404331
