4
10
11
12
13
14
15
16
17
18
19
20
21
22
23
24
25
26
27
28
29
30
31
32
33
34
35
36
37
38
39
40
41
42
43
44
45
46
47
48
49
50
51
52
53
54
55
57
58
59
60
61
62
63
65
66
67
68
69
70
71
72
73
74
75
76
77
85
89
90
93
94
96
97
99
105
106
107
111
112
114
125
136
138
141
154
156
159
162
163
164
165
169
171
179
191
193
199
206
207
212
217
220
238
253
260
262
267
270
272
287
294
297
298
300
307
315
316
317
345
346
347
349
358
366
368
377
378
389
390
396
397
404
405
406
417
421
423
431
439
443
445
449
459
465
466
467
470
481
508
515
526
537
540
549
550
553
556
557
559
564
569
570
571
572
581
591
595
601
610
611
619
627
635
674
686
688
692
698
699
706
737
738
743
769
773
776
779
787
790
791
799
803
810
811
817
820
823
824
827
832
852
854
864
870
872
877
885
886
894
897
905
906
910
912
915
916
920
927
929
931
940
941
947
964
965
975
992
996
999
1002
1004
1009
1011
1028
1029
1048
1049
1057
1059
1063
1067
1074
1075
1082
1085
1094
1096
1103
1111
1121
1125
1137
1140
1151
1157
1161
1163
1170
1176
1180
1182
1186
1198
1204
1208
1220
1230
1234
1258
1260
1262
1266
1270
1277
1292
1306
1309
1318
1319
1341
1345
1348
1358
1359
1360
1366
1372
1373
1374
1380
1396
1399
1405
1406
1415
1417
1422
1503
1548
1564
1576
1584
1608
1668
1700
1721
1726
1731
1783
1884
1932
1957
1992
1994
1997
2004
2010
2094
2125
2134
2142
2149
2157
2250
2265
2385
2390
2392
2472
2530
2590
2601
2646
2686
2749
2759
2789
2795
2806
2823
2833
2844
2864
2922
3061
3074
3103
3146
3200
3255
3286
3288
3374
3452
3483
3517
3573
3583
3643
3672
3867
3919
3971
3991
4007
4382
4385
4557
4855
4862
5003
5042
5054
5064
5077
5216
5288
5396
5411
5425
5486
5793
5807
5823
5824
5829
5844
5968
6031
6033
6036
6039
6062
6083
6086
6121
6141
6158
6165
6214
6221
6289
6312
6347
6392
6403
6428
6507
6530
6556
6588
6622
6640
6679
6686
6706
6719
6735
6781
6794
6796
6840
6857
6859
6861
6862
6890
6910
6922
6928
6951
7012
7028
7033
7052
7064
7075
7078
7116
7159
7185
7362
7364
7372
7375
7383
7385
7425
7497
7546
7573
7627
7700
7701
7711
7760
7820
7832
7852
7877
7888
7897
7913
7918
7933
7935
8006
8015
8061
8068
8077
8121
8135
8161
8166
8222
8241
8242
8267
8326
8412
8433
8438
8454
8519
8533
8616
8626
8648
8684
8740
8833
8838
8852
8877
8885
8924
8954
8957
8960
9082
9134
9240
9243
9267
9271
9279
9384
9403
9422
9497
9589
9595
9608
9611
9620
9636
9637
9657
9663
9701
9717
9730
9750
9751
9763
9778
9785
9828
9857
9875
9878
9891
9924
9929
9939
9942
9961
10000
10004
10073
10074
10081
10094
10140
10151
10202
10211
10271
10281
10307
10334
10353
10370
10377
10397
10410
10466
10469
10483
10487
10493
10500
10520
10523
10545
10571
10575
10582
10620
10636
10638
10701
10718
10720
10737
10789
10814
10828
10848
10881
10911
10912
10915
10956
10976
10992
11029
11030
11064
11065
11096
11101
11128
11191
11220
11264
11271
11276
11295
11301
11320
11341
11348
11423
11440
11444
11455
11474
11480
11488
11515
11560
11564
11579
11584
11600
11604
11606
11616
11625
11641
11648
11670
11733
11780
11798
11799
11822
11829
11830
11831
11834
11838
11849
11876
11885
11886
11898
11905
11925
11949
11977
11994
11999
12008
12050
12097
12100
12148
12176
12198
12205
12213
12287
12307
12337
12338
12394
12401
12410
12417
12424
12445
12485
12521
12554
12574
12590
12605
12660
12693
12729
12789
12802
12831
12851
12880
12912
12915
12919
12924
12991
13054
13083
13085
13100
13161
13164
13166
13204
13219
13236
13238
13255
13260
13272
13283
13284
13291
13297
13325
13334
13335
13359
13362
13401
13402
13404
13414
13440
13446
13450
13454
13469
13476
13481
13486
13494
13513
13519
13524
13540
13552
13555
13568
13570
13581
13603
13700
13708
13744
13756
13768
13779
13788
13792
13797
13817
13821
13849
13855
13874
13877
13903
13924
13956
13979
14064
14111
14115
14118
14190
14234
14274
14279
14298
14299
14301
14313
14335
14348
14357
14363
14377
14378
14379
14416
14430
14436
14466
14507
14509
14514
14524
14535
14537
14540
14577
14613
14615
14641
14650
14709
14747
14769
14785
14797
14833
14903
14976
15011
15033
15068
15076
15307
15376
15382
15403
15414
15418
15423
15450
15487
15500
15509
15520
15525
15537
15542
15555
15563
15571
15658
15666
15684
15695
15704
15744
15748
15758
15759
15760
15772
15791
15794
15818
15836
15860
15877
15901
15925
15930
16006
16046
16069
16079
16080
16101
16102
16128
16153
16185
16214
16229
16239
16291
16297
16307
16314
16341
16352
16426
16437
16448
16465
16585
16589
16610
16623
16647
16687
16761
16768
16792
16811
16823
16841
16858
16863
16867
16892
16898
16928
16938
16945
16975
16978
16996
17014
17038
17069
17144
17246
17247
17276
17312
17321
17341
17360
17365
17377
17389
17504
17583
17599
17627
17632
17646
17647
17651
17668
17672
17700
17776
17783
17790
17797
17833
17875
17879
17896
17916
17920
17921
17924
17937
17945
17962
17976
18067
18069
18089
18128
18153
18157
18206
18288
18303
18322
18326
18343
18442
18443
18501
18532
18535
18617
18635
18640
18641
18653
18690
18698
18776
18820
18896
18921
18960
18978
19006
19011
19013
19021
19022
19023
19029
19065
19107
19110
19111
19130
19154
19168
19196
19201
19257
19296
19299
19408
19412
19452
19456
19475
19545
19582
19634
19677
19702
19783
19791
19847
19928
19957
19985
19994
20010
20043
20064
20086
20145
20217
20262
20347
20351
20361
20386
20419
20420
20510
20605
20662
20732
21025
21129
21136
21257
21315
21335
21372
21441
21456
21672
21673
21685
21901
21956
21984
22125
22278
22326
22354
22614
22800
23139
23148
23455
23556
23589
23612
23739
23820
23998
24020
24363
24369
24392
24731
24978
24985
24989
25070
25220
25342
25363
25423
25431
25872
26082
26105
26157
26236
26361
26401
26620
26625
26747
26814
26821
27003
27182
27391
27411
27413
27707
27806
27873
28137
28307
28363
28548
28792
28833
28999
29089
29128
29132
29225
29257
29289
29300
29420
29463
29664
29739
29844
29868
29901
30043
30100
30187
30264
30467
30616
30857
30898
31041
31051
31247
31254
31315
31620
31692
31744
31799
31911
32024
32122
32253
32277
32631
32664
32666
32770
32798
32824
33133
33258
33372
33387
33449
33451
33737
33777
33818
34078
34221
34530
34844
34863
35107
35140
35410
35496
35709
35864
35997
36045
36050
36113
36365
36398
36512
36757
36859
37047
37057
37096
37102
37210
37358
37431
37450
37570
37712
37851
37893
37925
37990
38084
38155
38164
38283
38415
38499
38517
38566
38586
38612
39230
39336
39360
39419
39494
39663
39743
39813
39850
40080
40121
40189
40193
40233
40379
40412
40481
40485
40530
40547
40640
40700
40703
40848
40913
41139
41237
41240
41306
41410
41412
41435
41724
41773
41832
41834
41957
42033
42102
42141
42262
42280
42369
42430
42459
42616
42819
42825
42873
42931
43043
43059
43073
43176
43300
43391
43583
43587
43709
43790
43925
44017
44218
44458
44464
44603
44827
44912
44978
45009
45026
45134
45147
45230
45521
45582
45593
45599
45676
45711
45982
46028
46118
46135
46172
46273
46574
46690
46726
46730
46834
46900
46914
46962
46984
47165
47176
47199
47244
47329
47423
47436
47468
47498
47520
47564
47591
47606
47640
47654
47776
47805
47821
47862
48114
48131
48214
48286
48302
48471
48566
48648
48746
48909
48946
49069
49101
49343
49538
49593
49645
49796
49944
49956
50052
50090
50094
50102
50293
50391
50403
50422
50497
50599
50608
50624
50802
50974
51127
51151
51175
51268
51588
51607
51692
51844
51905
51989
52249
52313
52394
52544
52660
52709
53111
53132
53216
53296
53338
53423
53440
53471
54110
54164
54202
54213
54280
54286
54442
54618
54668
54682
54685
54691
54804
54874
54941
55163
55478
55504
55555
55559
55672
55842
55899
55971
56059
56181
56267
56496
56584
56697
56798
56826
56869
56884
56889
56965
57028
57166
57332
57376
57454
57585
57785
57866
57894
57972
58007
58238
58375
58411
58535
58556
58737
58750
58852
58953
59111
59414
59790
59860
59940
60186
60216
60248
60292
60504
60596
60627
60640
60734
60838
61253
61298
61339
61399
61453
61595
61619
61730
62192
62523
62635
62688
62901
62928
63006
63015
63083
63148
63377
63378
63399
63647
63822
63935
63946
63959
63980
64016
64043
64135
64221
64256
64406
64425
64461
64469
64577
64659
64689
64692
64774
64812
64843
64864
64891
64974
65062
65177
65200
65263
65323
65548
65668
65738
65928
66025
66086
66150
66211
66227
66293
66366
66493
66589
66665
66796
66819
66849
66975
66993
67018
67117
67186
67221
67334
67386
67707
67813
67819
67832
67886
68006
68036
68164
68173
68186
68262
68316
68545
68708
68806
68971
69020
69057
69089
69098
69350
69606
70037
70040
70070
70114
70132
70458
70477
70488
70844
70919
71265
71310
71328
71334
71683
71783
71956
72057
72064
72082
72256
72368
72781
72849
72999
73181
73232
73306
73352
73517
73714
73744
73800
73818
74022
74103
74171
74372
74421
74422
74446
74587
74617
74717
74747
74778
74889
74892
74955
75065
75103
75359
75471
75704
75775
75798
75823
75898
75991
76044
76077
76099
76145
76161
76245
76279
76443
76541
76555
76611
76623
76683
76692
76773
76799
76876
76908
76923
76934
77019
77162
77185
77422
77477
77585
77617
77732
77812
77864
78081
78092
78139
78268
78422
78433
78641
78751
78789
78807
78876
78899
79288
79316
79361
79520
79724
79774
79821
80098
80422
80567
80627
80717
81064
81320
81685
82202
82692
82898
83166
83167
83213
83365
83375
83433
83440
83446
83651
83777
83947
84265
84336
84822
84836
85228
85307
85493
85536
85599
85662
85796
85858
86020
86038
86171
86364
86715
86720
86921
86985
87213
87230
87308
87754
87867
88966
89143
89295
89346
89363
89473
89490
89508
89522
89866
90057
90259
90312
90388
90472
90796
90839
91491
91678
91837
92242
92396
92732
92863
93014
93042
93105
93171
93248
93889
94091
94563
94663
95180
95216
95476
95485
95502
96012
96035
96161
96267
96591
96743
97149
97186
97287
97610
97669
97997
98184
98202
98236
98379
99352
99450
99597
100250
100613
101070
101634
102083
102090
102108
102527
102652
102819
103553
103834
104251
104607
104758
104819
104937
105164
105244
105648
105841
105981
106149
107286
107754
108141
108659
108671
108944
108978
109008
109049
109449
109567
109672
109802
110334
111177
111281
111347
111375
111979
112135
112167
112255
112267
112541
112629
112736
113003
113238
113240
113281
113401
113773
113863
113900
113918
113973
114164
114684
115345
115595
115596
115712
115791
115794
115795
115913
115927
115960
115986
115987
116460
116807
116981
117457
117520
117553
117593
117762
118129
118143
118495
118688
118713
118773
118933
119102
119376
119609
119843
120594
120988
121030
121141
121285
121392
121532
121722
121907
122012
122059
122413
122453
122462
122801
122806
122994
123022
123840
124039
124377
124786
124891
125164
125291
125568
125888
125916
126015
126100
126118
126300
126356
126662
126670
126673
127047
127610
127703
127793
128215
128298
128303
128521
128606
128693
128770
128794
129199
129287
129329
129391
129445
129858
130120
130236
130444
130558
130632
130641
130861
130909
131106
131357
131468
131501
131665
131709
131760
131833
131925
132013
132056
132137
132480
132527
132931
133069
133391
133526
133750
133751
133845
134112
134423
134473
134760
134768
134823
135120
135454
135475
135613
135686
135862
135866
136051
136170
136734
136925
137048
137158
137699
137796
137989
138481
138492
138888
139253
139494
139524
139585
139600
139637
139673
139709
139713
139978
140075
140488
140644
140734
140814
141271
141288
141373
141659
141708
141709
141745
141747
141919
142306
142330
142455
142759
142963
142996
143381
143410
143486
143563
144055
144101
144180
144215
144406
144419
144453
144676
144689
145311
145400
145546
145656
145769
145917
145958
146100
146889
147024
147035
147576
147825
147854
147884
147900
148226
148428
148567
148730
148906
149070
149807
150479
150507
150524
150765
150792
150907
150926
150943
151143
151187
151228
151503
151683
151911
151967
152025
152155
152280
152566
152831
153160
153215
153329
153671
153989
154333
154448
154501
154888
155017
155035
155514
155692
155881
156290
156499
156736
157020
157250
157312
157910
158470
158963
159073
159214
159240
159918
160161
160237
160539
160586
161326
161468
161554
161577
161670
161920
162369
162775
162897
163003
163171
163232
163421
164577
164707
165046
165241
165571
165933
166144
166602
166653
166873
166915
167312
167587
167705
168207
168278
168310
168374
169126
169211
169479
169492
169794
170039
170527
170632
170772
170816
171068
171234
171342
171361
171433
172471
172566
172609
172673
172866
173074
173274
173554
173564
173682
173684
174143
174450
174524
175310
175542
175602
175863
176205
176365
176609
177030
177398
177483
177675
178285
178291
178490
178583
178639
179167
179202
179349
179614
180294
180315
180604
180617
180885
180990
181052
181072
181226
181245
181600
181792
181802
182065
182192
182439
182460
182527
182828
182881
182908
182966
183399
183437
183485
184244
184514
184740
185390
185445
185739
185778
185929
185979
186421
186631
186718
186974
187145
187280
187303
187370
187552
187640
187756
188058
188237
188532
188549
188680
188864
189020
189442
189959
190265
190470
190690
190795
190933
190954
190977
191158
191520
191521
191693
191777
192130
192345
192551
192611
192876
192890
192924
193119
193253
193353
193772
193843
193858
193892
194035
194143
194228
194278
194365
194470
194959
194972
195104
195325
195691
195821
196077
196205
196279
196926
197149
197280
198203
198228
198511
198606
198732
199035
199440
200372
200374
200647
200690
200773
201301
201632
202181
202591
202765
202810
203107
203255
203473
204536
204695
205140
205195
205349
205398
205470
205543
205605
206122
206333
206353
206391
206461
206534
206930
207193
207260
207446
207637
208112
208308
208318
208324
208430
208595
208872
209233
209614
210025
210231
210406
210577
210920
211034
211271
211465
212112
212158
212297
212384
212416
212494
212704
212788
213156
213251
213292
213413
214228
214434
214874
214882
215287
215587
215955
216144
217053
217096
217204
218094
218232
218373
218400
218428
218575
219069
219308
219392
219500
219514
220111
220263
220736
221138
221301
221748
221797
222023
222522
222710
223114
223153
223488
223733
224019
224460
224502
224600
224686
224959
225200
225257
225287
225498
225646
225989
226288
226461
226541
226638
226666
226846
226850
226958
227113
227533
227767
227988
228748
229245
229746
229836
230119
230483
230619
230737
230771
231597
231725
232092
232586
232634
232824
232839
232888
232976
233204
233341
234023
234051
234114
234152
234198
234231
234270
234297
234306
235720
235751
236027
236068
236131
236575
236628
236838
237116
237418
237544
237608
237901
238128
238165
238337
239129
239157
239232
239316
239375
239434
239883
239890
239920
239964
240089
240623
241188
241434
241467
242015
242076
242130
242399
242813
243007
243072
243344
243566
243602
243717
244261
245154
245295
245559
245683
245725
245884
246130
246282
246308
246326
246463
247965
248047
248577
248712
248945
249132
249463
249693
249762
249875
250055
250451
250980
251371
251442
251548
251634
251661
251766
252013
252305
252311
252676
253274
253305
253450
253940
253947
254063
254277
254608
254666
254965
255159
255382
255830
255844
255911
256048
256115
256160
256478
256595
256646
256970
257032
257286
257466
257699
257760
257973
258183
258748
259500
259505
259587
259710
260048
260754
260812
261499
261683
261803
261840
261904
262242
262327
262370
262480
262683
262954
262955
263172
263694
264218
264534
265567
265732
265807
266276
266549
266781
267239
267531
267599
267635
267648
267811
268274
268293
268431
268637
268813
268836
269061
269308
269340
269343
269474
269592
269726
269877
270227
270436
270988
271684
271698
272272
273217
273536
273579
273672
273737
273747
273815
274206
274284
274491
274976
275011
275127
275287
275362
275641
275825
276141
276167
276229
276325
276343
276861
277077
277351
277420
277833
277957
278193
278200
278221
278229
278294
278840
279346
279428
279573
279587
279882
279922
279935
280475
280479
280484
280582
280884
281074
281480
281746
281814
282237
282247
282534
283421
283487
283563
283565
283592
284018
284255
284495
285019
285078
285214
285272
285317
285500
285910
285990
286147
286325
286457
286780
286903
287117
287534
288012
288258
288405
288582
288846
288979
289186
289270
289554
289600
289715
289928
290080
290130
290163
290234
290562
290616
290754
290776
290943
291470
291684
291688
291867
292216
292286
292488
293374
293433
294210
295151
295390
295495
295776
296092
296143
296190
296314
296750
297094
297101
297460
297614
298766
298776
299563
299601
299735
299764
299828
300351
300770
300923
301013
301225
301293
301389
301486
301506
302410
302477
302628
302644
302774
302875
303026
303195
303406
303456
303799
303859
304037
304056
304537
304616
305134
305240
305266
305472
305653
305834
305838
305842
305866
305870
306225
306254
306442
306622
306722
306743
306977
307383
307452
307691
307943
308096
308107
308138
308176
308206
308564
308679
308736
308753
308816
308822
308884
308916
309048
309123
309205
309398
309618
309700
309730
309733
310038
310165
310183
310363
310368
310531
310577
310796
310882
310912
310965
311214
311268
311375
311546
311616
311770
312034
312159
312596
312624
312725
312763
312803
313141
313252
313325
313345
313488
313667
313885
313928
314048
314165
314202
314293
314350
314387
314403
314498
314503
314628
314962
315013
315089
315189
315219
315325
315447
315478
315602
315753
315760
315870
315877
316074
316134
316154
316333
316428
316564
316634
316910
316961
317002
317032
317057
317073
317108
317177
317185
317413
317431
317567
317810
317832
317898
317908
318023
318107
318142
318312
318325
318426
318429
318589
318699
318742
318767
318816
319058
319096
319171
319586
319771
319934
320118
320137
320158
320182
320387
320460
320480
320511
320522
320736
320867
321102
321238
321334
321477
321685
322012
322218
322224
322289
322475
322504
322926
323122
323232
323315
323355
323374
323461
323518
323637
323698
323813
324113
324151
324178
324208
324292
324556
325008
325049
325126
325649
325973
326021
326035
326419
326443
326479
326528
326948
326991
327001
327160
327207
327224
327600
328009
328024
328279
328368
328626
328657
328846
329182
329596
330400
330448
330617
330860
330875
330930
330965
331210
331530
331561
331675
331747
331867
332164
332197
332278
332348
332375
332453
332817
332862
333058
333107
333178
333272
333423
333541
333547
333655
333829
333869
333977
334613
334628
335118
335223
335248
335273
335305
335386
335440
335556
335616
336159
336634
337035
337190
337218
337376
337504
337601
337687
337776
337822
337876
337909
337962
337985
338085
338579
338669
338738
338800
338803
338875
339109
339200
339370
339390
339524
339568
339627
340316
340360
340465
340571
341043
341071
341515
341734
341756
341887
341915
342201
342420
342541
342809
342943
343243
343390
343435
343518
343717
343736
343831
343836
344174
344254
344271
344788
344857
344975
344983
345279
345766
345832
345859
345871
346278
346391
346426
346539
346665
347055
347094
347185
347483
347700
347992
348102
348465
348582
348681
348705
348802
348832
349224
349265
349597
349648
349834
350072
350084
350348
350407
350737
351192
351223
351243
351307
351898
352285
352792
352893
352973
352990
353201
353240
353298
353401
353565
353634
353717
353810
353942
353946
353977
354110
354448
354694
354840
354956
354998
355142
355418
355685
355698
355752
355767
355978
356041
356080
356224
356346
356413
356912
356914
356959
357237
357391
357575
357629
357641
357736
357746
357778
358146
358278
358418
358463
358689
358867
358961
358984
359395
359738
360008
360198
360298
360337
360340
360392
360798
360832
360895
361022
361091
361166
361325
361339
361418
361599
362003
362019
362256
362279
362319
362430
362638
362677
362721
362725
362780
362854
363046
363175
363284
363401
363525
363766
363845
364184
364402
364508
364707
364724
365148
365334
365418
365595
365639
365969
366262
366415
366417
366430
366595
366605
366808
366906
367780
367804
367889
368046
368234
368354
368381
368446
368495
368994
369017
369059
369114
369130
369457
369591
369980
370225
370412
370435
370781
370821
370911
370967
371130
371658
372052
372441
372577
372677
372916
372978
373036
373095
373286
373338
373381
373609
373864
374016
374221
374635
374739
374779
374897
374909
375193
375431
376050
376284
376511
376801
376938
376978
377123
377379
377390
377502
377670
377708
377817
377876
377999
378152
378177
378295
378399
378719
378915
379478
379523
380012
380138
380154
380736
381026
381276
381826
381967
382119
382756
383229
383284
383382
383404
383438
383798
384509
384629
384792
384988
385286
385838
385901
386031
386196
386197
386213
386241
386383
386516
386630
386840
386899
387041
387603
387777
388035
388347
388414
388483
388538
388587
388615
388653
388828
388845
389158
389218
389231
389341
389393
389617
389866
389881
390295
390411
390494
390497
390924
391094
391265
391272
391557
391668
391710
392522
392665
392709
393113
393271
393380
393431
393673
393828
393868
393920
394275
394450
394600
394633
395336
395362
395497
395823
396027
396068
396410
396759
396927
397297
397737
397808
397814
398061
398945
399038
399175
399222
400222
400415
400610
400923
401426
401716
401743
401881
402275
402314
403349
403535
403841
404223
404318
404331
404524
405153
405378
405997
406030
406119
406170
406325
406610
406653
406700
406857
407319
407385
407648
407756
407847
407932
409286
409578
410330
411329
411454
411801
411886
412241
412363
412454
412496
412719
412971
413119
413199
413339
413470
413508
413743
414084
414128
414145
414188
414254
414274
414402
414419
414588
414639
414844
414881
414912
415366
415571
415573
415638
415900
416023
416118
416209
416377
416683
416787
417079
417122
417143
417462
417486
417534
417658
417717
417721
417804
417906
418018
418020
418080
418177
418191
418194
418375
418519
418607
418756
420384
420401
420541
420695
420723
420749
420860
420918
420967
421206
421889
422530
422836
423468
423574
423649
424173
424562
424625
424815
425190
425231
425336
425562
425613
425735
426179
426347
426584
426853
427248
427660
427689
427721
427886
427958
428107
428754
429144
429187
429212
429867
429966
429995
430471
431255
431340
431826
431858
432156
432625
433153
433807
433834
434021
434140
434321
434343
434461
434700
434713
435422
435444
436144
436533
436632
436667
437675
437855
438202
438356
439038
439299
440056
440071
440084
440153
440428
440575
440638
441145
441231
441518
442140
442267
442530
442618
442668
443040
443387
443394
443594
443605
443638
443667
443765
443947
444110
444865
445171
445550
445703
445783
445788
445899
446128
446146
446295
446386
446529
446685
446889
447238
447360
447444
448184
448858
449062
449243
449307
449759
449884
450123
450202
450607
450619
450870
451138
451855
451870
452442
452523
452588
453308
453691
453710
453810
453899
454122
454252
454896
454924
455108
455332
455608
456033
456450
456480
456579
456881
457002
457471
457740
458204
458240
458475
458932
458982
459180
459319
459992
460638
460652
460766
461027
461128
461224
461351
461401
461516
461753
461874
462068
462116
462436
462859
463062
463508
464083
464249
464974
465068
465071
465093
465129
465141
465227
465560
465677
465693
465701
466398
466500
466959
466974
467112
467281
467535
467699
467764
467773
467775
468079
468122
469051
469451
469482
469768
469825
470053
471078
471083
471141
471278
472026
472185
472454
472852
473133
473388
473810
474111
474493
474744
474852
475029
475124
475276
475697
475723
475774
475864
476078
476092
476337
476482
476804
477039
477055
477378
477575
477637
477643
477650
477713
478282
478421
478700
478879
478921
478941
479131
479143
479472
479665
479920
479987
480139
480211
480283
480545
480654
481368
481375
481564
482095
482526
482694
483006
483042
483102
483115
483159
483163
483442
484230
484280
484435
484713
485069
485310
485335
485361
485851
486009
486057
486076
486092
486196
486288
486640
486780
486945
486957
487050
487203
487215
487413
487617
487730
487840
488055
488295
488468
488833
489103
489150
489487
489502
489698
490152
490396
490693
490713
490826
490931
491046
491198
491221
491240
491330
491422
491815
491840
492255
492257
492323
492413
492799
492864
493413
493531
493691
493911
494025
494072
494087
494224
494362
494402
494497
494835
495235
495268
495389
495403
495484
495486
495604
496610
496660
496662
496678
496710
497102
497208
497356
497379
497485
498189
498224
498468
498563
498657
498843
499777
499787
499992
500017
500030
500126
500744
500839
500941
501137
501266
501277
501501
501520
501663
501704
502042
502352
502382
502660
502689
502925
502948
503006
503140
503204
503317
503339
503400
503442
503627
503709
503802
503913
503970
503986
504244
504704
505030
505121
505185
505380
505735
505856
506124
506157
506387
506588
506881
507308
507433
507749
507929
507970
508398
508668
508781
508839
508852
508871
508938
508958
509775
510291
510511
510517
510623
510692
511696
511876
511903
511920
511992
512035
512193
512641
512875
512935
513037
513128
513193
513425
513504
514006
514018
514178
514275
514841
514946
515595
515777
516033
516066
516231
516765
517072
517441
517487
517576
517779
518460
518755
518830
519574
519733
519945
520156
520212
520268
520355
520796
521519
521675
521763
521832
521834
521987
522072
522131
522516
522645
522670
522830
523115
524276
524414
524480
524649
524823
524875
524978
525592
525735
526471
526550
527345
527743
528243
528290
528570
528688
529290
529334
529445
529659
530143
530280
530341
530469
530618
530839
530926
530953
531380
531655
531664
531978
532290
532531
533149
533150
533456
533600
533618
533681
534121
534213
534543
534671
534766
534879
535078
535096
535309
535550
535563
536148
536630
536929
536996
537306
537358
537565
538043
538472
538939
538948
538965
539507
539692
539828
539937
539971
540206
540306
540439
541049
541246
541339
541506
541547
541786
541846
541886
541895
542084
542264
543722
543967
545149
545412
546154
546328
546373
546446
546809
547312
548096
548320
548884
548994
549119
549267
549311
549327
549368
549603
549840
549859
550134
550599
550806
551062
551401
551550
552016
552174
552186
552245
552328
552575
552628
552864
553019
553116
553357
553373
553794
553822
555136
555386
555431
555518
555597
555877
555936
556488
556622
556726
556748
557764
557772
557966
558246
558273
558281
558301
558455
559080
559171
559223
559378
559392
559985
560379
560674
560703
560748
560810
561414
561672
561746
561778
561789
561841
562124
562537
562582
562779
562818
562918
562927
563071
563150
563284
564018
564280
564317
564507
564681
564812
564908
564920
564956
566478
566585
566842
567111
567169
567335
567535
567812
568356
568426
568611
568622
568784
568884
568975
569094
569144
569543
569700
569738
569823
569950
570169
571199
571860
571983
572230
572288
572517
572545
572944
572951
573099
573227
573243
573386
573630
573981
574367
574548
574625
574691
575967
576137
576417
576908
577282
577340
578080
578177
578489
578634
578996
579867
580544
581469
581595
581856
582208
582526
582653
583374
583501
583640
584380
584477
584674
585327
585571
585577
585699
585715
585769
585834
585962
586123
586381
586449
586895
587391
587406
587861
587963
588461
588723
589808
589881
589941
589942
590190
590289
590467
590523
590579
590634
590798
591269
591295
591693
592483
592877
592937
593643
593743
593809
593933
594001
594397
594671
594787
594797
594911
595215
595714
595874
596167
596250
596390
596531
596805
596817
597295
597355
597484
598615
598738
598964
599906
599958
600354
600355
600399
600478
600753
600914
600990
600996
601054
601424
601537
601663
601868
602298
602327
602551
602707
603312
603752
603932
604153
604329
604712
604756
604896
605020
605070
605963
606401
606565
607100
607104
607363
607641
607890
607996
608774
609560
609650
610400
610966
610984
611660
611709
611756
611833
611873
612474
612940
613087
613284
614021
614721
615445
615562
615783
615997
616376
616605
616782
616843
617118
617132
617208
617483
617528
617637
617951
618487
618538
618637
619566
619670
619686
619996
620192
620269
620403
620438
620798
621502
621867
622449
623816
624050
624373
624416
624573
624712
625027
625458
625677
625866
625965
626206
626389
626533
626965
627092
627356
627511
627916
628258
628807
628822
628860
629076
629111
629159
629215
629525
629574
629850
630399
630569
632010
632142
632158
632196
632905
633434
633539
633557
633694
634629
635105
635307
635762
635801
636434
636582
637726
637781
637944
638208
638561
639822
639916
640680
640703
640953
641017
641304
642091
642371
642460
642546
642891
644789
645093
645937
646273
646319
646371
646900
647745
649098
649469
649862
650034
650139
650239
651099
651530
652217
652340
652432
652516
653045
653620
653668
653676
654488
654596
655533
655814
656158
656360
657025
657374
657627
657789
658645
659125
659166
659315
659381
659560
659677
659906
659933
660093
660465
661137
661385
661509
661796
661980
662517
662805
663682
663774
664868
665170
665464
665556
665611
665726
665923
666267
666634
667201
667739
667882
668973
669604
670251
670685
670998
671420
672506
672965
673130
673158
673324
674154
674370
674578
674655
674873
675521
675566
675700
676192
677269
677360
677893
678102
678183
678523
678971
680158
681152
681427
681685
681850
681951
682840
683422
683999
684025
685223
686173
687095
689166
689355
689838
689922
690071
690233
690496
691254
691569
692324
692328
692868
693387
693978
694041
694774
694781
694885
695447
695506
695672
695919
696457
696713
696776
697083
697526
697907
698188
699252
699702
700282
702533
702950
703836
703875
703963
704116
704195
704223
704460
704804
704897
705500
705887
705891
706303
706375
706581
707239
707332
707486
708057
708420
708483
708989
709123
710131
710658
711157
711181
711253
711463
711894
712664
712962
712966
713850
713883
714580
715022
715129
715756
715883
715925
716096
716805
718097
718434
718500
719715
719993
720032
720054
720861
720913
721370
721415
721767
722660
723447
725453
725517
725522
725532
725834
725920
725947
726176
726426
726968
727183
727236
728758
728794
728822
729246
729449
729693
729894
729992
731674
732738
732837
733932
734394
735298
735452
736059
736329
736530
737149
737354
737978
738609
739402
740601
740752
741512
742510
743143
744687
745456
745940
746573
747359
748487
750125
750661
750766
752546
752726
752967
752997
753478
753554
753758
754642
754794
755693
757123
757420
757519
757599
757801
758011
758065
758342
758455
758669
759839
760275
760817
761395
762585
763396
763504
764211
764366
765940
766997
767392
767472
768294
769562
769754
769893
771064
772230
772774
772922
773036
773529
773700
773716
774896
775272
776676
778346
779777
780475
780674
780923
781268
781716
781926
782533
784244
784695
785703
785746
786296
787120
787652
787957
789336
790455
790569
790656
792456
792813
793309
793387
793425
794097
794293
794996
795056
795645
795992
799609
799631
801328
802735
803524
804000
804067
805211
806003
806183
807851
811059
811199
812252
812410
814974
815242
815666
816139
816270
816689
816809
816865
817308
817479
817669
817677
819531
819604
820974
822112
822490
824080
825395
825397
825833
827480
827847
828235
828986
828991
829489
829690
830065
831214
831528
831689
833269
833575
833800
836560
837162
837839
838229
838470
838767
838910
840597
840659
841611
842198
842380
842663
842701
843146
843259
843896
844785
847085
847736
848560
848807
849318
849971
851935
852015
852564
852997
854982
855607
856287
856511
856803
857558
857603
857904
858038
858826
859258
860436
860634
860924
861671
861785
861855
862079
863882
864262
864853
864952
865084
865545
866086
866939
870203
870226
870479
872501
872503
872667
872936
872941
874505
874726
876911
877307
877600
878179
879494
879861
879982
880499
880767
880919
881021
881278
881437
882367
883089
883664
884061
884762
885217
885936
886151
886292
886367
887116
887326
887471
887962
888685
888799
889289
889383
889807
889924
892387
892497
892535
892688
893026
893143
893900
894150
895038
895290
895353
896354
896811
896950
897165
897175
897332
897361
899089
900213
900542
901666
901862
902583
903018
904061
904567
905092
906568
907078
907173
908386
909004
909382
909757
911690
912611
913302
914236
915548
915695
915846
915984
916233
916472
916754
917026
917397
917547
917635
918644
919345
921048
921471
921906
922681
922703
923538
924207
927455
927925
928758
929083
930923
930942
931428
932344
933983
934194
934718
935100
935495
935523
935732
936305
936611
936691
939767
941387
942250
943190
943537
944133
945088
946578
947023
947424
947694
947895
948301
948718
950360
950759
950795
950829
951145
951988
953910
954370
954639
955042
955051
956295
957702
959945
960251
960766
960934
961169
962207
962530
962592
962807
964637
967404
967541
968030
968343
969225
969614
970351
970814
971046
971119
971253
972713
973534
973621
974796
974838
975165
975628
975743
976580
977729
977744
979013
979085
979089
981968
982280
982455
983114
984786
985168
985844
986733
986804
986947
987867
987893
988912
989235
989374
991628
991758
992388
992633
992829
993088
993463
994253
994716
995184
996224
996743
996911
997821
998957
