41723853
46345088
47980129
4803181
36413583
46226352
37124606
35951610
47799520
37750044
47784741
47783452
1701337
47777095
6328601
37061663
37391952
47102461
35704433
46328212
30692628
31287507
47698924
47131837
44519246
45756987
46185226
30348316
47651430
44536810
1450237
46328525
38087037
46301843
44545745
34268940
38894593
336159
35949017
35532108
44070277
219392
975165
47569242
39139537
45510587
4917821
40464318
31974640
36748465
38453768
47427344
6002901
1430045
47520005
47176019
37422961
29650066
47508969
885936
31448506
44599867
47134088
40730287
30430820
46001613
47434003
47349661
30229260
16710268
41856164
869561
38215952
30136276
46487027
30251532
34385049
3020399
47167119
2186258
47188647
47223195
41359295
45002913
46323667
34439726
1630966
33667720
39423203
47185291
37183393
16137460
31421106
14505171
34865166
16652077
33887023
47022912
15686373
43184223
31843159
6499981
35959134
47025427
39880797
34664661
30283038
46317366
46972263
596167
36080478
37835801
45558296
4993381
16073157
38181860
350737
39007267
32685060
40903138
33012343
33811255
46893453
16050617
46889236
1443249
1634403
26105
31660678
46719341
42297858
27715426
833768
34853053
41007236
33052341
39688519
35008493
46773243
6906571
46719510
41578923
45023377
37349049
40168236
46646543
34656089
42122215
46731399
40755081
46514706
39672592
39645605
29663232
11798
44165505
954639
29931219
38946650
46634532
11305791
38504120
34039531
45273880
16117522
46503975
190613
35814118
45184976
34714895
44282300
37321660
46259491
33740996
43104337
37788492
45794365
34823540
41569682
29638879
13797691
34176815
42615572
44238567
44403704
11934341
20328433
27089110
33279450
42601556
42586385
45107432
15640419
289548
38860322
14634791
20329657
434713
32444603
36313076
36161663
31172637
41170699
32180353
15797480
33565098
44457516
44433300
1681999
37609810
1335045
41648804
41752041
38708605
34724356
32029613
2389568
42926608
38332953
2808072
38067335
38095687
43882475
44192336
33455400
31766278
43376737
480783
29584654
36566912
15749141
38531018
43886951
5815311
35971388
43660080
32363494
42993963
43610478
42156302
4808241
1589279
39604976
43384540
38564916
1408559
35139219
38012361
38320159
43097358
42986642
42592435
30607864
32352848
2831258
42873696
34351925
42726156
42925833
34110308
34313704
41547182
2482814
3989901
42213000
37850681
36288010
41689901
30551173
42413569
42357809
42197749
15796153
37075396
6796441
41041317
15706969
37045120
34804432
34021836
1648582
36828046
42170732
37871689
34550233
35586471
30335172
40199202
37043833
36879805
265732
41477852
32389844
41763343
41905998
39969276
33015800
41826197
30527052
41645642
39822000
36142566
32376022
37094341
34612997
34427918
1295513
32736059
41626953
27453715
41251909
41328885
41399161
41398626
31916219
2351330
30369218
1495148
357778
36242782
41540059
672965
41304365
33618340
41430233
41487174
37011633
31030722
40328496
2724988
41250206
2944724
29226796
33796498
1080527
15379291
1593617
12180721
40597911
37545051
904061
326443
33076600
41282351
35497249
38777646
38630457
32603445
31819967
35793405
5048441
36253880
30696473
31932042
31367431
325973
30758307
32276072
314317
37987137
40623319
2050286
2045884
34098622
1895100
37873266
39152514
20172814
559985
38862178
540439
1697345
38503317
38195164
38165919
37827861
37049881
31649667
37123750
36807182
36690574
36559234
36547287
36426279
35791948
34218848
36050
34010492
16141632
3039489
30407419
339164
33240089
33230371
30704756
33114502
32901481
32793218
32757237
32658394
32520359
32490192
31142858
32317678
660465
31128614
29099432
16695088
1877530
31819725
31281160
30996330
30938041
11699631
30839165
30820208
30819163
30805936
30425029
30224830
27899415
27850786
27835987
1197748
27821017
27138763
27095245
16644145
1965130
16216488
2956780
533320
1185888
15758840
15672106
15669525
15366011
14622661
163257
10829411
10433091
311741
